date,hour,type,1001A,1002A,1003A,1004A,1005A,1006A,1007A,1008A,1009A,1010A,1011A,1012A,1013A,1014A,1015A,1016A,1017A,1018A,1019A,1020A,1021A,1022A,1023A,1024A,1025A,1026A,1027A,1028A,1029A,1030A,1031A,1032A,1033A,1034A,1035A,1036A,1037A,1038A,1039A,1040A,1041A,1042A,1043A,1044A,1045A,1046A,1047A,1048A,1049A,1050A,1051A,1052A,1053A,1054A,1055A,1056A,1057A,1058A,1059A,1060A,1061A,1062A,1063A,1064A,1065A,1066A,1067A,1068A,1069A,1070A,1071A,1072A,1073A,1074A,1075A,1076A,1077A,1078A,1079A,1080A,1081A,1082A,1083A,1084A,1085A,1086A,1087A,1088A,1089A,1090A,1091A,1092A,1093A,1094A,1095A,1096A,1097A,1098A,1099A,1100A,1101A,1102A,1103A,1104A,1105A,1106A,1107A,1108A,1109A,1110A,1111A,1112A,1113A,1114A,1115A,1116A,1117A,1118A,1119A,1120A,1121A,1122A,1123A,1124A,1125A,1126A,1127A,1128A,1129A,1130A,1131A,1132A,1133A,1134A,1135A,1136A,1137A,1138A,1139A,1140A,1141A,1142A,1143A,1144A,1145A,1146A,1147A,1148A,1149A,1150A,1151A,1152A,1153A,1154A,1155A,1156A,1157A,1158A,1159A,1160A,1161A,1162A,1163A,1164A,1165A,1166A,1167A,1168A,1169A,1170A,1171A,1172A,1173A,1174A,1175A,1176A,1177A,1178A,1179A,1180A,1181A,1182A,1183A,1184A,1185A,1186A,1187A,1188A,1189A,1190A,1191A,1192A,1193A,1194A,1195A,1196A,1197A,1198A,1199A,1200A,1201A,1202A,1203A,1204A,1205A,1206A,1207A,1208A,1209A,1210A,1211A,1212A,1213A,1214A,1215A,1216A,1217A,1218A,1219A,1220A,1221A,1222A,1223A,1224A,1225A,1226A,1227A,1228A,1229A,1230A,1231A,1232A,1233A,1234A,1235A,1236A,1237A,1238A,1239A,1240A,1241A,1242A,1243A,1244A,1245A,1246A,1247A,1248A,1249A,1250A,1251A,1252A,1253A,1254A,1255A,1256A,1257A,1258A,1259A,1260A,1261A,1262A,1263A,1264A,1265A,1266A,1267A,1268A,1269A,1270A,1271A,1272A,1273A,1274A,1275A,1276A,1277A,1278A,1279A,1280A,1281A,1282A,1283A,1284A,1285A,1286A,1287A,1288A,1290A,1291A,1292A,1293A,1294A,1295A,1296A,1297A,1298A,1299A,1300A,1301A,1302A,1303A,1304A,1305A,1306A,1307A,1308A,1309A,1310A,1311A,1312A,1313A,1314A,1315A,1316A,1317A,1318A,1319A,1320A,1321A,1322A,1323A,1324A,1325A,1326A,1327A,1328A,1329A,1330A,1331A,1332A,1333A,1334A,1335A,1336A,1337A,1338A,1339A,1340A,1341A,1342A,1343A,1344A,1345A,1346A,1347A,1348A,1349A,1350A,1351A,1352A,1353A,1354A,1355A,1356A,1357A,1358A,1359A,1360A,1361A,1362A,1363A,1364A,1365A,1366A,1367A,1368A,1369A,1370A,1371A,1372A,1373A,1374A,1375A,1376A,1377A,1378A,1379A,1380A,1381A,1382A,1383A,1384A,1385A,1386A,1387A,1388A,1389A,1390A,1391A,1392A,1393A,1394A,1395A,1396A,1397A,1398A,1399A,1400A,1401A,1402A,1403A,1404A,1405A,1406A,1407A,1408A,1409A,1410A,1411A,1412A,1413A,1414A,1415A,1416A,1417A,1418A,1419A,1420A,1421A,1422A,1423A,1424A,1425A,1426A,1427A,1428A,1429A,1430A,1431A,1432A,1433A,1434A,1435A,1436A,1437A,1438A,1439A,1440A,1441A,1442A,1443A,1444A,1445A,1446A,1447A,1449A,1450A,1451A,1452A,1453A,1454A,1455A,1456A,1457A,1458A,1459A,1460A,1461A,1462A,1463A,1464A,1465A,1466A,1467A,1468A,1469A,1470A,1471A,1472A,1473A,1474A,1475A,1476A,1477A,1478A,1479A,1480A,1481A,1482A,1483A,1484A,1485A,1486A,1487A,1488A,1489A,1490A,1491A,1492A,1493A,1494A,1495A,1496A,1508A,1511A,1512A,1513A,1514A,1515A,1518A,1519A,1520A,1524A,1552A,1559A,1562A,1564A,1585A,1586A,1587A,1588A,1589A,1590A,1591A,1592A,1593A,1594A,1595A,1596A,1597A,1598A,1599A,1600A,1601A,1602A,1603A,1604A,1605A,1606A,1607A,1608A,1609A,1610A,1611A,1612A,1613A,1614A,1615A,1616A,1617A,1618A,1619A,1620A,1621A,1622A,1623A,1624A,1625A,1626A,1627A,1628A,1629A,1630A,1631A,1632A,1633A,1634A,1635A,1636A,1637A,1638A,1639A,1640A,1641A,1642A,1643A,1644A,1645A,1646A,1647A,1648A,1649A,1650A,1651A,1652A,1653A,1654A,1655A,1656A,1657A,1658A,1659A,1660A,1661A,1662A,1663A,1664A,1665A,1666A,1667A,1668A,1669A,1670A,1671A,1672A,1673A,1674A,1675A,1676A,1677A,1678A,1679A,1680A,1681A,1682A,1683A,1684A,1685A,1686A,1687A,1688A,1689A,1690A,1691A,1692A,1693A,1694A,1695A,1696A,1697A,1698A,1699A,1700A,1701A,1702A,1703A,1704A,1705A,1706A,1707A,1708A,1709A,1710A,1711A,1712A,1713A,1714A,1715A,1716A,1717A,1718A,1719A,1720A,1721A,1722A,1723A,1724A,1725A,1726A,1727A,1728A,1729A,1730A,1731A,1732A,1733A,1734A,1735A,1736A,1737A,1738A,1739A,1740A,1741A,1742A,1743A,1744A,1745A,1746A,1747A,1748A,1749A,1750A,1751A,1752A,1753A,1754A,1755A,1756A,1757A,1758A,1759A,1760A,1761A,1762A,1763A,1764A,1765A,1766A,1767A,1768A,1769A,1770A,1771A,1772A,1773A,1774A,1775A,1776A,1778A,1779A,1780A,1781A,1782A,1783A,1784A,1785A,1786A,1787A,1788A,1789A,1790A,1791A,1792A,1793A,1794A,1795A,1796A,1797A,1798A,1799A,1800A,1801A,1802A,1803A,1804A,1805A,1806A,1807A,1808A,1809A,1810A,1811A,1812A,1813A,1814A,1815A,1816A,1817A,1818A,1819A,1820A,1821A,1822A,1823A,1824A,1825A,1826A,1827A,1828A,1829A,1830A,1831A,1832A,1833A,1834A,1835A,1836A,1837A,1838A,1839A,1840A,1841A,1842A,1843A,1844A,1845A,1846A,1847A,1848A,1849A,1850A,1851A,1852A,1853A,1854A,1855A,1856A,1857A,1858A,1859A,1860A,1861A,1862A,1863A,1864A,1865A,1866A,1867A,1868A,1869A,1870A,1871A,1872A,1873A,1874A,1875A,1876A,1877A,1878A,1879A,1880A,1881A,1882A,1883A,1884A,1885A,1886A,1887A,1888A,1889A,1890A,1891A,1893A,1894A,1895A,1896A,1897A,1898A,1899A,1900A,1901A,1902A,1903A,1904A,1905A,1906A,1907A,1908A,1909A,1910A,1911A,1912A,1913A,1914A,1915A,1916A,1917A,1918A,1919A,1920A,1921A,1922A,1923A,1924A,1925A,1926A,1927A,1928A,1929A,1930A,1931A,1932A,1933A,1934A,1935A,1936A,1937A,1938A,1939A,1940A,1941A,1942A,1943A,1944A,1945A,1947A,1948A,1949A,1950A,1951A,1952A,1953A,1954A,1955A,1956A,1957A,1958A,1959A,1960A,1961A,1962A,1963A,1964A,1965A,1966A,1967A,1968A,1969A,1970A,1971A,1972A,1973A,1974A,1975A,1976A,1977A,1978A,1979A,1980A,1981A,1982A,1983A,1984A,1985A,1986A,1987A,1988A,1989A,1990A,1991A,1992A,1993A,1994A,1995A,1996A,1997A,1998A,1999A,2000A,2001A,2002A,2003A,2004A,2005A,2006A,2007A,2008A,2009A,2010A,2011A,2012A,2013A,2014A,2015A,2016A,2017A,2018A,2019A,2031A,2054A,2064A,2065A,2066A,2067A,2068A,2069A,2070A,2073A,2074A,2075A,2160A,2161A,2162A,2163A,2164A,2165A,2166A,2167A,2168A,2169A,2170A,2171A,2172A,2173A,2174A,2175A,2176A,2177A,2178A,2179A,2180A,2181A,2182A,2183A,2184A,2185A,2186A,2187A,2188A,2189A,2190A,2191A,2192A,2193A,2194A,2195A,2196A,2197A,2198A,2199A,2200A,2201A,2202A,2203A,2204A,2205A,2206A,2207A,2208A,2209A,2210A,2211A,2212A,2213A,2214A,2215A,2216A,2217A,2218A,2219A,2220A,2221A,2222A,2223A,2224A,2225A,2226A,2227A,2228A,2229A,2230A,2231A,2232A,2233A,2234A,2235A,2236A,2237A,2238A,2239A,2240A,2241A,2242A,2243A,2244A,2245A,2246A,2247A,2248A,2249A,2250A,2251A,2252A,2253A,2254A,2255A,2256A,2257A,2258A,2259A,2260A,2261A,2262A,2263A,2264A,2265A,2266A,2267A,2268A,2269A,2270A,2271A,2272A,2273A,2274A,2275A,2276A,2277A,2278A,2279A,2280A,2281A,2282A,2283A,2284A,2285A,2286A,2287A,2288A,2289A,2290A,2291A,2292A,2293A,2294A,2295A,2296A,2297A,2298A,2299A,2300A,2301A,2302A,2303A,2304A,2305A,2306A,2307A,2308A,2309A,2310A,2311A,2312A,2313A,2314A,2315A,2316A,2317A,2318A,2319A,2320A,2321A,2322A,2323A,2324A,2325A,2326A,2327A,2331A,2332A,2333A,2334A,2335A,2336A,2337A,2338A,2339A,2340A,2341A,2342A,2343A,2344A,2345A,2346A,2347A,2348A,2349A,2350A,2351A,2352A,2353A,2354A,2355A,2356A,2357A,2358A,2359A,2360A,2361A,2362A,2363A,2364A,2365A,2366A,2367A,2368A,2369A,2370A,2371A,2372A,2373A,2374A,2375A,2376A,2377A,2378A,2379A,2380A,2381A,2382A,2383A,2384A,2385A,2386A,2387A,2388A,2389A,2390A,2391A,2392A,2393A,2394A,2395A,2396A,2397A,2398A,2399A,2400A,2401A,2402A,2403A,2404A,2405A,2406A,2407A,2408A,2409A,2410A,2411A,2420A,2421A,2422A,2423A,2424A,2425A,2426A,2427A,2428A,2429A,2430A,2431A,2432A,2433A,2434A,2435A,2436A,2437A,2438A,2439A,2440A,2441A,2442A,2443A,2444A,2445A,2446A,2447A,2448A,2449A,2450A,2451A,2452A,2453A,2454A,2455A,2456A,2457A,2458A,2459A,2460A,2461A,2462A,2463A,2464A,2465A,2466A,2467A,2468A,2469A,2470A,2471A,2472A,2473A,2474A,2475A,2476A,2477A,2478A,2479A,2480A,2481A,2482A,2483A,2484A,2485A,2486A,2487A,2488A,2489A,2490A,2491A,2492A,2493A,2494A,2495A,2496A,2497A,2498A,2499A,2500A,2501A,2502A,2503A,2504A,2505A,2506A,2507A,2508A,2509A,2510A,2511A,2512A,2513A,2514A,2515A,2516A,2517A,2518A,2519A,2520A,2521A,2522A,2523A,2524A,2525A,2526A,2527A,2528A,2529A,2530A,2531A,2532A,2533A,2534A,2535A,2536A,2537A,2538A,2539A,2540A,2541A,2542A,2543A,2544A,2545A,2546A,2547A,2548A,2549A,2550A,2551A,2552A,2553A,2554A,2555A,2556A,2557A,2558A,2559A,2560A,2561A,2562A,2563A,2564A,2565A,2566A,2567A,2568A,2569A,2570A,2571A,2572A,2573A,2574A,2575A,2576A,2577A,2578A,2579A,2580A,2581A,2582A,2583A,2584A,2585A,2586A,2587A,2588A,2589A,2590A,2591A,2592A,2593A,2594A,2595A,2596A,2597A,2598A,2599A,2600A,2601A,2602A,2603A,2604A,2605A,2606A,2607A,2608A,2609A,2610A,2611A,2612A,2613A,2614A,2615A,2616A,2617A,2618A,2619A,2620A,2621A,2622A,2623A,2624A,2625A,2626A,2627A,2628A,2629A,2630A,2631A,2632A,2633A,2634A,2635A,2636A,2637A,2638A,2639A,2640A,2641A,2642A,2643A,2644A,2645A,2646A,2647A,2648A,2649A,2650A,2651A,2652A,2653A,2654A,2655A,2656A,2657A,2658A,2659A,2660A,2661A,2662A,2663A,2664A,2665A,2666A,2667A,2668A,2669A,2670A,2671A,2672A,2673A,2674A,2675A,2676A,2677A,2678A,2679A,2680A,2681A,2682A,2683A,2684A,2685A,2686A,2687A,2688A,2689A,2690A,2691A,2692A,2693A,2694A,2695A,2696A,2697A,2698A,2699A,2700A,2701A,2702A,2703A,2704A,2705A,2706A,2707A,2708A,2709A,2710A,2711A,2835A,2842A,2845A,2846A,2858A,2859A,2860A,2862A,2865A,2866A,2867A,2868A,2869A,2870A,2871A,2872A,2873A,2874A,2875A,2876A,2877A,2878A,2880A,2881A,2882A,2883A,2884A,2885A,2894A,2897A,2900A,2902A,2907A,2914A,2915A,2916A,2919A,2920A,2921A,2922A,2923A,2924A,2925A,2926A,2929A,2994A,2996A,2997A,2998A,2999A,3000A,3002A,3003A,3004A,3005A,3006A,3007A,3008A,3009A,3010A,3012A,3014A,3015A,3016A,3018A,3019A,3020A,3021A,3022A,3025A,3026A,3027A,3028A,3033A,3034A,3035A,3036A,3038A,3039A,3045A,3046A,3048A,3051A,3054A,3055A,3057A,3058A,3059A,3061A,3064A,3065A,3066A,3109A,3122A,3123A,3124A,3125A,3128A,3129A,3131A,3132A,3133A,3134A,3136A,3137A,3138A,3139A,3140A,3141A,3147A,3148A,3149A,3151A,3153A,3164A,3165A,3169A,3170A,3171A,3173A,3178A,3179A,3180A,3182A,3183A,3184A,3185A,3186A,3187A,3188A,3190A,3191A,3192A,3194A,3195A,3200A,3201A,3204A,3206A,3207A,3208A,3209A,3210A,3216A,3237A,3238A,3239A,3241A,3242A,3245A,3246A,3247A,3248A,3265A,3266A,3268A,3269A,3270A,3271A,3272A,3273A,3274A,3281A,3282A,3283A,3284A,3285A,3286A,3287A,3288A,3289A,3290A,3291A,3293A,3294A,3295A,3298A,3299A,3300A,3301A,3302A,3303A,3304A,3305A,3306A,3307A,3308A,3311A,3313A,3314A,3315A,3317A,3318A,3319A,3320A,3323A,3324A,3325A,3326A,3327A,3328A,3329A,3330A,3331A,3332A,3333A,3334A,3335A,3336A,3337A,3338A,3339A,3340A,3341A,3342A,3343A,3344A,3345A,3346A,3347A,3348A,3349A,3350A,3351A,3352A,3353A,3354A,3355A,3356A,3357A,3358A,3359A,3360A,3361A,3362A,3363A,3364A,3365A,3366A,3368A,3369A,3370A,3371A,3372A,3374A,3375A,3376A,3377A,3378A,3379A,3380A,3396A,3397A,3398A,3399A,3400A,3401A,3402A,3403A,3404A,3405A,3406A,3407A,3408A,3409A,3410A,3411A,3413A,3414A,3415A,3416A,3417A,3418A,3419A,3421A,3422A,3423A,3424A,3425A,3426A,3427A,3428A,3429A,3430A,3431A,3432A,3434A,3435A,3436A,3437A,3438A,3439A,3440A,3441A,3442A,3443A,3444A,3445A,3446A,3447A,3448A,3449A,3450A,3451A,3452A,3453A,3454A,3455A,3456A,3457A,3458A,3459A,3460A,3461A,3462A,3463A,3464A,3465A,3466A,3468A,3469A,3470A,3471A,3473A,3474A,3475A,3476A,3477A,3478A,3479A,3480A,3481A,3482A,3483A,3484A,3485A,3486A,3487A,3488A,3489A,3490A,3491A,3492A,3494A,3495A,3496A,3498A,3500A,3501A,3502A,3503A,3504A,3505A,3507A,3511A,3512A,3513A,3514A,3515A,3516A,3520A,3521A,3522A,3523A,3524A,3525A,3526A,3527A,3528A,3529A,3530A,3531A,3532A,3533A,3534A,3535A,3536A,3537A,3538A,3539A,3540A,3541A,3542A,3543A,3544A,3545A,3546A,3547A,3548A,3549A,3550A,3551A,3552A,3557A,3558A,3560A,3561A,3562A,3564A,3565A,3566A,3567A,3568A,3569A,3570A,3571A,3572A,3573A,3574A,3575A,3576A,3577A,3578A,3579A,3580A,3581A,3582A,3583A,3584A,3585A,3586A,3587A,3588A,3589A,3590A,3591A,3592A,3593A,3594A,3596A,3597A,3598A,3599A,3600A,3601A,3604A,3605A,3606A,3607A,3608A,3610A,3612A,3613A,3614A,3615A,3616A,3617A,3618A,3619A,3620A,3621A,3622A,3623A,3624A,3625A,3626A,3627A,3628A,3629A,3630A,3631A,3633A,3634A,3635A,3636A,3637A,3638A,3639A,3642A,3643A,3644A,3645A,3646A,3647A,3648A,3650A,3651A,3652A,3653A,3654A,3655A,3656A,3658A,3659A,3661A,3662A,3663A,3664A,3665A,3667A,3668A,3669A,3670A,3671A,3672A,3673A,3674A,3675A,3676A,3677A,3678A,3682A,3683A,3684A,3685A,3689A,3690A,3692A,3693A,3694A,3695A,3696A,3697A,3698A,3699A,3700A,3701A,3703A,3706A,3707A,3708A,3709A,3710A,3713A,3715A,3719A,3726A,3728A,3734A,3860A,3861A,3866A,3867A
20231004,0,AQI,24,11,27,21,25,24,25,67,54,22,23,17,,,75,,68,68,77,,64,,61,59,,62,72,,81,78,99,68,75,73,51,,73,73,,60,,64,62,65,,61,,58,85,61,130,99,105,105,,95,21,,19,32,28,41,50,44,52,43,50,70,,60,67,61,67,63,58,,87,95,72,84,63,,,89,91,58,84,69,,17,24,,,24,22,22,21,,44,63,,44,87,57,48,49,,40,80,64,64,61,57,,57,89,62,39,28,26,23,22,23,21,,20,28,23,23,20,25,25,21,23,22,,28,25,19,24,28,29,27,30,33,,29,31,26,27,27,32,29,19,31,22,26,29,18,21,,23,24,25,22,24,20,20,21,23,20,26,58,,,,54,54,,57,44,32,,,,46,,17,21,25,17,22,18,19,27,31,,,,30,28,,26,42,32,25,29,,33,36,51,59,52,56,36,43,,32,,33,48,,38,34,,37,36,28,,30,32,36,54,30,,27,,,26,28,32,31,32,31,28,,27,,,45,,29,30,,30,32,30,26,31,29,,54,43,39,38,38,36,36,34,36,39,31,27,34,32,41,36,34,40,,,39,36,37,40,,47,46,35,28,24,,54,34,20,,33,48,51,39,,48,57,44,56,34,,,39,32,36,29,36,36,58,52,52,55,52,54,48,53,,25,25,24,22,20,29,22,,20,22,20,19,18,22,16,14,18,14,23,18,54,54,,53,74,43,52,51,37,58,55,36,41,32,40,40,49,,36,41,43,39,34,32,39,26,46,51,58,42,,34,60,64,38,46,39,,32,29,30,33,,,57,,33,45,47,47,56,69,52,53,30,,,33,33,36,32,37,38,80,,27,28,22,,18,,35,16,25,37,26,16,38,,,23,29,33,33,30,,65,46,26,43,,,45,23,19,28,22,29,29,29,35,27,24,,17,16,24,33,17,26,14,17,17,19,19,17,39,31,19,22,25,24,31,18,,37,38,27,41,,52,,63,55,,,,,46,,,,77,76,71,83,62,63,69,,,19,20,20,16,22,30,20,29,27,29,,30,29,25,22,,27,22,24,18,44,46,27,32,31,,54,51,,35,33,40,32,40,41,29,51,63,54,52,35,32,37,,,63,,69,68,60,54,67,,63,67,,,79,83,64,65,,51,52,57,,79,59,65,65,54,32,31,35,33,29,,,,,,,52,,68,44,39,59,48,39,39,36,35,37,,65,,,32,,35,32,41,43,43,40,44,37,,29,28,27,28,41,23,31,31,27,36,41,40,41,,37,40,52,53,38,27,,30,32,38,,41,40,,51,52,62,57,23,,47,15,,,75,72,,,,47,44,26,31,42,52,,45,52,,69,80,,79,,66,71,68,,66,64,22,20,18,,39,48,45,59,47,51,,34,40,38,29,32,36,34,39,59,37,33,38,48,64,36,36,29,26,28,28,32,30,,16,17,17,,18,34,33,36,38,40,20,19,20,19,22,24,29,24,,21,23,19,,38,24,33,24,29,,25,27,28,,55,,67,60,51,58,,70,,,,,63,,62,,46,,,,66,59,58,44,51,,,,14,21,20,16,50,42,,35,26,35,22,26,20,,30,,,25,15,17,15,22,58,54,51,57,25,21,,32,30,54,52,44,62,30,25,24,26,39,43,52,,51,53,53,51,,31,39,21,11,32,43,52,41,,,,,76,62,,56,16,39,33,23,21,23,22,33,32,26,28,30,26,,28,35,,36,44,57,,37,45,,57,21,19,35,25,38,50,28,33,42,34,29,39,,,30,29,90,25,60,54,25,25,,41,21,90,81,,,,49,,,,,51,,,,,,,,,,,,,,,,25,,,,,,,,,,,,,,,,,,,,,,,,,,,,,,,,,,,,,,22,50,45,43,56,57,49,50,52,,,,59,54,59,53,,,55,60,56,64,59,70,,93,78,54,,,58,74,,62,79,58,,73,,60,41,,,27,36,,,45,39,26,,,30,39,19,19,40,43,38,28,22,20,23,27,37,29,31,32,41,38,54,35,20,23,24,20,,29,35,33,,31,32,26,28,21,20,20,26,20,29,38,40,,,35,18,26,36,16,22,25,24,29,18,17,25,27,24,16,23,17,,,15,28,46,,23,25,,18,27,24,,24,26,18,,32,21,30,27,32,37,53,,20,24,30,23,32,25,45,45,,52,41,26,23,19,26,,58,,62,,,,21,35,29,35,51,46,,25,,38,35,33,32,30,36,,,56,38,52,,,29,28,31,,32,52,24,,,34,24,22,27,30,41,40,54,39,52,41,38,57,60,49,,54,54,57,54,52,,58,57,56,49,67,63,58,65,58,,77,78,69,41,50,53,48,42,,65,57,,60,55,62,,57,54,69,57,,78,68,55,,,57,55,56,55,,46,41,,53,46,,58,,55,55,60,34,48,,35,40,13,55,18,14,42,54,84,62,40,34,,51,44,49,,25,24,,28,26,51,55,,52,42,46,25,16,28,18,,19,29,37,46,33,28,30,32,28,32,37,40,33,61,73,69,68,90,59,51,59,54,52,16,18,21,25,24,21,20,31,19,38,17,16,20,66,80,80,72,30,29,28,46,52,62,38,52,40,44,51,45,52,,49,43,32,43,29,32,,38,44,36,20,23,,22,22,26,24,16,35,19,28,26,30,33,27,25,35,35,,,,31,23,,21,23,21,12,17,29,,19,21,20,,,,,,34,26,30,25,25,,13,,12,15,12,18,15,29,,28,42,20,29,,,,,20,20,20,18,30,40,36,,20,15,13,23,29,,43,12,36,18,22,22,20,15,,33,39,34,35,26,26,19,25,38,,32,25,,14,16,,15,15,18,,16,,30,,15,14,13,17,20,14,71,73,68,44,18,24,18,20,,50,45,,26,25,30,,43,32,,51,26,43,,42,35,35,42,,,30,33,15,,25,25,29,19,13,38,66,,46,,,72,37,26,21,51,51,50,26,31,,43,29,39,106,121,97,140,177,155,,,63,49,62,34,,25,33,39,63,12,52,45,67,62,67,64,73,74,,69,32,40,27,27,47,35,,50,,67,65,46,29,28,21,29,22,20,59,47,21,33,12,,,58,43,27,67,,96,87,82,26,,26,32,,,41,32,37,35,49,62,54,29,54,28,43,29,33,30,79,,65,110,,36,41,33,28,41,22,29,68,25,43,32,31,,67,63,31,35,37,60,21,57,10,65,54,,35,29,23,17,,31,71,22,79,28,36,32,35,32,63,58,42,52,68,20,40,50,55,,54,45,84,16,11,20,17,,,53,50,70,26,30,33,35,39,,28,58,53,30,55,34,55,54,28,,31,56,55,54,61,17,33,,29,29,27,27,26,41,27,28,23,33,21,102,28,25,48,48,26,17,24,29,41,29,40,58,80,54,68,44,50,28,32,37,34,56,51,68,43,31,34,54,54,16,70,88,73,90,26,24,51,23,50,19,23,52,48,63,54,53,56,52,20,23,19,13,18,35,38,26,35,38,19,16,16,37,28,67,,39,40,26,33,54,45,63,35,64,,67,70,70,70,13,26,20,,58,15,25,45,39,20,21,34,52,52,55,41,55,24,32,32,29,30,65,27,45,63,61,56,25,23,22,25,24,33,48,30,21,28,25,23,27,30,29,31,57,75,63,66,59,33,32,51,38,32,53,36,22,22,26,38,25,29,29,63,59,73,89,56,61,59,53,34,21,29,35,42,36,54,52,61,54,68,39,58,52,13,20,27,11,25,30,33,38,31,39,45,41,48,57,39,62,83,58,66,53,41,63,32,39,65,,71,83,77,63,32,67,23,54,20,38,32,54,53,42,43,42,37,40,49,48,33,15,23,26,27,24,25,,29,19,19,27,46,13,17,58,27,46,29,28,32,30,31,50,40,23,70,57,69,50,,83,61,65,73,78,,77,54,104,118,122,100,101,76,71,85,79,54,55,73,61,54,73,48,56,36,20,45,52,24,26,21,28,26,29,44,211,194,28,23,110,79,63,86,33,37,52,31,41,51,29,32,24,,22,63,58,60,15,23,60,33,31,66,58,62,69,53,73,55,48,46,10,43,30,31,34,,15,19,30,99,62,88,67,45,,17,34,17,23,38,24,55,51,22,16,52,54,36,63,62,23,52,17,54,22,18,,43,70,22,43,29,51,30,26,28,14,16,53,69,56,57,54,30
20231004,0,PM2.5,14,6,15,12,13,15,11,43,33,8,10,9,,,43,,42,42,47,,36,,31,36,,34,52,,39,49,74,44,55,51,20,,50,44,,38,,31,40,47,,41,,41,40,31,99,74,63,75,,64,5,,10,14,19,12,15,20,27,30,28,51,,32,43,39,38,36,19,,57,48,49,45,34,,,39,53,28,62,39,,5,9,,,2,3,2,3,,18,20,,22,24,33,24,34,,24,54,43,42,38,40,38,34,52,44,27,13,18,16,11,8,10,,10,13,13,10,14,15,7,13,16,10,,19,17,10,11,11,8,7,13,5,,5,8,8,9,12,22,14,9,19,15,11,14,12,10,,11,11,11,11,14,10,7,13,16,14,15,41,,,,38,38,,36,30,22,,,,32,,7,7,12,7,9,12,9,12,15,,,,9,19,,14,29,22,17,19,,18,25,27,27,29,23,19,30,,22,,20,24,,17,22,,20,25,19,,20,20,22,22,9,7,7,,,6,7,8,12,14,10,17,,10,,,30,,9,14,,9,10,13,4,8,9,,28,26,22,20,22,19,18,17,22,27,19,12,22,22,24,19,22,28,,,16,15,13,14,,22,19,19,19,14,,38,15,12,,16,20,20,22,,24,24,20,27,19,,,12,14,10,12,12,17,31,25,18,28,32,26,25,24,,17,17,15,11,14,20,15,,12,15,12,10,12,15,11,7,9,7,13,10,36,34,,32,54,30,29,34,22,41,39,18,19,12,22,24,23,,12,19,24,10,17,12,19,11,26,33,36,22,,19,34,40,23,32,23,,21,20,14,14,,,27,22,13,27,29,29,29,25,31,34,20,,20,21,22,21,22,18,26,31,,15,15,15,15,5,,19,11,15,19,10,11,26,,,16,19,12,15,21,,47,32,18,30,,,31,6,5,19,14,17,14,14,24,14,14,,9,11,12,9,8,8,8,9,9,8,7,5,9,14,8,14,12,14,17,12,,17,10,9,14,,36,,45,39,,,,,32,,,,56,50,35,54,24,30,31,,,13,12,8,11,15,12,11,14,10,17,,20,12,12,5,,2,2,2,11,14,22,15,22,17,,38,29,,16,15,17,14,22,15,18,27,22,30,32,16,16,17,,,38,,43,38,40,26,34,,31,42,,,58,61,34,46,,28,36,39,,58,41,44,44,32,12,19,13,12,9,,,,,,,24,,48,26,19,35,28,20,27,7,5,5,,46,,,22,,24,22,22,16,19,16,21,17,,8,13,12,12,21,11,12,14,5,17,24,23,25,18,20,17,36,37,24,15,,15,17,19,,17,23,,26,22,22,31,16,,20,10,,,40,42,,,,14,13,10,10,27,36,,31,22,,47,59,,58,,39,32,40,,44,46,4,10,12,,21,20,23,30,25,20,,20,26,26,17,22,25,14,19,32,15,11,13,33,46,24,25,19,12,15,17,14,12,,11,8,2,,8,17,23,25,26,25,14,9,14,5,15,16,20,15,,13,13,11,,26,16,23,8,20,,17,15,3,,39,,44,34,31,41,,40,,,,,34,,26,,32,,,,42,42,31,25,28,,,,5,5,7,7,27,23,,24,15,24,15,18,12,,21,,,1,10,8,3,5,41,29,33,40,13,5,12,22,20,38,30,28,30,15,13,10,17,27,30,36,,32,34,34,31,,7,15,10,5,7,23,30,19,,,,,54,41,,26,10,27,6,10,12,16,15,23,14,18,13,10,16,,12,14,,25,30,24,,17,17,,23,12,12,24,17,20,24,15,20,29,20,15,27,,,4,7,67,9,18,12,9,12,,19,4,40,36,98,,,29,,,,,17,,,,,,,,,,,,,,,,7,,,,,,,,,,,,,,,,,,,,,,,,,,,,,,,,,,,,,,11,33,31,30,24,27,29,27,20,,,,29,29,29,24,,,24,22,32,29,27,43,,59,57,38,,,41,54,,44,58,19,,23,,21,13,,,9,25,,,26,13,15,,,21,27,4,4,11,13,16,11,4,4,4,2,19,19,9,20,24,22,16,22,7,6,10,4,,6,14,14,,5,9,10,13,6,7,13,5,11,16,19,18,,,15,9,18,12,11,11,3,10,10,7,7,11,16,16,11,15,8,,,9,12,15,26,16,17,,12,8,6,,12,18,12,,22,12,6,13,19,18,24,,12,15,14,13,22,13,31,31,,36,6,6,16,12,18,,31,,44,,,,6,12,20,16,34,26,,17,,26,24,23,10,10,12,,,21,22,30,,,19,19,19,,22,19,16,,,14,12,15,17,21,12,14,33,24,33,25,26,36,26,34,,22,38,39,38,36,,41,40,37,34,48,45,41,47,41,,56,57,50,28,35,36,33,28,30,41,34,,40,31,44,,36,31,40,40,,57,49,39,,55,29,34,32,34,,32,26,,37,28,,39,,39,39,43,13,19,,16,10,9,32,5,8,21,34,62,44,16,11,,34,30,32,,17,14,,18,15,32,39,,36,28,32,14,7,18,11,,13,18,24,26,21,18,20,21,7,22,20,28,22,40,53,50,49,67,42,34,42,38,36,3,5,12,8,3,12,14,18,7,26,9,11,8,43,46,41,30,11,10,13,17,14,16,24,25,28,17,21,22,22,,34,25,22,30,18,21,,21,19,22,6,5,,2,12,6,12,4,17,13,19,18,21,23,14,14,19,24,,,,11,10,,12,9,2,7,2,7,,13,14,12,,,,,,9,9,21,17,10,,9,,8,10,7,12,10,10,,19,29,9,18,,,,,8,8,14,12,10,28,25,,14,10,8,16,20,,30,3,10,12,15,15,14,10,,23,20,19,24,18,18,11,9,12,,16,17,,9,11,,1,4,8,,11,,5,,,4,9,4,5,8,27,23,23,16,12,10,12,7,,24,25,,15,14,18,,30,22,,29,15,30,,21,23,19,27,,,15,13,10,,17,9,20,13,1,24,28,,26,,,30,25,18,11,15,6,18,18,8,,21,20,22,35,41,46,95,116,61,,,24,23,39,7,,5,13,10,18,8,23,31,48,34,41,40,53,46,,27,14,25,18,6,26,24,,35,,48,45,32,20,18,14,12,6,6,33,19,14,14,2,,,32,19,13,36,,40,64,55,17,,18,22,,,17,18,14,24,34,44,36,7,34,19,26,12,8,21,56,,42,83,,24,20,23,15,14,9,9,46,17,22,11,14,16,37,34,17,24,10,41,11,36,6,41,38,,24,20,16,2,,14,41,11,58,19,24,22,24,22,30,25,29,18,49,14,28,13,39,11,38,31,62,7,6,9,7,,,37,20,43,16,17,3,24,26,,17,37,32,21,39,14,34,28,13,,16,30,37,38,36,3,20,,7,14,7,5,16,14,8,7,11,16,4,6,10,2,33,31,16,10,7,17,26,18,26,40,59,38,35,19,27,14,18,21,21,32,32,41,30,10,18,31,25,10,51,63,37,67,17,6,21,16,35,11,16,36,27,45,38,36,39,36,1,16,7,3,9,24,26,12,22,26,12,11,7,19,19,48,,27,28,18,10,36,31,34,9,44,,48,41,44,51,6,16,12,,40,3,17,30,27,14,10,20,25,36,17,21,33,13,10,15,10,13,39,16,27,41,43,33,9,12,9,17,12,13,33,17,11,15,17,9,15,15,20,17,22,33,34,30,24,9,21,18,26,19,4,17,14,12,18,17,14,12,19,45,42,38,32,31,38,34,23,17,14,19,24,28,25,24,23,42,30,41,21,38,31,4,9,8,6,17,15,7,26,20,27,31,26,33,17,22,44,61,41,27,24,27,45,7,22,39,,45,61,56,35,10,29,16,20,14,16,13,21,32,14,20,27,20,19,34,25,23,10,14,15,9,12,11,,6,7,2,17,32,8,10,10,16,32,20,15,11,16,7,18,15,16,51,40,50,35,,61,22,39,53,48,,43,27,78,89,92,51,62,55,45,50,49,25,31,33,27,38,53,30,37,25,10,31,27,15,14,9,19,18,10,5,161,142,14,4,83,42,24,11,20,15,36,7,23,29,13,14,12,,14,45,39,43,10,16,42,9,14,46,41,41,39,36,28,28,22,32,7,30,18,8,22,,8,3,9,41,44,65,45,31,,5,14,9,12,16,12,39,29,2,11,23,38,25,30,44,10,32,6,30,2,3,,18,49,14,14,20,18,10,18,15,6,3,34,41,39,36,30,20
20231004,0,PM2.5_24h,41,32,36,33,35,38,30,41,37,30,33,29,,,25,,24,23,25,,25,,19,20,,20,34,,31,39,42,37,39,44,33,,26,27,,26,,16,32,31,,40,,33,30,29,65,52,47,46,,52,10,,16,19,18,16,16,24,24,21,29,36,,28,24,24,29,24,22,,31,24,31,29,46,,,72,68,41,53,42,,31,30,,,24,30,25,30,,17,16,,19,14,17,16,18,,19,23,22,22,21,22,21,19,20,21,15,23,21,15,16,14,15,,16,15,16,20,18,16,17,20,19,22,20,23,16,22,17,9,11,8,12,7,,8,9,7,9,7,10,9,7,6,8,10,11,8,13,,10,11,10,11,10,11,6,11,7,8,5,14,,,,25,21,,22,22,20,,,,13,,8,7,9,9,9,11,10,10,16,,,,11,14,,12,16,16,14,12,,12,18,16,14,18,19,12,16,,12,,22,21,,16,19,,23,19,18,,19,17,24,19,12,15,10,,,16,13,14,17,16,15,16,,14,,,15,,8,11,,12,13,19,6,9,8,,22,23,26,23,26,21,18,14,15,15,13,6,19,16,13,15,13,19,,,11,11,13,9,,18,16,24,24,18,,27,23,13,,23,18,18,17,,17,19,18,23,16,,,10,11,10,11,13,16,21,19,18,19,22,20,19,19,,5,6,9,6,10,7,8,,6,10,8,10,8,9,13,10,9,7,7,7,30,35,,33,33,33,28,30,20,28,23,20,21,18,20,17,25,,15,13,17,22,16,14,19,14,26,28,26,24,,22,28,31,23,20,22,,22,21,21,19,,,27,23,24,25,24,24,22,16,25,24,24,,18,18,21,21,20,17,19,21,,11,11,10,12,5,,16,9,17,17,10,10,18,,,13,22,14,13,20,,23,19,19,24,,,22,14,12,19,15,19,13,16,24,18,13,,8,9,9,10,7,8,9,8,7,6,7,5,16,12,14,11,13,15,14,10,,15,16,10,14,,36,,36,36,,,,,25,,,,41,39,24,27,29,25,25,,21,11,8,7,9,14,12,13,16,12,17,,19,13,8,20,,27,25,21,21,15,17,14,18,15,,21,15,13,18,15,14,16,16,16,13,18,24,20,23,13,15,18,,,27,,20,28,23,25,28,,23,33,,,29,33,26,40,,24,30,39,,42,30,31,30,31,11,12,10,9,14,,,,,,,20,,32,30,20,29,17,14,16,9,5,10,,26,,,28,,30,28,26,22,19,19,23,18,,12,12,14,13,16,13,19,17,12,24,23,22,26,18,23,16,31,31,25,13,,13,17,19,,24,27,,23,24,21,25,23,,25,9,,,29,29,,,,22,24,21,22,25,32,,25,21,,40,45,,49,,43,45,44,,47,47,12,14,12,,17,15,18,19,17,15,,17,21,17,18,20,17,13,18,31,16,10,15,30,26,22,26,25,13,12,15,13,16,,15,14,8,,11,17,20,25,17,17,23,12,15,18,16,13,12,11,,13,12,12,,13,16,17,17,19,,16,18,13,,29,,29,25,22,28,,25,25,,,,24,,18,,24,,,,32,30,23,26,23,,,,4,7,3,6,17,16,,11,8,14,7,17,7,,6,,,4,7,9,4,2,23,22,26,26,12,9,14,17,20,33,23,20,18,20,9,10,19,23,25,23,,32,34,31,24,,8,10,8,9,20,30,30,24,,,,,21,27,,24,7,16,8,10,9,15,15,16,17,16,13,8,11,,16,16,,38,35,21,,11,15,,18,10,10,20,17,20,23,16,22,23,23,19,23,,,8,14,37,34,17,18,5,14,,20,9,25,24,25,,,26,,,,,13,,,,,,,,,,,,,,,,8,,,,,,,,,,,,,,,,,,,,,,,,,,,,,,,,,,,,,,11,19,19,17,16,23,27,24,23,,,,17,18,20,18,,,24,25,26,24,27,57,,58,58,28,,,26,32,,38,42,18,,23,,25,23,,,16,21,,,24,22,20,,,20,23,6,4,17,15,16,21,21,22,21,14,15,15,16,17,17,15,16,17,18,22,20,21,,17,20,15,,11,13,12,13,20,18,16,14,12,13,10,15,,,15,17,14,16,12,17,9,10,12,10,9,11,16,14,13,13,6,,,6,11,10,19,12,11,,13,10,8,,12,16,11,,17,17,11,17,15,15,18,,12,16,12,15,18,9,15,16,,16,12,12,13,11,12,,19,,29,,,,5,5,8,8,18,10,,18,,15,15,15,11,10,10,13,,20,20,19,,,14,20,17,,19,20,17,,,13,14,20,22,22,13,18,44,36,37,35,36,41,39,43,,12,26,28,29,30,,29,29,31,30,38,37,34,35,43,,44,48,46,31,34,32,33,30,18,24,21,,34,27,32,,27,22,29,23,,25,26,23,,34,24,27,31,30,,21,18,10,23,28,33,31,,33,34,40,12,15,,16,10,4,13,5,8,16,19,28,22,7,9,,25,18,20,,10,8,,12,10,16,14,,20,16,18,10,6,26,25,,25,29,29,38,31,29,37,36,6,14,14,14,12,36,56,55,58,63,54,57,56,56,62,5,10,13,10,10,9,13,18,11,15,4,7,7,29,30,28,23,12,15,11,15,18,15,21,21,20,16,19,24,24,26,31,21,17,31,20,21,,24,19,17,7,7,,4,12,7,9,5,15,11,16,15,23,22,15,21,15,16,,,,11,9,,9,8,2,4,6,4,,9,8,6,,,,,,11,14,16,15,14,,10,,5,8,10,12,11,10,,18,17,12,15,,,,,6,6,16,15,12,14,22,,9,10,8,14,13,,18,8,9,13,12,14,9,8,,15,19,15,16,10,13,8,9,10,,13,9,,9,6,,2,4,5,,14,,4,,1,4,5,5,5,7,17,22,20,19,8,12,12,8,,29,30,,16,14,19,,28,25,,23,18,22,,17,20,24,25,,,20,13,17,,18,12,20,17,6,13,29,,29,,,34,16,14,10,8,14,19,27,7,,19,16,15,30,30,33,40,45,54,,,25,23,24,12,,6,21,22,16,9,17,27,33,23,22,22,46,73,,21,14,14,14,16,14,15,,19,,29,33,22,16,12,13,17,9,8,15,17,9,13,6,,,31,21,14,22,,27,31,51,14,,19,9,,,13,13,10,11,23,17,16,7,13,14,15,19,16,17,45,,23,31,,17,22,42,39,13,19,18,28,12,24,9,24,12,21,26,17,20,21,31,15,28,5,31,24,,21,22,21,11,,19,25,15,37,14,17,7,7,7,21,22,18,13,48,11,16,15,28,19,34,15,32,7,8,8,6,,,34,16,29,17,21,3,18,14,,21,28,34,18,43,12,26,23,13,,18,30,23,34,35,5,19,9,5,8,10,9,10,10,8,7,23,26,19,15,18,14,19,24,12,13,6,9,14,12,22,27,34,30,32,22,25,18,24,23,17,27,24,23,27,14,20,28,23,10,33,30,22,31,11,12,16,11,15,14,16,37,35,32,30,30,28,26,8,14,8,7,7,22,19,9,18,20,10,12,12,11,12,21,,23,35,21,13,30,25,28,11,30,,19,28,32,26,8,10,12,,20,10,13,21,19,30,14,20,20,31,18,19,33,10,19,13,14,19,24,22,36,28,37,31,21,18,9,11,12,11,13,9,12,14,12,10,8,14,13,6,11,19,23,26,21,16,16,23,20,20,17,18,17,13,18,17,14,18,16,43,30,26,30,25,33,21,20,11,13,12,18,19,17,17,17,32,23,30,41,25,24,9,14,9,9,19,7,14,21,19,25,31,21,32,26,13,18,24,28,17,26,28,30,5,13,32,,27,34,32,25,28,27,16,26,12,17,12,16,18,12,24,18,22,23,22,18,23,21,11,13,9,9,10,,8,10,4,14,21,8,9,12,11,23,18,16,14,14,10,22,22,24,33,24,38,23,,50,29,23,39,25,23,33,26,55,62,56,41,48,43,40,36,30,16,20,21,17,18,34,21,32,16,14,22,18,17,15,13,19,16,8,10,63,89,8,6,75,43,16,23,25,19,27,20,25,24,18,8,21,,13,20,23,29,16,26,25,13,12,32,34,32,26,29,34,28,20,11,5,14,19,13,20,,6,9,9,22,32,48,28,27,,27,30,31,31,21,9,31,22,25,10,20,30,28,22,28,21,34,27,33,27,26,,15,32,21,16,30,16,11,19,15,6,1,28,28,22,32,17,21
20231004,0,PM10,24,10,27,21,25,24,25,83,58,16,22,17,,,100,,86,85,103,,77,,71,67,,74,81,,111,106,125,86,97,95,52,,95,96,,70,,77,73,79,,72,,63,120,72,154,106,159,159,,139,21,,16,32,17,41,50,44,54,33,50,60,,69,83,71,83,75,66,,123,139,94,117,75,,,128,131,65,104,88,,17,22,,,6,10,12,8,,44,75,,44,123,63,48,41,,40,110,78,78,71,62,53,63,127,59,28,28,22,21,22,23,21,,19,28,23,13,7,25,25,16,21,17,12,11,10,10,24,18,19,17,17,17,,20,18,19,18,27,31,29,19,31,20,26,29,14,21,,23,24,25,22,24,20,19,21,22,19,26,56,,,,53,56,,63,44,24,,,,44,,17,21,25,17,22,17,9,27,31,,,,30,26,,26,41,30,22,29,,33,34,51,68,54,61,36,42,,28,,33,48,,38,34,,37,33,28,,30,32,36,57,16,23,19,,,20,21,19,31,29,28,28,,27,,,45,,29,30,,15,27,24,18,20,18,,58,43,39,38,38,36,36,34,36,36,31,27,34,29,41,36,34,31,,,39,36,37,40,,47,46,35,27,24,,42,34,16,,33,48,51,39,,48,63,44,61,24,,,39,24,24,24,24,36,66,54,53,59,54,57,48,55,,22,20,24,22,20,27,18,,18,18,20,19,15,11,15,14,18,14,23,18,58,57,,55,92,40,54,52,37,61,50,36,41,32,40,40,49,,36,41,43,39,34,32,39,26,46,51,65,42,,34,70,78,38,29,39,,32,29,30,33,,,64,51,33,45,47,47,61,88,53,55,30,,33,33,33,36,22,37,34,110,,27,28,22,27,18,,35,12,25,37,26,15,24,,,19,29,33,33,26,,60,40,25,39,,,43,9,17,22,22,29,29,29,29,19,24,,17,11,24,33,17,26,11,14,11,19,12,9,39,31,19,22,25,24,31,14,,37,38,27,41,,52,,50,43,,,,,41,,,,91,101,91,116,73,75,87,,,17,20,20,16,20,30,20,29,27,29,,30,29,25,18,,27,14,20,13,44,46,27,27,31,,52,52,75,35,33,40,32,26,25,25,52,75,57,53,35,32,37,,,75,,88,85,70,58,83,,75,83,,,100,112,77,80,,52,47,63,,97,68,80,80,58,27,31,19,19,29,,,,,,,54,,86,44,39,68,48,39,39,9,17,22,,80,,,22,,28,25,41,32,22,33,44,37,,29,28,27,28,41,23,31,31,27,36,41,40,41,28,37,40,48,50,38,27,,30,32,38,,41,31,,51,54,74,63,16,,47,12,,,100,94,,,,47,44,26,31,42,39,,44,53,,87,77,,91,,81,91,86,,82,70,16,10,12,,39,48,45,68,47,52,,34,40,24,29,23,34,34,39,68,21,19,38,48,72,36,31,29,26,27,28,32,30,,12,15,12,,6,34,27,27,31,40,9,19,11,10,22,24,26,24,,21,22,19,,16,18,25,20,19,,20,27,7,,56,,83,69,51,66,,89,80,,,,75,,73,,46,,,,81,47,66,44,52,,,,14,21,20,16,50,42,,26,26,27,22,22,20,,25,,,25,14,12,15,6,64,57,52,45,25,11,16,30,30,41,54,44,73,30,25,24,26,30,32,40,,52,55,56,51,,31,39,21,11,32,43,54,41,,,,,101,73,,61,16,27,33,23,21,23,18,25,32,22,28,30,26,,28,35,,35,44,63,,37,45,,63,21,19,31,24,38,50,28,33,36,34,29,34,,,15,27,126,23,69,58,14,10,,41,21,129,112,,,,49,,,,,51,,,,,,,,,,,,,,,,24,,,,,,,,,,,,,,,,,,,,,,,,,,,,,,,,,,,,,,22,50,43,39,62,64,49,50,54,,,,68,58,68,55,,,60,69,62,78,67,90,,135,78,52,,,62,79,,66,84,65,,96,,69,41,,,27,22,,,45,39,26,,,14,27,15,18,40,43,38,28,22,19,23,27,26,22,19,23,41,38,58,30,13,16,24,20,,29,35,31,,9,14,26,24,8,12,12,26,20,29,38,40,,,35,16,24,36,10,19,9,24,17,6,16,25,27,24,16,23,17,,,13,28,46,62,22,24,,18,27,24,,24,24,17,,26,11,30,27,32,37,55,,20,24,30,23,20,25,29,31,,27,41,26,16,19,24,,65,,58,,,,21,35,14,35,52,46,,23,,21,18,16,28,25,28,,,61,38,54,,,29,25,31,,31,53,24,,,26,24,13,27,21,41,40,58,39,54,41,34,63,69,46,,58,48,64,54,44,,62,61,62,49,70,73,66,77,61,,78,76,71,41,48,56,45,42,57,80,64,,69,60,67,,64,57,88,64,,85,80,53,,,63,59,61,59,,45,41,31,39,46,,66,,56,51,50,34,48,,35,40,6,59,18,14,42,58,58,47,40,34,,52,44,49,,14,24,,28,26,52,46,,47,42,37,25,16,28,18,17,17,29,37,46,33,28,30,32,28,21,37,35,33,72,63,70,72,81,66,51,56,50,48,7,13,21,25,24,21,16,31,19,30,17,13,20,82,110,110,94,30,29,28,46,53,74,38,53,37,44,52,45,54,66,49,43,32,36,29,32,,38,44,36,20,14,,6,22,26,24,16,35,19,25,21,24,28,27,25,35,29,,,,31,23,,21,23,21,12,17,29,,18,21,20,,,,,,34,26,22,16,25,,12,,9,14,12,16,15,29,,25,36,17,29,,,,,12,11,16,14,30,21,32,,17,14,13,22,13,,36,8,36,16,15,21,13,12,,29,39,34,30,25,18,19,25,38,,32,24,,14,16,,5,7,18,,15,,7,,5,6,13,7,11,13,92,96,85,44,15,24,18,20,,50,45,,26,25,30,,32,27,29,51,19,34,,42,35,35,42,,,30,33,13,,17,25,15,14,1,38,82,,46,,,93,37,22,21,51,52,50,26,31,,43,26,39,162,191,144,229,304,259,,,75,49,74,34,,15,33,39,75,9,54,42,68,73,84,77,94,97,,88,32,40,27,22,47,34,,38,,66,79,42,28,28,21,29,22,20,68,47,21,33,3,,,65,43,27,84,,142,80,113,26,,22,17,,,41,32,37,31,44,61,58,29,58,23,43,29,33,22,107,,79,115,,36,39,31,28,41,20,29,85,24,43,32,31,31,84,75,31,34,37,70,21,63,3,79,50,,26,24,20,8,,31,91,22,66,22,36,24,29,25,76,65,30,54,73,20,28,50,55,25,55,29,97,16,10,20,17,,,55,50,89,18,30,7,35,39,,22,66,55,24,57,29,60,58,28,,26,62,59,58,56,17,33,,16,20,20,17,26,41,27,20,23,33,15,154,28,14,41,48,26,16,22,29,41,29,40,65,89,55,85,44,50,28,32,37,34,62,51,85,36,31,34,57,58,16,83,126,95,126,26,18,51,19,39,19,23,52,48,62,52,56,61,51,13,13,11,7,18,28,31,26,35,32,19,16,7,37,15,67,,27,26,25,32,58,39,75,22,78,,78,90,89,83,13,26,20,,66,12,21,45,29,16,20,34,53,41,59,41,59,24,26,32,24,23,80,27,45,75,71,62,25,21,22,22,24,24,41,30,21,28,23,21,27,21,21,31,63,99,76,82,67,33,32,51,29,32,55,36,22,22,26,38,25,29,29,75,56,95,128,61,72,68,56,34,21,29,35,42,18,58,54,72,58,86,39,66,53,11,7,27,6,25,30,33,35,31,36,43,41,45,63,39,73,100,56,81,56,41,66,17,39,80,,92,96,103,76,32,84,22,58,17,38,32,58,55,42,43,42,37,40,49,48,30,15,14,26,27,24,25,,22,19,19,27,30,13,17,65,27,43,25,28,20,30,15,50,40,18,56,48,81,43,,93,71,80,92,105,,103,58,113,172,150,150,151,102,92,119,108,57,59,96,72,54,93,48,62,21,20,29,53,24,26,21,26,26,14,44,318,338,28,8,112,107,76,122,33,37,28,31,41,51,29,32,24,,19,73,66,66,13,14,70,24,31,82,58,73,88,55,96,59,48,33,6,43,30,20,34,,4,2,18,148,58,93,84,43,,15,34,17,23,38,24,45,51,22,14,53,53,27,75,69,23,53,17,57,22,12,31,43,90,22,43,24,51,30,11,28,14,12,55,88,61,63,57,30
20231004,0,PM10_24h,72,49,73,61,67,70,61,76,66,60,63,62,,,57,,52,49,58,,53,,52,39,,44,46,,76,83,80,78,79,76,75,,53,58,,49,,57,68,60,,63,,48,55,43,97,81,92,108,,98,35,,42,39,29,44,46,46,60,42,60,64,,63,50,47,57,55,60,,68,68,62,67,82,,,112,121,83,87,86,,53,51,,,53,57,50,58,,47,50,,50,49,48,42,42,,50,53,42,43,40,39,37,39,43,28,22,58,50,52,52,50,35,,52,47,51,37,38,39,46,53,41,51,46,46,32,47,48,24,25,22,23,28,,22,21,23,22,16,16,21,16,18,24,20,19,15,24,,27,31,29,27,26,27,18,20,16,20,16,31,,,,40,40,,41,39,29,,,,25,,21,26,25,21,22,22,20,21,34,,,,36,28,,22,25,21,17,16,,23,21,27,30,26,34,26,18,,17,,37,36,,44,30,,36,31,28,,28,33,40,36,20,36,40,,,37,28,33,35,36,28,37,,31,,,32,,28,28,,27,26,32,18,18,18,,52,42,47,47,44,31,34,32,24,22,21,17,28,21,25,23,20,24,,,36,32,38,36,,37,36,53,48,37,,47,46,18,,48,38,44,42,,44,56,41,48,23,,,28,34,35,28,33,43,40,39,34,36,39,36,41,39,,11,11,9,10,9,10,9,,9,10,16,12,14,14,14,16,17,15,21,13,46,48,,44,61,43,43,48,34,41,31,40,44,38,47,35,48,,31,33,36,54,33,28,33,30,43,46,49,40,,40,53,48,39,44,37,,36,40,36,40,,,42,43,39,44,42,43,48,55,44,38,34,,30,30,33,31,31,33,36,48,,23,24,22,22,13,,23,14,25,33,16,15,34,,,21,45,24,29,30,,38,34,35,39,,,40,24,23,24,27,24,26,28,27,25,19,,14,14,17,17,26,16,14,18,9,14,17,9,31,22,24,22,23,21,28,18,,28,32,21,25,,53,,48,48,,,,,46,,,,73,84,59,60,90,61,59,,56,18,18,17,19,19,27,25,28,26,27,,27,24,20,44,,54,39,40,40,37,28,26,28,33,,41,41,53,32,32,27,31,30,31,39,42,60,43,50,38,36,43,,,63,,42,43,44,37,66,,60,63,,,57,60,54,70,,46,52,87,,77,60,69,50,53,29,27,25,21,37,,,,,,,51,,67,57,44,62,34,33,35,15,24,22,,51,,,40,,38,35,43,44,43,45,48,51,,31,48,27,28,35,23,38,36,30,38,34,35,40,45,42,48,39,46,39,28,,31,26,30,,45,43,,48,47,54,53,33,,48,14,,,65,56,,,,68,67,65,69,37,36,,36,43,,70,67,,75,,80,82,100,,81,65,28,32,29,,35,42,41,53,41,73,,62,50,38,46,41,55,37,43,67,34,28,49,50,72,44,54,48,28,28,32,32,31,,29,19,25,,19,35,40,37,44,37,32,27,19,31,32,17,18,17,,16,18,19,,12,34,29,32,32,,35,30,17,,37,,40,35,31,35,,50,51,,,,45,,42,,42,,,,51,37,40,41,42,,,,10,11,16,11,26,25,,13,12,13,10,11,11,,10,,,9,12,8,9,3,30,42,37,43,24,29,26,28,32,35,43,38,37,31,18,21,26,35,30,33,,45,49,44,38,,22,23,19,13,41,48,52,44,,,,,49,50,,48,11,22,26,19,22,20,16,22,24,22,21,21,18,,28,24,,46,47,47,,25,32,,38,16,15,31,28,29,36,30,32,32,31,28,35,,,25,45,75,56,54,40,21,27,,35,27,81,94,81,,,52,,,,,32,,,,,,,,,,,,,,,,27,,,,,,,,,,,,,,,,,,,,,,,,,,,,,,,,,,,,,,24,30,33,32,33,45,41,52,36,,,,41,44,49,41,,,58,75,52,62,71,113,,117,100,40,,,44,49,,69,68,57,,68,,49,43,,,51,26,,,56,55,34,,,27,29,20,19,35,36,32,60,57,53,63,53,38,44,40,54,48,47,62,50,42,40,50,34,,58,44,29,,29,27,38,33,40,32,28,33,26,30,25,35,,,32,24,23,56,10,54,26,24,11,15,16,20,41,33,29,28,10,,,12,30,28,35,23,23,,15,23,24,,18,20,16,,25,24,18,28,22,27,36,,22,27,29,34,24,19,19,21,,17,43,36,29,18,20,,30,,31,,,,12,15,9,15,27,24,,25,,23,19,22,31,34,33,49,,32,27,37,,,28,31,31,,34,38,30,,,30,33,34,35,37,45,27,62,53,53,50,45,70,66,61,,46,52,52,54,54,,45,39,57,44,55,57,54,53,64,,65,67,64,49,57,56,53,52,39,51,46,,51,46,45,,46,36,49,37,,49,50,40,,37,44,43,47,48,,31,27,20,27,51,50,60,,52,45,44,31,31,,28,32,6,25,13,14,30,29,27,28,15,18,,35,30,34,,20,17,,20,11,23,19,,29,21,20,22,15,39,47,39,37,44,43,48,56,46,50,51,14,12,25,18,21,65,63,69,64,75,64,74,69,64,73,12,16,21,22,20,22,21,21,20,22,11,12,13,57,63,61,61,24,29,22,31,42,40,36,40,28,38,47,38,55,58,51,31,30,33,32,37,,42,32,27,15,14,,10,20,17,18,13,20,16,20,19,44,28,30,33,36,26,,,,20,21,,21,19,23,16,19,27,,17,16,14,,,,,,24,21,21,22,23,,14,,8,14,16,21,17,23,,22,27,19,25,,,,,13,16,24,22,20,20,28,,16,12,13,21,14,,25,12,22,11,12,16,9,12,,23,34,22,21,17,14,15,17,22,,22,17,,15,7,,8,12,14,,30,,10,,5,7,12,12,15,13,46,59,50,43,14,23,19,16,,65,48,,24,20,42,,63,60,30,41,53,52,,35,29,39,39,,,47,35,24,,27,34,25,29,7,37,67,,54,,,86,24,18,18,47,54,51,74,14,,44,35,38,170,132,96,136,144,116,,,68,48,60,20,,28,48,54,53,10,39,38,45,49,48,44,76,131,,57,37,25,22,32,32,31,,28,,47,56,37,22,24,23,54,33,22,48,43,20,27,11,,,68,47,31,50,,76,54,96,19,,30,18,,,39,31,32,19,33,31,37,25,30,18,26,36,32,30,83,,46,43,,29,46,56,51,38,31,34,56,19,41,23,50,31,47,39,27,35,47,62,22,57,7,65,36,,24,28,22,30,,43,72,30,36,19,33,11,11,11,47,44,32,37,69,14,23,32,38,38,56,18,66,14,15,16,14,,,37,38,61,24,35,8,25,26,,42,45,65,22,68,30,43,53,29,,44,46,38,53,56,24,43,25,15,24,22,23,28,32,33,22,42,64,34,49,39,39,22,40,25,20,16,18,23,20,32,48,52,44,49,41,50,35,43,43,33,57,44,52,35,34,33,40,48,24,55,66,62,62,18,22,37,19,18,26,24,56,54,34,36,44,32,34,17,24,16,21,14,31,29,22,27,26,18,16,8,20,14,35,,31,40,33,37,59,56,55,26,58,,35,66,69,52,12,17,19,,40,16,18,24,16,38,26,32,35,39,36,38,52,24,35,32,30,30,50,38,55,64,66,65,46,32,19,16,17,26,22,24,30,31,27,24,18,21,17,21,30,61,55,57,53,38,29,50,27,32,42,37,35,28,26,31,31,42,30,85,47,53,81,49,65,48,52,21,19,20,26,30,24,32,43,53,35,49,65,43,44,16,16,18,10,33,23,55,33,26,37,38,42,49,72,28,37,47,59,60,58,48,59,15,32,66,,63,56,68,55,52,50,26,49,23,28,26,37,33,34,52,30,37,41,40,34,32,29,16,26,21,18,20,,25,17,17,20,19,12,15,23,22,35,32,31,30,28,23,68,102,67,52,36,57,69,,77,68,52,67,75,52,70,49,90,113,101,110,113,95,94,86,86,37,38,52,31,25,55,36,46,18,30,24,31,31,25,23,26,30,19,48,202,203,16,12,104,92,43,59,42,41,60,40,38,40,38,24,27,,17,47,38,34,28,38,41,29,34,64,65,58,55,58,87,45,30,16,16,19,33,33,29,,20,18,22,97,44,69,55,40,,59,67,54,57,68,22,51,48,40,27,47,52,46,58,48,34,60,58,64,49,43,20,40,58,44,39,58,47,34,43,29,10,8,45,57,36,65,41,29
20231004,0,SO2,3,3,3,3,3,3,3,3,3,1,3,3,,,10,,7,9,8,,9,,6,7,,7,7,,6,3,3,5,6,12,7,,2,4,,1,,13,14,16,,10,,3,3,7,13,7,7,8,,10,3,,1,1,6,8,6,8,2,2,2,1,,6,7,7,6,5,9,,35,11,15,22,6,,,5,11,6,11,7,,4,6,,,7,5,5,6,,15,54,,11,18,37,18,38,,12,8,11,9,10,11,5,9,11,9,8,5,5,5,5,7,6,,5,6,5,6,6,6,5,2,4,4,7,8,6,6,8,4,8,7,7,7,,8,6,6,5,5,2,3,4,6,3,4,6,1,5,,8,10,9,8,8,10,6,7,8,6,9,7,,,,5,6,,6,6,6,,,,16,,5,8,10,7,5,6,9,10,8,,,,11,9,,2,5,1,6,6,,8,6,6,9,5,7,7,6,,10,,7,7,,8,4,,7,7,8,,8,6,8,6,6,8,5,,,7,7,7,6,5,4,6,,7,,,3,,5,5,,6,4,6,6,5,5,,4,5,3,6,3,6,6,6,6,6,5,5,7,4,4,5,5,5,,,4,3,3,3,,3,3,5,5,7,,8,6,9,,7,6,3,5,,4,4,4,7,4,,,5,5,6,6,6,5,4,3,5,7,6,5,8,7,,8,6,6,8,6,8,6,,7,4,4,6,6,4,4,4,3,3,2,6,4,7,,4,6,8,4,4,5,6,6,5,6,8,5,5,7,,2,6,6,8,10,9,6,6,8,6,6,7,,6,5,8,8,7,4,,6,6,4,5,,,5,4,11,4,6,6,4,6,5,17,4,,7,7,11,7,8,8,10,6,,6,6,5,7,6,,6,8,5,6,5,5,6,,,7,6,6,6,5,,3,1,2,2,,,4,6,5,4,2,6,5,6,4,10,5,,8,6,10,6,17,8,7,7,8,10,6,6,7,5,4,6,7,6,3,5,,5,1,4,7,,4,,12,12,,,,,14,,,,10,12,6,4,3,5,11,,,7,4,6,9,6,5,5,4,5,3,,3,4,5,9,,26,9,8,21,7,9,4,3,6,,6,7,6,10,7,14,5,8,7,5,13,13,9,17,6,6,4,,,8,,21,15,17,10,11,,13,6,,,8,9,6,19,,10,6,16,,6,4,5,6,6,10,4,4,6,2,,,,,,,13,,7,9,8,8,8,6,9,3,4,7,,17,,,11,,9,6,11,6,6,8,9,11,,8,6,4,5,9,4,8,5,5,5,3,6,11,7,6,7,5,6,4,8,,5,8,7,,7,11,,9,8,6,5,6,,6,5,,,6,6,,,,10,16,11,8,9,9,,11,14,,17,17,,19,,10,11,9,,10,11,8,13,8,,5,8,10,8,10,6,,13,9,13,7,9,13,7,14,32,8,9,5,10,23,11,9,13,7,7,8,10,6,,5,2,5,,3,5,4,6,5,5,5,4,4,8,5,7,6,5,,6,8,5,,5,6,9,7,10,,11,8,7,,4,,1,2,4,1,,14,8,,,,5,,4,,6,,,,8,6,7,7,11,,,,6,4,8,6,5,6,,7,6,8,6,4,4,,6,,,4,8,10,3,9,4,8,6,5,6,3,4,5,13,4,11,8,14,6,3,2,5,1,8,8,,6,4,7,8,,8,14,8,6,5,5,4,4,,,,,33,15,,9,2,2,3,3,3,4,3,6,1,1,6,5,6,,2,3,,8,2,13,,7,5,,4,9,5,7,6,7,8,9,5,4,4,3,6,,,17,4,35,19,45,5,9,5,,4,6,10,6,8,,,5,,,,,7,,,,,,,,,,,,,,,,8,,,,,,,,,,,,,,,,,,,,,,,,,,,,,,,,,,,,,,7,2,3,2,4,10,12,12,12,,,,6,5,7,6,,,13,17,7,8,14,8,,9,9,6,,,4,15,,11,9,1,,5,,8,9,,,5,4,,,3,3,5,,,2,3,10,12,10,10,8,3,5,9,6,6,10,8,8,10,12,10,7,15,10,6,9,5,,3,4,6,,8,5,11,9,6,3,8,8,6,6,7,5,,,8,10,8,11,10,9,7,6,3,6,14,6,2,11,4,3,1,,,7,5,6,2,2,6,,5,3,4,,4,5,3,,5,8,7,8,1,7,10,,5,5,6,1,3,5,5,5,,4,4,5,6,7,7,,6,,7,,,,3,8,6,5,23,5,,4,,4,6,7,7,7,7,6,,8,4,7,,,4,4,4,,5,18,4,,,5,4,4,6,3,26,10,46,35,38,38,28,18,12,18,,6,4,58,46,7,,33,16,24,5,5,10,8,13,35,,21,26,30,2,4,2,5,5,,12,4,,7,5,8,,7,5,7,4,,4,4,7,,6,7,4,7,2,,5,4,7,7,6,,9,,6,6,5,4,6,,8,7,9,7,6,6,7,8,7,8,5,5,,8,7,5,,7,6,,8,9,8,6,,6,5,6,10,8,14,8,5,8,10,6,7,9,11,6,10,3,2,3,3,3,4,6,4,5,3,8,7,7,6,6,4,1,2,5,3,3,3,1,1,4,6,6,7,20,14,9,12,1,4,4,17,7,9,6,6,5,10,10,54,29,30,38,5,6,6,8,9,,8,5,4,6,3,,2,6,9,7,8,8,7,6,8,4,6,7,8,6,6,,,,5,8,,8,7,12,13,15,11,,8,7,8,,,,,,5,4,4,8,5,,5,,7,6,8,7,7,11,,6,5,6,6,,,,,1,1,5,4,3,5,5,,5,6,5,9,7,,8,8,5,10,8,7,4,5,,6,14,4,9,7,8,4,6,5,,9,4,,7,7,,9,8,2,,6,,9,,6,7,5,5,7,6,6,10,9,12,7,6,6,5,,22,17,,13,10,4,,8,6,4,4,5,5,,5,6,3,3,,,12,6,3,,11,12,12,13,9,13,7,,13,,,9,5,3,6,5,4,3,4,6,,7,7,7,8,6,6,5,6,5,,,10,11,8,3,,4,4,5,3,5,2,11,5,12,8,8,9,10,,4,5,6,3,7,6,3,,4,,9,6,4,6,11,11,7,8,4,12,7,7,6,4,,,5,8,8,7,,5,11,11,5,,6,8,,,6,7,8,8,8,6,6,8,6,8,10,6,6,8,18,,7,5,,3,5,5,5,3,8,2,11,3,12,3,6,4,7,8,9,7,17,8,3,5,7,7,8,,8,8,7,6,,1,16,6,6,5,6,4,7,6,10,8,6,4,25,8,14,5,8,4,7,7,7,7,7,6,5,,,8,5,5,9,7,6,6,7,,5,7,19,7,18,4,8,6,4,,10,8,16,112,226,5,5,,4,7,7,6,8,5,9,8,3,10,8,9,11,6,5,18,9,8,6,8,9,10,5,5,5,8,6,4,7,6,3,5,9,7,21,8,7,6,4,7,7,3,11,9,9,14,8,2,4,8,9,3,4,5,7,10,6,6,1,1,9,5,7,9,10,4,10,11,16,14,7,9,9,8,10,1,,2,8,7,4,3,5,13,5,8,,18,9,9,37,8,4,4,,9,6,8,9,6,6,4,8,12,11,10,10,17,5,5,6,6,5,9,6,12,7,3,3,6,11,3,4,5,8,11,4,7,8,8,12,6,8,7,9,6,4,5,12,9,6,3,9,6,8,8,6,5,4,5,3,8,7,6,4,5,15,9,4,10,12,6,2,6,5,5,8,6,6,7,9,8,7,9,10,7,33,5,33,6,6,10,4,3,6,4,3,7,6,5,3,13,12,12,11,6,7,9,4,8,10,,26,11,10,7,10,41,6,28,8,3,7,3,7,4,6,10,26,11,7,5,2,5,4,4,3,5,3,,8,4,6,10,7,6,7,3,8,5,7,6,6,5,4,25,9,9,6,9,6,13,,11,8,3,1,2,4,8,8,4,9,10,14,12,12,12,10,14,9,7,8,1,5,12,4,9,12,10,6,10,6,4,4,5,5,8,6,10,11,6,4,7,34,4,15,9,8,8,3,7,8,7,11,9,,6,2,4,2,8,6,32,6,7,11,7,17,10,8,8,8,6,7,5,5,8,3,5,,5,5,4,8,6,13,4,6,,2,3,3,1,8,8,9,6,9,19,5,10,5,6,3,3,3,3,3,7,5,7,4,13,8,5,10,5,7,4,3,7,4,7,9,15,8,8,11
20231004,0,SO2_24h,3,2,3,3,3,3,3,3,2,2,3,3,,,10,,5,7,7,,8,,7,6,,8,5,,10,5,8,8,7,11,9,,3,5,,2,,11,14,14,,8,,8,10,11,9,8,8,9,,10,3,,3,2,7,11,11,10,20,9,4,3,,8,7,8,6,4,10,,16,10,8,12,10,,,10,15,10,18,11,,9,9,,,11,10,8,10,,12,34,,11,13,21,15,13,,14,7,10,8,8,8,7,9,11,8,8,7,7,6,6,8,7,,6,8,6,10,7,6,8,5,7,9,10,14,8,6,11,5,9,8,8,8,,4,6,7,5,4,2,4,4,6,4,3,6,1,5,,8,9,9,8,8,9,6,6,7,6,7,7,,,,6,6,,6,7,6,,,,8,,5,7,10,7,5,6,9,7,8,,,,11,11,,3,3,2,6,6,,7,8,6,10,6,8,6,5,,10,,8,7,,8,4,,7,7,9,,8,6,9,6,6,10,5,,,8,8,8,6,5,4,6,,7,,,4,,5,4,,6,4,6,6,5,7,,4,5,4,4,3,6,6,6,5,6,5,5,6,4,4,5,5,5,,,5,4,4,4,,2,2,6,7,7,,9,7,11,,8,6,4,6,,5,5,4,8,5,,,8,7,7,8,8,7,5,4,6,7,6,6,6,8,,8,6,6,8,6,7,6,,7,4,4,6,6,4,4,4,5,3,2,6,4,7,,3,5,7,4,4,5,6,6,3,6,8,5,5,6,,4,6,6,9,6,6,6,7,9,6,6,7,,6,5,5,7,6,4,,6,5,4,5,,,6,4,10,5,6,8,4,6,5,8,5,,6,5,9,6,7,8,7,6,,6,6,5,8,6,,5,8,5,6,5,5,6,,,7,7,7,6,7,,2,2,2,2,,,3,11,6,4,3,7,5,9,5,7,6,,9,8,10,8,17,8,7,7,9,8,7,6,8,6,5,6,7,5,3,5,,5,3,5,7,,5,,7,9,,,,,22,,,,13,17,6,3,4,6,8,,11,7,4,6,9,6,5,5,4,5,8,,4,4,5,18,,24,16,16,16,6,8,5,4,7,,7,7,6,10,8,11,6,8,8,7,13,10,9,13,7,6,4,,,11,,23,17,17,8,10,,13,6,,,11,12,10,12,,8,9,23,,11,6,10,7,10,11,5,5,7,2,,,,,,,11,,8,10,10,10,9,7,10,3,5,7,,13,,,16,,17,10,11,7,7,9,11,9,,8,7,4,5,6,5,8,7,8,8,4,7,8,4,6,7,5,6,5,8,,5,7,7,,6,9,,9,7,6,6,6,,9,5,,,6,7,,,,15,16,20,18,10,10,,13,16,,14,16,,18,,17,15,18,,14,12,10,15,10,,7,11,11,10,12,8,,15,10,11,10,10,13,7,17,30,9,10,7,18,35,16,19,19,8,8,9,10,7,,5,3,6,,5,6,6,7,6,6,7,5,4,10,6,6,6,4,,6,7,6,,5,8,9,8,10,,12,9,10,,3,,2,2,3,2,,16,13,,,,5,,4,,7,,,,9,10,13,11,10,,,,6,4,8,5,5,6,,7,6,8,6,4,3,,6,,,3,6,8,3,9,4,10,9,9,12,5,5,12,10,7,8,8,7,9,3,3,4,9,8,8,,7,5,8,9,,8,12,7,5,6,7,5,7,,,,,4,3,,2,7,2,3,3,3,3,4,7,2,1,6,3,4,,2,3,,8,4,5,,7,5,,5,8,6,8,6,7,8,10,6,5,5,4,6,,,9,8,53,50,15,6,10,5,,8,7,10,7,10,,,7,,,,,8,,,,,,,,,,,,,,,,8,,,,,,,,,,,,,,,,,,,,,,,,,,,,,,,,,,,,,,6,2,3,2,3,8,5,6,8,,,,8,7,9,7,,,12,17,14,16,13,18,,20,19,10,,,7,7,,16,12,3,,7,,22,17,,,7,5,,,7,6,7,,,6,4,10,12,10,10,8,15,16,14,20,12,11,11,11,13,12,12,8,12,13,11,24,7,,7,7,7,,10,8,10,10,9,4,7,8,7,7,7,6,,,7,11,9,12,10,12,6,7,3,12,16,6,3,6,4,3,1,,,8,5,4,2,7,9,,6,5,5,,7,6,5,,6,9,6,8,1,6,6,,6,5,7,2,3,8,6,6,,4,5,5,6,7,6,,6,,7,,,,4,8,6,4,9,6,,4,,4,6,5,7,7,7,7,,9,6,8,,,5,5,5,,6,11,5,,,7,4,7,9,17,8,11,34,30,27,29,24,27,15,18,,9,11,13,14,9,,16,11,13,8,10,13,10,12,13,,15,16,20,4,9,4,5,8,,10,7,,8,9,9,,8,6,8,6,,5,6,6,,11,9,4,8,4,,5,4,7,6,7,10,9,,6,6,7,5,6,,9,6,9,7,6,6,8,9,8,9,3,4,,9,6,6,,7,7,,8,6,7,6,,6,5,6,10,8,14,18,6,8,15,14,7,11,14,8,12,3,1,3,2,3,12,13,14,14,13,10,8,8,8,10,4,1,2,5,2,4,3,2,3,4,6,6,9,11,9,10,9,4,5,6,9,7,8,6,6,5,10,8,22,14,23,30,5,6,5,8,8,,13,6,4,6,3,,3,6,9,8,8,7,7,5,8,5,8,10,10,7,7,,,,4,7,,7,7,11,11,12,9,,9,6,9,,,,,,6,3,4,7,5,,5,,7,6,11,10,10,16,,6,5,6,6,,,,,1,1,5,5,3,5,5,,5,6,5,9,10,,9,10,6,11,7,6,4,4,,6,8,5,9,7,8,4,5,12,,7,4,,10,7,,9,9,5,,5,,7,,6,7,11,6,9,8,8,11,10,11,11,11,9,4,,104,61,,13,10,5,,11,9,4,5,6,10,,5,6,4,4,,,12,7,5,,10,12,12,13,9,8,9,,12,,,10,5,2,6,6,4,5,6,7,,8,8,8,6,6,3,3,5,5,,,11,10,9,6,,4,9,12,3,5,2,11,5,8,5,6,8,21,,5,7,6,3,8,4,4,,4,,9,5,3,6,9,9,14,9,5,11,11,7,5,4,,,7,8,7,8,,7,11,14,4,,6,8,,,6,7,8,8,9,6,6,9,8,7,8,6,6,7,17,,5,6,,4,8,5,6,3,10,5,9,3,13,4,7,5,7,9,9,6,17,10,3,8,7,6,7,,7,8,7,7,,3,13,6,5,5,8,4,6,5,13,8,10,4,17,7,7,5,8,5,9,8,10,8,7,6,5,,,6,5,6,8,7,6,6,6,,6,13,24,6,23,6,8,6,4,,8,7,10,21,45,5,8,11,4,7,8,6,8,6,7,8,3,17,13,21,19,7,5,9,9,8,7,7,7,9,5,5,5,8,6,5,4,7,2,5,8,7,8,7,8,7,5,9,2,3,10,9,9,8,7,2,4,7,5,4,4,11,11,12,8,7,2,1,10,7,10,10,10,7,20,12,15,14,7,8,8,8,9,2,,3,9,9,5,6,7,13,10,8,,24,8,8,11,10,4,7,,8,6,10,9,6,8,5,7,9,14,7,10,21,5,4,5,7,6,15,6,13,9,3,2,18,14,4,5,5,9,6,2,7,7,6,11,6,8,6,5,5,5,5,10,9,10,4,10,6,7,8,6,5,7,6,4,6,7,6,10,7,16,10,5,11,10,5,3,6,4,5,8,4,6,8,10,10,8,13,10,5,31,6,14,7,9,8,8,3,6,5,6,7,6,7,4,13,11,12,10,8,8,10,4,8,8,,7,10,12,8,38,11,6,23,8,3,7,2,3,5,8,5,8,8,8,6,2,6,4,4,2,5,3,,8,4,6,8,7,6,7,4,8,5,7,5,6,4,4,26,14,30,7,12,10,15,,10,10,3,3,3,5,8,11,5,8,13,15,12,14,13,11,15,7,7,8,1,5,13,6,13,8,9,7,11,5,5,4,5,5,8,6,11,12,6,4,10,30,6,40,9,7,8,4,9,9,11,12,9,,6,3,2,2,9,6,4,9,9,10,8,15,10,10,9,7,6,7,5,5,8,4,5,,5,6,6,7,10,13,7,9,,4,3,2,2,17,12,9,7,16,15,8,11,7,7,3,3,2,3,3,10,9,8,4,18,10,7,10,5,7,8,5,7,7,9,10,20,11,9,15
20231004,0,NO2,29,2,29,16,34,29,22,43,18,5,45,33,,,40,,30,36,38,,35,,37,36,,54,41,,52,52,68,39,42,39,17,,41,80,,41,,34,62,25,,22,,38,73,43,81,49,55,108,,100,12,,12,34,9,31,47,30,57,10,25,27,,30,42,38,39,72,41,,53,86,48,56,79,,,51,110,79,106,54,,29,47,,,11,9,7,12,,29,32,,24,20,21,21,30,,10,18,15,17,18,20,,19,26,23,14,19,11,13,13,10,10,,12,18,10,5,4,8,4,4,10,7,8,6,5,9,9,13,18,22,13,8,,22,11,17,18,12,21,16,28,21,15,18,24,11,19,,21,17,22,42,16,26,22,23,24,23,28,34,,,,22,20,,36,22,19,,,,23,,25,25,25,34,33,30,17,25,36,,,,23,22,,23,34,22,22,18,,25,39,64,58,55,62,14,19,,13,,35,22,,27,22,,31,23,20,,27,20,21,18,14,,21,,,11,15,12,10,6,18,14,,12,,,23,,18,16,,8,7,8,10,6,6,,20,20,10,12,18,17,16,16,26,24,15,14,19,12,15,35,16,20,,,5,6,6,5,,18,16,14,13,9,,13,15,9,,11,10,31,34,,37,28,24,21,8,,,31,25,18,25,18,27,22,24,19,24,30,25,20,26,,16,17,17,15,9,20,14,,16,14,14,10,7,7,12,10,11,10,8,4,35,29,,53,91,24,64,33,17,72,16,14,14,19,15,22,34,,18,16,16,22,10,14,10,6,18,23,26,15,,9,58,47,15,11,11,,8,8,9,9,,,30,,19,22,29,27,22,46,28,58,16,,13,12,21,13,14,19,28,49,,10,29,12,11,9,,21,14,31,29,13,23,21,,,19,33,15,22,26,,15,21,10,15,,,24,4,9,17,6,8,6,13,9,7,7,,23,8,16,16,23,26,25,12,9,19,9,5,40,42,34,32,32,40,40,25,,15,44,39,46,,53,,35,40,,,,,12,,,,79,57,86,86,20,41,50,,,12,9,12,9,10,13,18,14,16,14,,11,14,8,11,,9,8,8,21,50,40,21,38,61,,16,14,15,10,13,16,34,19,18,15,52,55,62,74,12,13,12,,,68,,36,40,36,25,26,,37,36,,,57,94,56,73,,27,28,20,,57,28,34,57,24,10,26,7,6,23,,,,,,,21,,28,19,25,36,60,31,37,5,5,6,,23,,,5,,2,7,5,9,8,10,9,13,,14,8,5,8,23,5,8,10,8,23,29,29,23,9,8,6,36,15,12,7,,8,15,13,,10,11,,10,9,14,14,3,,31,15,,,43,33,,,,42,32,8,20,19,25,,18,24,,27,38,,34,,86,77,48,,59,22,12,14,28,,9,10,12,20,9,11,,23,19,12,11,7,17,16,22,49,13,12,21,20,48,21,15,11,9,9,7,11,9,,3,2,2,,3,18,16,8,17,22,6,6,4,5,4,17,31,9,,17,6,16,,5,13,16,18,9,,17,15,1,,38,,63,54,29,36,,39,29,,,,23,,30,,38,,,,45,19,23,50,25,,,,26,23,16,17,24,23,,8,16,12,14,20,6,,14,,,3,9,10,2,3,6,11,9,10,8,6,5,11,26,28,44,27,48,36,5,3,10,16,17,17,,21,19,19,22,,14,21,13,6,18,16,12,16,,,,,30,14,,10,4,12,7,10,8,8,14,5,4,3,8,14,11,,24,23,,24,28,46,,37,40,,48,16,14,35,24,24,43,28,34,38,41,46,45,,,11,7,50,15,54,41,2,6,,12,6,83,69,61,,,22,,,,,32,,,,,,,,,,,,,,,,13,,,,,,,,,,,,,,,,,,,,,,,,,,,,,,,,,,,,,,16,38,9,26,24,40,22,24,38,,,,41,31,43,64,,,36,52,30,41,48,51,,93,55,18,,,22,31,,65,60,59,,48,,7,15,,,9,6,,,6,8,9,,,4,3,2,9,14,14,9,18,11,9,5,22,14,16,8,18,15,11,16,11,13,8,17,20,,8,6,4,,3,4,11,11,7,5,12,5,16,24,22,22,,,15,13,8,14,14,6,2,8,3,7,12,4,20,17,28,25,7,,,6,12,22,2,9,7,,4,12,8,,13,24,12,,18,9,18,16,13,24,37,,7,9,10,7,9,8,12,15,,13,5,6,8,21,11,,47,,47,,,,19,16,16,13,24,26,,13,,16,23,18,7,4,5,5,,22,26,20,,,16,15,14,,22,34,12,,,10,5,7,7,6,6,9,33,29,34,26,16,19,18,18,,7,3,12,13,12,,8,12,8,5,14,17,13,16,46,,38,39,9,3,9,9,7,10,21,28,24,,31,32,37,,53,34,48,18,,15,19,30,,36,34,39,26,40,,18,15,13,14,14,,25,,36,20,24,9,4,,20,11,5,28,3,1,32,49,33,34,20,22,,16,16,14,,10,9,,9,2,11,14,,11,16,25,10,10,15,8,8,11,12,13,4,6,10,8,8,6,10,7,9,8,12,13,11,10,14,10,10,11,9,8,4,5,5,6,3,5,9,6,12,6,8,10,15,29,49,55,53,24,9,23,40,40,35,15,17,12,8,9,18,15,21,16,19,28,13,12,28,,14,26,19,7,4,,7,9,9,6,10,7,11,11,20,9,12,13,7,11,24,,,,9,12,,9,13,23,23,23,30,,16,13,8,,,,,,5,7,12,8,9,,6,,10,5,14,4,8,6,,7,4,5,4,,,,,2,4,6,5,5,21,5,,2,6,6,15,15,,12,9,6,11,10,8,5,6,,5,6,7,7,18,11,7,10,9,,16,19,,9,22,,2,4,15,,5,,13,,1,3,14,10,9,17,53,77,77,67,6,17,14,14,,53,27,,8,8,16,,14,13,32,30,14,10,,12,10,9,38,,,13,17,19,,8,8,12,2,8,10,39,,27,,,31,31,22,14,45,33,27,29,7,,20,15,3,15,34,29,72,101,68,,,67,32,59,5,,5,16,25,19,10,30,14,42,87,55,31,42,53,,55,11,29,18,23,31,14,,49,,56,46,23,8,24,22,6,10,19,27,19,7,16,6,,,27,12,17,30,,42,65,56,20,,28,27,,,56,30,57,13,18,32,41,21,29,25,16,27,10,15,41,,29,28,,15,12,8,8,15,7,7,28,5,30,21,9,11,63,31,26,9,23,80,4,62,14,55,17,,6,4,3,4,,15,25,37,26,13,24,15,19,14,27,26,24,21,39,13,36,45,31,,29,17,45,9,5,15,19,,,58,15,80,15,52,3,17,28,,13,22,17,20,74,5,24,11,16,,13,52,50,34,38,11,6,,7,11,17,17,24,30,24,12,26,24,12,6,11,7,17,24,26,29,9,14,24,19,13,50,62,40,38,33,28,9,34,17,9,7,22,31,26,16,11,26,12,9,51,31,34,49,12,8,31,17,20,14,19,37,22,30,19,18,35,38,7,6,8,10,13,14,12,5,15,20,11,17,4,34,9,25,,17,10,9,18,49,20,26,6,52,,42,37,37,27,16,12,11,,15,9,29,61,14,13,4,18,23,8,45,15,22,22,11,20,12,12,15,11,21,42,11,9,16,4,16,10,14,65,31,4,32,25,25,16,23,7,17,12,45,88,38,37,21,14,30,6,7,5,37,10,8,6,8,14,10,16,10,30,29,38,85,25,33,113,21,10,16,17,40,55,19,31,18,46,26,33,38,22,30,19,2,10,3,27,10,7,19,15,16,24,18,13,41,24,44,35,23,35,19,20,42,10,46,47,,50,97,80,113,26,59,15,42,22,26,10,23,22,14,9,6,11,14,18,16,6,4,1,8,5,2,2,,11,10,29,8,19,12,9,3,19,14,14,23,5,30,7,28,17,17,15,18,51,67,,40,71,62,82,92,56,54,22,31,90,65,73,59,16,13,43,37,41,29,30,44,32,39,21,44,26,22,17,48,43,35,24,39,10,4,17,48,77,19,6,38,71,25,7,4,21,5,11,20,26,7,17,14,,10,20,56,60,12,10,14,20,29,50,46,33,34,23,27,34,40,35,18,14,24,14,16,,9,2,6,34,15,39,21,16,,13,43,10,24,26,9,19,31,14,27,33,41,12,28,46,31,15,21,58,16,20,6,23,28,13,20,19,22,16,7,15,5,5,28,30,28,42,15,18
20231004,0,NO2_24h,28,6,30,26,31,31,27,38,20,9,31,30,,,24,,22,29,26,,28,,28,21,,30,22,,40,35,42,37,38,33,19,,23,31,,30,,31,66,27,,22,,27,41,22,39,29,28,44,,47,18,,24,21,16,38,30,30,34,16,24,23,,25,31,22,22,19,28,,19,34,29,25,53,,,51,55,56,61,37,,37,41,,,38,36,31,30,,24,22,,23,15,15,18,20,,8,20,18,19,17,15,20,17,21,18,15,31,22,22,25,23,11,,21,17,18,19,25,23,28,33,35,38,35,35,18,27,37,17,25,26,20,20,,23,15,17,17,18,21,16,20,16,18,20,19,16,18,,18,20,22,29,15,22,19,21,20,17,20,22,,,,26,18,,31,21,23,,,,19,,23,24,24,27,30,25,18,20,29,,,,20,19,,16,19,17,13,12,,15,22,28,26,29,28,14,17,,10,,26,21,,24,20,,26,20,18,,26,19,18,18,20,23,23,,,15,20,18,17,12,17,17,,13,,,22,,18,16,,9,10,11,7,7,6,,24,22,15,17,20,13,16,15,22,19,15,11,15,10,13,29,16,19,,,7,9,7,7,,7,8,16,17,14,,16,13,10,,13,13,30,39,,31,31,37,26,9,,,16,33,22,20,29,31,18,20,20,23,17,20,19,18,,16,16,14,15,13,17,13,,11,13,14,7,6,7,8,10,10,10,5,5,30,21,,28,32,18,30,28,16,28,12,14,14,17,13,18,17,,9,12,10,22,7,8,10,6,16,22,20,14,,11,36,22,13,10,9,,10,13,10,10,,,23,12,20,21,12,11,12,23,22,33,16,,8,8,13,11,13,15,16,26,,7,12,8,8,9,,18,16,15,20,18,25,19,,,20,31,20,19,24,,22,21,24,21,,,26,9,7,13,5,7,6,12,12,8,7,,17,9,12,13,16,15,20,17,13,14,17,7,27,20,26,22,23,21,19,14,,14,25,25,25,,43,,43,47,,,,,18,,,,48,36,53,46,46,50,44,,26,14,10,12,10,10,15,18,14,15,15,,10,12,10,35,,35,34,31,25,37,25,21,25,39,,16,16,15,15,14,15,20,18,16,15,15,26,22,36,10,13,10,,,38,,25,23,27,20,20,,27,27,,,28,34,30,41,,21,26,32,,40,30,27,39,23,15,12,10,7,25,,,,,,,23,,22,20,21,25,34,27,31,10,8,14,,21,,,7,,4,7,10,13,14,12,13,9,,8,9,7,8,11,5,8,9,9,12,15,12,14,6,6,5,18,13,12,6,,7,10,12,,10,10,,9,9,13,13,6,,21,10,,,24,20,,,,35,34,24,35,21,25,,22,21,,25,27,,24,,48,49,39,,47,17,19,24,19,,11,16,15,20,12,14,,27,24,13,17,9,16,22,24,45,17,15,22,26,26,21,22,18,18,17,20,16,19,,14,14,12,,13,27,33,27,22,27,15,18,11,19,24,20,25,10,,17,9,16,,8,16,18,21,13,,21,18,5,,23,,24,21,15,16,,19,16,,,,12,,20,,20,,,,25,17,20,28,15,,,,24,19,13,19,15,15,,9,16,11,13,12,5,,10,,,2,9,14,7,5,5,11,10,12,10,6,6,8,11,15,17,14,16,16,5,5,12,16,21,20,,25,28,28,25,,10,15,11,7,17,17,13,16,,,,,13,18,,17,6,13,12,13,14,11,11,8,8,8,8,9,7,,18,19,,29,34,27,,22,26,,28,13,12,27,19,23,31,24,28,23,27,27,23,,,16,19,33,25,31,22,12,18,,13,14,32,28,14,,,29,,,,,20,,,,,,,,,,,,,,,,15,,,,,,,,,,,,,,,,,,,,,,,,,,,,,,,,,,,,,,15,14,10,16,16,21,14,16,23,,,,21,22,21,26,,,31,38,26,26,33,45,,47,44,12,,,12,22,,42,37,35,,31,,29,25,,,14,18,,,20,15,16,,,14,12,6,9,13,9,6,21,24,19,17,20,15,17,11,18,15,16,20,18,15,15,24,14,,12,12,15,,17,17,16,20,17,11,12,9,16,22,12,22,,,19,15,10,22,9,16,10,17,4,9,13,5,22,21,24,26,4,,,6,22,14,2,13,11,,6,9,12,,22,12,15,,17,14,20,13,10,16,18,,21,21,22,22,18,14,14,16,,14,8,9,10,14,13,,19,,26,,,,14,11,10,8,12,12,,14,,16,26,22,8,4,6,6,,13,18,16,,,7,10,7,,17,13,10,,,11,4,10,10,14,7,7,23,22,23,20,13,18,17,17,,7,9,9,9,10,,6,11,12,9,13,11,12,13,24,,23,19,10,6,13,10,8,11,13,14,13,,25,23,25,,20,17,23,16,,14,17,23,,18,15,19,14,16,,22,16,13,14,17,17,22,,16,12,14,11,9,,15,13,7,19,5,4,18,21,22,19,13,16,,12,10,12,,8,6,,4,5,10,13,,5,8,9,9,16,16,10,11,10,13,13,9,9,11,13,12,6,11,7,8,10,15,16,13,11,16,11,13,12,11,10,4,6,4,6,3,4,9,7,11,6,5,6,10,23,28,21,27,15,12,14,13,17,14,17,11,12,8,6,8,9,16,14,15,15,12,10,18,,15,12,8,6,7,,9,7,13,12,11,11,14,14,20,12,18,18,12,12,22,,,,7,10,,7,14,25,23,27,27,,15,11,9,,,,,,9,10,13,11,10,,6,,8,4,9,7,8,10,,7,3,6,4,,,,,3,5,7,5,5,5,9,,3,6,6,10,9,,11,11,6,8,8,8,4,5,,7,8,6,7,11,10,5,10,10,,7,12,,8,10,,7,7,9,,6,,8,,2,4,8,8,10,12,34,45,50,40,7,14,13,13,,41,29,,12,12,32,,24,21,23,23,25,18,,9,12,18,26,,,19,20,20,,8,12,18,18,10,8,25,,21,,,29,17,14,16,22,24,39,38,7,,31,17,13,12,17,10,34,38,34,,,41,31,36,7,,14,30,37,27,9,13,16,18,35,31,16,35,45,,34,22,16,19,27,24,24,,21,,24,29,26,7,15,13,20,12,18,16,20,7,21,7,,,23,11,15,20,,45,39,40,5,,25,18,,,33,20,36,9,21,20,25,17,19,21,9,26,13,13,29,,17,20,,13,13,18,17,16,7,12,19,7,25,17,12,8,31,15,30,10,18,53,9,41,10,43,12,,5,4,4,12,,22,28,35,18,13,24,9,13,9,19,16,25,14,22,14,24,30,18,14,23,18,28,7,9,14,16,,,40,11,28,18,30,3,12,19,,30,16,15,18,43,9,18,13,14,,20,39,34,28,40,12,26,29,7,20,20,23,27,28,22,14,20,38,27,28,12,16,5,20,27,23,9,11,19,10,11,25,38,25,23,19,26,10,21,13,7,11,15,13,12,20,13,19,10,9,28,22,25,20,14,12,17,15,11,15,16,30,23,19,16,13,15,19,9,10,10,20,14,14,14,6,13,21,11,15,6,26,15,24,,21,18,15,24,41,28,25,9,24,,25,32,36,20,12,7,8,,16,16,18,23,5,13,5,12,12,11,16,13,15,20,17,18,13,15,15,18,16,32,17,17,34,16,17,10,17,32,18,6,33,23,15,14,18,11,9,12,15,59,25,45,32,17,19,9,5,6,16,9,12,6,9,13,7,13,9,25,19,21,38,19,30,43,13,10,18,20,19,22,18,19,15,26,13,17,28,17,17,15,12,16,4,20,19,15,19,18,14,21,21,21,45,13,24,17,22,29,24,25,34,11,25,33,,28,35,41,43,23,33,23,21,16,14,7,12,11,10,12,6,10,11,12,9,8,5,1,9,5,3,3,,16,9,22,12,15,14,7,7,14,25,19,18,9,22,10,32,23,31,20,20,33,29,,38,32,26,40,40,30,29,21,31,39,38,43,34,23,23,26,31,27,12,22,21,16,27,12,23,17,11,16,15,29,20,24,24,12,7,33,27,36,14,11,38,46,19,35,4,15,10,16,18,21,14,26,23,,12,15,26,23,18,18,16,28,27,31,44,29,21,20,29,23,22,24,9,12,24,20,19,,11,15,13,10,10,32,17,10,,21,32,14,22,34,8,22,34,34,26,15,20,14,19,30,19,17,28,30,37,39,5,19,24,15,18,23,20,21,10,12,6,6,23,28,21,33,17,21
20231004,0,O3,31,34,38,2,42,37,23,52,73,70,21,25,,,82,,91,81,98,,84,,83,73,,38,71,,50,49,28,66,55,68,145,,55,33,,71,,110,109,112,,98,,47,22,51,39,48,36,12,,52,54,,58,30,60,46,39,46,36,90,74,71,,82,63,53,57,28,64,,51,4,70,49,7,,,48,3,12,4,5,,38,19,,,74,69,70,65,,72,70,,79,90,92,89,90,,98,123,132,112,127,138,68,150,90,120,118,56,64,63,63,66,65,,62,58,65,71,63,60,63,67,66,68,65,71,64,58,64,88,92,85,94,103,,92,97,83,86,21,53,56,35,39,49,23,50,49,58,,62,68,66,50,61,62,62,67,56,58,40,50,,,,54,35,,42,52,66,,,,50,,51,55,52,43,48,52,60,40,39,,,,47,52,,52,34,45,44,56,,53,23,,,,,58,55,,62,,51,58,,55,43,,47,47,42,,45,58,49,47,95,99,84,,,82,88,100,93,100,97,85,,84,,,67,,62,60,,96,100,94,82,98,92,,85,85,86,81,71,58,83,23,39,40,53,53,42,50,45,27,52,52,,,106,109,106,110,,63,63,52,56,62,,56,54,63,,60,135,66,92,,74,85,125,122,107,,,88,102,114,91,113,87,72,75,83,80,60,72,82,73,,57,50,54,58,63,46,52,,63,53,33,36,40,42,34,40,38,39,35,27,86,79,,54,34,78,16,90,41,4,129,79,79,74,72,62,52,,33,38,54,79,64,55,55,73,74,66,70,63,,75,32,36,70,75,70,,67,76,67,75,,,82,74,74,39,23,25,73,30,44,38,66,,,63,58,55,59,63,41,27,,51,28,42,47,24,,8,8,4,5,10,24,13,,,13,9,14,13,14,,46,35,49,43,,,36,73,60,63,63,62,66,60,61,84,68,,26,43,29,26,26,19,42,52,53,40,59,52,22,12,14,26,25,19,11,20,,36,5,25,5,,1,,18,23,,,,,118,,,,42,51,20,4,73,67,54,,,29,39,42,37,32,32,29,28,29,32,,23,31,41,70,,76,70,76,57,44,49,51,36,18,,142,153,144,58,60,59,26,128,129,90,52,50,56,44,100,100,98,,,25,,53,55,60,59,91,,74,69,,,43,22,28,23,,54,70,83,,27,77,50,22,54,100,75,111,105,67,,,,,,,73,,59,99,103,65,21,64,71,115,111,118,,143,,,68,,74,64,69,135,137,126,134,113,,56,58,63,60,40,65,61,59,68,41,12,11,14,95,96,89,9,41,35,62,,52,53,70,,121,126,,117,125,123,113,71,,34,9,,,70,73,,,,36,45,78,64,72,73,,78,73,,50,42,,57,,19,46,47,,71,133,70,62,43,,119,113,122,104,107,118,,88,92,89,78,101,78,98,96,64,118,104,65,76,55,76,82,80,83,88,82,80,84,,51,53,54,,55,50,61,75,55,31,52,58,64,59,61,66,46,66,,66,72,60,,55,74,67,75,70,,76,75,88,,32,,3,3,34,27,,49,51,,,,61,,60,,32,,,,30,65,64,16,31,,,,10,6,9,12,36,29,,51,36,44,41,39,55,,43,,,40,48,52,28,70,74,77,71,83,36,65,,42,25,37,10,36,17,22,46,47,38,39,39,39,,39,43,45,37,,24,20,28,33,14,37,25,31,,,,,23,34,,40,29,27,30,29,27,28,37,45,37,42,36,44,50,,18,20,,11,21,19,,3,4,,4,32,19,7,9,12,9,15,11,17,24,18,17,,,95,90,39,78,37,46,77,80,,67,67,1,10,14,,,101,,,,,77,,,,,,,,,,,,,,,,78,,,,,,,,,,,,,,,,,,,,,,,,,,,,,,,,,,,,,,30,7,59,26,33,31,64,62,49,,,,46,56,50,45,,,57,32,68,50,45,34,,4,41,58,,,38,42,,15,7,,,7,,104,98,,,63,51,,,67,70,66,,,65,70,59,59,93,92,100,54,58,62,58,50,116,90,98,102,97,104,100,109,63,72,58,50,,56,52,105,,98,100,77,88,66,62,62,66,29,30,8,35,,,45,56,52,46,31,70,78,68,92,57,52,21,31,29,31,33,40,,,46,51,39,,45,45,,49,47,60,,42,44,52,,49,66,65,54,34,58,46,,49,52,54,56,50,53,60,66,,64,53,48,42,50,57,,6,,15,,,,34,23,36,20,28,41,,39,,50,47,49,101,96,115,110,,18,16,17,,,27,30,26,,26,10,29,,,108,30,32,31,33,26,32,1,6,3,9,52,54,61,58,,41,46,38,33,31,,58,60,69,77,83,87,80,84,3,,10,8,13,49,59,54,50,56,41,28,40,,57,73,68,,44,59,45,88,,85,91,66,,36,35,42,43,34,,67,72,64,65,65,,48,,14,44,28,29,34,,24,34,36,6,17,16,20,22,34,41,22,25,,46,64,55,,55,54,,33,38,40,42,,48,40,28,23,39,30,37,35,36,36,32,44,58,58,52,52,31,46,45,41,43,41,37,42,38,34,52,52,52,52,55,51,56,46,49,50,19,43,36,34,38,17,23,35,41,3,12,7,19,25,25,16,3,7,64,46,57,62,45,43,47,45,57,24,12,29,41,25,,41,6,20,53,71,,70,34,35,38,35,42,47,43,41,54,60,64,59,51,51,,,,28,28,,27,9,9,10,13,4,,41,41,31,,,,,,58,58,52,56,1,,5,,33,33,27,39,35,38,,62,64,63,65,,,,,62,62,36,38,51,50,25,,63,24,23,34,35,,34,37,18,13,11,10,34,31,,49,53,56,49,8,16,32,25,15,,10,8,,29,22,,48,48,35,,49,,93,,46,43,39,52,62,43,4,3,2,8,29,9,5,21,,12,31,,69,71,78,,81,87,8,9,82,91,,47,57,74,44,,,46,45,40,,80,47,65,48,40,58,32,,43,,,28,7,14,28,55,55,70,52,49,,93,53,33,67,47,54,6,5,7,,,11,40,5,37,,80,55,49,56,37,45,91,73,31,63,81,68,36,,5,76,36,29,85,46,68,,10,,36,56,38,32,13,15,92,34,64,68,86,27,68,37,,,75,94,64,95,,52,44,54,19,,26,35,,,19,42,22,57,69,35,58,92,40,45,48,4,26,13,37,,96,56,,32,129,45,47,83,68,62,118,53,42,14,60,,34,64,61,92,52,7,55,22,31,61,32,,60,64,57,53,,52,110,4,73,50,54,38,40,36,73,75,50,10,11,59,35,3,38,99,53,60,32,33,35,3,2,,,1,62,25,81,43,103,48,35,,87,61,57,56,12,108,68,108,38,,98,5,17,30,32,43,83,,90,92,86,85,77,60,78,87,38,63,66,96,63,78,47,53,63,54,74,57,43,43,32,9,34,32,73,56,67,61,42,76,73,76,59,56,17,32,74,80,117,43,49,98,79,48,66,74,36,53,56,35,34,42,67,67,79,52,15,29,63,68,59,40,4,22,24,22,24,33,16,21,49,9,30,27,,43,42,63,105,38,92,127,109,32,,46,77,69,56,19,53,43,,131,47,38,8,27,34,66,54,17,70,2,58,43,55,100,65,91,94,30,58,76,53,74,82,67,71,63,58,62,30,42,42,60,47,46,71,47,96,50,67,53,37,60,74,57,61,16,147,42,47,58,70,66,66,33,58,58,70,56,64,84,61,2,105,75,9,49,27,57,64,31,8,44,67,89,45,74,66,68,68,56,41,64,2,34,9,28,57,47,37,44,30,33,40,79,83,51,68,73,61,73,102,67,102,54,71,,49,11,30,12,62,39,45,20,17,20,90,61,63,90,110,58,60,44,21,22,32,37,73,35,45,42,37,,91,25,19,65,47,12,31,37,17,55,62,66,102,52,98,50,40,67,101,63,43,22,,69,5,22,5,2,,45,93,62,27,28,50,52,99,103,43,62,57,44,58,5,68,53,66,10,6,14,17,40,12,8,26,6,31,92,90,40,25,2,71,56,4,64,107,53,68,126,78,84,97,73,74,67,,70,60,14,15,43,49,35,105,91,36,56,92,85,41,36,27,3,7,23,35,53,99,93,,48,59,93,64,74,23,68,78,,53,44,49,36,59,15,81,87,63,30,20,42,58,80,53,14,85,15,5,62,56,39,58,65,59,27,51,32,91,59,44,42,51,31,108,51,56,147,69
20231004,0,O3_24h,161,148,165,159,161,174,155,164,157,155,145,152,,,152,,142,142,164,,162,,141,151,,142,139,,183,187,180,181,183,182,172,,155,159,,150,,157,153,154,,150,,160,159,158,187,175,175,169,,191,116,,118,119,122,140,135,144,130,130,154,160,,157,150,145,141,155,144,,168,167,179,168,144,,,162,144,143,143,120,,93,87,,,101,100,105,106,,142,138,,148,140,144,144,143,,142,152,153,156,146,154,174,165,151,149,153,129,133,137,140,142,144,,133,145,137,82,70,75,69,73,71,76,70,73,77,68,72,98,106,99,105,103,,105,113,99,101,80,74,82,63,69,71,70,77,76,82,,90,90,87,92,93,94,103,95,89,100,93,110,,,,115,128,,123,125,120,,,,86,,80,78,78,86,78,85,74,80,71,,,,74,86,,87,83,88,91,93,,93,88,92,96,83,101,98,106,,103,,115,96,,154,108,,138,137,132,,142,126,150,119,136,165,142,,,135,145,159,136,132,136,123,,128,,,93,,98,97,,125,129,125,116,127,122,,166,172,157,156,152,134,140,154,81,74,86,92,84,86,82,72,80,86,,,148,137,142,122,,147,131,98,105,107,,102,110,107,,104,140,133,129,,142,139,142,142,112,,,163,167,162,167,156,157,136,138,144,134,134,144,132,131,,60,62,66,70,63,63,67,,74,71,36,48,47,45,40,45,44,39,44,35,185,205,,198,205,224,167,198,138,200,151,186,180,170,183,115,151,,122,127,120,206,143,125,164,139,214,189,183,195,,181,194,180,196,209,181,,178,173,138,159,,,188,201,188,114,118,133,128,137,160,163,144,,99,112,109,96,90,105,81,94,,69,75,71,68,42,,36,27,54,50,35,56,39,,,28,45,39,34,88,,84,89,86,79,,,89,110,91,90,84,84,77,73,79,92,81,,68,66,70,72,73,70,74,75,69,75,71,71,100,94,106,95,97,91,101,91,,114,113,93,107,,53,,41,32,,,,,148,,,,162,151,119,99,131,132,110,,99,43,52,56,56,46,46,39,44,45,45,,42,48,54,117,,133,117,132,135,119,117,127,122,120,,156,165,163,114,113,110,107,172,170,178,170,154,181,169,169,167,171,,,135,,122,136,125,126,152,,147,148,,,154,165,155,148,,131,134,176,,126,129,125,124,138,142,150,151,151,139,,,,,,,143,,145,133,139,140,137,153,145,134,143,139,,188,,,113,,116,104,140,188,197,182,183,173,,84,66,78,76,92,82,102,109,114,111,102,86,97,131,129,118,69,71,72,93,,105,168,162,,159,169,,129,126,128,133,114,,121,60,,,147,144,,,,118,116,120,112,194,204,,198,212,,140,146,,157,,155,151,158,,156,155,123,124,133,,146,143,146,144,143,140,,150,143,152,144,147,147,131,138,130,143,129,127,155,166,164,150,158,134,133,130,129,136,,69,66,66,,69,80,75,75,78,88,72,77,74,92,82,75,69,82,,73,80,81,,73,74,72,76,72,,80,75,91,,122,,124,118,121,123,,177,170,,,,131,,137,,135,,,,145,142,133,93,93,,,,51,54,63,59,65,71,,55,48,49,53,60,71,,69,,,69,74,71,69,80,87,105,112,100,122,85,87,81,110,94,94,101,99,108,54,57,86,82,96,87,,64,58,62,61,,69,78,74,59,63,84,74,66,,,,,86,84,,87,60,64,60,65,67,61,86,91,96,96,84,81,84,,94,100,,58,74,85,,88,95,,90,69,87,77,84,78,80,84,82,116,112,112,106,,,133,120,164,148,153,161,81,84,,123,82,108,106,111,,,138,,,,,158,,,,,,,,,,,,,,,,131,,,,,,,,,,,,,,,,,,,,,,,,,,,,,,,,,,,,,,44,97,83,92,97,119,120,120,119,,,,133,136,135,134,,,138,125,129,132,131,166,,168,165,105,,,102,122,,147,140,93,,94,,140,146,,,122,67,,,134,131,124,,,91,92,101,99,137,134,126,142,132,133,129,137,151,135,140,149,138,157,139,146,136,139,126,131,,135,137,156,,103,103,104,98,139,131,110,112,106,108,113,57,,,73,73,75,76,80,76,78,68,106,77,72,81,75,68,70,65,89,,,97,75,76,,88,89,,77,99,103,,97,101,105,,94,92,98,92,85,110,115,,64,66,60,56,73,70,78,86,,85,106,101,61,81,80,,96,,96,,,,81,82,77,76,112,111,,67,,81,62,74,132,129,137,133,,88,89,87,,,98,93,108,,113,109,110,,,142,83,98,90,82,90,58,64,58,62,45,104,106,120,109,,126,125,123,128,122,,86,101,101,105,108,111,103,109,79,,82,78,86,100,110,105,107,114,119,144,139,,160,150,153,,144,138,136,127,,141,146,131,,129,149,148,145,144,,127,149,122,134,115,118,117,,114,115,111,56,56,,58,50,63,90,87,100,93,91,95,96,60,58,,99,94,101,,78,79,,64,43,54,54,,91,89,86,36,39,44,63,59,65,65,60,45,58,58,52,52,44,54,50,52,48,93,98,97,96,90,113,88,106,98,84,55,57,50,53,51,42,58,56,53,61,46,62,62,162,167,148,136,76,87,75,108,116,88,117,131,124,123,110,127,122,144,142,101,114,81,88,87,,94,85,92,67,71,,70,76,71,65,72,71,75,69,74,90,90,102,91,105,99,,,,43,44,,39,47,33,40,36,29,,72,76,66,,,,,,82,84,86,86,31,,48,,62,64,68,64,62,69,,96,98,95,98,,,,,65,66,98,97,67,66,75,,81,53,54,72,78,,53,53,47,50,40,39,41,37,,60,56,65,64,77,82,44,62,64,,54,46,,48,60,,58,59,56,,69,,118,,46,43,69,77,79,77,132,122,117,119,52,66,57,99,,70,104,,74,76,112,,127,133,82,84,114,121,,93,91,78,72,,,62,76,58,,90,67,77,60,62,91,147,,143,,,107,67,64,58,124,121,117,110,89,,112,95,93,102,104,104,106,105,102,,,89,87,87,61,,86,116,114,87,77,118,180,205,159,147,146,185,168,,100,137,83,81,148,82,88,,96,,162,154,84,82,64,62,116,81,99,143,140,37,79,61,,,158,161,134,152,,151,156,158,63,,89,89,,,108,77,78,104,124,128,132,120,111,76,98,32,44,69,142,,145,139,,121,172,88,82,105,121,92,191,54,95,95,112,126,146,137,72,159,114,128,67,128,66,146,98,,79,78,75,64,,112,151,24,132,86,100,67,70,70,165,140,103,58,81,63,81,89,140,128,128,82,166,73,43,71,68,,,52,117,151,81,119,118,71,78,,116,150,101,79,147,146,133,160,74,,154,50,59,76,72,81,116,88,107,98,124,104,100,99,97,108,128,125,131,143,126,120,85,127,89,93,105,100,79,91,131,167,187,179,236,215,211,133,185,172,119,168,170,158,104,126,175,189,134,118,144,167,147,147,74,98,109,84,114,64,72,140,147,137,141,116,127,133,80,81,81,78,39,37,42,35,73,50,30,37,53,47,43,75,,84,83,103,152,171,132,201,156,164,,124,154,158,131,66,83,82,,160,62,87,90,63,64,84,93,109,104,108,124,142,96,145,132,134,143,131,87,110,164,142,148,129,124,84,79,84,89,86,82,84,74,80,98,98,124,89,112,122,133,110,116,92,122,159,170,107,115,117,128,146,111,156,159,97,206,151,174,174,162,155,152,166,144,120,76,86,89,97,96,74,138,144,143,139,143,146,144,138,73,96,22,40,71,62,142,85,85,93,81,88,94,144,146,130,159,156,126,140,140,140,140,155,170,,154,156,166,147,140,146,67,161,82,94,125,137,146,167,155,102,118,116,100,90,105,84,80,62,60,57,55,,110,85,63,94,75,30,67,62,65,113,114,140,138,95,119,113,119,129,213,207,167,120,,193,158,154,150,142,156,165,157,177,176,182,199,196,191,188,187,184,146,119,124,118,140,164,138,96,29,60,43,131,113,99,96,111,53,96,120,114,117,72,71,156,153,134,141,109,178,142,214,201,201,123,76,72,,76,118,120,128,76,86,86,155,166,151,153,189,148,139,103,96,89,51,55,51,144,143,174,,72,72,131,102,106,136,168,110,,163,174,147,162,118,71,155,138,116,77,140,142,103,158,152,123,165,154,147,106,100,79,116,168,123,64,108,55,153,147,104,63,59,70,198,124,175,160,83
20231004,0,O3_8h,80,74,94,64,92,92,74,84,112,97,79,73,,,104,,106,95,116,,98,,95,96,,71,90,,122,118,115,118,113,126,159,,92,87,,88,,137,119,132,,120,,91,74,102,108,98,108,92,,109,57,,45,42,52,69,74,83,95,100,114,123,,127,93,99,90,115,98,,108,73,108,102,56,,,72,78,54,54,28,,52,49,,,65,72,68,74,,114,108,,126,116,121,115,118,,122,126,126,119,118,137,117,144,107,126,115,90,94,98,100,101,102,,93,100,94,71,52,64,58,52,55,58,55,63,68,53,57,85,89,84,92,100,,94,100,87,89,43,56,59,48,50,44,48,60,57,70,,74,76,75,74,73,74,75,76,68,70,63,79,,,,78,62,,75,76,76,,,,70,,61,60,56,64,54,62,60,54,50,,,,52,63,,60,58,69,60,67,,63,52,39,38,31,37,63,65,,77,,67,68,,75,67,,66,70,58,,68,71,73,67,108,124,105,,,99,105,117,109,110,108,94,,99,,,77,,68,67,,110,110,106,98,108,106,,115,111,97,94,86,73,91,49,53,54,62,66,60,61,58,42,63,64,,,109,110,108,107,,99,92,65,71,74,,67,72,74,,71,131,88,100,,106,98,120,122,102,,,131,128,132,122,125,110,93,98,106,93,92,100,97,95,,54,48,54,53,54,48,54,,66,57,30,41,38,43,37,39,41,37,36,29,137,157,,122,135,158,89,139,56,69,125,121,122,108,111,75,100,,84,79,72,136,91,79,96,90,149,118,127,123,,125,88,69,112,125,105,,102,108,89,107,,,144,125,130,56,63,67,94,63,89,86,79,,83,82,76,73,75,79,64,62,,51,45,43,48,33,,12,14,23,20,21,34,24,,,21,20,22,22,36,,52,59,57,46,,,61,89,60,57,61,61,61,52,52,73,62,,44,52,43,44,43,36,56,55,54,59,57,62,57,51,45,55,51,54,52,50,,62,42,56,46,,16,,12,12,,,,,137,,,,85,88,60,51,80,80,68,,74,25,35,42,38,31,32,27,33,34,34,,30,35,42,82,,89,84,89,89,60,78,82,73,32,,147,154,152,73,72,78,65,150,148,140,132,109,131,116,114,111,113,,,75,,79,78,74,82,121,,109,107,,,95,89,74,72,,85,80,78,,64,88,76,39,86,105,106,115,112,86,,,,,,,112,,101,105,112,98,69,89,90,111,112,113,,150,,,73,,76,64,71,151,150,144,145,148,,58,58,58,64,54,69,70,65,71,64,42,47,35,110,112,103,35,49,38,74,,67,93,92,,130,140,,110,106,104,114,71,,65,33,,,97,102,,,,76,72,94,85,101,107,,103,107,,78,86,,99,,60,48,75,,76,143,69,58,60,,124,118,120,114,111,122,,109,109,112,108,111,121,109,97,66,117,100,89,117,118,123,114,116,111,113,106,102,115,,55,54,56,,55,32,27,35,37,24,55,53,60,54,56,63,55,64,,68,76,75,,67,70,65,68,64,,73,66,79,,56,,53,48,62,62,,102,92,,,,87,,90,,82,,,,68,85,94,52,63,,,,24,19,30,24,44,46,,49,44,46,44,50,62,,56,,,57,55,54,44,68,69,78,79,69,42,62,63,53,74,66,68,74,67,56,48,46,50,44,56,55,,36,28,31,26,,45,42,42,40,25,52,42,44,,,,,57,56,,60,35,36,35,34,34,33,50,54,52,56,44,61,66,,48,49,,18,37,51,,26,24,,32,41,31,25,30,31,30,33,26,57,48,51,54,,,103,105,79,113,67,90,69,72,,97,69,54,62,71,,,107,,,,,115,,,,,,,,,,,,,,,,88,,,,,,,,,,,,,,,,,,,,,,,,,,,,,,,,,,,,,,32,43,68,42,50,61,79,77,71,,,,108,106,107,102,,,90,85,94,92,80,80,,76,92,76,,,68,70,,62,46,33,,52,,81,93,,,75,59,,,88,87,77,,,61,66,63,65,109,110,111,105,98,103,94,96,123,100,108,109,118,130,116,122,87,92,81,75,,95,96,135,,94,97,84,78,83,78,69,74,51,58,42,30,,,34,49,53,39,31,47,48,42,78,68,51,24,17,30,37,34,55,,,63,30,52,,67,69,,62,72,76,,69,72,76,,62,68,68,63,47,72,64,,45,46,51,48,46,49,73,77,,77,66,56,42,65,65,,52,,52,,,,52,53,54,48,70,78,,56,,54,49,50,106,106,114,109,,38,41,38,,,51,44,51,,59,51,55,,,112,43,44,45,44,39,42,13,19,16,25,80,80,92,85,,68,79,81,79,72,,64,66,71,78,98,100,93,98,35,,34,36,41,73,81,77,73,81,69,78,86,,98,99,98,,88,92,86,99,,102,104,81,,71,81,87,84,86,,80,92,84,78,79,114,70,,52,73,56,29,33,,32,31,36,32,40,40,42,52,51,57,31,35,,68,77,67,,66,65,,38,34,38,41,,67,63,53,11,24,38,49,46,51,50,47,36,52,55,44,47,40,45,46,43,41,53,53,58,58,56,68,61,66,66,60,52,55,46,50,49,33,48,43,40,46,21,43,44,77,62,83,64,45,40,48,52,40,38,63,79,81,81,65,74,69,85,87,59,64,49,63,48,,65,40,55,58,54,,60,46,40,46,48,52,56,51,52,64,66,80,69,73,64,,,,35,34,,33,7,10,14,13,10,,37,48,36,,,,,,64,65,65,67,6,,15,,43,45,51,50,49,55,,81,84,80,82,,,,,61,64,54,52,56,55,43,,75,38,41,44,45,,40,38,31,30,24,23,36,32,,46,49,58,51,28,35,39,29,31,,26,18,,34,46,,53,53,43,,53,,112,,40,39,46,50,53,47,49,44,42,54,39,26,23,44,,40,48,,70,73,79,,102,106,24,24,96,105,,50,52,76,65,,,51,50,45,,84,58,67,49,48,68,81,,87,,,59,35,50,46,99,90,79,60,55,,92,65,59,66,59,78,72,60,59,,,56,62,53,49,,58,79,83,67,53,77,112,116,85,81,87,120,80,,44,114,62,46,108,57,76,,48,,73,107,61,52,35,34,101,47,74,113,120,30,73,45,,,125,117,89,106,,82,89,95,36,,44,44,,,59,58,42,71,83,68,95,104,82,60,72,18,29,28,80,,104,69,,70,142,60,57,84,82,59,158,47,63,39,74,118,77,97,55,113,71,54,62,68,43,93,51,,60,63,59,53,,46,128,13,91,69,68,53,56,52,104,100,65,18,41,56,56,36,88,101,77,72,80,50,36,24,19,,,18,81,106,75,61,113,52,55,,91,94,82,63,62,112,92,122,59,,134,19,30,53,52,50,100,,99,90,92,84,79,71,88,93,80,88,88,87,75,80,61,81,73,77,84,63,60,63,67,90,83,67,133,131,123,91,94,118,86,108,106,100,36,69,97,148,111,73,91,130,89,92,66,80,71,66,78,50,53,81,91,96,98,80,63,62,63,69,57,58,9,28,32,28,40,41,19,24,50,24,22,50,,55,51,74,110,62,100,130,113,78,,77,106,93,87,41,67,64,,136,49,68,41,40,48,63,76,59,76,39,77,79,64,117,80,108,115,71,66,71,84,89,89,87,78,69,70,67,56,54,62,68,47,69,78,64,111,65,73,90,78,86,72,73,86,45,146,60,58,85,91,77,73,72,76,74,109,86,106,126,102,48,120,113,73,70,48,59,64,67,47,51,95,109,68,104,102,96,89,86,45,61,6,35,27,27,100,68,43,65,42,42,51,96,102,83,96,116,91,90,106,90,102,76,122,,99,81,86,67,109,64,56,77,45,40,110,95,99,110,123,65,76,59,53,59,55,49,73,38,53,48,43,,91,47,31,78,52,11,47,48,40,67,73,88,112,68,107,77,78,92,127,99,50,92,,114,85,90,76,62,130,96,118,90,90,99,101,107,130,120,94,94,94,79,79,53,97,91,91,54,14,31,29,101,57,39,52,46,40,90,83,82,68,20,57,90,43,100,77,64,106,120,142,141,160,79,67,61,,74,74,50,55,56,58,57,118,107,69,70,107,112,78,61,50,28,23,38,33,70,104,118,,54,60,111,83,83,79,86,85,,78,108,85,87,85,34,115,104,84,37,72,79,71,109,86,70,122,59,65,64,62,60,74,102,71,35,63,30,109,104,74,51,51,36,126,79,96,148,75
20231004,0,O3_8h_24h,134,110,140,134,136,144,127,130,137,123,122,125,,,139,,134,132,151,,149,,133,137,,130,128,,156,160,151,152,158,154,164,,140,144,,137,,148,143,144,,137,,132,133,140,164,153,154,145,,163,92,,90,94,100,120,120,129,115,122,136,142,,144,134,134,126,141,129,,146,140,151,144,111,,,132,125,107,115,94,,79,75,,,87,88,84,87,,140,134,,145,138,142,140,139,,139,142,141,144,135,148,154,151,137,139,139,120,123,128,130,132,132,,120,134,127,71,53,64,58,52,55,58,55,63,69,56,57,94,97,93,98,100,,100,106,94,95,68,67,74,61,66,58,64,74,72,76,,84,86,82,88,85,89,92,88,82,89,86,104,,,,108,118,,117,114,114,,,,82,,73,75,71,78,72,80,71,72,61,,,,65,78,,84,76,83,85,86,,88,80,88,87,71,88,89,96,,96,,98,89,,126,91,,123,106,103,,103,110,128,100,128,140,132,,,126,129,142,127,125,123,113,,116,,,84,,86,84,,117,122,119,113,122,119,,145,146,141,141,136,112,117,115,70,69,79,85,78,79,76,64,73,79,,,125,118,122,116,,131,121,84,91,93,,92,92,93,,90,134,119,119,,133,128,133,132,102,,,151,152,145,152,139,144,120,122,144,115,121,124,119,118,,54,52,56,59,55,59,57,,70,66,32,42,42,43,39,40,42,37,40,33,166,191,,178,188,198,148,170,131,150,133,159,156,142,148,100,133,,115,115,106,183,131,111,140,127,184,160,151,170,,154,166,143,168,176,148,,152,156,123,151,,,171,164,168,106,111,122,114,122,144,136,124,,91,100,92,85,81,96,76,87,,65,68,63,63,33,,19,18,39,33,26,45,35,,,24,30,28,31,57,,66,76,70,61,,,73,96,82,82,75,76,72,67,71,84,76,,62,59,58,58,58,54,66,67,62,66,61,64,85,83,90,80,78,78,82,84,,90,89,80,82,,37,,25,20,,,,,140,,,,128,121,83,75,92,89,79,,86,33,42,48,47,38,37,33,38,40,39,,35,42,49,102,,113,101,106,115,84,95,106,100,76,,152,157,154,107,106,102,100,159,158,161,158,140,164,155,142,143,149,,,126,,116,126,118,119,143,,136,135,,,142,153,144,138,,123,126,152,,114,119,116,113,124,129,140,139,139,128,,,,,,,129,,126,124,126,126,130,137,134,123,133,126,,181,,,104,,105,93,121,171,172,168,159,159,,79,64,74,73,82,78,89,92,99,97,80,75,78,119,121,110,67,65,69,87,,90,140,136,,130,140,,110,106,104,114,102,,109,51,,,133,134,,,,104,98,108,99,154,162,,160,167,,118,125,,136,,132,126,137,,132,147,113,112,120,,142,138,136,135,137,136,,138,134,142,136,141,141,123,121,109,131,116,117,143,154,152,140,142,128,127,122,120,129,,55,54,56,,55,64,52,54,57,59,64,57,69,63,63,63,59,66,,68,76,76,,68,70,68,71,65,,73,66,79,,103,,107,102,95,104,,151,142,,,,117,,120,,113,,,,120,117,117,83,84,,,,41,45,55,43,62,63,,53,46,49,50,55,69,,65,,,65,67,63,61,73,79,100,99,94,68,76,74,74,102,91,91,98,94,102,51,51,73,66,78,73,,47,39,46,42,,62,66,66,53,41,64,59,54,,,,,78,77,,78,50,54,52,54,53,50,64,63,69,71,60,70,74,,78,82,,37,50,74,,69,75,,78,60,65,62,63,60,71,67,66,94,88,92,91,,,123,117,129,129,114,133,72,74,,111,72,99,100,106,,,130,,,,,146,,,,,,,,,,,,,,,,117,,,,,,,,,,,,,,,,,,,,,,,,,,,,,,,,,,,,,,38,86,78,82,86,107,110,110,108,,,,126,126,127,127,,,121,113,117,117,116,148,,147,142,93,,,93,106,,123,109,80,,81,,117,124,,,110,62,,,118,112,114,,,78,80,77,81,131,128,121,137,128,130,122,134,146,127,133,142,128,148,130,140,127,131,116,123,,128,130,149,,98,98,96,89,119,111,98,102,84,86,92,46,,,62,63,66,64,72,61,69,58,97,73,58,60,59,52,58,53,80,,,84,56,67,,79,81,,72,91,93,,90,92,96,,82,83,87,82,74,106,109,,47,49,52,48,49,50,75,80,,79,90,84,53,76,76,,79,,82,,,,63,65,66,62,105,104,,62,,66,54,60,118,114,127,125,,83,84,83,,,92,89,100,,98,95,98,,,126,68,71,70,62,70,51,27,33,29,37,97,99,113,102,,111,115,117,118,114,,77,84,84,86,101,102,94,100,70,,68,70,76,93,102,97,96,105,105,130,127,,140,129,130,,122,119,115,116,,126,129,116,,114,128,128,125,124,,113,127,112,120,104,114,106,,103,105,100,48,48,,42,44,57,75,73,82,84,85,89,90,49,49,,89,86,88,,74,74,,54,40,47,50,,87,84,82,25,31,41,57,52,58,58,53,36,52,55,44,47,43,48,49,48,45,71,79,81,79,77,96,77,89,84,72,53,55,46,50,49,38,53,50,45,54,41,60,55,139,146,127,115,66,76,64,92,96,79,108,116,114,112,99,118,109,122,121,94,102,75,83,82,,87,79,90,59,54,,60,64,56,57,60,63,66,59,63,73,76,93,78,92,80,,,,39,39,,38,32,22,28,28,23,,52,60,50,,,,,,76,75,77,79,21,,35,,57,60,65,61,59,64,,87,91,87,90,,,,,61,64,73,72,64,64,72,,77,47,48,63,65,,48,48,43,47,35,37,39,36,,55,53,63,60,59,70,41,54,52,,46,39,,39,54,,57,58,51,,59,,116,,40,40,59,66,67,69,111,103,94,106,46,59,52,77,,50,75,,71,74,101,,115,122,63,66,109,114,,78,77,76,67,,,58,65,53,,86,61,69,55,56,87,118,,118,,,84,47,55,48,112,108,98,86,78,,98,85,85,98,100,101,100,93,95,,,75,75,74,54,,80,102,98,75,71,103,152,178,147,136,135,154,127,,88,130,78,75,134,72,82,,79,,147,139,71,74,55,52,111,64,90,139,137,34,76,52,,,142,147,124,141,,123,134,127,54,,78,82,,,102,70,65,94,114,122,124,111,102,68,88,24,34,48,120,,136,114,,121,142,73,67,95,112,81,183,51,86,76,94,121,135,120,62,144,104,117,64,119,60,136,82,,74,73,68,59,,86,139,17,119,79,85,64,67,64,141,126,83,41,73,57,75,73,122,122,112,76,150,61,38,59,54,,,40,105,137,76,109,114,65,73,,105,123,96,73,127,129,121,138,64,,147,39,41,70,67,65,112,82,102,95,116,97,95,93,92,103,105,108,108,122,114,113,77,120,83,87,99,92,74,89,117,158,162,145,193,180,167,111,154,153,106,156,149,142,83,97,142,179,111,111,132,148,136,134,66,92,105,78,105,60,62,114,124,122,125,106,106,112,69,73,69,69,30,32,37,33,58,44,26,28,51,39,34,61,,68,65,87,135,149,121,185,144,151,,118,141,145,117,59,74,75,,146,54,81,86,54,55,73,88,100,98,90,113,120,83,134,114,123,130,124,77,96,150,114,129,111,114,77,76,68,81,82,80,80,60,75,92,88,118,79,98,113,91,93,85,80,103,132,148,89,105,109,118,119,93,135,132,90,166,129,147,156,140,134,133,147,130,110,70,62,68,84,81,59,120,126,116,124,125,119,122,117,59,70,16,36,51,41,133,78,72,77,57,70,74,131,134,122,150,136,118,127,127,126,126,144,156,,141,146,151,133,125,103,56,126,75,77,118,120,118,142,143,98,98,99,91,85,77,64,76,56,58,55,51,,104,74,51,87,68,25,57,55,53,105,98,125,125,84,111,100,107,116,169,153,131,114,,161,140,138,133,127,143,150,140,143,150,156,167,161,168,163,157,150,126,106,110,100,114,145,119,85,22,45,39,127,89,82,79,89,47,90,93,106,107,59,57,127,132,123,120,99,148,120,193,180,184,114,69,64,,74,108,101,110,64,73,76,135,149,137,136,164,137,109,82,77,70,42,46,47,114,131,153,,58,66,116,99,98,111,136,101,,130,149,138,135,105,55,134,129,101,58,128,115,90,146,137,100,142,132,126,82,81,72,107,140,108,54,93,43,136,138,92,55,52,50,180,116,162,154,76
20231004,0,CO,0.5,0.3,0.6,0.5,0.6,0.4,0.6,0.6,0.6,0.3,0.5,0.6,,,0.7,,0.5,0.6,0.8,,0.7,,0.5,0.4,,0.8,0.7,,0.9,0.9,0.9,0.9,1,0.9,1.1,,0.5,0.6,,0.5,,0.5,0.8,1,,0.8,,0.5,0.3,0.5,0.9,1,0.7,0.8,,1,0.3,,0.1,0.3,0.2,0.5,0.6,0.6,0.4,0.2,0.5,0.4,,0.6,0.5,0.6,0.3,0.5,0.4,,3.1,1.2,1.5,2.1,0.9,,,1,1.3,1.1,1.3,1.3,,0.5,0.5,,,0.2,0.4,0.2,0.3,,0.7,0.9,,0.6,0.8,0.8,0.8,0.7,,0.8,0.9,0.9,0.8,0.9,0.8,0.8,0.9,0.9,0.8,0.7,0.3,0.4,0.3,0.5,0.3,0.2,,0.3,0.3,0.5,0.4,0.3,0.5,0.4,0.5,0.7,0.6,0.5,0.4,0.4,0.7,0.4,0.5,0.6,0.4,0.6,0.5,,0.7,0.6,0.4,0.6,0.4,0.8,0.2,1.3,0.4,0.4,0.4,0.4,0.6,0.3,,0.6,0.6,0.6,0.6,0.6,0.7,0.3,0.6,0.5,0.5,0.8,0.6,,,,0.5,0.6,,0.7,0.5,0.4,,,,0.4,,0.9,0.7,0.8,0.9,1,0.8,0.9,1.1,0.5,,,,0.7,0.6,,0.6,0.4,0.5,0.6,0.5,,0.4,0.8,0.6,0.8,0.8,0.7,0.4,0.5,,0.4,,0.5,0.4,,0.5,0.5,,0.5,0.6,0.5,,0.7,0.6,0.7,0.5,0.5,0.5,0.5,,,0.4,0.6,0.5,0.5,0.4,0.4,0.4,,0.4,,,0.4,,0.7,0.5,,0.5,0.4,0.5,0.4,0.4,0.3,,0.6,0.6,0.5,0.5,0.6,0.5,0.5,0.5,0.7,0.6,0.7,0.3,0.7,0.5,0.8,0.7,0.6,0.6,,,0.3,0.3,0.4,0.4,,0.4,0.4,0.7,0.9,0.5,,0.7,0.6,0.4,,0.7,0.4,0.4,0.5,,0.5,0.5,0.4,0.4,0.4,,,0.6,0.6,0.7,0.4,0.4,0.6,0.7,0.8,0.3,0.6,0.5,0.7,0.5,0.7,,0.7,0.6,0.5,0.6,0.5,0.5,0.5,,0.5,0.6,0.4,0.6,0.5,0.6,0.6,0.5,0.6,0.5,0.7,0.3,0.9,0.9,,0.8,0.9,0.9,1,0.9,0.7,1.1,0.7,0.8,0.4,0.9,0.6,0.8,0.6,,0.6,0.7,0.8,0.9,0.9,0.7,0.6,0.7,0.7,0.6,0.6,0.8,,0.8,0.8,0.6,0.5,0.7,0.5,,0.5,0.5,0.5,0.6,,,0.9,0.8,0.8,0.8,0.9,0.9,0.8,0.8,0.6,0.7,0.5,,0.7,0.8,0.8,0.9,0.5,0.8,0.7,0.9,,0.4,0.5,0.5,,0.4,,0.8,1,0.7,0.6,0.9,0.8,0.8,,,0.9,1,0.9,0.9,1.2,,0.7,0.7,0.6,0.6,,,0.7,0.8,0.4,0.2,0.4,0.4,0.3,0.2,0.3,0.2,0.3,,0.6,0.5,0.6,0.8,0.5,0.6,0.5,0.2,0.3,0.3,0.3,0.2,0.8,0.8,0.8,0.8,0.9,0.8,0.7,0.8,,1,0.3,0.8,0.7,,0.6,,0.6,0.7,,,,,0.6,,,,0.9,0.8,1.2,1.2,0.8,0.6,1.3,,,0.5,0.7,0.6,0.4,0.7,0.7,0.7,0.6,0.5,0.7,,0.4,0.8,0.5,0.3,,0.6,0.3,0.5,0.9,0.8,0.6,0.6,0.8,0.7,,0.9,0.8,0.7,0.7,0.7,1.1,0.8,0.6,0.6,0.5,0.7,0.7,1,0.9,0.6,0.6,0.5,,,0.8,,0.4,0.5,0.7,0.6,0.6,,0.6,0.5,,,0.7,0.8,1,0.7,,0.4,0.5,1.2,,0.5,0.5,0.6,0.6,0.6,0.6,0.3,0.6,0.4,0.2,,,,,,,0.3,,0.5,0.3,0.5,0.4,0.9,0.6,0.6,0.2,0.3,0.5,,0.8,,,0.6,,0.8,0.8,0.5,0.6,0.7,0.5,0.4,0.9,,0.8,0.7,0.7,0.6,0.9,0.5,0.5,0.7,0.5,0.7,0.7,0.9,0.8,,0.7,0.7,0.9,0.8,0.9,0.8,,0.5,0.8,0.7,,0.5,0.6,,0.9,0.9,1.1,0.8,0.9,,0.7,0.7,,,0.5,0.3,,,,0.7,1,0.3,0.4,1.1,1.4,,1.1,1,,1.2,1.2,,1.3,,1.1,0.7,0.8,,0.8,0.7,0.2,0.3,0.3,,0.6,0.7,0.8,1.1,0.6,0.6,,0.6,0.9,0.7,0.8,0.6,0.7,0.6,0.9,2.5,0.6,0.5,0.6,0.8,1,0.8,0.8,0.6,0.5,0.5,0.5,0.6,0.5,,0.3,0.3,0.2,,0.2,0.5,0.4,0.3,0.5,0.5,0.3,0.4,0.3,0.1,0.2,0.5,1,0.7,,0.5,0.8,0.7,,0.7,0.6,0.7,0.7,0.6,,0.6,0.8,0.8,,0.8,,1.4,0.9,0.7,0.8,,0.9,0.8,,,,0.6,,0.5,,1,,,,0.6,0.6,0.5,0.8,0.6,,,,0.7,0.7,0.7,0.6,0.8,0.7,,0.7,0.5,0.7,0.5,0.5,0.6,,0.6,,,0.4,0.6,0.5,0.5,0.7,0.9,0.8,0.9,0.7,0.5,0.5,0.5,0.6,0.5,0.8,1.1,0.9,0.9,0.4,0.3,0.4,0.8,0.7,0.8,0.8,,0.7,0.7,0.8,0.6,,0.7,1.1,0.6,0.5,0.4,0.6,0.6,0.6,,,,,0.7,0.7,,0.7,0.6,0.5,0.4,0.3,0.3,0.4,0.7,0.6,0.5,0.5,0.8,1,0.6,,0.8,0.6,,0.9,0.5,0.8,,0.5,0.6,,0.8,0.6,0.7,0.8,0.6,0.7,0.9,0.8,0.7,0.8,0.6,0.7,0.7,,,0.6,0.1,1.4,0.3,2.7,1.1,0.1,0.1,,0.4,0.3,1.1,0.4,0.3,,,0.5,,,,,0.6,,,,,,,,,,,,,,,,0.6,,,,,,,,,,,,,,,,,,,,,,,,,,,,,,,,,,,,,,0.8,1,0.7,1,1,0.5,0.5,0.4,0.5,,,,1.1,0.9,1,0.9,,,0.8,0.6,0.7,0.8,0.6,0.7,,0.9,0.9,0.9,,,1.3,0.9,,0.7,1.1,0.6,,0.7,,0.6,0.3,,,0.4,0.3,,,0.3,0.3,0.4,,,0.3,0.3,0.2,0.2,0.6,0.5,0.5,0.4,0.5,0.3,0.9,0.4,0.6,0.5,0.7,0.8,0.6,0.5,0.5,0.6,0.4,0.3,0.5,0.4,,0.1,0.6,0.6,,0.2,0.3,0.6,0.5,0.3,0.3,0.3,0.3,0.5,0.6,0.5,0.5,,,0.3,0.2,0.3,0.3,0.2,0.1,0.2,0.2,0.3,0.4,0.7,0.2,0.6,0.6,0.5,0.5,0.2,,,0.7,0.3,0.5,,0.5,0.6,,0.2,0.4,0.4,,0.3,0.4,0.5,,0.4,0.2,0.3,0.3,0.3,0.5,0.5,,0.5,0.5,0.4,0.5,0.4,0.6,0.8,0.8,,0.6,0.4,0.5,0.5,0.3,0.3,,0.9,,1,,,,0.6,0.5,0.5,0.5,0.6,0.3,,0.8,,0.9,0.8,0.8,0.6,0.6,0.6,0.6,,0.6,0.8,0.9,,,0.7,0.8,0.7,,0.6,0.6,0.7,,,0.4,0.3,0.4,0.3,0.5,0.4,0.8,2.2,0.8,1.3,0.7,0.7,0.6,0.7,0.8,,0.1,0.5,0.6,0.6,0.8,,1.3,0.8,1.3,1,1.1,0.5,0.8,1,0.8,,1.5,1.7,0.9,0.9,0.8,0.8,1,0.9,,0.5,0.6,,1.2,0.6,0.6,,0.7,1,0.9,0.4,,0.5,0.4,0.6,,0.6,0.7,0.5,0.6,0.7,,0.6,0.6,0.6,0.6,0.4,,0.4,,0.7,0.5,0.5,0.5,0.6,,1.1,1,0.7,1.1,0.8,0.6,0.7,0.8,0.9,0.7,0.6,0.7,,0.6,0.6,0.5,,0.6,0.7,,0.8,0.8,1.1,0.9,,0.7,0.6,0.6,1,1,0.7,0.8,0.8,0.8,0.9,0.7,0.7,0.6,0.5,0.5,0.6,0.5,0.6,0.8,0.8,0.6,0.8,1,1,0.8,0.9,0.7,0.6,0.6,0.7,0.7,0.7,0.7,0.8,0.6,0.6,0.9,0.5,0.8,0.8,0.3,0.7,0.6,0.5,0.8,0.9,0.9,0.8,0.5,0.5,0.5,0.7,0.8,0.6,0.5,0.6,0.6,0.6,0.7,0.5,0.7,0.9,0.8,0.7,0.7,0.5,0.7,0.7,,0.5,0.5,0.5,0.5,0.6,,0.4,0.7,0.4,0.5,0.3,0.6,0.5,0.6,0.5,0.6,0.5,0.5,0.8,0.6,0.5,,,,0.5,0.5,,0.5,,0.4,0.5,0.5,0.7,,0.6,0.5,0.4,,,,,,0.5,0.5,0.6,0.5,0.7,,0.5,,0.4,0.5,0.6,0.6,0.7,0.8,,0.4,0.4,0.5,0.5,,,,,0.2,0.4,0.6,0.6,,0.1,0.7,,0.3,0.6,0.5,0.6,0.6,,0.7,0.5,0.7,0.7,0.4,0.4,0.4,0.5,,0.4,0.5,0.2,0.3,0.6,0.3,0.3,0.2,0.6,,0.6,0.5,,0.5,0.4,,0.3,0.3,0.5,,0.6,,0.3,,0.3,0.2,0.5,0.7,0.5,0.6,0.6,0.9,1.3,0.8,0.7,0.7,0.6,0.4,,0.8,0.9,,0.5,0.7,0.4,,0.2,0.4,0.4,0.5,0.3,0.4,,0.6,0.6,0.2,0.2,,,0.8,0.7,0.4,,0.6,0.5,0.4,0.4,0.5,0.7,0.4,,0.5,,,0.6,0.6,0.6,0.5,0.6,0.5,0.3,0.2,0.6,,0.4,0.2,0.5,0.6,0.5,0.4,1.6,1.3,1,,,1,0.7,1.1,0.3,,0.4,0.2,0.4,0.5,0.6,0.6,1.2,0.9,0.7,0.5,0.9,1,0.8,,0.8,0.5,0.8,0.4,0.4,0.6,0.5,,0.6,,0.7,0.6,0.7,0.7,0.9,1,0.5,0.6,0.3,0.7,0.6,0.5,0.4,0.4,,,0.5,0.5,0.6,0.8,,0.6,0.7,0.8,0.8,,0.4,0.7,,,0.9,0.4,0.9,0.4,0.4,0.7,0.7,0.6,0.6,0.4,0.6,0.6,0.9,0.8,1.1,,0.5,0.6,,0.4,0.6,0.3,0.4,0.8,0.3,0.3,0.6,0.3,0.8,0.5,0.4,0.4,0.5,1,0.4,0.2,0.3,1.1,0.2,0.6,0.4,0.5,0.9,,0.6,0.4,0.5,0.3,,0.3,0.9,1.1,0.6,0.7,0.6,0.7,0.7,0.6,0.7,0.7,0.5,0.9,1.2,0.7,0.6,0.9,1.1,0.5,0.4,0.7,0.7,0.5,0.3,0.7,0.6,,,0.7,0.4,0.5,0.8,0.4,0.2,0.6,0.6,,0.5,0.6,0.5,0.3,0.8,0.7,0.6,0.6,0.8,,0.6,1.2,0.6,1.4,2,0.5,0.2,,0.7,0.5,0.4,0.5,0.5,0.7,0.7,0.7,0.4,0.6,0.3,0.3,0.3,0.3,0.6,0.5,0.7,0.6,0.4,0.4,0.5,0.5,0.8,1,1.2,0.9,0.8,1,0.9,0.5,0.9,0.8,0.6,0.6,0.7,0.7,0.8,0.5,0.7,0.8,0.7,,0.3,0.6,0.7,0.7,0.7,0.2,0.5,0.4,0.4,0.7,0.9,0.8,1,0.5,0.7,0.3,0.9,1.1,0.5,0.4,0.5,0.6,0.3,0.8,0.5,0.7,0.7,0.7,0.6,0.5,0.7,0.7,0.4,0.8,,0.6,0.3,0.6,0.5,0.7,0.3,0.6,0.3,0.4,,0.6,0.5,0.4,0.6,0.6,0.6,0.5,,0.9,0.4,0.7,1,0.7,0.8,0.7,0.8,0.6,0.7,0.7,0.6,1,0.6,0.6,0.4,0.4,0.6,0.8,0.7,1.1,0.6,0.7,0.5,0.4,0.3,0.6,0.8,0.4,0.6,0.9,0.5,0.8,0.7,0.5,0.6,0.3,0.4,0.7,0.4,0.5,1,0.7,0.8,0.5,0.3,0.7,0.7,0.7,0.7,1,0.5,0.6,0.6,0.6,0.7,0.6,0.7,0.6,0.9,0.2,0.7,0.4,0.7,0.6,0.5,0.4,0.3,0.5,0.7,0.6,0.7,1,0.7,0.6,0.7,0.4,0.4,0.6,0.7,0.5,0.7,0.3,0.8,0.5,1.1,0.9,0.2,0.6,0.7,0.7,0.7,0.6,0.7,0.3,0.5,0.7,0.9,0.5,0.6,0.5,0.4,0.4,0.3,0.8,0.3,,0.6,1.2,0.6,0.4,0.4,1.9,0.5,0.4,0.5,0.9,0.4,0.3,0.8,0.5,0.7,0.6,0.6,0.7,1,0.5,0.6,0.6,0.6,0.4,0.4,0.5,0.5,,0.5,0.7,0.6,0.6,0.7,1.1,0.6,0.4,0.7,0.6,0.5,0.4,0.4,0.4,0.4,1,0.5,0.7,1,1.4,0.9,0.7,,0.8,0.7,0.5,0.7,0.5,0.4,0.9,0.8,0.8,1.1,0.8,0.9,0.5,0.8,0.8,0.9,1.1,1,0.8,0.6,0.6,0.7,1.1,0.6,1,0.7,0.9,0.9,0.9,0.8,0.7,0.8,0.7,0.7,0.3,0.6,0.9,1.3,0.7,0.6,1,1.3,0.8,0.3,0.8,0.5,0.8,0.7,0.8,0.9,0.5,0.4,0.4,,0.7,0.4,0.5,1,0.4,0.3,0.7,0.4,0.4,0.7,0.8,0.8,0.5,0.5,0.6,0.8,0.8,0.8,0.6,1.2,0.5,0.5,0.5,,0.3,0.1,0.4,0.3,1,1,0.8,0.8,,0.4,0.5,,0.4,0.4,0.5,0.5,0.4,0.4,0.7,0.6,0.7,0.5,0.4,0.5,0.3,0.6,0.4,0.7,0.4,0.3,0.5,0.4,0.8,0.4,0.4,0.3,0.6,0.6,,0.4,0.2,0.4,0.6,0.6,0.7,0.6,0.8,0.5
20231004,0,CO_24h,0.5,0.5,0.6,0.5,0.6,0.6,0.6,0.6,0.6,0.5,0.6,0.8,,,0.5,,0.5,0.5,0.4,,0.6,,0.5,0.4,,0.8,0.6,,0.9,0.8,0.9,0.9,0.9,0.9,1.1,,0.5,0.4,,0.4,,0.5,0.8,0.7,,0.5,,0.7,0.4,0.6,0.7,0.7,0.4,0.5,,0.8,0.4,,0.3,0.3,0.3,0.5,0.7,0.5,0.9,0.5,0.5,0.4,,0.5,0.4,0.5,0.3,0.2,0.4,,1.1,0.7,0.9,1,1.1,,,1.2,1.3,1.1,1.3,1.3,,0.7,0.8,,,0.4,0.6,0.5,0.5,,0.7,0.7,,0.9,0.6,0.7,0.7,0.6,,0.6,0.6,0.7,0.6,0.6,0.6,0.6,0.7,0.7,0.6,0.5,0.5,0.6,0.5,0.6,0.5,0.4,,0.5,0.5,0.6,0.6,0.7,0.6,0.6,0.8,1,0.8,0.7,1.6,0.5,0.9,0.6,0.6,0.6,0.4,0.6,0.5,,0.4,0.5,0.4,0.6,0.4,0.8,0.2,0.7,0.3,0.3,0.4,0.4,0.6,0.3,,0.6,0.6,0.6,0.5,0.6,0.7,0.2,0.6,0.5,0.6,0.7,0.5,,,,0.4,0.4,,0.5,0.4,0.3,,,,0.3,,0.8,0.6,1,0.8,0.9,0.8,0.9,0.8,0.6,,,,0.8,0.6,,0.6,0.4,0.5,0.5,0.4,,0.4,0.6,0.5,0.6,0.6,0.6,0.4,0.4,,0.2,,0.5,0.5,,0.4,0.5,,0.4,0.5,0.4,,0.6,0.5,0.6,0.5,0.5,0.5,0.6,,,0.5,0.7,0.6,0.5,0.4,0.5,0.4,,0.5,,,0.4,,0.6,0.4,,0.5,0.4,0.5,0.4,0.4,0.4,,0.5,0.5,0.5,0.5,0.6,0.4,0.4,0.4,0.6,0.5,0.6,0.2,0.7,0.5,0.7,0.6,0.5,0.6,,,0.3,0.3,0.4,0.4,,0.3,0.3,0.7,0.9,0.6,,0.7,0.6,0.5,,0.7,0.4,0.5,0.5,,0.4,0.5,0.4,0.4,0.4,,,0.5,0.7,0.7,0.5,0.5,0.6,0.6,0.7,0.4,0.6,0.5,0.6,0.5,0.6,,0.6,0.6,0.5,0.6,0.5,0.4,0.5,,0.5,0.6,0.4,0.6,0.5,0.6,0.6,0.5,0.6,0.5,0.7,0.3,0.9,0.8,,0.7,1,0.9,0.9,0.8,0.6,0.8,0.6,0.8,0.4,0.9,0.7,0.7,0.8,,0.4,0.6,0.8,0.9,0.7,0.5,0.6,0.7,0.7,0.6,0.6,0.8,,0.8,0.8,0.6,0.5,0.7,0.5,,0.5,0.6,0.6,0.6,,,0.9,0.8,0.8,0.7,0.8,0.9,0.8,0.8,0.6,0.7,0.5,,0.7,0.7,0.7,0.8,0.5,0.8,0.7,0.7,,0.4,0.4,0.4,0.4,0.3,,0.9,1,0.6,0.6,0.8,0.8,0.8,,,0.9,0.9,0.8,0.9,1.2,,0.6,0.6,0.5,0.6,,,0.7,0.9,0.4,0.2,0.4,0.6,0.4,0.2,0.3,0.3,0.3,,0.6,0.5,0.6,0.6,0.5,0.6,0.4,0.4,0.3,0.4,0.3,0.2,0.7,0.7,0.8,0.7,0.7,0.6,0.6,0.6,,0.9,0.2,0.6,0.6,,0.7,,0.9,1,,,,,0.8,,,,0.9,0.9,0.7,0.6,1,0.7,0.7,,0.4,0.5,0.6,0.5,0.4,0.7,0.7,0.7,0.6,0.6,0.7,,0.5,0.8,0.5,0.9,,0.9,0.8,0.9,0.6,0.7,0.6,0.7,0.8,0.7,,0.7,0.7,0.6,0.8,0.8,0.7,0.7,0.6,0.5,0.5,0.6,0.7,0.9,0.9,0.6,0.6,0.6,,,0.8,,0.3,0.4,0.6,0.5,0.6,,0.5,0.5,,,0.5,0.7,0.8,0.6,,0.4,0.4,1.7,,0.4,0.5,0.5,0.6,0.6,0.6,0.3,0.6,0.4,0.3,,,,,,,0.3,,0.5,0.3,0.5,0.3,0.9,0.6,0.7,0.3,0.3,0.5,,0.5,,,0.9,,0.8,0.8,0.6,0.7,0.7,0.5,0.5,0.7,,0.7,0.9,0.7,0.6,0.6,0.5,0.6,0.7,0.6,0.6,0.8,0.9,0.8,0.7,0.6,0.7,0.9,0.8,0.9,0.7,,0.6,0.7,0.7,,0.5,0.6,,0.8,0.8,1,0.8,0.9,,0.7,0.7,,,0.4,0.3,,,,0.7,0.7,0.9,0.9,0.9,1.2,,0.9,0.8,,1.2,1.2,,1.4,,1.1,0.8,1.1,,1,0.8,0.3,0.4,0.4,,0.6,0.7,0.7,1,0.7,0.6,,0.7,0.8,0.8,0.8,0.6,0.6,0.6,1.1,2.4,0.6,0.5,0.7,0.8,0.9,0.9,1.1,0.7,0.6,0.6,0.6,0.6,0.6,,0.4,0.5,0.3,,0.2,0.5,0.5,0.5,0.6,0.5,0.5,0.6,0.4,0.3,0.4,0.5,0.6,0.6,,0.5,0.7,0.7,,0.7,0.6,0.7,0.8,0.6,,0.6,0.8,0.9,,0.7,,0.9,0.6,0.4,0.7,,0.9,0.8,,,,0.6,,0.5,,0.7,,,,0.5,0.6,0.5,0.7,0.5,,,,0.7,0.7,0.7,0.5,0.8,0.7,,0.7,0.6,0.7,0.5,0.5,0.6,,0.6,,,0.4,0.6,0.5,0.6,0.7,0.7,0.7,0.8,0.5,0.7,0.7,0.6,0.6,0.5,0.7,0.8,0.8,0.7,0.5,0.3,0.4,0.7,0.8,0.8,0.8,,0.7,0.8,0.9,0.6,,0.6,0.9,0.6,0.6,0.5,0.7,0.6,0.6,,,,,0.6,0.8,,0.7,0.5,0.5,0.4,0.3,0.3,0.4,0.7,0.7,0.5,0.6,0.8,0.8,0.5,,0.8,0.5,,1,0.7,0.7,,0.5,0.6,,0.7,0.5,0.7,0.7,0.7,0.7,0.7,0.7,0.7,0.8,0.6,0.7,0.6,,,0.7,0.3,1.7,0.8,1,0.6,0.2,0.3,,0.4,0.3,0.5,0.3,0.3,,,0.5,,,,,0.6,,,,,,,,,,,,,,,,0.5,,,,,,,,,,,,,,,,,,,,,,,,,,,,,,,,,,,,,,0.8,0.7,0.6,0.8,0.8,0.4,0.4,0.4,0.4,,,,1.2,0.9,1,0.9,,,0.6,0.6,0.6,0.7,0.6,1.1,,1.1,1.1,0.7,,,0.5,0.7,,0.8,1,0.6,,0.8,,1.2,1,,,0.5,0.5,,,0.5,0.5,0.5,,,0.9,0.5,0.2,0.2,0.6,0.5,0.4,0.7,0.8,0.8,1,0.7,0.6,0.6,0.7,0.9,0.6,0.8,0.6,0.6,0.7,0.5,1.2,0.7,,0.4,0.7,0.7,,0.4,0.5,0.6,0.6,0.5,0.5,0.4,0.4,0.5,0.6,0.5,0.4,,,0.3,0.2,0.2,0.6,0.2,0.8,0.2,0.2,0.2,0.5,0.6,0.2,0.6,0.6,0.5,0.6,0.2,,,0.6,0.4,0.4,,0.4,0.5,,0.2,0.4,0.4,,0.3,0.3,0.4,,0.3,0.2,0.3,0.2,0.3,0.5,0.3,,0.5,0.6,0.5,0.7,0.4,0.6,0.7,0.7,,0.5,0.4,0.5,0.5,0.3,0.3,,0.5,,0.6,,,,0.6,0.4,0.5,0.4,0.4,0.2,,0.5,,0.6,0.5,0.5,0.5,0.6,0.6,0.6,,0.5,0.7,0.8,,,0.6,0.8,0.6,,0.6,0.6,0.7,,,0.5,0.2,0.4,0.3,0.4,0.4,0.9,1.5,0.8,1.2,0.7,0.8,0.7,0.9,1.1,,,0.5,0.5,0.6,0.7,,1.3,0.9,1.4,1.1,1,0.4,0.8,0.9,0.8,,1.3,1.6,0.9,0.8,0.7,0.9,1,1,,0.4,0.5,,0.8,0.6,0.6,,0.7,1,0.7,0.4,,0.4,0.4,0.6,,0.5,0.6,0.5,0.5,0.6,,0.5,0.6,0.5,0.5,0.4,0.6,0.4,,0.5,0.4,0.4,0.5,0.4,,0.9,0.8,0.7,0.9,0.8,0.6,0.6,0.6,0.8,0.6,0.5,0.7,,0.6,0.5,0.4,,0.6,0.7,,0.8,0.9,1,0.8,,0.5,0.5,0.5,1,1.1,0.7,0.8,0.9,0.8,0.9,0.9,1,0.7,0.9,0.7,0.7,0.5,0.7,0.8,0.7,0.6,0.7,1.1,1.1,0.9,1,0.8,0.8,0.7,0.9,0.8,0.8,0.7,0.8,0.6,0.7,0.9,0.5,0.9,0.8,0.3,0.8,0.6,0.5,0.8,0.8,0.7,0.7,0.6,0.6,0.6,0.6,0.8,0.7,0.7,0.5,0.6,0.6,0.6,0.5,0.7,0.7,0.6,0.7,0.7,0.4,0.7,0.8,,0.5,0.5,0.5,0.4,0.6,,0.4,0.6,0.4,0.5,0.2,0.6,0.5,0.5,0.5,0.7,0.7,0.8,1,0.6,0.5,,,,0.5,0.5,,0.4,,0.5,0.5,0.6,0.6,,0.6,0.5,0.4,,,,,,0.5,0.6,0.5,0.5,0.8,,0.5,,0.4,0.5,0.6,0.7,0.7,0.9,,0.4,0.4,0.5,0.5,,,,,0.3,0.4,0.6,0.6,0.1,0.1,0.6,,0.3,0.6,0.5,0.6,0.5,,0.7,0.6,0.6,0.5,0.4,0.4,0.4,0.4,,0.3,0.5,0.2,0.2,0.4,0.3,0.2,0.2,0.5,,0.5,0.4,,0.5,0.3,,0.3,0.4,0.5,,0.7,,0.3,,0.3,0.2,0.4,0.7,0.4,0.6,0.5,0.7,0.7,0.7,0.8,0.7,0.6,0.4,,1.2,1.3,,0.7,0.7,0.7,,0.3,0.4,0.5,0.5,0.4,0.4,,0.6,0.6,0.3,0.2,,,0.8,0.7,0.4,,0.5,0.5,0.4,0.4,0.6,0.6,0.5,,0.6,,,0.6,0.6,0.6,0.6,0.5,0.5,0.4,0.4,0.5,,0.5,0.2,0.4,0.5,0.5,0.3,0.7,0.7,0.6,,,0.8,0.8,0.5,0.3,,0.4,0.4,0.6,0.6,0.5,0.5,0.8,0.8,0.6,0.5,0.7,0.9,1.2,,0.7,0.6,0.8,0.5,0.5,0.4,0.5,,0.5,,0.6,0.6,0.7,0.6,0.9,1,0.6,0.5,0.2,0.5,0.8,0.4,0.4,0.4,,,0.5,0.6,0.6,0.7,,0.7,0.7,1,0.7,,0.4,0.7,,,0.9,0.4,1,0.3,0.4,0.5,0.6,0.7,0.5,0.3,0.5,0.6,0.8,0.7,1.1,,0.4,0.5,,0.5,0.6,0.4,0.5,0.8,0.4,0.3,0.4,0.3,0.7,0.5,0.5,0.4,0.3,1,0.5,0.2,0.4,1,0.3,0.7,0.4,0.4,0.9,,0.5,0.4,0.5,0.4,,0.4,0.7,1.1,0.6,0.6,0.6,0.6,0.5,0.6,0.7,0.6,0.7,0.6,1.1,0.6,0.5,0.7,1,0.6,0.5,0.6,0.6,0.5,0.5,0.6,0.6,,,0.8,0.4,0.4,0.8,0.4,0.3,0.5,0.5,,0.5,0.6,0.7,0.3,0.9,0.7,0.6,0.6,0.6,,0.7,1,0.6,0.7,1.1,0.4,0.4,0.5,0.7,0.5,0.4,0.5,0.5,0.6,0.6,0.6,0.4,0.6,0.6,1,0.4,0.5,0.7,0.4,0.7,0.5,0.3,0.3,0.4,0.4,0.7,0.8,1,0.8,0.6,0.9,0.7,0.5,0.8,0.6,0.4,0.7,0.7,0.6,0.8,0.5,0.6,0.9,0.7,,0.3,0.4,0.5,0.5,0.7,0.2,0.4,0.4,0.3,0.6,0.7,0.8,1,0.4,0.6,0.3,0.7,0.9,0.5,0.3,0.6,1,0.3,0.8,0.6,0.7,0.7,0.7,0.6,0.5,0.7,0.6,0.4,0.7,,0.6,0.4,0.8,0.6,0.7,0.3,0.4,0.3,0.4,,0.5,0.5,0.4,0.5,0.6,0.5,0.5,,0.8,0.3,0.5,0.7,0.6,0.9,0.7,0.8,0.5,0.6,0.7,0.6,0.9,0.5,0.6,0.4,0.4,0.6,0.8,0.7,1.1,0.6,0.5,0.5,1,0.4,0.7,0.8,0.5,0.6,0.8,0.5,0.8,0.7,0.5,0.5,0.3,0.4,0.6,0.3,0.3,0.8,0.5,0.7,0.5,0.5,0.8,0.7,0.7,0.7,0.9,0.5,0.6,0.7,0.6,0.7,0.6,0.7,0.5,1,0.4,0.7,0.4,0.6,0.6,0.4,0.5,0.3,0.5,0.5,0.5,0.5,0.6,0.6,0.6,0.8,0.5,0.6,1,0.7,0.5,1.1,0.4,0.8,0.6,1,0.9,0.4,0.6,0.7,0.7,0.8,0.6,0.8,0.3,0.4,0.6,0.8,0.5,0.7,0.5,0.4,0.3,0.3,0.8,0.3,,0.5,0.7,0.7,0.5,0.9,0.8,0.6,0.5,0.5,0.8,0.5,0.2,0.7,0.5,0.7,0.5,0.6,0.6,0.9,0.6,0.6,0.6,0.4,0.4,0.4,0.5,0.5,,0.5,0.7,0.6,0.5,0.7,1.1,0.5,0.6,0.7,0.6,0.5,0.4,0.4,0.4,0.4,0.6,0.4,0.9,0.9,1.1,0.9,0.5,,0.8,0.8,0.4,0.5,0.5,0.3,0.8,0.7,0.6,0.7,0.7,0.7,0.4,0.6,0.7,0.7,0.9,0.8,0.7,0.6,0.3,0.6,0.9,0.5,1,0.6,0.8,0.8,0.6,0.7,0.6,0.8,0.5,0.7,0.3,0.7,0.7,0.7,0.6,0.6,1,1.4,0.8,1,0.8,0.5,0.8,0.7,0.8,0.8,0.6,0.5,0.4,,0.7,0.4,0.4,0.7,0.5,0.4,0.8,0.5,0.5,0.5,0.8,0.6,0.5,0.6,0.6,0.7,0.7,0.7,0.6,1,0.5,0.5,0.4,,0.3,0.3,0.4,0.2,0.7,1.2,0.9,0.6,,0.6,0.5,0.2,0.4,0.7,0.5,0.5,0.5,0.8,0.4,0.5,0.8,0.5,0.3,0.4,0.4,0.6,0.5,0.6,0.6,0.5,0.4,0.4,1,0.5,0.4,0.5,0.5,0.6,0.4,0.3,0.3,0.4,0.6,0.5,0.6,0.7,0.8,0.5
20231004,1,AQI,21,13,23,21,29,22,25,69,49,22,30,16,,,87,,72,73,90,,67,,60,59,,66,73,,79,76,120,80,73,92,52,,82,70,,64,,62,61,67,,66,,62,58,65,124,107,109,115,,118,18,,20,20,21,47,51,46,60,48,51,57,,56,69,63,67,59,62,,82,96,73,79,62,,,79,91,54,73,59,,15,19,,,23,23,21,21,,45,62,,46,88,59,52,54,,53,80,64,66,70,59,,75,92,58,53,25,23,25,18,19,17,,22,20,28,22,19,19,22,21,20,22,22,25,22,19,21,27,30,25,31,30,,29,30,26,26,24,27,32,31,34,25,29,26,27,18,,23,25,36,23,28,21,26,27,26,29,26,53,,,,54,48,,62,49,44,,,,43,,19,24,23,22,24,28,20,31,33,,,,30,52,,38,35,35,27,27,,35,42,57,51,58,56,41,43,,36,,40,39,,34,31,,36,33,26,,29,31,32,49,28,,23,,,24,25,30,30,32,32,28,,26,,,21,,29,30,,29,30,30,26,29,28,,49,45,41,37,36,33,33,30,39,34,34,29,41,35,34,41,35,35,,,35,33,38,40,,49,54,30,32,20,,60,31,20,,24,46,42,46,,51,56,53,55,34,,,30,31,30,27,35,39,62,52,51,49,54,52,50,52,,23,25,20,18,25,32,20,,22,18,19,17,19,25,16,13,19,20,22,18,54,53,,47,61,35,48,48,35,55,54,37,39,35,45,37,44,,38,45,43,39,33,34,40,24,35,44,47,49,,25,41,55,35,43,40,,30,29,25,30,,,58,44,34,51,45,49,63,69,51,55,30,,34,44,35,30,29,31,54,,,28,30,24,26,14,,37,18,25,35,23,18,22,,,22,24,24,30,25,,69,75,33,63,,,73,24,24,29,22,23,27,28,35,28,24,,28,18,31,26,12,21,17,17,18,17,19,17,39,35,28,23,27,21,40,19,,29,32,29,33,,55,,60,58,,,,,48,,,,78,94,67,79,44,52,67,,,26,20,14,25,23,25,20,26,27,28,,28,29,17,23,,23,22,23,17,54,54,27,29,51,,59,50,,31,28,31,32,31,37,30,53,56,34,39,40,36,39,,,62,,60,76,79,57,65,,65,71,,,79,80,64,70,,53,52,64,,85,64,73,70,62,31,29,37,31,27,,,,,,,55,,79,57,48,58,48,51,,37,33,36,,67,,,28,,27,35,32,40,41,44,43,42,,30,20,21,27,46,28,24,36,27,36,39,36,41,,39,40,52,57,36,19,,31,29,39,,37,39,,57,52,61,53,24,,42,15,,,81,72,,,,38,42,31,32,49,58,,45,54,,73,80,,87,,73,70,78,,74,63,22,21,20,,44,54,52,62,51,51,,38,41,31,29,29,40,39,53,55,39,33,46,24,53,30,29,22,27,32,31,52,33,,16,17,17,,17,26,30,24,23,26,25,19,22,19,32,22,27,23,,19,23,32,,23,25,22,23,23,,26,29,30,,57,,62,57,53,59,,63,,,,,61,,58,,51,,,,59,57,59,41,51,,,,14,18,22,13,45,46,,23,23,38,24,29,30,,32,,,24,16,17,18,,59,56,53,59,27,20,,37,46,55,52,38,60,36,22,27,29,54,30,50,,50,51,52,48,,12,40,27,10,37,47,49,45,,,,,74,52,,47,13,28,16,21,19,18,18,36,28,32,30,32,24,,28,25,,41,43,55,,41,40,,53,18,19,29,24,38,40,25,30,32,29,35,42,,,29,29,73,50,69,63,27,30,,29,22,78,100,,,,44,,,,,41,,,,,,,,,,,,,,,,27,,,,,,,,,,,,,,,,,,,,,,,,,,,,,,,,,,,,,,24,49,46,45,54,57,53,55,52,,,,63,62,46,52,,,53,64,56,63,59,70,,82,75,63,,,59,77,,59,65,51,,83,,58,47,,,27,35,,,42,40,21,,,25,29,17,17,49,43,44,29,19,20,20,35,42,35,34,39,37,28,30,37,20,22,30,17,,24,47,27,,31,32,26,30,20,18,21,23,32,31,33,34,,,,15,19,32,22,22,,22,32,16,23,23,24,22,21,23,19,,,26,24,27,,20,20,,22,27,26,,22,35,25,,23,46,21,28,27,34,57,,21,26,31,32,21,22,34,36,,55,31,23,28,20,35,,49,,59,,,,18,39,20,42,51,49,,32,,35,36,35,33,37,42,36,,38,32,58,,,30,38,29,,36,47,26,,,30,20,20,32,19,35,24,54,45,48,43,35,53,59,43,,49,38,51,49,42,,49,62,52,53,63,59,57,60,58,,64,77,67,36,44,43,37,35,,59,61,,65,63,59,,68,56,64,53,,66,82,59,,,58,55,59,56,,40,39,,45,47,,62,,55,59,64,44,46,,37,41,19,51,20,15,41,55,92,64,38,33,,51,45,46,,28,38,,29,24,50,39,,50,40,45,25,17,25,20,,23,20,41,38,38,36,26,35,27,29,37,35,39,60,70,73,74,79,56,47,54,48,48,18,19,15,21,16,20,17,20,22,30,16,14,14,57,79,90,77,20,32,28,41,56,59,44,48,45,39,49,42,51,142,55,36,34,45,30,40,,54,38,37,22,23,,23,22,26,26,18,32,22,29,29,37,38,30,32,32,42,,,,27,22,,27,25,14,9,17,28,,24,26,27,,,,,,29,25,29,25,20,,15,,13,15,12,15,18,25,,26,35,20,28,,,,,20,20,16,10,21,27,35,,22,12,16,25,35,,39,13,32,25,15,22,22,18,,36,38,30,40,23,20,25,16,36,,27,26,,20,13,,15,15,15,,16,,27,,15,14,13,21,23,19,78,63,63,51,18,20,21,19,,54,40,,25,22,37,,32,26,,51,25,30,,45,35,33,37,,,40,26,19,,27,24,22,15,11,30,59,,42,,,65,40,23,18,41,36,63,53,26,,33,32,42,88,90,102,155,172,149,,,64,51,66,25,,26,28,37,62,12,56,38,52,65,63,69,74,68,,67,34,42,32,25,40,21,,46,,55,70,67,29,30,19,29,20,22,58,54,21,30,12,,,41,41,27,72,,57,74,99,32,,30,18,,,36,32,38,36,37,48,54,31,53,24,44,29,32,21,74,,75,77,,34,41,31,26,41,23,23,70,30,45,26,30,31,75,61,29,33,34,54,19,53,11,66,42,,23,29,20,17,,19,72,22,84,32,39,32,36,30,66,59,32,50,67,26,39,29,58,,59,35,70,17,15,19,17,,,53,51,69,27,31,32,43,39,,37,57,50,30,48,36,53,54,35,,28,54,56,51,56,15,31,,30,29,29,28,26,36,26,26,25,28,20,80,20,22,46,55,25,17,22,32,38,32,38,55,82,62,63,48,46,28,34,36,35,50,53,63,42,30,31,55,57,13,79,84,76,85,27,22,46,23,53,22,20,52,39,59,54,55,56,51,17,35,21,14,22,24,28,25,35,33,18,19,15,27,18,53,,39,33,30,35,53,58,67,35,68,,70,67,70,73,12,25,20,,63,23,29,43,42,16,24,35,53,67,61,36,54,25,30,33,25,27,63,35,45,57,60,54,20,24,21,27,24,24,60,32,21,31,22,23,26,29,36,39,62,63,57,63,49,30,32,51,36,33,51,40,44,36,26,32,24,24,28,65,63,77,65,57,64,65,55,24,20,21,38,51,36,48,54,63,54,65,36,60,54,16,,25,13,16,28,25,48,65,39,35,36,38,56,37,64,85,70,65,58,50,64,30,39,73,,78,78,79,61,35,68,25,59,23,34,32,57,53,39,44,58,37,42,52,50,29,13,25,32,29,23,26,,27,15,31,34,49,15,16,15,25,43,30,30,32,34,29,47,39,29,70,60,69,56,,94,58,66,73,71,,74,43,103,129,110,99,98,94,85,92,89,64,53,75,41,51,84,48,58,32,27,32,46,31,24,28,33,32,31,31,147,204,27,23,97,78,62,64,37,42,52,29,45,51,23,24,25,,22,55,56,62,18,19,55,32,36,70,58,64,63,52,63,49,37,35,15,44,30,42,33,,15,18,28,95,60,75,69,51,,18,37,15,22,30,27,62,51,19,17,50,62,43,65,70,25,42,15,53,21,19,,37,73,23,28,26,43,30,20,27,13,17,44,70,67,48,55,30
20231004,1,PM2.5,12,5,12,13,14,13,11,47,29,5,11,8,,,59,,46,45,65,,41,,31,37,,38,53,,45,54,91,59,53,68,20,,60,42,,40,,31,38,48,,42,,44,39,44,94,80,82,87,,89,5,,6,14,14,15,19,21,33,26,28,40,,22,47,39,46,33,22,,46,48,52,52,34,,,38,53,26,52,38,,3,6,,,2,2,2,2,,17,20,,26,28,42,27,38,,26,54,42,40,44,42,39,47,51,41,37,17,16,17,9,5,9,,7,14,15,9,13,11,6,12,14,8,15,17,15,10,10,9,8,9,8,7,,10,8,6,9,9,12,22,14,14,14,18,14,9,9,,11,12,17,12,17,11,18,13,15,18,13,29,,,,38,28,,44,34,30,,,,30,,9,7,12,7,14,19,9,14,22,,,,15,23,,19,24,24,17,14,,20,29,31,24,30,25,24,30,,25,,24,24,,16,17,,18,23,17,,19,20,20,20,9,5,6,,,7,7,7,10,12,11,14,,8,,,11,,10,14,,10,10,12,5,7,9,,26,22,23,20,20,22,16,16,22,22,19,12,27,24,18,24,24,24,,,16,16,16,16,,21,23,12,22,12,,43,19,13,,16,24,20,22,,24,22,22,32,17,,,12,12,7,12,17,17,30,25,20,28,34,28,25,24,,7,17,10,12,17,22,14,,10,12,11,10,13,17,11,9,12,8,13,4,35,32,,26,41,24,24,32,21,38,38,19,19,14,25,21,22,,17,21,25,11,16,13,20,10,24,30,31,17,,17,23,30,24,30,20,,21,20,14,14,,,27,20,15,30,29,30,40,27,30,35,20,,20,18,24,19,20,18,27,33,,16,15,15,16,5,,17,12,17,23,14,10,14,,,10,14,9,16,17,,50,55,18,45,,,53,4,12,20,14,12,12,19,24,19,12,,8,12,8,8,8,8,7,6,6,11,7,6,10,14,9,15,15,12,15,13,,16,14,11,15,,38,,43,41,,,,,30,,,,57,65,26,58,27,30,22,,,14,12,9,11,16,10,12,13,11,18,,18,12,5,5,,2,2,2,11,19,22,12,14,19,,42,31,,15,12,14,14,21,18,21,27,9,9,6,20,19,20,,,36,,32,53,58,28,41,,39,47,,,58,50,35,51,,34,31,34,,63,42,53,51,44,12,15,14,12,12,,,,,,,39,,58,36,21,33,32,23,30,7,7,7,,44,,,19,,18,24,22,14,19,17,20,20,,8,12,9,12,19,11,12,14,7,24,24,20,23,19,21,17,36,40,25,13,,14,16,20,,25,22,,24,22,21,29,15,,20,10,,,47,52,,,,13,16,8,6,34,41,,31,27,,51,59,,64,,38,42,38,,40,45,3,10,14,,27,26,28,32,30,23,,20,20,19,15,19,26,16,32,26,16,12,16,7,25,19,20,7,14,17,18,27,13,,8,8,2,,9,16,21,16,14,18,17,13,15,5,22,15,16,16,,13,14,10,,16,17,15,14,16,,12,20,6,,40,,42,35,33,42,,38,,,,,35,,28,,32,,,,41,40,34,26,26,,,,5,5,9,9,18,29,,15,14,26,14,20,15,,22,,,,11,9,2,,42,32,37,42,13,5,12,17,32,39,35,26,38,15,12,10,20,38,21,35,,33,33,35,31,,5,13,10,6,15,32,28,19,,,,,50,28,,22,9,19,10,11,9,12,10,25,13,22,16,12,14,,14,15,,26,30,24,,17,16,,22,12,12,20,15,15,20,17,16,22,16,24,27,,,7,7,26,15,18,16,,7,,20,4,22,43,89,,,29,,,,,24,,,,,,,,,,,,,,,,14,,,,,,,,,,,,,,,,,,,,,,,,,,,,,,,,,,,,,,13,34,24,31,26,29,36,29,25,,,,31,29,29,24,,,27,26,36,38,29,45,,60,55,45,,,40,56,,42,47,20,,23,,22,9,,,2,24,,,21,11,13,,,17,20,6,2,12,10,14,9,3,3,2,1,22,24,14,27,13,7,12,21,7,6,9,4,,2,20,14,,4,7,11,7,5,6,7,6,15,16,14,17,,,,10,13,9,15,9,,11,8,10,10,14,13,15,12,16,8,,,18,10,13,33,7,6,,15,8,8,,11,24,17,,16,32,4,12,18,23,32,,12,5,18,17,10,7,22,25,,39,8,3,9,13,24,,34,,42,,,,9,11,14,19,31,30,,21,,24,25,24,10,10,15,9,,18,22,31,,,20,20,19,,21,20,18,,,15,12,14,21,13,11,16,34,17,29,24,24,31,26,26,,11,25,29,34,29,,33,44,36,37,45,41,39,43,41,,46,56,48,25,26,29,24,24,35,42,31,,47,45,42,,45,34,39,37,,47,60,42,,49,33,37,42,38,,28,27,,31,25,,38,,39,42,46,12,19,,15,10,4,26,6,10,21,37,68,46,18,9,,32,31,32,,19,26,,20,13,32,23,,35,28,31,9,9,17,14,,15,6,22,26,18,18,18,22,5,20,22,20,27,34,51,53,54,58,37,31,38,33,33,5,5,8,9,2,9,5,14,13,5,10,4,8,40,44,48,34,14,22,14,19,15,17,25,28,27,17,20,21,20,108,39,22,22,31,21,25,,25,18,21,4,2,,5,13,6,14,4,22,13,20,20,24,26,16,18,20,29,,,,13,9,,15,11,2,5,8,5,,16,18,18,,,,,,9,10,20,17,7,,10,,2,10,6,10,12,10,,18,24,12,19,,,,,4,8,11,7,3,7,24,,9,8,11,17,24,,27,1,13,17,10,15,13,12,,25,25,18,28,16,14,11,7,8,,14,18,,14,9,,,2,4,,6,,3,,1,2,9,5,2,6,26,26,20,20,12,8,11,6,,25,28,,17,11,20,,22,16,,29,15,21,,21,23,15,25,,,21,17,13,,15,12,12,8,,16,25,,20,,,24,22,16,10,12,4,18,16,11,,14,22,20,31,39,55,94,106,73,,,37,13,39,17,,6,12,14,16,8,26,24,36,38,37,44,53,48,,25,18,25,22,6,19,10,,32,,39,51,48,20,14,13,7,7,5,33,24,13,12,3,,,18,19,14,43,,38,54,74,22,,21,12,,,14,17,18,24,23,33,33,7,31,15,27,9,8,14,53,,54,56,,22,19,20,18,9,7,10,46,21,23,10,17,15,48,36,17,19,14,36,12,36,3,40,29,,16,20,13,3,,9,40,12,62,22,22,22,25,21,30,28,22,11,48,15,27,15,41,19,41,24,51,6,10,7,6,,,37,21,36,12,18,2,17,25,,18,40,30,21,30,15,36,28,16,,19,34,35,34,34,5,14,,6,6,8,5,12,15,9,6,13,15,9,7,11,3,32,31,15,10,9,19,26,22,26,39,60,44,29,21,26,13,18,19,24,29,32,40,29,13,16,32,16,3,58,62,42,63,17,8,15,15,37,12,14,36,22,42,38,39,35,34,5,24,9,3,15,15,19,10,24,23,12,11,9,13,12,37,,27,23,21,10,34,41,39,7,49,,51,39,44,51,6,17,13,,45,16,20,30,29,8,14,20,23,48,17,15,33,14,10,17,10,13,33,24,31,40,43,31,8,13,14,9,11,13,43,7,11,16,15,11,18,15,25,17,22,29,31,20,19,11,21,13,25,20,3,19,14,12,18,22,16,12,17,43,45,39,28,33,40,41,18,16,14,14,26,26,24,27,25,44,29,40,23,43,29,7,,9,6,9,12,6,33,46,27,24,24,26,24,22,41,63,51,36,24,32,45,5,24,48,,52,57,52,38,15,26,17,21,16,17,13,25,33,13,22,41,19,20,30,35,20,8,17,17,10,11,10,,6,10,2,20,34,10,10,10,15,30,21,16,11,19,7,22,17,20,51,43,50,26,,70,14,36,53,36,37,40,19,77,98,83,53,73,69,50,52,50,30,29,39,20,33,62,27,36,22,5,22,32,15,14,11,23,15,1,2,112,154,14,4,72,42,29,10,20,17,36,12,24,26,8,10,17,,13,23,35,44,12,13,30,14,12,51,41,46,39,29,23,29,20,15,10,29,18,19,18,,6,3,9,27,43,55,47,31,,5,15,8,12,8,9,44,29,2,7,28,44,30,32,47,11,25,7,31,3,2,,18,53,16,19,15,13,7,14,14,5,1,28,46,48,31,36,21
20231004,1,PM2.5_24h,40,31,35,32,34,37,29,40,37,29,32,29,,,27,,26,25,28,,26,,20,21,,21,35,,32,40,44,38,40,46,32,,28,27,,26,,17,32,31,,39,,34,30,30,67,54,49,48,,54,9,,15,18,18,16,16,24,25,22,29,37,,29,25,25,30,25,22,,32,26,32,30,44,,,71,67,39,53,40,,30,29,,,24,29,25,28,,17,16,,19,15,18,16,18,,19,25,23,23,22,24,23,21,22,22,16,22,20,15,16,13,14,,15,15,16,19,18,16,16,19,18,21,20,23,16,20,16,9,11,8,11,7,,8,9,7,9,7,10,10,7,6,8,10,11,8,13,,10,11,11,11,10,11,6,11,8,8,5,15,,,,25,21,,22,23,21,,,,13,,8,7,10,9,10,11,10,10,17,,,,12,15,,12,16,16,13,12,,12,18,17,14,18,19,13,17,,13,,22,21,,16,19,,22,20,18,,19,17,23,20,12,14,10,,,16,12,14,17,17,15,16,,14,,,15,,8,11,,12,13,19,6,9,8,,22,23,27,23,26,21,18,14,16,15,14,7,19,16,13,15,14,19,,,12,11,14,9,,18,17,24,24,18,,28,23,13,,22,18,18,17,,17,19,17,23,17,,,10,11,10,12,14,16,21,19,18,19,22,21,19,20,,5,6,9,6,11,8,8,,6,10,8,10,7,9,13,9,9,7,6,6,31,35,,33,33,33,28,30,20,29,24,20,21,19,21,17,25,,14,13,17,22,16,14,20,14,26,28,26,24,,22,28,31,23,21,22,,22,21,21,19,,,27,23,24,26,25,25,23,16,26,24,24,,18,18,21,20,19,17,19,21,,11,11,10,12,5,,16,9,17,17,10,10,18,,,13,21,14,13,20,,24,20,19,25,,,23,14,11,19,15,19,13,16,24,18,13,,7,9,8,10,7,8,9,8,7,6,7,5,15,12,14,11,13,15,14,10,,15,15,10,13,,36,,36,36,,,,,26,,,,42,41,25,29,29,26,26,,20,10,8,7,9,14,12,12,15,12,17,,18,12,8,20,,26,24,21,21,15,17,14,18,15,,22,16,12,17,15,14,16,16,16,14,18,23,19,22,13,15,18,,,27,,21,29,25,26,28,,24,33,,,30,35,26,41,,25,30,39,,43,31,32,30,32,11,12,10,9,14,,,,,,,21,,33,30,21,30,18,14,16,9,6,10,,27,,,27,,29,28,26,22,20,19,23,19,,12,12,13,13,16,13,19,17,12,24,24,22,26,18,23,17,32,31,25,13,,13,17,19,,24,27,,23,24,22,26,23,,25,9,,,30,30,,,,21,23,21,21,25,32,,25,22,,41,46,,51,,43,44,43,,46,45,11,14,13,,18,16,19,20,18,15,,16,21,18,18,20,17,14,18,31,16,10,15,29,26,22,26,24,13,12,15,14,15,,15,14,8,,11,17,20,25,17,17,23,12,15,18,16,13,12,11,,13,12,11,,12,15,17,17,19,,16,18,12,,29,,30,26,23,29,,26,25,,,,25,,19,,24,,,,32,30,23,26,24,,,,4,7,4,6,17,17,,11,8,15,7,17,7,,7,,,4,7,9,4,2,24,22,26,27,12,9,14,17,21,33,24,20,19,19,9,10,19,24,25,24,,31,33,31,25,,8,10,8,9,20,30,30,23,,,,,22,26,,24,8,16,8,10,9,15,14,16,16,16,13,8,11,,16,16,,37,35,21,,12,15,,18,10,10,20,17,19,23,16,22,23,23,19,23,,,8,14,37,34,17,18,5,13,,20,8,25,24,27,,,26,,,,,13,,,,,,,,,,,,,,,,9,,,,,,,,,,,,,,,,,,,,,,,,,,,,,,,,,,,,,,11,20,20,18,17,23,27,24,23,,,,18,18,21,19,,,24,24,26,24,27,56,,57,58,29,,,27,33,,38,42,18,,23,,25,22,,,16,22,,,24,21,20,,,21,23,6,4,17,14,16,20,20,21,20,13,15,16,16,18,16,15,15,17,17,21,20,20,,16,20,15,,11,12,12,13,20,17,16,14,13,13,11,14,,,15,17,14,16,13,15,9,10,12,10,8,11,15,14,12,12,6,,,7,11,10,19,11,11,,13,10,8,,12,16,11,,17,18,11,17,16,15,19,,12,15,12,16,18,9,16,16,,17,12,12,13,11,12,,20,,30,,,,5,5,9,8,18,11,,18,,16,16,16,11,11,10,13,,21,20,20,,,15,20,17,,19,20,17,,,13,14,20,22,22,12,18,43,35,37,34,35,40,38,43,,12,26,28,30,30,,30,30,31,31,38,37,34,35,43,,44,48,45,31,34,32,32,30,19,25,22,,34,28,34,,28,23,29,24,,27,28,24,,35,24,28,31,31,,22,19,10,24,28,32,31,,33,34,40,12,15,,16,11,4,14,6,8,16,20,30,23,7,9,,26,19,21,,11,9,,12,9,16,15,,21,16,18,10,6,25,24,,24,28,29,36,30,28,35,35,6,14,14,14,13,35,56,55,58,63,53,56,54,54,61,5,9,13,10,10,8,12,18,11,14,4,7,7,30,30,29,23,12,15,10,15,18,15,21,21,20,15,19,24,24,30,32,21,18,31,19,21,,24,19,17,7,7,,4,12,7,9,5,16,11,16,16,24,22,15,21,15,17,,,,11,9,,9,8,2,4,6,4,,10,8,7,,,,,,11,14,16,15,14,,10,,5,8,10,12,11,10,,18,18,12,15,,,,,6,6,16,15,12,14,22,,8,10,8,14,13,,18,7,10,13,12,14,9,8,,16,19,15,16,10,14,8,9,11,,13,10,,9,7,,2,4,5,,14,,4,,1,4,6,5,5,7,18,22,19,19,9,12,12,8,,30,30,,15,13,19,,28,24,,24,18,22,,17,20,23,25,,,20,14,17,,17,12,19,17,6,13,29,,29,,,34,16,14,10,9,14,18,26,7,,19,16,15,28,28,33,41,46,51,,,26,23,24,12,,6,21,22,17,9,18,27,33,24,23,24,46,71,,22,13,14,15,16,15,15,,20,,29,33,23,16,12,13,17,9,7,16,17,9,13,6,,,31,21,14,23,,28,33,53,14,,19,9,,,13,13,11,11,23,18,17,7,14,14,16,19,16,17,46,,25,32,,18,22,41,37,13,18,17,29,13,24,9,23,12,22,26,17,20,21,31,15,28,5,31,24,,21,22,21,11,,19,26,15,38,14,17,8,8,8,22,22,18,12,47,12,16,15,29,19,34,16,33,7,8,7,6,,,34,16,29,16,21,3,18,14,,20,28,35,18,42,12,26,24,14,,17,30,24,34,34,5,19,9,5,8,10,8,11,11,9,7,22,25,18,15,17,13,20,24,12,13,6,9,15,12,22,28,36,32,32,23,25,18,24,23,17,27,24,24,27,13,20,29,23,10,34,31,23,33,12,12,16,11,16,14,16,37,34,32,30,30,29,26,8,15,8,7,8,21,19,9,18,20,10,12,12,11,12,22,,23,34,21,13,31,26,28,10,31,,20,29,32,27,7,10,12,,21,10,14,21,19,28,14,20,20,32,17,18,33,10,18,13,14,19,24,22,36,28,37,31,20,18,9,11,12,11,14,9,12,15,13,10,8,14,13,7,12,19,24,26,21,16,17,24,20,20,16,18,17,13,18,17,15,18,17,44,30,27,30,25,33,22,20,12,13,12,19,20,18,17,17,33,23,31,40,25,24,9,14,9,9,18,7,14,22,20,25,31,22,32,26,13,20,25,27,18,26,28,31,5,13,33,,28,35,33,25,28,27,16,26,12,17,12,16,19,12,24,19,22,23,22,18,22,21,12,14,9,9,10,,8,10,4,14,22,8,8,11,11,23,18,16,14,14,10,22,22,24,34,25,38,23,,52,29,23,40,25,24,35,26,57,65,58,42,49,45,42,37,31,16,19,22,17,19,36,22,33,16,13,22,19,17,15,13,19,15,7,10,65,92,8,6,75,43,17,23,25,19,28,20,25,24,18,8,21,,13,20,23,30,16,25,25,13,12,32,35,32,27,28,34,28,20,11,5,15,19,13,21,,6,9,9,22,32,48,29,28,,26,30,29,30,20,9,31,22,24,10,20,31,28,22,29,20,34,26,33,26,25,,15,34,20,16,29,15,11,19,15,6,1,28,29,23,32,18,20
20231004,1,PM10,21,8,23,21,29,22,25,88,49,12,24,16,,,123,,94,95,129,,84,,70,68,,81,84,,107,101,164,78,91,104,53,,106,90,,77,,74,66,82,,82,,56,66,79,143,123,155,174,,129,18,,8,19,21,47,51,46,69,48,51,57,,62,88,75,84,68,74,,113,142,95,108,74,,,107,131,58,95,67,,12,19,,,6,12,13,7,,45,73,,46,125,68,53,47,,55,110,77,81,90,68,51,99,133,59,37,16,16,17,12,13,17,,22,20,28,10,7,17,22,9,14,16,5,10,5,5,20,18,18,17,18,18,,19,19,18,17,24,27,27,31,34,25,29,26,27,18,,23,25,36,23,28,20,19,27,26,29,26,56,,,,51,48,,66,48,44,,,,36,,19,24,23,22,24,19,7,31,33,,,,30,54,,38,34,31,27,27,,35,41,63,51,66,61,41,39,,25,,40,39,,34,31,,36,31,26,,29,31,32,49,16,23,23,,,24,19,14,27,25,27,24,,22,,,19,,29,30,,19,27,24,18,20,19,,49,45,41,37,36,33,33,30,39,34,34,29,41,34,34,41,34,31,,,35,32,38,40,,49,58,30,29,19,,30,31,17,,24,46,42,46,,51,61,56,59,27,,,27,31,29,24,29,39,74,54,52,49,57,53,50,53,,23,20,20,17,22,28,19,,19,10,19,17,16,15,16,5,19,20,22,18,57,55,,47,72,32,48,48,35,60,50,37,39,35,45,37,44,,38,45,43,39,33,34,40,24,31,44,47,49,,24,41,60,34,22,40,,28,25,25,30,,,66,44,34,51,45,49,76,88,51,60,30,,34,44,20,30,26,31,57,,,28,30,24,26,14,,37,15,23,35,23,18,22,,,22,24,24,30,22,,49,61,33,70,,,65,6,22,14,22,22,27,27,27,27,17,,28,10,31,26,10,21,13,14,9,17,11,8,39,35,28,23,27,21,40,19,,29,32,29,33,,60,,47,50,,,,,48,,,,91,137,84,101,44,54,83,,,26,20,7,25,19,25,20,26,27,28,,28,29,17,23,,20,19,16,15,58,58,27,29,51,,57,50,82,31,28,31,32,23,37,26,55,61,34,39,40,36,39,,,73,,70,102,88,63,80,,79,91,,,95,110,78,75,,56,53,78,,107,78,95,75,46,31,24,19,17,27,,,,,,,52,,98,63,48,66,48,51,48,12,24,17,,83,,,26,,27,31,29,39,36,44,43,42,,30,20,21,27,46,28,24,36,27,36,39,36,41,24,39,40,49,61,36,15,,31,29,39,,31,38,,64,54,72,56,24,,42,11,,,112,89,,,,38,42,31,32,44,52,,41,58,,96,82,,94,,96,89,106,,97,72,10,11,12,,44,58,54,73,51,52,,38,41,31,23,20,40,38,55,59,21,23,46,24,55,30,9,21,27,32,31,54,33,,15,16,12,,4,26,17,24,21,24,6,12,8,14,20,18,27,17,,15,23,32,,19,19,17,17,13,,17,28,6,,57,,73,64,56,60,,76,78,,,,71,,66,,52,,,,68,55,67,41,51,,,,12,18,22,6,45,46,,23,23,25,24,22,30,,31,,,24,14,13,18,7,60,61,50,51,27,17,20,37,39,39,54,36,69,36,22,27,28,30,28,42,,50,51,54,48,,12,40,27,9,37,47,49,45,,,,,97,54,,47,8,11,16,21,19,10,18,21,28,23,30,32,24,,28,25,,41,43,59,,41,40,,55,13,19,23,24,38,40,22,30,31,29,29,42,,,17,29,95,50,87,76,13,24,,25,13,106,149,,,,44,,,,,41,,,,,,,,,,,,,,,,27,,,,,,,,,,,,,,,,,,,,,,,,,,,,,,,,,,,,,,24,49,46,34,57,63,55,60,53,,,,76,73,46,54,,,55,77,62,76,67,90,,107,79,62,,,68,77,,56,70,51,,116,,65,47,,,27,29,,,42,40,20,,,13,22,17,16,49,43,44,29,17,16,18,35,42,31,28,36,37,28,30,37,19,12,30,17,,24,36,27,,12,9,26,20,14,16,7,23,32,31,33,34,,,32,13,19,32,14,8,5,22,12,13,23,23,24,18,21,20,12,,,8,19,27,30,8,8,,14,27,26,,22,27,24,,19,11,15,28,27,34,64,,21,26,31,32,21,22,34,14,,42,31,23,28,20,28,,49,,50,,,,18,39,20,42,52,49,,32,,26,19,28,33,37,42,27,,38,27,66,,,30,38,29,,36,47,26,,,30,20,19,32,18,35,24,57,45,48,43,33,56,67,43,,49,38,52,34,28,,49,42,50,50,67,67,63,61,63,,67,70,74,35,44,43,37,34,61,68,71,,61,72,64,,85,62,78,46,,82,91,66,,,66,59,61,61,,40,38,27,37,47,,74,,50,49,43,44,46,,37,41,12,52,20,8,41,60,51,45,38,33,,51,45,38,,18,28,,29,24,50,39,,46,37,35,25,17,22,14,22,23,20,41,31,38,36,25,35,27,19,37,35,39,69,64,79,73,83,62,47,51,45,43,7,12,12,21,15,20,17,20,22,30,16,14,14,59,108,130,103,20,28,28,41,62,67,44,48,45,39,49,42,51,67,56,36,34,32,27,40,,58,38,37,22,12,,4,22,26,26,18,29,22,21,23,37,32,30,32,32,29,,,,27,22,,27,25,14,9,17,28,,24,24,27,,,,,,29,25,25,21,20,,14,,8,13,12,14,16,25,,22,21,16,28,,,,,18,13,11,9,21,27,31,,17,9,14,22,20,,29,5,32,17,13,13,22,8,,24,38,30,28,21,12,25,16,36,,27,21,,16,9,,5,4,11,,11,,8,,4,6,12,4,8,12,106,76,75,51,11,20,21,19,,58,40,,21,22,37,,14,20,30,52,7,24,,45,35,33,37,,,40,26,16,,21,24,12,12,,30,67,,42,,,79,40,23,18,41,36,76,56,26,,33,29,42,125,130,153,260,293,247,,,78,51,82,21,,21,28,37,73,8,62,38,54,79,76,87,98,85,,83,34,42,32,22,40,17,,44,,53,79,72,27,30,14,22,20,22,66,57,21,30,2,,,41,41,27,94,,64,87,104,31,,26,17,,,36,32,38,36,37,46,57,24,56,24,44,29,32,21,98,,99,86,,34,32,31,26,41,21,23,89,24,45,26,30,28,99,72,29,27,34,58,19,56,1,81,38,,19,23,16,6,,19,94,22,75,22,39,32,35,20,82,68,32,50,69,26,28,29,57,39,67,31,80,17,9,19,17,,,53,51,87,16,31,7,43,39,,37,56,50,29,48,36,55,58,35,,26,58,62,52,61,15,31,,14,16,17,17,20,36,24,21,25,28,14,110,20,21,37,60,25,16,22,32,36,31,37,60,97,61,75,48,46,28,34,36,29,50,56,75,34,30,31,59,63,3,95,115,102,112,27,17,46,23,49,22,20,51,39,57,53,48,62,51,12,18,8,7,13,24,26,25,32,28,18,19,5,27,9,44,,29,20,30,35,56,54,83,17,75,,80,83,90,95,12,21,20,,58,13,22,43,31,16,24,35,55,58,71,36,57,25,25,33,24,23,76,17,31,61,68,57,18,24,21,27,24,24,51,32,21,31,21,23,22,21,25,39,73,76,63,76,49,30,32,51,29,33,51,40,44,36,26,29,24,24,28,80,69,104,79,64,77,80,59,24,18,20,38,52,36,48,57,75,58,79,36,68,57,12,,25,7,16,28,25,44,79,36,32,36,32,61,37,78,100,66,80,66,50,78,14,39,95,,106,94,108,71,35,86,22,67,16,34,32,63,55,39,44,39,37,42,54,42,27,12,22,32,29,23,26,,22,12,31,34,32,6,16,11,25,41,25,30,19,34,16,47,39,21,75,57,74,62,,94,66,81,85,91,,97,43,106,168,138,148,144,137,120,134,128,77,55,100,41,52,110,48,66,26,27,25,46,31,24,28,29,32,9,31,222,283,27,6,97,105,74,77,37,42,47,29,45,52,23,23,21,,18,59,62,63,9,17,59,26,36,76,60,75,75,53,75,49,37,35,15,44,30,42,33,,13,,18,140,61,84,87,51,,13,37,15,22,30,27,57,51,17,17,50,56,28,80,90,25,42,15,55,19,9,27,37,94,22,26,26,43,26,15,27,13,4,44,90,73,48,59,28
20231004,1,PM10_24h,69,47,70,59,65,68,59,76,66,58,61,60,,,61,,55,51,62,,55,,54,41,,46,48,,78,84,84,78,79,78,74,,55,59,,49,,58,67,60,,64,,49,56,45,101,83,97,109,,101,34,,40,39,29,44,47,46,61,42,60,65,,64,52,49,58,55,60,,71,72,65,70,81,,,112,122,80,87,84,,50,48,,,51,54,48,55,,47,50,,49,53,49,43,42,,51,56,44,46,43,41,38,42,47,30,23,54,49,50,49,47,33,,48,45,50,35,37,38,43,49,38,47,42,43,31,44,46,24,24,22,23,28,,22,21,23,22,17,16,21,16,18,24,20,18,15,24,,27,31,29,27,26,27,17,20,16,19,16,32,,,,41,41,,41,40,30,,,,25,,21,26,25,21,22,22,19,22,34,,,,36,29,,23,25,21,18,16,,23,22,29,31,27,36,27,19,,17,,37,36,,43,31,,36,31,28,,29,33,40,37,20,35,39,,,36,27,31,35,35,28,37,,30,,,32,,28,29,,27,26,31,18,18,18,,52,43,47,47,44,31,34,32,25,22,21,17,29,22,26,24,21,24,,,36,32,38,36,,37,37,52,46,37,,46,45,18,,48,37,43,41,,42,55,40,49,23,,,28,35,34,28,33,43,41,39,35,36,40,37,41,41,,12,12,10,11,10,11,10,,10,11,16,12,13,13,13,16,17,14,20,12,47,48,,44,62,43,43,49,35,42,32,41,44,38,47,35,49,,31,33,36,55,33,29,33,30,43,47,50,40,,40,53,49,40,43,37,,36,40,36,39,,,43,44,40,44,43,43,49,58,44,38,35,,30,30,32,31,31,33,37,48,,23,24,21,22,13,,24,14,24,33,16,15,33,,,21,44,24,29,30,,39,35,35,41,,,40,24,23,24,27,24,26,28,27,25,19,,15,13,18,17,25,15,14,18,9,14,16,9,31,22,24,22,23,20,28,18,,28,32,22,25,,53,,48,47,,,,,47,,,,75,88,60,61,87,62,60,,55,17,17,16,18,17,26,24,27,26,27,,26,24,19,43,,52,37,39,38,38,29,26,28,33,,42,41,55,32,31,27,30,30,32,38,42,59,42,49,39,36,43,,,62,,44,47,46,38,67,,61,64,,,59,63,56,71,,47,52,88,,77,60,70,51,53,29,27,25,21,36,,,,,,,51,,68,58,45,62,35,33,36,15,24,22,,53,,,40,,38,35,43,44,43,46,49,51,,31,45,26,27,36,23,37,36,30,38,34,36,41,44,42,48,40,47,39,27,,31,26,31,,44,43,,49,46,55,53,33,,47,14,,,67,57,,,,65,64,63,67,38,37,,37,44,,72,67,,76,,80,81,99,,81,63,28,32,29,,36,43,42,54,42,74,,61,51,38,45,40,55,36,42,67,32,28,48,49,71,43,53,47,28,28,32,34,30,,28,19,25,,18,35,38,37,43,37,32,27,19,30,31,17,18,17,,15,18,18,,12,33,28,31,31,,33,30,17,,38,,42,36,32,36,,52,53,,,,47,,44,,42,,,,53,38,40,41,42,,,,11,11,16,11,28,26,,14,13,14,10,11,12,,11,,,9,12,8,9,3,31,42,38,44,24,29,26,29,32,36,44,38,38,32,18,21,26,34,29,32,,44,49,44,38,,21,23,18,13,41,47,52,44,,,,,50,50,,47,11,22,26,19,22,19,16,22,24,22,21,22,18,,28,24,,45,47,48,,25,32,,37,16,15,30,27,29,36,29,32,32,31,28,34,,,25,44,77,57,57,43,20,27,,35,26,82,95,77,,,50,,,,,32,,,,,,,,,,,,,,,,27,,,,,,,,,,,,,,,,,,,,,,,,,,,,,,,,,,,,,,23,31,34,32,34,45,41,51,37,,,,43,47,49,41,,,56,73,52,61,69,111,,117,99,42,,,46,51,,68,67,56,,69,,50,43,,,50,26,,,56,54,34,,,26,28,20,19,36,36,32,58,55,51,60,52,39,44,40,54,48,47,61,50,41,39,49,34,,57,44,29,,28,25,37,32,40,32,28,33,26,30,26,33,,,32,24,23,54,10,49,26,24,11,15,16,20,41,33,28,27,10,,,12,30,27,34,21,22,,14,24,24,,18,21,16,,25,23,18,28,23,27,38,,21,26,28,34,24,19,20,20,,18,43,36,29,18,20,,31,,33,,,,13,16,10,16,28,26,,25,,23,19,22,31,34,33,49,,32,27,38,,,29,32,31,,34,38,30,,,30,33,34,35,37,45,27,62,52,53,49,45,70,66,61,,46,52,52,53,53,,46,39,57,44,55,58,54,52,63,,65,67,63,48,57,56,53,51,40,52,47,,52,49,46,,47,38,50,37,,51,52,41,,37,45,43,47,48,,32,28,21,28,51,48,59,,52,46,45,31,32,,28,32,6,27,14,14,30,31,28,29,16,19,,37,32,36,,20,18,,21,11,23,20,,30,22,21,22,15,37,46,37,36,43,43,46,55,45,49,50,15,12,25,18,21,65,63,69,65,75,64,73,67,62,72,12,16,21,22,20,21,20,21,20,22,11,12,13,58,66,64,61,24,29,22,32,41,41,35,41,27,37,47,39,55,58,51,31,31,33,32,37,,43,32,27,16,14,,10,20,17,18,13,20,16,19,19,44,28,30,33,35,26,,,,20,21,,22,20,23,16,19,27,,18,16,15,,,,,,24,21,22,22,23,,14,,8,14,16,20,17,23,,22,27,19,26,,,,,13,16,24,22,20,20,28,,16,11,13,22,14,,25,12,22,11,12,15,10,12,,23,34,23,22,17,14,15,17,23,,22,17,,14,7,,8,12,14,,29,,10,,6,7,12,12,15,13,49,61,52,45,14,23,19,16,,65,48,,23,20,42,,60,57,30,41,51,51,,35,29,38,38,,,47,34,24,,27,34,24,28,7,36,67,,53,,,86,24,18,17,47,54,49,72,15,,43,34,37,135,106,97,137,147,117,,,69,48,61,20,,29,48,53,54,10,40,38,46,51,50,46,77,128,,57,36,25,22,32,33,30,,29,,47,56,38,23,24,22,54,32,22,48,43,20,27,11,,,68,47,31,53,,76,57,98,19,,29,17,,,38,31,32,20,33,31,39,26,31,19,28,36,32,30,83,,49,45,,30,46,55,49,38,30,34,58,19,41,23,48,31,50,41,27,34,47,61,21,56,6,65,36,,24,28,22,30,,41,72,30,37,19,33,12,12,12,49,46,32,37,68,14,23,32,39,37,56,18,67,14,15,17,15,,,38,39,62,23,34,8,26,26,,42,45,65,22,65,30,44,53,29,,43,46,40,53,55,23,43,25,15,24,22,23,28,32,33,22,40,60,33,52,39,38,23,40,25,20,16,19,23,20,32,49,55,45,51,42,50,35,43,43,33,56,45,54,35,34,34,41,49,23,58,69,65,66,18,22,37,19,20,25,24,57,54,35,37,44,33,35,16,24,16,20,14,31,29,22,27,26,18,16,8,20,14,35,,31,39,33,37,60,56,56,26,59,,37,66,69,54,11,17,19,,41,16,18,25,17,36,26,32,36,40,37,37,53,24,34,32,29,30,51,37,55,64,66,65,45,32,18,16,17,26,23,24,30,31,27,24,18,22,17,22,32,62,56,58,53,38,29,51,27,33,43,38,35,28,27,32,30,42,30,86,48,56,82,49,65,49,52,21,19,19,27,31,24,32,44,54,36,50,62,43,44,17,16,18,10,33,23,55,34,28,36,38,42,48,73,29,39,49,56,59,57,48,60,15,32,67,,64,58,70,55,51,53,25,50,23,29,26,38,34,35,52,31,37,42,41,34,31,29,16,26,22,18,21,,25,17,17,20,20,12,14,23,22,36,32,31,30,28,23,67,96,65,53,38,58,65,,79,68,54,67,74,52,72,50,91,117,104,111,115,98,97,90,88,38,38,55,31,26,58,36,47,18,30,25,33,32,25,23,26,29,19,48,206,205,16,12,104,92,45,61,43,42,60,40,38,41,37,24,27,,16,48,39,36,28,37,41,29,34,65,66,59,55,57,87,45,30,17,16,20,33,33,30,,20,17,22,98,45,69,57,41,,56,66,51,56,67,22,51,46,39,27,47,52,45,58,49,33,60,55,63,47,41,20,40,61,44,38,57,46,34,42,29,10,8,45,59,37,65,42,29
20231004,1,SO2,3,3,3,3,3,3,3,3,3,1,3,3,,,10,,7,10,7,,10,,7,6,,8,6,,4,2,2,3,5,6,8,,2,4,,1,,16,12,17,,12,,3,3,8,7,6,7,7,,9,3,,1,1,7,8,5,7,2,2,1,1,,5,8,10,9,6,10,,24,16,16,16,5,,,3,11,6,12,7,,5,6,,,8,5,4,6,,26,41,,12,13,31,20,24,,9,7,11,9,10,10,6,10,12,9,8,6,6,5,5,7,6,,5,6,6,6,6,6,5,2,4,3,7,8,7,6,8,4,8,7,8,8,,4,6,6,5,5,2,3,3,6,3,4,6,1,5,,8,10,10,8,8,10,7,8,9,6,8,6,,,,5,6,,6,6,6,,,,9,,5,8,10,7,5,7,9,9,9,,,,12,15,,4,5,2,6,5,,7,6,8,10,5,8,7,5,,9,,7,6,,8,4,,6,7,8,,9,6,8,6,6,8,5,,,6,7,7,6,5,4,6,,7,,,3,,4,5,,6,4,6,6,5,5,,4,5,3,8,3,6,6,6,6,6,5,5,6,4,4,5,5,5,,,5,4,3,3,,4,5,4,5,6,,8,6,8,,7,6,3,5,,4,3,4,7,4,,,6,5,6,6,9,5,4,5,6,8,6,6,8,9,,8,6,6,8,6,8,6,,7,4,4,6,6,4,4,4,3,3,3,6,4,7,,4,6,7,4,4,5,6,6,4,6,9,8,5,6,,2,6,6,8,6,6,5,6,9,6,6,7,,6,4,9,10,7,4,,6,6,4,5,,,6,3,11,5,6,7,4,6,6,20,4,,8,6,9,7,9,8,9,6,,6,6,5,7,6,,5,8,5,6,5,5,6,,,7,6,6,6,5,,3,2,3,2,,,4,6,5,3,3,5,5,6,3,8,4,,12,6,9,6,17,7,7,7,8,9,6,6,8,6,4,6,7,5,3,5,,5,1,5,7,,4,,11,18,,,,,15,,,,10,10,6,3,2,5,6,,,7,4,6,10,6,5,5,3,4,4,,2,4,5,8,,29,9,8,15,37,12,5,3,8,,6,8,5,10,7,11,5,9,8,6,24,15,14,18,7,6,4,,,8,,14,16,22,8,10,,13,8,,,8,9,6,21,,8,7,23,,6,5,5,6,6,9,4,4,6,2,,,,,,,13,,6,10,9,9,8,5,10,3,4,7,,16,,,13,,9,9,9,5,6,9,8,9,,6,6,4,5,7,5,8,9,7,11,3,6,11,7,6,7,6,8,6,7,,6,7,7,,6,10,,9,7,6,6,6,,7,5,,,5,6,,,,11,13,13,8,8,11,,14,13,,18,19,,19,,10,10,11,,10,11,8,13,9,,5,8,10,8,9,5,,13,6,11,8,7,11,7,23,27,8,9,6,8,16,12,6,9,7,7,8,17,6,,5,2,5,,4,5,4,5,4,5,5,4,4,8,5,7,6,5,,6,8,5,,5,8,8,7,10,,11,9,11,,10,,2,3,7,3,,9,7,,,,4,,6,,5,,,,5,6,4,6,9,,,,6,4,8,5,5,6,,7,6,8,7,4,3,,6,,,4,8,10,3,9,4,12,14,9,7,4,4,5,14,5,10,8,12,7,3,2,4,5,7,8,,6,4,6,8,,8,12,8,6,5,4,4,3,,,,,10,29,,22,2,2,3,3,3,3,3,7,1,1,5,4,5,,2,3,,7,2,9,,7,5,,4,9,5,7,6,6,8,9,5,4,4,2,6,,,26,5,68,34,48,10,9,5,,4,7,10,6,7,,,5,,,,,8,,,,,,,,,,,,,,,,8,,,,,,,,,,,,,,,,,,,,,,,,,,,,,,,,,,,,,,6,2,3,2,4,8,6,8,10,,,,6,5,7,6,,,11,17,7,11,16,8,,9,10,5,,,4,13,,10,8,2,,6,,8,8,,,5,5,,,4,4,8,,,2,3,10,12,9,9,7,3,5,8,5,6,10,9,9,13,12,9,4,13,9,8,8,6,,2,5,6,,9,5,8,8,5,3,5,7,7,8,7,5,,,6,10,8,11,11,10,6,6,3,11,22,6,3,6,4,3,1,,,8,5,3,1,2,6,,5,3,4,,5,5,3,,4,8,16,6,1,9,11,,5,5,6,1,2,6,6,5,,4,4,5,6,7,6,,6,,7,,,,4,8,6,5,23,6,,4,,5,6,6,7,7,6,6,,8,4,9,,,4,5,4,,7,23,4,,,4,4,5,5,4,7,11,39,34,36,35,17,15,12,17,,5,5,68,22,4,,26,10,18,7,4,10,9,13,40,,21,20,41,2,4,1,4,5,,22,12,,55,6,9,,6,5,6,4,,3,4,6,,5,7,4,7,3,,5,3,7,6,5,,8,,6,6,5,4,6,,10,7,9,7,6,6,8,8,7,8,6,4,,7,6,5,,7,7,,8,7,8,6,,6,6,6,9,8,13,15,5,9,8,6,12,12,14,5,11,4,2,3,4,1,4,5,4,5,3,8,7,6,6,22,4,1,2,5,2,3,3,2,1,4,6,7,6,34,12,9,8,4,4,9,26,6,7,6,6,5,12,16,42,25,21,29,5,6,5,8,9,,37,5,4,6,4,,2,5,8,6,8,8,8,6,9,4,5,6,8,6,6,,,,5,7,,8,8,14,16,16,11,,9,14,10,,,,,,6,5,4,8,4,,5,,7,6,10,7,7,11,,6,5,6,6,,,,,1,1,5,4,4,5,5,,4,6,5,8,6,,8,8,5,10,6,5,4,4,,5,10,5,9,8,8,4,6,9,,8,4,,8,7,,9,8,4,,6,,8,,5,7,5,5,7,7,6,10,10,11,8,6,6,5,,12,17,,12,4,3,,8,6,4,4,4,4,,5,6,3,3,,,6,4,3,,7,13,12,12,9,13,8,,10,,,8,6,3,6,5,4,3,3,6,,8,7,8,6,6,18,5,5,5,,,9,10,7,4,,4,4,5,2,5,4,12,5,9,6,8,7,9,,5,5,8,4,7,5,3,,4,,9,9,4,6,9,11,6,10,4,11,6,7,5,4,,,4,7,8,8,,5,10,11,4,,6,9,,,5,8,8,8,8,6,6,8,8,7,11,6,6,7,20,,7,4,,3,5,5,6,2,13,2,11,4,11,3,6,4,8,8,7,7,23,7,1,6,6,7,8,,8,8,7,6,,2,16,6,5,5,5,4,7,6,9,8,6,4,59,8,10,5,8,13,10,7,7,7,7,5,5,,,10,5,6,7,7,6,6,6,,5,6,18,6,15,5,7,5,5,,8,9,15,39,154,5,6,,4,6,7,6,8,5,8,8,3,12,8,9,15,6,7,13,9,8,7,8,7,10,5,5,5,8,6,4,6,7,3,5,8,7,17,8,7,6,5,7,4,2,16,8,8,11,8,2,6,8,13,3,3,7,7,10,6,6,1,4,12,6,7,9,11,6,10,13,21,15,8,8,7,9,10,1,,2,8,6,4,2,6,12,5,7,,23,8,8,28,8,4,4,,7,4,9,8,6,7,5,9,12,8,23,10,18,5,5,6,6,5,10,5,14,6,3,3,6,10,3,4,4,8,26,1,7,8,8,11,7,8,6,7,7,2,4,13,8,7,3,10,6,9,8,8,6,5,5,3,6,8,6,4,7,14,10,5,10,11,6,2,6,5,5,7,5,6,8,10,9,6,8,10,6,14,,18,7,5,9,3,3,7,4,3,6,6,6,3,11,12,16,15,6,7,7,4,7,5,,36,14,10,7,22,44,6,36,8,2,6,4,4,4,6,6,6,18,8,4,2,5,4,4,2,5,4,,7,4,6,12,6,6,7,3,7,5,6,6,6,5,4,23,9,8,5,9,6,13,,8,8,3,3,2,5,9,9,4,8,11,13,10,12,10,10,14,12,8,8,1,4,16,4,10,11,10,6,10,5,4,4,5,4,8,6,12,11,6,4,6,45,4,14,11,10,8,3,8,8,8,10,8,,6,4,9,3,8,6,10,6,8,9,4,18,7,7,7,11,6,7,5,6,8,4,5,,5,5,4,6,7,13,3,6,,1,1,3,3,9,9,11,6,10,21,6,10,5,7,3,3,3,3,3,6,5,8,5,16,12,5,11,5,6,4,4,7,4,7,8,18,7,8,10
20231004,1,SO2_24h,3,3,3,3,3,3,3,3,2,2,3,3,,,10,,5,8,7,,8,,7,6,,8,5,,10,5,8,8,7,10,9,,3,5,,2,,11,13,14,,8,,8,10,11,9,8,8,9,,10,3,,3,2,7,11,11,10,20,9,4,3,,8,7,9,6,4,10,,17,10,9,13,10,,,9,14,10,17,11,,9,9,,,11,10,8,10,,13,32,,11,12,21,15,13,,14,7,10,8,8,8,7,9,11,8,8,7,7,6,6,8,7,,6,8,6,10,7,6,8,5,7,8,10,14,8,6,11,5,9,8,8,8,,4,6,7,5,4,2,4,4,6,4,3,6,1,5,,8,9,9,8,8,9,6,6,7,6,7,7,,,,6,6,,6,7,6,,,,8,,5,7,10,7,5,6,9,7,8,,,,11,11,,3,3,2,6,5,,7,7,6,10,6,8,6,5,,10,,8,7,,8,4,,7,7,9,,9,6,9,6,6,10,5,,,8,8,8,6,5,4,6,,7,,,3,,5,4,,6,4,6,6,5,6,,4,5,4,4,3,6,6,6,5,6,5,5,6,4,4,5,5,5,,,5,4,4,4,,2,2,6,7,7,,9,7,11,,8,6,4,6,,5,5,4,8,5,,,8,7,7,8,8,7,5,4,6,7,6,6,6,8,,8,6,6,8,6,7,6,,7,4,4,6,6,4,4,4,5,3,2,6,4,7,,3,5,7,4,4,5,6,6,3,6,8,5,5,6,,4,6,6,9,6,6,6,6,9,6,6,7,,6,5,5,7,6,4,,6,5,4,5,,,6,4,10,5,6,8,4,6,5,8,5,,6,5,9,6,7,8,7,6,,6,6,5,8,6,,5,8,5,6,5,5,6,,,7,7,7,6,7,,2,2,3,2,,,3,11,6,4,3,7,5,9,5,7,6,,9,8,10,8,17,8,7,7,9,8,7,6,8,6,5,6,7,5,3,5,,5,3,5,7,,5,,7,9,,,,,23,,,,12,17,6,3,4,6,8,,11,7,4,6,9,6,5,5,4,5,8,,4,4,5,18,,24,16,16,16,8,8,5,4,7,,7,7,6,11,8,11,6,8,8,7,13,10,10,13,7,6,4,,,11,,24,17,18,8,10,,13,6,,,11,11,9,12,,8,8,23,,10,6,10,7,10,10,5,5,7,2,,,,,,,11,,8,10,9,10,9,7,10,3,5,7,,13,,,16,,17,10,11,7,7,9,11,9,,8,7,4,5,6,5,8,7,8,8,4,7,9,4,6,7,5,6,5,8,,5,7,7,,6,9,,9,7,6,6,6,,9,5,,,6,6,,,,15,16,19,17,11,10,,13,16,,15,17,,18,,17,15,18,,14,12,10,15,10,,7,11,11,10,12,8,,15,10,11,10,10,13,7,18,31,9,10,7,18,33,16,19,18,8,8,9,10,7,,5,3,6,,5,6,6,7,6,6,7,5,4,10,6,6,5,4,,6,7,6,,5,8,9,8,10,,12,9,10,,4,,2,2,3,2,,16,13,,,,5,,5,,7,,,,9,10,12,11,10,,,,6,4,8,5,5,6,,7,6,8,6,4,3,,6,,,3,6,8,3,9,4,10,9,9,12,5,5,12,10,7,8,8,8,9,3,3,4,9,8,8,,7,5,8,9,,8,12,6,5,6,7,5,7,,,,,4,4,,3,6,2,3,3,3,3,4,7,2,1,6,3,4,,2,3,,8,4,6,,7,5,,5,8,6,8,6,7,8,10,6,5,5,4,6,,,10,8,55,51,17,6,10,5,,8,7,10,7,10,,,7,,,,,8,,,,,,,,,,,,,,,,8,,,,,,,,,,,,,,,,,,,,,,,,,,,,,,,,,,,,,,6,2,3,2,3,8,5,6,8,,,,8,7,9,7,,,12,17,14,16,13,16,,19,19,9,,,7,7,,16,12,3,,7,,21,16,,,7,5,,,7,6,7,,,6,4,10,12,10,10,8,14,16,14,19,12,11,11,11,13,12,12,7,12,13,11,23,7,,7,7,7,,10,8,10,10,9,4,7,8,7,7,7,6,,,7,11,9,12,10,11,6,7,3,13,16,6,3,6,4,3,1,,,8,5,4,2,4,8,,6,5,5,,7,6,5,,6,9,6,8,1,6,6,,5,5,7,2,3,8,6,5,,4,5,5,6,7,6,,6,,7,,,,4,8,6,4,10,6,,4,,5,6,6,7,7,7,7,,8,6,8,,,4,5,5,,7,11,5,,,6,4,7,9,17,8,11,35,30,27,29,25,28,15,18,,9,10,15,13,8,,16,11,13,9,10,13,10,12,14,,15,17,21,4,8,4,5,8,,10,7,,10,9,9,,8,6,8,6,,5,6,6,,11,9,4,8,4,,5,4,7,6,7,10,10,,6,6,7,5,6,,9,6,9,7,6,6,8,9,8,9,3,4,,9,6,6,,7,7,,8,6,7,6,,6,5,6,10,8,14,19,6,8,15,14,7,11,13,8,12,3,1,3,2,3,12,13,13,14,13,10,8,8,7,11,4,1,2,5,2,4,3,2,3,4,6,6,9,12,9,10,9,3,5,5,10,7,8,6,6,5,10,8,24,15,23,30,5,6,5,8,8,,14,6,4,6,3,,3,6,9,8,8,8,7,5,8,5,8,10,10,7,7,,,,4,7,,7,7,11,12,13,10,,9,7,9,,,,,,6,4,4,7,5,,5,,7,6,11,10,10,16,,6,5,6,6,,,,,1,1,5,5,3,5,5,,4,6,5,9,10,,9,10,6,11,7,6,4,4,,6,8,5,9,7,8,4,5,13,,7,4,,9,7,,9,9,5,,5,,7,,6,7,11,6,9,8,8,11,10,11,10,10,8,4,,104,62,,13,10,5,,11,9,4,5,6,9,,5,6,3,4,,,12,7,5,,10,12,12,13,9,9,9,,12,,,10,5,2,6,6,5,5,5,7,,8,8,8,6,6,4,3,5,5,,,11,10,9,6,,4,9,11,3,5,2,11,5,8,6,6,8,19,,5,7,6,3,8,4,4,,4,,9,5,3,6,9,9,14,9,5,11,10,7,5,4,,,7,8,7,8,,7,11,14,4,,6,8,,,6,7,8,8,9,6,6,9,8,7,9,6,6,7,18,,5,6,,4,8,5,6,3,11,5,9,3,13,4,7,5,7,9,9,6,17,10,3,8,7,6,7,,8,8,7,7,,3,13,6,5,5,7,4,7,5,13,8,10,4,19,7,7,5,8,5,9,7,10,8,7,6,5,,,6,5,6,8,7,6,6,6,,6,12,24,6,21,6,8,6,4,,8,7,10,22,51,5,8,11,4,7,8,6,8,6,7,8,3,16,13,20,19,7,5,9,9,8,7,7,7,9,5,5,5,8,6,5,4,7,2,5,8,7,8,7,7,7,5,9,2,3,10,9,9,8,7,2,4,7,6,4,4,11,11,12,8,7,1,1,11,7,10,10,10,7,20,12,15,14,6,8,8,8,9,2,,3,9,9,5,6,7,13,9,8,,25,8,8,12,10,4,7,,8,6,10,9,6,7,5,7,10,14,7,10,22,5,4,5,7,6,14,6,13,9,3,2,17,13,4,5,5,9,7,2,7,7,6,11,6,8,6,5,5,5,5,10,9,10,4,10,6,7,8,6,5,7,6,4,6,7,6,10,7,15,10,5,11,10,5,2,6,4,5,8,4,6,8,10,10,8,13,10,5,31,6,14,7,9,9,8,3,6,5,6,7,6,7,4,13,11,12,11,8,8,10,4,8,7,,8,11,12,8,39,13,6,24,8,3,7,2,3,5,8,5,7,9,8,6,2,6,4,4,2,5,3,,8,4,6,8,7,6,7,4,8,5,7,5,6,4,4,25,14,29,7,12,10,15,,10,11,3,3,2,5,8,11,5,8,13,15,12,14,13,11,15,7,7,8,1,5,13,6,13,9,9,7,11,5,5,4,5,5,8,6,12,12,6,4,10,31,6,39,9,7,8,4,9,9,10,12,9,,6,3,2,2,9,6,4,8,9,10,8,15,10,10,9,7,6,7,5,5,8,4,5,,5,6,5,7,10,14,7,9,,4,3,2,2,16,12,9,7,16,16,7,11,7,7,3,3,2,3,3,10,9,8,4,18,10,7,10,5,7,7,5,7,6,9,10,20,11,9,14
20231004,1,NO2,32,2,27,18,48,25,33,43,11,5,59,29,,,47,,32,40,66,,31,,40,45,,70,40,,57,59,77,41,41,49,20,,55,44,,33,,37,122,30,,24,,43,66,53,67,59,54,79,,98,10,,6,26,7,32,39,53,52,15,23,23,,27,43,42,42,49,54,,48,79,51,59,75,,,64,104,73,101,52,,17,25,,,11,5,7,11,,17,23,,24,23,26,22,36,,6,18,15,12,16,15,20,18,23,22,18,22,17,17,14,9,9,,14,18,22,5,4,7,3,2,8,5,6,8,6,8,6,12,15,25,11,11,,20,11,16,19,22,28,17,43,24,15,20,25,30,18,,18,15,23,37,15,22,24,21,22,25,20,35,,,,20,17,,46,24,19,,,,26,,24,30,26,29,32,28,15,39,35,,,,28,24,,25,22,23,29,19,,28,46,62,56,54,57,15,20,,12,,51,18,,25,21,,25,22,21,,27,21,20,17,17,,28,,,12,17,11,9,6,10,13,,10,,,22,,17,15,,8,8,8,9,8,9,,20,18,12,11,22,21,19,15,29,18,15,14,18,15,12,42,12,21,,,4,8,10,5,,20,34,14,6,6,,13,11,8,,10,10,27,57,,37,31,45,32,7,,,21,25,30,26,17,25,18,23,15,24,24,23,23,18,,14,16,15,16,9,19,12,,12,14,13,7,5,7,10,10,10,12,7,4,40,26,,40,67,16,62,33,12,74,14,15,12,21,20,19,28,,17,17,21,26,7,14,10,6,13,17,19,9,,9,22,24,17,13,11,,7,10,9,8,,,30,17,19,25,27,20,22,33,26,36,21,,14,10,14,13,16,16,32,50,,9,48,8,10,7,,19,17,31,30,13,22,23,,,16,26,16,20,32,,9,15,16,20,,,19,3,7,13,5,5,5,8,7,6,4,,25,7,14,14,23,21,14,10,6,13,8,2,45,39,29,34,40,33,51,18,,17,47,46,41,,50,,29,44,,,,,24,,,,74,47,21,83,20,21,22,,,11,7,10,8,10,13,18,15,16,15,,9,13,8,18,,12,8,10,20,46,55,13,27,34,,17,15,17,9,8,13,33,26,20,24,27,9,13,9,13,14,15,,,62,,35,61,55,26,26,,32,37,,,68,85,63,63,,28,35,24,,63,41,49,53,31,13,17,6,10,28,,,,,,,19,,42,29,25,41,68,34,52,5,6,6,,25,,,5,,2,7,6,10,9,12,9,8,,10,4,4,8,16,4,9,11,9,18,26,29,24,7,6,4,23,12,16,8,,16,10,13,,10,10,,10,7,14,13,4,,34,15,,,44,30,,,,32,20,8,15,16,30,,19,19,,26,39,,36,,76,88,75,,73,27,11,9,22,,9,9,9,18,10,9,,18,13,12,10,10,18,10,58,27,10,14,14,11,19,16,6,6,9,10,7,19,8,,5,2,3,,3,7,9,11,6,7,6,7,5,5,4,18,27,9,,16,8,16,,5,10,15,22,9,,13,13,2,,27,,55,56,26,30,,32,26,,,,19,,29,,32,,,,24,18,17,50,34,,,,27,24,12,14,20,15,,9,15,12,14,18,5,,13,,,6,10,8,3,3,6,10,8,10,8,6,6,13,26,24,44,28,40,37,4,4,10,13,12,14,,14,15,13,13,,9,19,20,5,15,16,10,18,,,,,29,14,,10,4,12,7,10,9,8,10,5,4,3,5,13,10,,29,27,,23,30,32,,34,35,,46,10,13,30,19,25,37,23,28,14,34,26,32,,,11,7,51,36,37,42,2,4,,5,3,81,72,38,,,35,,,,,27,,,,,,,,,,,,,,,,16,,,,,,,,,,,,,,,,,,,,,,,,,,,,,,,,,,,,,,19,32,10,23,31,32,18,25,33,,,,30,37,44,48,,,39,56,32,39,50,43,,86,67,23,,,20,30,,61,45,52,,47,,5,6,,,9,5,,,12,11,12,,,5,3,6,13,16,18,12,12,8,8,1,11,19,20,11,24,11,18,17,26,9,8,11,24,,7,7,1,,4,4,8,7,6,6,13,3,20,23,16,6,,,5,11,8,8,11,6,2,7,4,11,16,4,7,14,8,21,6,,,8,6,9,2,6,5,,3,16,11,,18,46,15,,18,9,19,12,29,27,43,,6,8,43,7,8,8,13,15,,14,4,5,8,21,13,,43,,46,,,,14,15,13,16,24,24,,13,,15,24,17,6,3,5,4,,23,23,23,,,17,17,18,,18,38,15,,,9,3,9,7,5,3,9,31,24,31,25,11,15,14,15,,7,8,15,10,7,,5,21,15,7,11,13,10,13,41,,36,37,9,3,10,9,6,9,19,21,18,,24,29,30,,46,28,34,16,,17,22,32,,20,33,30,29,49,,15,13,20,15,13,,28,,20,14,21,8,8,,13,14,5,23,2,1,28,55,36,44,17,16,,16,16,12,,10,7,,10,3,8,12,,10,18,17,8,9,16,9,9,11,11,11,4,6,9,7,8,6,9,6,7,7,11,12,10,9,12,10,10,11,9,7,4,4,4,7,3,5,8,8,12,4,7,9,13,22,50,39,43,17,9,13,34,37,36,15,16,9,5,13,11,13,23,26,16,26,17,17,25,,31,26,25,6,5,,6,6,9,7,10,7,11,11,16,8,16,16,9,18,20,,,,10,12,,10,10,18,16,17,26,,14,15,9,,,,,,5,5,10,7,7,,5,,5,5,10,4,7,9,,5,3,4,3,,,,,1,4,5,4,4,16,5,,4,6,7,10,13,,8,7,6,14,8,9,6,5,,4,5,7,7,14,10,6,8,12,,6,12,,10,13,,2,3,6,,4,,14,,1,3,13,6,6,10,48,66,70,59,10,16,16,18,,58,34,,10,8,27,,11,11,29,28,13,8,,11,12,5,18,,,16,20,15,,6,12,14,2,8,8,31,,21,,,23,26,21,20,39,28,40,37,10,,19,12,3,10,28,25,68,78,65,,,67,40,54,6,,5,13,23,11,6,41,11,24,103,37,30,46,57,,55,13,35,21,23,27,15,,48,,32,40,20,7,23,20,5,11,18,23,15,9,18,5,,,22,11,18,30,,33,71,63,15,,24,22,,,41,22,37,9,15,25,48,16,27,22,14,22,13,23,38,,60,21,,14,10,9,8,12,6,6,27,4,35,22,8,10,57,35,27,6,22,77,4,58,13,49,19,,4,4,2,3,,9,27,35,32,18,21,15,18,18,37,21,21,21,36,16,41,46,37,,36,17,41,8,4,13,20,,,54,9,69,12,32,2,16,23,,19,18,14,24,67,5,20,13,19,,9,52,51,20,32,15,7,,6,12,15,15,22,29,20,13,28,22,12,6,11,9,20,22,23,28,8,9,26,18,9,41,67,39,31,33,28,7,43,14,6,8,23,28,28,12,12,26,10,10,62,35,42,28,13,9,29,21,19,11,16,35,22,21,30,17,46,16,9,8,8,17,12,13,12,6,12,20,12,14,4,31,4,11,,15,9,12,21,48,24,27,6,35,,52,61,65,30,13,10,11,,13,8,33,52,17,12,4,16,28,8,37,7,25,18,11,23,14,13,18,10,29,32,9,8,19,7,19,14,14,25,29,9,29,46,17,19,21,6,19,14,37,31,30,26,12,9,33,7,10,4,32,11,4,11,8,27,12,16,11,23,49,32,81,20,32,106,16,10,22,18,35,45,22,23,16,32,29,27,21,18,45,10,,9,3,21,16,6,24,24,19,18,18,11,41,17,40,39,27,36,18,67,51,11,32,64,,53,85,87,98,34,46,22,41,24,25,9,28,16,13,8,3,14,13,18,10,6,4,1,16,14,3,2,,13,6,23,7,16,10,8,3,13,14,14,23,6,26,8,39,13,12,15,20,67,40,,70,59,38,68,85,40,42,24,23,89,51,58,41,50,31,53,65,52,18,33,35,37,54,14,45,19,22,16,30,44,33,30,37,11,4,18,39,60,18,7,27,68,30,5,4,17,6,9,26,26,8,16,12,,8,16,42,56,18,9,10,21,30,41,42,36,30,15,20,34,35,32,14,14,29,29,18,,8,3,8,12,15,43,16,15,,12,34,7,20,20,10,22,37,15,27,36,46,12,20,48,20,10,20,66,10,16,7,17,35,19,8,20,6,12,10,21,5,3,11,29,33,27,16,18
20231004,1,NO2_24h,27,6,30,25,32,31,27,37,20,9,32,29,,,25,,23,29,28,,29,,29,22,,32,23,,40,36,43,36,37,33,19,,23,32,,30,,31,64,27,,22,,28,42,23,41,30,29,46,,53,18,,23,21,15,38,30,31,34,16,24,23,,25,31,23,22,20,29,,21,37,30,27,54,,,51,57,57,62,37,,35,39,,,36,34,29,29,,22,22,,22,15,15,18,21,,8,20,18,19,17,15,20,17,21,18,15,29,20,20,23,21,11,,20,16,17,19,24,22,26,31,33,36,33,33,17,26,35,16,24,26,19,19,,23,15,17,17,18,22,17,21,17,19,20,19,17,18,,18,20,22,30,15,22,19,21,21,18,20,23,,,,26,18,,31,22,23,,,,19,,23,25,24,27,30,25,18,21,30,,,,21,20,,17,20,17,14,12,,16,23,30,28,30,30,14,17,,11,,27,21,,24,20,,24,20,18,,26,19,18,18,20,22,22,,,15,19,17,17,12,17,17,,12,,,23,,18,16,,9,10,10,7,7,6,,24,22,15,17,20,13,16,15,22,18,15,11,15,10,13,29,16,19,,,7,9,7,7,,7,9,16,15,14,,16,13,11,,13,11,29,38,,30,30,36,26,9,,,17,33,22,21,29,31,18,20,20,23,18,20,19,18,,16,16,14,15,13,18,13,,11,13,14,7,6,7,8,10,10,10,5,5,30,21,,28,33,18,30,28,16,30,12,14,14,17,14,19,18,,9,12,10,23,7,8,10,7,16,21,19,13,,11,35,22,13,10,9,,10,13,10,10,,,23,12,19,22,13,12,12,24,21,33,16,,8,8,13,11,13,14,16,27,,7,13,8,8,9,,18,16,15,20,18,25,19,,,20,30,20,19,24,,21,20,23,20,,,25,9,8,13,5,7,6,12,12,8,7,,17,9,12,13,16,15,19,16,12,13,16,6,27,21,26,23,24,21,20,14,,14,25,25,25,,43,,42,47,,,,,19,,,,49,36,50,47,44,47,41,,25,14,10,12,9,10,15,18,13,15,14,,10,12,10,34,,32,31,30,25,37,26,20,24,38,,17,16,15,15,13,15,20,19,16,16,15,24,21,34,10,13,10,,,39,,25,25,29,20,21,,27,26,,,30,37,32,43,,21,26,32,,40,31,28,40,23,15,12,10,7,25,,,,,,,22,,22,21,21,26,35,27,32,10,8,14,,22,,,7,,4,7,9,13,14,12,13,9,,9,8,8,9,12,5,8,9,9,13,15,13,15,7,6,5,18,12,12,6,,8,10,12,,10,10,,9,9,13,13,6,,22,10,,,24,20,,,,34,31,22,34,20,26,,22,21,,24,26,,23,,50,50,41,,48,18,18,24,19,,11,16,15,20,12,14,,26,24,13,16,9,16,20,24,44,14,14,21,25,25,20,21,18,17,16,19,15,18,,14,14,12,,13,26,32,27,21,27,15,17,11,18,22,20,25,10,,17,8,16,,8,15,17,21,12,,21,18,5,,24,,26,23,15,17,,20,16,,,,13,,20,,21,,,,25,17,20,28,16,,,,24,19,13,19,15,15,,9,16,11,13,12,5,,10,,,2,10,14,7,5,5,11,10,12,10,6,6,8,12,16,18,14,18,17,4,5,11,15,20,19,,25,28,28,25,,10,15,11,7,17,17,13,16,,,,,13,17,,16,6,13,11,13,14,11,11,8,7,8,8,9,7,,18,19,,29,34,27,,23,26,,28,12,12,28,19,23,31,24,28,22,28,26,23,,,15,18,33,25,32,23,11,16,,12,13,33,28,15,,,28,,,,,20,,,,,,,,,,,,,,,,15,,,,,,,,,,,,,,,,,,,,,,,,,,,,,,,,,,,,,,15,15,10,16,17,22,14,16,23,,,,22,23,22,27,,,30,38,26,26,33,44,,49,44,13,,,12,21,,43,37,35,,31,,28,24,,,14,17,,,19,15,15,,,13,11,6,9,13,10,6,20,23,18,16,20,15,17,11,18,15,16,19,18,15,15,23,14,,12,12,14,,15,15,15,19,16,10,12,9,16,22,12,22,,,19,15,10,21,9,15,10,17,4,9,13,5,22,21,23,25,4,,,7,22,13,2,12,11,,6,10,12,,21,13,15,,17,14,20,13,10,17,20,,20,21,23,21,18,14,14,16,,14,7,9,10,14,13,,20,,27,,,,14,11,11,8,13,12,,13,,17,26,22,8,4,6,6,,13,18,16,,,7,10,7,,16,14,10,,,11,4,10,10,14,7,7,24,22,24,20,13,18,17,17,,7,9,9,9,9,,6,12,13,9,12,11,11,13,25,,24,19,10,6,13,10,8,11,13,14,13,,25,24,25,,21,17,24,16,,14,18,23,,18,15,19,14,17,,23,16,14,14,16,16,22,,17,12,14,11,9,,15,13,7,19,5,4,19,23,23,20,13,16,,12,11,12,,8,6,,5,5,10,13,,5,8,10,9,15,16,10,10,10,12,13,9,9,11,13,11,6,11,7,8,10,15,15,13,11,15,11,12,12,11,10,4,6,4,6,3,4,9,7,11,6,5,7,10,23,28,22,27,15,12,15,14,18,15,17,11,12,8,6,9,10,16,14,14,15,12,11,18,,15,12,8,6,7,,8,7,13,12,11,11,14,14,19,12,18,17,12,12,22,,,,7,10,,8,14,25,22,26,27,,15,11,9,,,,,,9,10,13,10,10,,5,,8,4,9,7,8,10,,7,3,6,4,,,,,3,5,7,5,5,6,8,,3,6,6,10,9,,10,11,6,8,8,8,4,5,,6,8,6,7,11,10,5,10,10,,7,12,,8,10,,7,7,9,,6,,9,,2,4,8,8,10,12,34,45,50,41,7,14,13,12,,41,29,,12,12,31,,23,20,23,23,23,18,,9,12,17,24,,,19,20,20,,8,12,18,17,9,8,25,,20,,,29,18,14,16,23,24,37,36,8,,29,17,11,12,18,11,34,39,36,,,42,31,36,7,,14,29,36,26,9,15,16,18,38,32,17,35,45,,34,20,16,19,27,24,23,,22,,25,27,24,7,15,13,19,11,18,16,19,7,21,7,,,23,11,15,21,,44,41,39,6,,25,18,,,32,21,37,9,21,20,26,17,20,21,10,26,13,13,29,,19,20,,13,12,17,17,16,7,12,19,7,25,17,11,8,33,16,30,9,18,53,9,42,10,43,13,,5,4,4,12,,22,28,35,18,13,24,9,14,10,20,16,24,14,22,14,25,31,19,13,23,18,28,7,8,13,16,,,40,11,30,18,30,3,13,19,,29,16,15,18,43,9,18,13,14,,19,39,35,27,38,12,23,29,7,20,20,23,26,28,22,14,20,35,25,27,12,16,6,20,27,24,9,11,19,10,11,26,39,26,24,20,26,10,23,14,7,11,15,14,13,18,13,19,10,9,30,23,26,20,14,12,18,16,12,14,16,30,23,19,16,13,16,19,8,10,10,19,14,14,14,6,13,21,11,15,6,26,15,22,,20,18,14,24,42,28,26,9,25,,26,34,36,20,11,7,8,,16,16,19,25,6,13,5,12,12,11,16,12,15,21,16,18,13,15,15,18,16,32,17,16,33,16,17,10,17,32,18,7,33,24,15,14,18,11,10,12,15,56,25,43,31,17,20,9,5,6,17,9,12,6,9,14,8,13,9,25,20,22,40,18,30,45,13,10,19,21,20,23,18,19,14,26,14,17,28,17,18,15,12,16,4,20,19,14,19,18,14,21,20,20,45,13,25,18,21,27,23,26,35,11,25,34,,27,37,43,45,23,34,22,22,16,14,7,13,12,10,12,6,10,11,12,9,8,5,1,9,5,3,3,,16,8,23,13,15,14,7,6,14,24,19,19,9,22,10,31,22,31,19,20,35,28,,39,32,27,42,41,30,30,21,30,41,39,44,34,24,23,28,33,28,12,23,21,16,28,12,23,17,12,16,16,29,19,23,24,12,7,32,27,36,14,11,37,47,19,34,4,15,10,16,18,21,14,25,23,,11,15,27,25,18,18,15,28,28,31,45,30,21,20,29,23,22,24,9,12,24,19,18,,11,14,13,10,10,31,17,10,,20,33,14,22,33,8,21,31,32,26,16,21,14,19,31,20,17,27,30,34,38,5,19,24,15,18,23,20,21,10,12,6,6,23,28,21,33,17,20
20231004,1,O3,25,39,38,1,20,36,11,51,83,68,7,28,,,61,,83,73,47,,80,,70,63,,21,51,,32,31,10,47,50,40,120,,26,65,,76,,93,48,100,,90,,34,20,37,36,22,43,29,,43,52,,61,37,57,46,33,23,33,74,46,57,,71,59,47,50,49,41,,49,3,56,35,8,,,25,3,13,3,5,,47,38,,,72,73,67,66,,85,77,,77,72,72,81,71,,95,124,138,134,131,141,,153,108,117,124,49,53,49,56,60,52,,51,46,47,69,60,58,62,66,64,68,62,65,59,58,65,86,93,78,97,94,,90,95,83,83,15,38,51,12,35,40,32,47,25,54,,64,69,61,48,62,65,55,66,56,51,49,45,,,,53,45,,32,43,60,,,,38,,50,48,52,49,49,54,64,29,38,,,,41,46,,44,45,44,35,51,,40,15,,3,,,48,46,,56,,28,63,,56,43,,52,44,43,,44,55,49,46,87,91,72,,,66,80,96,94,101,102,88,,83,,,67,,65,62,,91,94,93,81,91,87,,86,86,82,88,66,54,78,22,31,47,50,45,42,41,50,17,56,48,,,106,103,95,107,,60,43,49,53,63,,52,56,61,,57,134,72,55,,70,68,90,93,107,,,96,97,94,86,110,82,76,76,86,79,67,74,80,82,,58,51,56,56,63,46,59,,68,57,31,39,42,38,36,40,39,32,37,28,58,61,,54,34,73,3,67,47,4,107,70,76,65,62,60,49,,27,36,36,66,67,50,58,71,69,60,64,62,,74,57,56,61,66,67,,63,69,60,69,,,65,52,68,30,25,34,78,47,51,47,61,,50,57,55,49,52,55,30,21,,55,10,42,47,26,,7,7,4,5,9,24,12,,,16,12,12,13,8,,51,40,40,30,,,43,75,74,76,70,71,71,70,68,88,75,,22,41,28,24,24,21,52,53,57,44,58,54,17,10,23,22,15,30,,12,,38,4,11,8,,1,,21,16,,,,,86,,,,38,42,82,12,73,81,82,,,28,39,43,39,32,36,30,28,31,33,,27,34,39,59,,72,70,72,52,41,29,55,37,45,,135,148,137,61,69,61,24,99,113,84,65,77,86,85,92,91,86,,,29,,56,26,30,48,82,,68,60,,,33,11,18,28,,48,56,63,,11,48,30,16,40,96,91,116,98,51,,,,,,,73,,34,77,98,57,4,51,,116,105,114,,124,,,62,,73,59,66,126,130,118,130,124,,56,59,60,54,45,61,59,53,60,38,15,8,10,106,107,98,26,40,31,53,,36,47,59,,116,123,,110,120,113,103,65,,23,6,,,54,68,,,,38,48,73,62,75,60,,70,70,,42,35,,46,,6,27,7,,38,123,69,65,47,,125,118,130,114,111,124,,93,96,95,90,92,79,122,58,85,123,104,95,73,72,68,72,70,76,76,75,61,75,,49,54,53,,53,73,67,68,71,59,50,54,52,59,58,62,50,63,,59,66,62,,40,80,66,71,68,,83,77,94,,52,,3,10,44,33,,56,52,,,,59,,58,,24,,,,60,61,63,2,12,,,,8,6,13,8,38,37,,51,42,42,38,37,55,,37,,,22,44,52,25,74,68,72,70,76,35,61,,36,20,31,7,37,23,14,47,42,39,39,41,38,,50,48,54,52,,28,19,18,32,9,26,28,21,,,,,19,34,,36,32,26,32,30,29,30,39,40,33,39,40,39,44,,6,13,,5,15,28,,3,4,,3,35,17,9,10,8,8,18,13,35,29,36,34,,,92,87,27,55,66,56,86,93,,76,70,1,2,30,,,77,,,,,82,,,,,,,,,,,,,,,,71,,,,,,,,,,,,,,,,,,,,,,,,,,,,,,,,,,,,,,27,16,52,22,14,42,67,60,52,,,,54,35,46,46,,,36,25,52,41,29,40,,5,25,50,,,48,36,,14,5,,,4,,87,90,,,64,50,,,54,63,65,,,63,68,46,52,83,81,84,59,60,61,62,62,111,92,106,94,70,72,67,60,64,68,60,46,,52,45,78,,97,102,82,94,61,55,67,71,27,36,22,64,,,75,41,37,44,40,68,80,60,101,50,41,48,61,24,62,37,60,,,44,74,62,,62,62,,47,35,51,,34,14,36,,43,64,66,56,7,51,33,,49,52,25,55,49,52,47,52,,53,54,50,32,42,48,,6,,8,,,,36,26,34,21,19,42,,40,,52,41,47,102,103,115,114,,14,17,8,,,24,24,18,,22,4,21,,,88,31,28,30,32,26,28,2,8,4,9,59,55,66,58,,39,37,32,34,33,,59,45,49,77,83,85,80,82,3,,9,7,20,45,53,50,46,50,24,32,36,,58,71,73,,46,60,55,84,,74,71,57,,54,32,51,35,20,,69,70,57,59,62,,38,,34,50,33,28,28,,27,26,60,6,16,14,20,14,33,17,24,33,,50,59,56,,52,51,,33,35,40,45,,29,36,32,34,36,28,36,33,34,36,30,44,58,55,53,52,31,47,44,41,44,40,39,42,39,37,50,54,50,50,55,56,59,47,47,50,17,43,35,32,45,18,33,39,29,,23,8,29,29,23,15,3,5,60,46,64,66,34,46,44,31,33,26,14,19,27,19,,15,8,6,59,72,,73,31,33,35,33,41,47,42,43,49,50,57,50,20,47,,,,24,26,,23,26,20,24,22,12,,42,32,20,,,,,,54,56,51,54,1,,4,,39,27,30,37,34,32,,62,63,61,63,,,,,62,63,32,32,53,52,26,,68,21,21,39,38,,35,40,18,8,9,8,29,31,,49,53,55,48,8,12,31,24,7,,15,11,,25,28,,46,47,47,,49,,86,,46,44,39,67,71,58,3,3,2,5,22,7,4,15,,5,20,,62,70,59,,81,81,10,10,80,89,,52,50,78,74,,,43,41,46,,84,50,68,48,34,66,30,,45,,,40,15,37,30,55,61,52,43,52,,79,48,25,77,60,58,5,4,7,,,6,30,4,29,,83,52,49,68,38,37,89,68,7,70,72,52,26,,2,66,26,44,80,48,66,,10,,51,58,41,35,8,16,92,33,58,70,76,20,67,38,,,71,86,59,84,,53,31,37,31,,43,45,,,27,52,35,55,72,52,49,97,34,46,63,10,24,3,31,,46,62,,28,131,42,48,84,72,65,118,55,26,9,58,99,45,53,59,104,50,10,50,26,33,63,27,,59,61,63,53,,54,101,4,60,39,50,38,36,24,51,76,51,14,14,54,25,2,25,94,42,47,31,30,33,3,2,,,2,72,30,86,63,102,47,35,,64,62,57,43,19,88,68,98,34,,71,7,13,51,34,32,80,,95,91,90,88,81,59,81,83,22,57,64,83,60,70,40,45,64,53,63,55,39,43,43,15,37,29,62,45,54,58,28,71,75,67,54,54,10,40,72,68,108,39,34,76,56,62,61,69,45,45,52,38,36,38,67,73,61,55,7,62,54,64,65,44,8,20,22,20,22,31,13,18,48,10,38,45,,41,44,51,96,30,75,110,110,47,,33,50,31,46,21,46,38,,132,49,37,12,22,33,62,50,10,72,4,70,28,57,96,55,80,86,23,56,61,58,75,71,62,64,55,52,56,66,37,36,61,20,61,60,53,92,48,60,51,82,71,84,72,63,6,141,36,49,58,64,69,51,30,27,47,65,46,60,52,57,2,112,69,2,52,22,48,65,34,4,39,76,85,55,60,67,83,69,31,50,,2,40,14,17,58,39,18,38,33,31,38,81,101,59,53,59,55,72,26,50,94,59,34,,40,26,31,22,46,59,40,16,19,5,90,50,68,84,91,68,46,42,14,22,31,41,71,21,27,40,39,,86,23,31,68,50,14,31,32,23,49,58,62,100,56,90,33,33,67,84,62,10,42,,25,6,52,19,1,61,46,101,69,14,41,35,43,50,65,33,26,42,55,48,5,46,26,70,5,10,13,15,54,5,10,11,9,27,97,78,47,25,2,73,55,4,40,89,46,66,125,71,61,75,70,74,70,,68,61,30,6,43,49,35,100,91,21,42,80,81,47,49,28,3,6,33,34,44,53,87,,47,55,89,88,64,14,74,62,,56,49,45,24,58,16,71,78,60,27,14,22,55,92,47,10,83,12,,66,59,39,62,48,53,56,51,60,93,54,31,38,54,56,98,44,69,136,67
20231004,1,O3_24h,161,148,165,159,161,174,155,164,157,155,145,152,,,152,,142,142,164,,162,,141,151,,142,139,,183,187,180,181,183,182,172,,155,159,,150,,157,153,154,,150,,160,159,158,187,175,175,169,,191,116,,118,119,122,140,135,144,130,130,154,160,,157,150,145,141,155,144,,168,167,179,168,144,,,162,144,143,143,120,,93,87,,,101,100,105,106,,142,138,,148,140,144,144,143,,142,152,153,156,146,154,174,165,151,149,153,129,133,137,140,142,144,,133,145,137,82,70,75,69,73,71,76,70,73,77,68,72,98,106,99,105,103,,105,113,99,101,80,74,82,63,69,68,70,77,76,82,,90,90,87,92,93,94,103,95,89,100,93,110,,,,115,128,,123,125,120,,,,86,,80,78,78,86,78,85,74,80,71,,,,74,86,,87,83,88,91,93,,93,88,92,96,83,101,98,106,,103,,115,96,,154,108,,138,137,132,,142,126,150,119,136,165,142,,,135,145,159,136,132,136,123,,128,,,93,,98,97,,125,129,125,116,127,122,,166,172,157,156,152,134,140,154,81,74,86,92,84,86,82,72,80,86,,,148,137,142,122,,147,131,98,105,107,,102,110,107,,104,140,133,129,,142,139,142,142,112,,,163,167,162,167,156,157,136,138,144,134,134,144,132,131,,60,62,66,70,63,63,67,,74,71,36,48,47,45,40,45,44,39,44,35,185,205,,198,205,224,167,198,138,200,151,186,180,170,183,115,151,,122,127,118,206,143,125,164,139,214,189,183,195,,181,194,180,196,209,181,,178,173,138,159,,,188,201,188,114,118,133,125,137,160,163,144,,99,112,109,96,90,105,81,94,,69,75,71,68,42,,36,27,54,50,35,56,39,,,28,45,39,34,88,,84,89,86,79,,,89,110,91,90,84,84,77,73,79,92,81,,68,66,70,72,73,70,74,75,69,75,71,71,100,94,106,95,97,91,101,91,,114,113,93,107,,53,,41,32,,,,,148,,,,162,151,119,99,131,132,110,,41,43,52,56,56,46,46,39,44,45,45,,42,48,54,117,,133,117,132,135,119,117,127,122,120,,156,165,163,114,113,110,107,172,170,178,170,154,181,169,169,167,171,,,135,,122,136,125,126,152,,147,148,,,154,165,155,148,,131,134,176,,126,129,125,124,138,142,150,151,151,139,,,,,,,143,,145,133,139,140,137,153,145,134,143,139,,188,,,113,,116,104,140,188,197,182,183,173,,84,66,78,76,92,82,102,109,114,111,102,86,97,131,129,118,69,71,72,93,,105,168,162,,159,169,,129,126,128,133,114,,121,60,,,147,144,,,,118,116,120,112,194,204,,198,212,,140,146,,157,,155,151,158,,156,155,123,124,133,,146,143,146,144,143,140,,150,143,152,144,147,147,131,138,130,143,129,127,155,166,164,150,158,134,133,130,129,136,,63,64,66,,65,80,75,75,78,88,72,77,74,92,82,73,66,82,,73,80,81,,73,80,72,76,72,,83,77,94,,122,,124,118,121,123,,177,170,,,,131,,137,,135,,,,145,142,133,93,93,,,,51,54,63,59,65,71,,55,48,49,53,60,71,,69,,,69,74,71,69,80,87,105,112,100,122,80,82,81,110,94,94,101,99,108,54,57,86,82,96,87,,64,58,62,61,,69,78,74,59,63,84,74,66,,,,,86,84,,87,60,64,60,65,67,61,86,91,96,96,84,81,84,,94,100,,58,74,85,,88,95,,90,69,87,77,84,78,80,84,82,116,112,112,106,,,133,120,164,148,153,161,86,93,,123,82,108,106,111,,,138,,,,,158,,,,,,,,,,,,,,,,131,,,,,,,,,,,,,,,,,,,,,,,,,,,,,,,,,,,,,,44,97,83,92,97,119,120,120,119,,,,133,136,135,134,,,138,125,129,132,131,166,,168,165,105,,,102,122,,147,140,93,,94,,140,146,,,122,67,,,134,131,124,,,91,92,92,89,137,134,126,142,132,133,129,137,151,135,140,149,138,157,139,146,136,139,126,131,,135,137,156,,103,103,104,98,139,131,110,112,106,108,113,64,,,75,73,75,76,80,76,80,68,106,77,72,81,75,68,70,65,89,,,97,75,76,,88,89,,77,99,103,,97,101,105,,94,92,98,92,85,110,115,,51,53,60,56,52,56,78,86,,85,106,101,61,81,80,,96,,96,,,,81,82,77,70,112,111,,67,,81,61,74,132,129,137,133,,88,89,87,,,98,93,108,,113,109,110,,,142,83,98,90,82,90,58,64,58,62,44,104,106,120,109,,126,125,123,128,122,,86,101,101,105,108,111,103,109,79,,82,78,86,100,110,105,107,114,119,144,139,,160,150,153,,144,138,136,127,,141,146,131,,129,149,148,145,144,,127,149,122,134,115,63,117,,114,115,111,56,56,,58,50,63,90,87,100,93,91,95,96,60,57,,99,94,101,,78,79,,64,43,54,54,,91,89,86,36,39,44,63,59,65,65,60,45,58,58,53,52,44,54,50,52,48,93,98,97,96,90,113,88,106,98,84,56,59,50,53,51,42,58,56,53,61,46,62,62,162,167,148,136,76,87,75,108,116,88,117,131,124,123,110,127,122,144,142,101,114,81,88,87,,94,85,92,67,72,,73,76,71,65,72,71,75,69,74,90,90,102,91,105,99,,,,43,44,,39,47,33,40,36,29,,72,76,66,,,,,,82,84,86,86,31,,48,,62,64,68,64,62,69,,96,98,95,98,,,,,65,66,98,97,67,66,75,,81,53,54,72,78,,53,53,47,50,40,39,41,37,,60,56,65,64,77,82,44,62,64,,54,46,,48,60,,58,59,56,,69,,118,,46,44,69,77,79,77,132,122,117,119,52,66,57,99,,70,104,,74,76,112,,127,133,82,84,114,121,,93,91,78,74,,,62,76,58,,90,64,77,60,62,91,147,,143,,,107,67,64,58,124,121,117,110,89,,112,95,93,102,104,104,106,105,102,,,89,87,87,61,,86,116,114,87,77,118,180,205,159,147,146,185,168,,100,137,83,81,148,82,88,,96,,162,154,84,82,64,62,116,81,99,143,140,37,79,61,,,158,161,134,152,,151,156,158,63,,89,89,,,108,77,78,104,124,128,132,120,111,76,98,32,44,69,142,,145,139,,121,172,88,82,105,121,92,191,55,95,95,112,126,146,137,72,159,114,128,67,128,66,146,98,,79,78,75,64,,112,151,24,132,86,100,67,69,70,165,140,103,44,81,63,81,89,140,128,128,82,166,73,43,71,68,,,52,117,151,86,119,118,71,78,,116,150,101,79,147,146,133,160,74,,154,50,59,76,72,81,116,70,107,98,124,104,100,99,97,108,128,125,131,143,126,120,85,127,89,93,105,100,79,91,131,167,187,179,236,215,211,133,185,172,109,168,170,158,104,126,175,189,134,118,144,167,147,147,74,98,109,84,114,64,68,140,147,137,141,116,127,133,80,81,81,78,39,37,42,34,73,50,30,37,53,47,43,75,,84,83,103,152,171,132,201,156,164,,124,154,158,131,66,83,82,,160,62,87,90,63,64,80,93,109,104,108,124,142,96,145,132,134,143,131,87,110,164,142,148,129,124,84,79,84,89,86,82,84,74,80,98,98,124,89,112,122,133,110,116,92,122,159,170,107,115,117,128,146,111,156,159,97,206,151,174,174,162,155,152,166,144,120,76,76,85,97,96,74,138,144,143,139,143,146,144,138,73,96,22,40,71,62,142,85,85,93,81,88,94,144,146,130,159,156,126,140,140,140,140,155,170,,154,156,166,147,140,146,67,161,82,94,125,137,146,167,155,102,118,116,100,90,105,84,80,62,60,57,55,,110,85,63,94,75,30,67,62,65,113,114,140,138,95,119,113,119,129,213,207,167,120,,193,158,154,150,142,156,165,157,177,176,182,199,196,191,188,187,184,146,119,124,118,140,164,138,96,29,60,43,131,113,99,96,111,53,97,120,114,117,72,73,156,153,134,141,109,178,142,214,201,201,123,76,72,,76,118,120,128,76,86,86,155,166,151,153,189,148,139,103,96,89,51,55,51,144,143,174,,72,72,131,102,106,136,168,110,,163,174,147,162,118,71,155,138,116,77,140,142,103,158,152,123,165,154,147,106,100,79,116,168,123,64,108,60,153,147,104,63,59,70,198,124,175,160,83
20231004,1,O3_8h,25,39,38,1,20,36,11,51,83,68,7,28,,,61,,83,73,47,,80,,70,63,,21,51,,32,31,10,47,50,40,120,,26,65,,76,,93,48,100,,90,,34,20,37,36,22,43,29,,43,52,,61,37,57,46,33,23,33,74,46,57,,71,59,47,50,49,41,,49,3,56,35,8,,,25,3,13,3,5,,47,38,,,72,73,67,66,,85,77,,77,72,72,81,71,,95,124,138,134,131,141,,153,108,117,124,49,53,49,56,60,52,,51,46,47,69,60,58,62,66,64,68,62,65,59,58,65,86,93,78,97,94,,90,95,83,83,15,38,51,12,35,40,32,47,25,54,,64,69,61,48,62,65,55,66,56,51,49,45,,,,53,45,,32,43,60,,,,38,,50,48,52,49,49,54,64,29,38,,,,41,46,,44,45,44,35,51,,40,15,,3,,,48,46,,56,,28,63,,56,43,,52,44,43,,44,55,49,46,87,91,72,,,66,80,96,94,101,102,88,,83,,,67,,65,62,,91,94,93,81,91,87,,86,86,82,88,66,54,78,22,31,47,50,45,42,41,50,17,56,48,,,106,103,95,107,,60,43,49,53,63,,52,56,61,,57,134,72,55,,70,68,90,93,107,,,96,97,94,86,110,82,76,76,86,79,67,74,80,82,,58,51,56,56,63,46,59,,68,57,31,39,42,38,36,40,39,32,37,28,58,61,,54,34,73,3,67,47,4,107,70,76,65,62,60,49,,27,36,36,66,67,50,58,71,69,60,64,62,,74,57,56,61,66,67,,63,69,60,69,,,65,52,68,30,25,34,78,47,51,47,61,,50,57,55,49,52,55,30,21,,55,10,42,47,26,,7,7,4,5,9,24,12,,,16,12,12,13,8,,51,40,40,30,,,43,75,74,76,70,71,71,70,68,88,75,,22,41,28,24,24,21,52,53,57,44,58,54,17,10,23,22,15,30,,12,,38,4,11,8,,1,,21,16,,,,,86,,,,38,42,82,12,73,81,82,,,28,39,43,39,32,36,30,28,31,33,,27,34,39,59,,72,70,72,52,41,29,55,37,45,,135,148,137,61,69,61,24,99,113,84,65,77,86,85,92,91,86,,,29,,56,26,30,48,82,,68,60,,,33,11,18,28,,48,56,63,,11,48,30,16,40,96,91,116,98,51,,,,,,,73,,34,77,98,57,4,51,,116,105,114,,124,,,62,,73,59,66,126,130,118,130,124,,56,59,60,54,45,61,59,53,60,38,15,8,10,106,107,98,26,40,31,53,,36,47,59,,116,123,,110,120,113,103,65,,23,6,,,54,68,,,,38,48,73,62,75,60,,70,70,,42,35,,46,,6,27,7,,38,123,69,65,47,,125,118,130,114,111,124,,93,96,95,90,92,79,122,58,85,123,104,95,73,72,68,72,70,76,76,75,61,75,,49,54,53,,53,73,67,68,71,59,50,54,52,59,58,62,50,63,,59,66,62,,40,80,66,71,68,,83,77,94,,52,,3,10,44,33,,56,52,,,,59,,58,,24,,,,60,61,63,2,12,,,,8,6,13,8,38,37,,51,42,42,38,37,55,,37,,,22,44,52,25,74,68,72,70,76,35,61,,36,20,31,7,37,23,14,47,42,39,39,41,38,,50,48,54,52,,28,19,18,32,9,26,28,21,,,,,19,34,,36,32,26,32,30,29,30,39,40,33,39,40,39,44,,6,13,,5,15,28,,3,4,,3,35,17,9,10,8,8,18,13,35,29,36,34,,,92,87,27,55,66,56,86,93,,76,70,1,2,30,,,77,,,,,82,,,,,,,,,,,,,,,,71,,,,,,,,,,,,,,,,,,,,,,,,,,,,,,,,,,,,,,27,16,52,22,14,42,67,60,52,,,,54,35,46,46,,,36,25,52,41,29,40,,5,25,50,,,48,36,,14,5,,,4,,87,90,,,64,50,,,54,63,65,,,63,68,46,52,83,81,84,59,60,61,62,62,111,92,106,94,70,72,67,60,64,68,60,46,,52,45,78,,97,102,82,94,61,55,67,71,27,36,22,64,,,75,41,37,44,40,68,80,60,101,50,41,48,61,24,62,37,60,,,44,74,62,,62,62,,47,35,51,,34,14,36,,43,64,66,56,7,51,33,,49,52,25,55,49,52,47,52,,53,54,50,32,42,48,,6,,8,,,,36,26,34,21,19,42,,40,,52,41,47,102,103,115,114,,14,17,8,,,24,24,18,,22,4,21,,,88,31,28,30,32,26,28,2,8,4,9,59,55,66,58,,39,37,32,34,33,,59,45,49,77,83,85,80,82,3,,9,7,20,45,53,50,46,50,24,32,36,,58,71,73,,46,60,55,84,,74,71,57,,54,32,51,35,20,,69,70,57,59,62,,38,,34,50,33,28,28,,27,26,60,6,16,14,20,14,33,17,24,33,,50,59,56,,52,51,,33,35,40,45,,29,36,32,34,36,28,36,33,34,36,30,44,58,55,53,52,31,47,44,41,44,40,39,42,39,37,50,54,50,50,55,56,59,47,47,50,17,43,35,32,45,18,33,39,29,,23,8,29,29,23,15,3,5,60,46,64,66,34,46,44,31,33,26,14,19,27,19,,15,8,6,59,72,,73,31,33,35,33,41,47,42,43,49,50,57,50,20,47,,,,24,26,,23,26,20,24,22,12,,42,32,20,,,,,,54,56,51,54,1,,4,,39,27,30,37,34,32,,62,63,61,63,,,,,62,63,32,32,53,52,26,,68,21,21,39,38,,35,40,18,8,9,8,29,31,,49,53,55,48,8,12,31,24,7,,15,11,,25,28,,46,47,47,,49,,86,,46,44,39,67,71,58,3,3,2,5,22,7,4,15,,5,20,,62,70,59,,81,81,10,10,80,89,,52,50,78,74,,,43,41,46,,84,50,68,48,34,66,30,,45,,,40,15,37,30,55,61,52,43,52,,79,48,25,77,60,58,5,4,7,,,6,30,4,29,,83,52,49,68,38,37,89,68,7,70,72,52,26,,2,66,26,44,80,48,66,,10,,51,58,41,35,8,16,92,33,58,70,76,20,67,38,,,71,86,59,84,,53,31,37,31,,43,45,,,27,52,35,55,72,52,49,97,34,46,63,10,24,3,31,,46,62,,28,131,42,48,84,72,65,118,55,26,9,58,99,45,53,59,104,50,10,50,26,33,63,27,,59,61,63,53,,54,101,4,60,39,50,38,36,24,51,76,51,14,14,54,25,2,25,94,42,47,31,30,33,3,2,,,2,72,30,86,63,102,47,35,,64,62,57,43,19,88,68,98,34,,71,7,13,51,34,32,80,,95,91,90,88,81,59,81,83,22,57,64,83,60,70,40,45,64,53,63,55,39,43,43,15,37,29,62,45,54,58,28,71,75,67,54,54,10,40,72,68,108,39,34,76,56,62,61,69,45,45,52,38,36,38,67,73,61,55,7,62,54,64,65,44,8,20,22,20,22,31,13,18,48,10,38,45,,41,44,51,96,30,75,110,110,47,,33,50,31,46,21,46,38,,132,49,37,12,22,33,62,50,10,72,4,70,28,57,96,55,80,86,23,56,61,58,75,71,62,64,55,52,56,66,37,36,61,20,61,60,53,92,48,60,51,82,71,84,72,63,6,141,36,49,58,64,69,51,30,27,47,65,46,60,52,57,2,112,69,2,52,22,48,65,34,4,39,76,85,55,60,67,83,69,31,50,,2,40,14,17,58,39,18,38,33,31,38,81,101,59,53,59,55,72,26,50,94,59,34,,40,26,31,22,46,59,40,16,19,5,90,50,68,84,91,68,46,42,14,22,31,41,71,21,27,40,39,,86,23,31,68,50,14,31,32,23,49,58,62,100,56,90,33,33,67,84,62,10,42,,25,6,52,19,1,61,46,101,69,14,41,35,43,50,65,33,26,42,55,48,5,46,26,70,5,10,13,15,54,5,10,11,9,27,97,78,47,25,2,73,55,4,40,89,46,66,125,71,61,75,70,74,70,,68,61,30,6,43,49,35,100,91,21,42,80,81,47,49,28,3,6,33,34,44,53,87,,47,55,89,88,64,14,74,62,,56,49,45,24,58,16,71,78,60,27,14,22,55,92,47,10,83,12,,66,59,39,62,48,53,56,51,60,93,54,31,38,54,56,98,44,69,136,67
20231004,1,O3_8h_24h,25,39,38,1,20,36,11,51,83,68,7,28,,,61,,83,73,47,,80,,70,63,,21,51,,32,31,10,47,50,40,120,,26,65,,76,,93,48,100,,90,,34,20,37,36,22,43,29,,43,52,,61,37,57,46,33,23,33,74,46,57,,71,59,47,50,49,41,,49,3,56,35,8,,,25,3,13,3,5,,47,38,,,72,73,67,66,,85,77,,77,72,72,81,71,,95,124,138,134,131,141,,153,108,117,124,49,53,49,56,60,52,,51,46,47,69,60,58,62,66,64,68,62,65,59,58,65,86,93,78,97,94,,90,95,83,83,15,38,51,12,35,40,32,47,25,54,,64,69,61,48,62,65,55,66,56,51,49,45,,,,53,45,,32,43,60,,,,38,,50,48,52,49,49,54,64,29,38,,,,41,46,,44,45,44,35,51,,40,15,,3,,,48,46,,56,,28,63,,56,43,,52,44,43,,44,55,49,46,87,91,72,,,66,80,96,94,101,102,88,,83,,,67,,65,62,,91,94,93,81,91,87,,86,86,82,88,66,54,78,22,31,47,50,45,42,41,50,17,56,48,,,106,103,95,107,,60,43,49,53,63,,52,56,61,,57,134,72,55,,70,68,90,93,107,,,96,97,94,86,110,82,76,76,86,79,67,74,80,82,,58,51,56,56,63,46,59,,68,57,31,39,42,38,36,40,39,32,37,28,58,61,,54,34,73,3,67,47,4,107,70,76,65,62,60,49,,27,36,36,66,67,50,58,71,69,60,64,62,,74,57,56,61,66,67,,63,69,60,69,,,65,52,68,30,25,34,78,47,51,47,61,,50,57,55,49,52,55,30,21,,55,10,42,47,26,,7,7,4,5,9,24,12,,,16,12,12,13,8,,51,40,40,30,,,43,75,74,76,70,71,71,70,68,88,75,,22,41,28,24,24,21,52,53,57,44,58,54,17,10,23,22,15,30,,12,,38,4,11,8,,1,,21,16,,,,,86,,,,38,42,82,12,73,81,82,,33,28,39,43,39,32,36,30,28,31,33,,27,34,39,59,,72,70,72,52,41,29,55,37,45,,135,148,137,61,69,61,24,99,113,84,65,77,86,85,92,91,86,,,29,,56,26,30,48,82,,68,60,,,33,11,18,28,,48,56,63,,11,48,30,16,40,96,91,116,98,51,,,,,,,73,,34,77,98,57,4,51,,116,105,114,,124,,,62,,73,59,66,126,130,118,130,124,,56,59,60,54,45,61,59,53,60,38,15,8,10,106,107,98,26,40,31,53,,36,47,59,,116,123,,110,120,113,103,65,,23,6,,,54,68,,,,38,48,73,62,75,60,,70,70,,42,35,,46,,6,27,7,,38,123,69,65,47,,125,118,130,114,111,124,,93,96,95,90,92,79,122,58,85,123,104,95,73,72,68,72,70,76,76,75,61,75,,49,54,53,,53,73,67,68,71,59,50,54,52,59,58,62,50,63,,59,66,62,,40,80,66,71,68,,83,77,94,,52,,3,10,44,33,,56,52,,,,59,,58,,24,,,,60,61,63,2,12,,,,8,6,13,8,38,37,,51,42,42,38,37,55,,37,,,22,44,52,25,74,68,72,70,76,35,61,,36,20,31,7,37,23,14,47,42,39,39,41,38,,50,48,54,52,,28,19,18,32,9,26,28,21,,,,,19,34,,36,32,26,32,30,29,30,39,40,33,39,40,39,44,,6,13,,5,15,28,,3,4,,3,35,17,9,10,8,8,18,13,35,29,36,34,,,92,87,27,55,66,56,86,93,,76,70,1,2,30,,,77,,,,,82,,,,,,,,,,,,,,,,71,,,,,,,,,,,,,,,,,,,,,,,,,,,,,,,,,,,,,,27,16,52,22,14,42,67,60,52,,,,54,35,46,46,,,36,25,52,41,29,40,,5,25,50,,,48,36,,14,5,,,4,,87,90,,,64,50,,,54,63,65,,,63,68,46,52,83,81,84,59,60,61,62,62,111,92,106,94,70,72,67,60,64,68,60,46,,52,45,78,,97,102,82,94,61,55,67,71,27,36,22,64,,,75,41,37,44,40,68,80,60,101,50,41,48,61,24,62,37,60,,,44,74,62,,62,62,,47,35,51,,34,14,36,,43,64,66,56,7,51,33,,49,52,25,55,49,52,47,52,,53,54,50,32,42,48,,6,,8,,,,36,26,34,21,19,42,,40,,52,41,47,102,103,115,114,,14,17,8,,,24,24,18,,22,4,21,,,88,31,28,30,32,26,28,2,8,4,9,59,55,66,58,,39,37,32,34,33,,59,45,49,77,83,85,80,82,3,,9,7,20,45,53,50,46,50,24,32,36,,58,71,73,,46,60,55,84,,74,71,57,,54,32,51,35,20,,69,70,57,59,62,49,38,,34,50,33,28,28,,27,26,60,6,16,14,20,14,33,17,24,33,,50,59,56,,52,51,,33,35,40,45,,29,36,32,34,36,28,36,33,34,36,30,44,58,55,53,52,31,47,44,41,44,40,39,42,39,37,50,54,50,50,55,56,59,47,47,50,17,43,35,32,45,18,33,39,29,,23,8,29,29,23,15,3,5,60,46,64,66,34,46,44,31,33,26,14,19,27,19,,15,8,6,59,72,,73,31,33,35,33,41,47,42,43,49,50,57,50,20,47,,,,24,26,,23,26,20,24,22,12,,42,32,20,,,,,,54,56,51,54,1,,4,,39,27,30,37,34,32,,62,63,61,63,,,,,62,63,32,32,53,52,26,,68,21,21,39,38,,35,40,18,8,9,8,29,31,,49,53,55,48,8,12,31,24,7,,15,11,,25,28,,46,47,47,,49,,86,,46,44,39,67,71,58,3,3,2,5,22,7,4,15,,5,20,,62,70,59,,81,81,10,10,80,89,,52,50,78,74,,,43,41,46,,84,50,68,48,34,66,30,,45,,,40,15,37,30,55,61,52,43,52,,79,48,25,77,60,58,5,4,7,,,6,30,4,29,,83,52,49,68,38,37,89,68,7,70,72,52,26,,2,66,26,44,80,48,66,,10,,51,58,41,35,8,16,92,33,58,70,76,20,67,38,,,71,86,59,84,,53,31,37,31,,43,45,,,27,52,35,55,72,52,49,97,34,46,63,10,24,3,31,,46,62,,28,131,42,48,84,72,65,118,55,26,9,58,99,45,53,59,104,50,10,50,26,33,63,27,,59,61,63,53,,54,101,4,60,39,50,38,36,24,51,76,51,14,14,54,25,2,25,94,42,47,31,30,33,3,2,,,2,72,30,86,63,102,47,35,,64,62,57,43,19,88,68,98,34,,71,7,13,51,34,32,80,65,95,91,90,88,81,59,81,83,22,57,64,83,60,70,40,45,64,53,63,55,39,43,43,15,37,29,62,45,54,58,28,71,75,67,54,54,10,40,72,68,108,39,34,76,56,62,61,69,45,45,52,38,36,38,67,73,61,55,7,62,54,64,65,44,8,20,22,20,22,31,13,18,48,10,38,45,,41,44,51,96,30,75,110,110,47,,33,50,31,46,21,46,38,,132,49,37,12,22,33,62,50,10,72,4,70,28,57,96,55,80,86,23,56,61,58,75,71,62,64,55,52,56,66,37,36,61,20,61,60,53,92,48,60,51,82,71,84,72,63,6,141,36,49,58,64,69,51,30,27,47,65,46,60,52,57,2,112,69,2,52,22,48,65,34,4,39,76,85,55,60,67,83,69,31,50,,2,40,14,17,58,39,18,38,33,31,38,81,101,59,53,59,55,72,26,50,94,59,34,,40,26,31,22,46,59,40,16,19,5,90,50,68,84,91,68,46,42,14,22,31,41,71,21,27,40,39,,86,23,31,68,50,14,31,32,23,49,58,62,100,56,90,33,33,67,84,62,10,42,,25,6,52,19,1,61,46,101,69,14,41,35,43,50,65,33,26,42,55,48,5,46,26,70,5,10,13,15,54,5,10,11,9,27,97,78,47,25,2,73,55,4,40,89,46,66,125,71,61,75,70,74,70,,68,61,30,6,43,49,35,100,91,21,42,80,81,47,49,28,3,6,33,34,44,53,87,,47,55,89,88,64,14,74,62,,56,49,45,24,58,16,71,78,60,27,14,22,55,92,47,10,83,12,,66,59,39,62,48,53,56,51,60,93,54,31,38,54,56,98,44,69,136,67
20231004,1,CO,0.5,0.3,0.5,0.6,0.7,0.3,0.6,0.6,0.5,0.3,0.5,0.6,,,0.8,,0.6,0.7,0.8,,0.7,,0.7,0.5,,0.9,0.7,,0.9,0.9,0.8,0.8,1,0.8,1,,0.6,0.5,,0.5,,0.9,0.6,1.2,,0.9,,0.7,0.3,0.6,0.9,0.8,0.7,0.7,,1,0.3,,0.1,0.2,0.2,0.5,0.5,0.6,0.4,0.3,0.4,0.4,,0.4,0.5,0.6,0.3,0.7,0.4,,2.5,2.3,1.6,2.4,0.9,,,1,1.3,0.9,1.2,1.3,,0.4,0.4,,,0.2,0.4,0.2,0.3,,0.7,0.8,,0.7,0.8,0.9,0.8,0.7,,0.8,0.9,0.9,0.8,0.9,0.8,0.8,0.9,0.9,0.8,0.7,0.3,0.4,0.4,0.4,0.2,0.2,,0.3,0.3,0.5,0.3,0.3,0.4,0.4,0.5,0.7,0.5,0.4,0.3,0.4,0.6,0.4,0.5,0.6,0.4,0.7,0.5,,0.4,0.5,0.4,0.6,0.4,0.8,0.3,0.7,0.3,0.4,0.4,0.4,0.6,0.3,,0.6,0.6,0.6,0.6,0.6,0.7,0.3,0.6,0.5,0.5,0.7,0.6,,,,0.4,0.5,,0.7,0.5,0.4,,,,0.4,,0.9,0.8,0.9,0.9,1,0.9,0.9,0.9,0.6,,,,0.8,0.6,,0.5,0.4,0.4,0.6,0.5,,0.4,0.9,0.6,0.7,0.7,0.7,0.4,0.4,,0.4,,0.6,0.4,,0.5,0.5,,0.5,0.6,0.5,,0.7,0.6,0.7,0.5,0.5,0.5,0.5,,,0.5,0.6,0.5,0.5,0.4,0.4,0.4,,0.4,,,0.4,,0.7,0.5,,0.5,0.5,0.5,0.4,0.4,0.3,,0.6,0.5,0.5,0.5,0.6,0.5,0.5,0.5,0.7,0.5,0.7,0.2,0.7,0.5,0.7,0.7,0.5,0.7,,,0.3,0.4,0.4,0.4,,0.4,0.4,0.7,0.9,0.5,,0.7,0.6,0.5,,0.6,0.4,0.4,0.5,,0.5,0.5,0.5,0.4,0.4,,,0.5,0.6,0.8,0.4,0.6,0.6,0.6,0.7,0.1,0.6,0.5,0.6,0.5,0.6,,0.6,0.6,0.5,0.6,0.5,0.5,0.5,,0.5,0.7,0.4,0.6,0.5,0.6,0.6,0.5,0.6,0.5,0.7,0.3,0.9,0.9,,0.8,0.8,0.8,1,0.9,0.7,1,0.7,0.8,0.5,0.9,0.9,0.7,0.6,,0.6,0.7,0.8,0.9,0.7,0.6,0.5,0.7,0.7,0.5,0.6,0.7,,0.8,0.7,0.5,0.5,0.8,0.5,,0.5,0.5,0.6,0.5,,,0.9,0.8,0.8,0.8,0.9,0.9,0.9,0.8,0.6,0.7,0.5,,0.8,0.7,0.8,0.9,0.5,0.8,0.7,0.8,,0.4,0.5,0.5,0.5,0.3,,0.8,1,0.7,0.6,0.9,0.8,0.8,,,0.9,0.9,0.9,1,1.2,,0.6,0.7,0.6,0.7,,,0.7,0.7,0.4,0.2,0.4,0.4,0.5,0.1,0.3,0.3,0.2,,0.6,0.5,0.6,0.8,0.5,0.6,0.4,0.2,0.3,0.3,0.2,0.1,0.8,0.7,0.8,0.8,0.9,0.8,0.7,0.8,,1,0.3,0.7,0.7,,0.9,,0.5,0.8,,,,,0.6,,,,0.9,0.8,0.6,0.8,0.8,0.4,0.6,,,0.5,0.7,0.7,0.4,0.8,0.7,0.7,0.7,0.5,0.7,,0.4,0.8,0.5,0.4,,0.6,0.4,0.5,0.6,0.7,0.6,0.5,0.7,0.7,,0.9,0.8,0.7,0.6,0.6,0.7,0.8,0.6,0.6,0.5,0.6,0.4,0.7,0.6,0.6,0.6,0.5,,,0.7,,0.4,0.6,0.8,0.6,0.6,,0.5,0.5,,,0.7,0.8,1,0.7,,0.4,0.5,1.5,,0.6,0.7,0.6,0.6,0.7,0.6,0.3,0.6,0.4,0.2,,,,,,,0.3,,0.6,0.3,0.5,0.4,1,0.7,0.7,0.2,0.3,0.5,,0.7,,,0.7,,0.8,0.8,0.5,0.6,0.8,0.5,0.4,0.7,,0.6,0.6,0.6,0.6,0.7,0.5,0.5,0.7,0.5,0.7,0.7,0.9,0.7,,0.7,0.7,0.8,0.8,0.9,0.8,,0.6,0.7,0.7,,0.5,0.6,,0.8,0.8,1,0.8,0.8,,0.7,0.7,,,0.4,0.3,,,,0.6,0.5,0.3,0.4,1,2.8,,1.9,0.9,,1.2,1.3,,1.4,,1.1,0.8,0.8,,0.9,0.7,0.2,0.3,0.3,,0.6,0.8,0.7,1.1,0.8,0.6,,0.6,0.8,0.8,0.7,0.7,0.6,0.6,2.5,1.7,0.6,0.5,0.6,0.5,0.8,0.8,0.7,0.5,0.5,0.5,0.5,0.6,0.5,,0.2,0.3,0.2,,0.2,0.4,0.3,0.4,0.5,0.4,0.3,0.3,0.3,0.1,0.3,0.5,0.7,0.6,,0.5,0.8,0.7,,0.7,0.6,0.6,0.7,0.5,,0.5,0.8,0.6,,0.7,,1.2,0.9,0.7,0.8,,0.8,0.7,,,,0.6,,0.5,,1,,,,0.5,0.6,0.5,0.8,0.6,,,,0.7,0.8,0.7,0.5,0.8,0.7,,0.7,0.5,0.7,0.5,0.5,0.6,,0.6,,,0.5,0.6,0.5,0.5,0.7,0.9,0.8,0.9,0.7,0.5,0.5,0.5,0.6,0.5,0.8,1.1,0.8,0.8,0.4,0.3,0.4,0.7,0.7,0.7,0.8,,0.7,0.7,0.8,0.6,,0.6,0.9,0.7,0.5,0.5,0.7,0.6,0.6,,,,,0.7,0.7,,0.6,0.5,0.5,0.4,0.3,0.2,0.4,0.7,0.6,0.5,0.5,0.8,1,0.6,,0.8,0.6,,0.9,0.6,0.8,,0.5,0.7,,0.8,0.5,0.7,0.8,0.6,0.7,0.9,0.7,0.7,0.8,0.6,0.7,0.7,,,0.6,0.1,2.1,0.5,0.7,1.4,0.1,0.1,,0.3,0.2,1,0.4,0.2,,,0.5,,,,,0.7,,,,,,,,,,,,,,,,0.6,,,,,,,,,,,,,,,,,,,,,,,,,,,,,,,,,,,,,,0.8,0.9,0.7,1,1,0.4,0.5,0.4,0.4,,,,1.1,0.9,1,0.9,,,0.6,0.6,0.7,0.7,0.6,0.7,,0.8,0.9,1,,,1.1,0.8,,0.7,0.9,0.6,,0.6,,0.5,0.2,,,0.4,0.3,,,0.3,0.3,0.4,,,0.3,0.3,0.2,0.2,0.5,0.5,0.5,0.4,0.2,0.3,0.5,0.3,0.6,0.7,0.8,1.4,0.4,0.3,0.4,0.5,0.4,0.3,0.5,0.5,,0.1,4.7,0.5,,0.2,0.3,0.5,0.5,0.3,0.4,0.3,0.3,0.5,0.6,0.5,0.4,,,0.2,0.2,0.3,0.3,0.2,0.1,0.2,0.2,0.3,0.6,0.9,0.2,0.6,0.6,0.4,0.5,0.2,,,0.8,0.2,0.3,,0.5,0.5,,0.2,0.4,0.4,,0.3,0.3,0.5,,0.4,0.2,0.4,0.2,0.3,0.6,0.5,,0.5,0.6,0.4,0.5,0.4,0.6,0.9,0.9,,0.7,0.4,0.5,0.5,0.3,0.3,,0.8,,1,,,,0.6,0.5,0.5,0.5,0.6,0.3,,0.7,,0.9,0.7,0.8,0.6,0.6,0.6,0.6,,0.7,0.9,1.1,,,0.7,0.8,0.7,,0.6,0.6,0.7,,,0.5,0.3,0.5,0.4,0.5,0.4,0.8,1.7,0.7,1.3,0.6,0.7,0.5,0.7,0.8,,0.2,0.5,0.4,0.6,0.8,,1.2,0.8,1.4,1.1,0.9,0.4,0.8,1,0.8,,1.5,1.8,0.7,0.8,0.8,0.8,1,0.9,,0.5,0.7,,1,0.6,0.6,,0.7,1,0.7,0.4,,0.5,0.5,0.6,,0.5,0.7,0.5,0.6,0.8,,0.5,0.6,0.6,0.6,0.4,,0.4,,0.4,0.3,0.4,0.5,0.8,,0.9,1,0.7,0.9,0.8,0.6,0.7,0.8,1,1,0.6,0.6,,0.6,0.6,0.5,,0.6,0.7,,0.8,0.8,1,0.8,,0.5,0.5,0.6,1,1,0.6,0.8,0.8,0.8,0.8,0.7,0.7,0.5,0.7,0.5,0.6,0.5,0.6,0.8,0.8,0.6,0.8,1,0.9,0.8,0.9,0.7,0.6,0.6,0.7,0.7,0.7,0.7,0.8,0.6,0.6,0.9,0.5,0.8,0.8,0.2,0.7,0.6,0.4,0.9,0.9,0.9,0.8,0.5,0.7,0.5,0.8,0.8,0.7,0.5,0.6,0.6,0.6,0.7,0.5,0.6,0.7,0.8,0.7,0.7,0.5,0.7,0.8,,0.6,0.5,0.5,0.4,0.6,,0.4,0.7,0.4,0.5,0.3,0.6,0.5,0.6,0.5,0.7,0.6,0.6,0.9,0.6,0.5,,,,0.6,0.5,,0.5,,0.4,0.4,0.5,0.6,,0.6,0.6,0.5,,,,,,0.5,0.6,0.5,0.5,0.7,,0.5,,0.4,0.5,0.6,0.6,0.7,0.8,,0.4,0.4,0.5,0.5,,,,,0.2,0.3,0.6,0.6,,0.1,0.7,,0.3,0.6,0.5,0.6,0.5,,0.7,0.5,0.7,0.7,0.4,0.4,0.5,0.5,,0.4,0.5,0.2,0.3,0.5,0.3,0.4,0.2,0.6,,0.5,0.4,,0.5,0.3,,0.3,0.3,0.4,,0.6,,0.3,,0.3,0.2,0.5,0.7,0.5,0.6,0.5,0.8,0.9,0.8,0.7,0.6,0.7,0.4,,0.7,0.8,,0.7,0.6,0.4,,0.2,0.4,0.4,0.5,0.3,0.4,,0.5,0.7,0.2,0.2,,,0.8,0.6,0.4,,0.6,0.5,0.5,0.4,0.5,0.6,0.4,,0.5,,,0.5,0.5,0.5,0.5,0.6,0.5,0.4,0.2,0.6,,0.4,0.2,0.5,0.5,0.5,0.5,1.4,1,0.9,,,1.4,0.7,0.9,0.5,,0.3,0.1,0.2,0.3,0.6,0.6,1.4,0.8,0.7,0.5,0.8,0.9,0.8,,0.8,0.5,0.8,0.4,0.4,0.5,0.5,,0.6,,0.6,0.7,0.8,0.7,1.1,1.2,0.2,0.6,0.2,0.8,0.7,0.5,0.5,0.4,,,0.4,0.5,0.6,0.8,,0.6,0.8,0.8,0.7,,0.4,0.7,,,0.9,0.4,0.9,0.3,0.3,0.5,0.7,0.7,0.6,0.3,0.6,0.6,0.8,0.8,1.1,,0.6,0.6,,0.4,0.6,0.3,0.4,0.7,0.3,0.3,0.7,0.3,0.8,0.5,0.4,0.4,0.7,1,0.4,0.2,0.3,1.1,0.2,0.5,0.3,0.5,0.9,,0.5,0.4,0.5,0.3,,0.3,1.2,1.2,0.6,0.7,0.5,0.7,0.7,0.6,0.7,0.6,0.5,0.7,1.2,0.9,0.6,0.8,1.2,0.7,0.5,0.8,0.6,0.5,0.3,0.6,0.6,,,0.9,0.4,0.4,0.8,0.3,0.2,0.5,0.6,,0.5,0.6,0.5,0.3,0.7,0.7,0.6,0.6,0.8,,0.5,1.1,0.6,0.8,1.7,0.5,0.3,,0.7,0.5,0.4,0.5,0.5,0.6,0.7,0.7,0.4,0.8,0.3,0.3,0.3,0.3,0.6,0.5,0.7,0.6,0.4,0.4,0.5,0.5,0.7,0.9,1.1,0.9,0.7,1,0.8,0.5,0.9,0.8,0.5,0.7,0.7,0.7,0.8,0.5,0.7,0.9,0.7,,0.3,0.5,0.7,0.6,0.7,0.2,0.5,0.4,0.4,0.6,0.8,0.8,0.9,0.5,0.7,0.3,1,0.9,0.7,0.5,0.5,1.1,0.3,0.8,0.5,0.7,0.7,0.7,0.6,0.5,0.7,0.7,0.4,0.7,,0.6,0.3,0.7,0.5,0.8,0.6,0.6,0.3,0.4,,0.6,0.4,0.4,0.6,0.6,0.5,0.5,,0.9,0.4,0.8,1,0.7,0.8,0.7,0.9,0.6,0.8,0.8,0.6,1,0.5,0.6,0.4,0.4,0.6,0.7,0.7,1.1,0.6,0.6,0.5,0.4,0.3,0.7,0.9,0.4,0.6,1,0.5,0.8,0.7,0.6,0.5,0.3,0.5,0.7,0.4,0.5,0.4,0.4,1.4,0.4,0.4,0.7,0.7,0.7,0.7,1,0.6,0.6,0.7,0.6,0.7,0.6,0.7,0.6,0.9,0.2,0.7,0.4,0.7,0.6,0.5,0.4,0.3,0.5,0.6,0.6,0.7,0.9,0.7,0.6,0.7,0.4,0.4,0.6,0.7,0.5,0.4,,0.8,0.6,1,1,0.1,0.6,0.8,0.7,0.7,0.6,0.7,0.3,0.4,0.7,1,0.6,0.6,0.4,0.4,0.4,0.3,0.8,0.3,,0.6,0.7,0.7,0.3,0.6,1,0.5,0.6,0.5,0.9,0.5,0.3,0.8,0.5,0.7,0.7,0.6,0.7,1,0.5,0.6,0.6,0.5,0.4,0.4,0.6,0.5,,0.5,0.7,0.6,0.6,0.7,1.1,0.6,0.4,0.7,0.6,0.5,0.4,0.4,0.4,0.4,0.8,0.5,0.7,1,1.4,0.9,0.6,,0.9,0.7,0.5,0.7,0.5,0.5,0.8,1.2,0.7,0.8,0.7,0.7,0.6,0.8,0.9,0.9,1.1,1,0.8,0.6,0.5,0.7,1.4,0.5,1,0.6,1,0.8,1.1,0.8,0.7,0.8,0.6,0.7,0.3,0.6,0.7,0.9,0.7,0.6,0.9,1.3,0.8,0.2,0.8,0.8,0.7,0.7,0.8,0.9,0.5,0.4,0.3,,0.7,0.4,0.5,0.9,0.5,0.3,0.6,0.4,0.4,0.8,0.8,0.8,0.4,0.5,0.5,0.8,0.7,0.8,0.7,1.1,0.5,0.6,0.5,,0.2,0.1,0.4,0.3,1.2,1,0.8,0.7,,0.4,0.5,,0.4,0.4,0.5,0.5,0.5,0.4,0.4,0.7,0.7,0.5,0.5,0.6,0.3,0.5,0.3,0.7,0.4,0.3,0.5,0.4,0.8,0.5,0.4,0.3,0.5,0.5,0.1,0.4,0.2,0.4,0.6,0.6,0.7,0.6,1,0.4
20231004,1,CO_24h,0.5,0.5,0.6,0.5,0.6,0.6,0.6,0.6,0.6,0.5,0.6,0.8,,,0.5,,0.5,0.5,0.4,,0.6,,0.5,0.4,,0.8,0.6,,0.9,0.8,0.9,0.9,0.9,0.9,1.1,,0.5,0.4,,0.4,,0.5,0.8,0.7,,0.5,,0.8,0.4,0.6,0.7,0.7,0.4,0.5,,0.8,0.4,,0.3,0.3,0.3,0.5,0.7,0.5,0.9,0.5,0.5,0.4,,0.5,0.5,0.5,0.3,0.2,0.4,,1.2,0.8,1,1,1,,,1.2,1.3,1.1,1.3,1.3,,0.6,0.7,,,0.4,0.6,0.5,0.5,,0.7,0.7,,0.9,0.6,0.7,0.7,0.6,,0.6,0.7,0.7,0.6,0.6,0.6,0.6,0.7,0.7,0.6,0.5,0.5,0.5,0.5,0.6,0.5,0.4,,0.5,0.5,0.6,0.6,0.7,0.6,0.6,0.8,0.9,0.8,0.7,1.5,0.5,0.9,0.6,0.6,0.6,0.4,0.6,0.5,,0.4,0.5,0.4,0.6,0.4,0.8,0.2,0.7,0.3,0.4,0.4,0.4,0.6,0.3,,0.6,0.6,0.6,0.5,0.6,0.7,0.2,0.6,0.5,0.5,0.7,0.5,,,,0.4,0.5,,0.5,0.4,0.3,,,,0.3,,0.8,0.6,1,0.8,0.9,0.8,0.9,0.8,0.6,,,,0.8,0.6,,0.6,0.4,0.5,0.5,0.4,,0.4,0.6,0.5,0.6,0.6,0.6,0.4,0.4,,0.2,,0.5,0.5,,0.5,0.5,,0.4,0.5,0.4,,0.6,0.5,0.6,0.5,0.5,0.5,0.6,,,0.5,0.7,0.5,0.5,0.4,0.5,0.4,,0.5,,,0.4,,0.7,0.4,,0.5,0.4,0.5,0.4,0.4,0.4,,0.5,0.5,0.5,0.5,0.6,0.4,0.4,0.4,0.6,0.5,0.6,0.2,0.7,0.5,0.7,0.6,0.5,0.6,,,0.3,0.3,0.4,0.4,,0.3,0.3,0.7,0.9,0.6,,0.7,0.6,0.5,,0.7,0.4,0.5,0.5,,0.4,0.5,0.4,0.4,0.4,,,0.5,0.7,0.7,0.5,0.5,0.6,0.6,0.7,0.4,0.6,0.5,0.6,0.5,0.6,,0.6,0.6,0.5,0.6,0.5,0.4,0.5,,0.5,0.6,0.4,0.6,0.5,0.6,0.6,0.5,0.6,0.5,0.7,0.3,0.9,0.8,,0.7,0.9,0.9,0.9,0.8,0.6,0.8,0.6,0.8,0.4,0.9,0.7,0.7,0.8,,0.4,0.6,0.8,0.9,0.7,0.5,0.6,0.7,0.7,0.6,0.6,0.8,,0.8,0.8,0.6,0.5,0.7,0.5,,0.5,0.6,0.6,0.6,,,0.9,0.8,0.8,0.7,0.8,0.9,0.8,0.8,0.6,0.7,0.5,,0.7,0.7,0.7,0.8,0.5,0.8,0.7,0.7,,0.4,0.4,0.4,0.4,0.3,,0.9,1,0.6,0.6,0.8,0.8,0.8,,,0.9,0.9,0.9,0.9,1.2,,0.6,0.6,0.5,0.6,,,0.7,0.9,0.4,0.2,0.4,0.6,0.4,0.2,0.3,0.3,0.3,,0.6,0.5,0.6,0.6,0.5,0.6,0.4,0.4,0.3,0.4,0.3,0.2,0.7,0.7,0.8,0.7,0.7,0.6,0.6,0.7,,0.9,0.2,0.6,0.6,,0.7,,0.8,1,,,,,0.8,,,,0.9,0.9,0.7,0.6,1,0.7,0.7,,0.4,0.5,0.6,0.5,0.4,0.7,0.7,0.7,0.6,0.6,0.7,,0.5,0.8,0.5,0.9,,0.8,0.8,0.9,0.6,0.7,0.6,0.7,0.8,0.7,,0.7,0.7,0.6,0.8,0.8,0.7,0.7,0.6,0.5,0.5,0.6,0.7,0.9,0.9,0.6,0.6,0.6,,,0.8,,0.3,0.4,0.6,0.5,0.6,,0.5,0.5,,,0.6,0.7,0.8,0.6,,0.4,0.4,1.7,,0.4,0.5,0.5,0.6,0.6,0.6,0.3,0.6,0.4,0.3,,,,,,,0.3,,0.5,0.3,0.5,0.3,0.9,0.6,0.7,0.3,0.3,0.5,,0.5,,,0.8,,0.8,0.8,0.6,0.7,0.7,0.5,0.5,0.7,,0.7,0.9,0.7,0.6,0.6,0.5,0.6,0.7,0.6,0.6,0.8,0.9,0.8,0.7,0.6,0.7,0.9,0.8,0.9,0.7,,0.6,0.7,0.7,,0.5,0.6,,0.8,0.8,1,0.8,0.9,,0.7,0.7,,,0.4,0.3,,,,0.7,0.7,0.9,0.9,0.9,1.3,,0.9,0.8,,1.2,1.2,,1.3,,1.1,0.8,1.1,,1,0.8,0.3,0.4,0.4,,0.6,0.7,0.7,1,0.7,0.6,,0.7,0.8,0.8,0.8,0.6,0.6,0.6,1.1,2.3,0.6,0.5,0.7,0.8,0.9,0.9,1.1,0.7,0.6,0.6,0.6,0.6,0.6,,0.4,0.5,0.3,,0.2,0.5,0.5,0.5,0.6,0.5,0.5,0.5,0.4,0.3,0.4,0.5,0.6,0.6,,0.5,0.8,0.7,,0.7,0.6,0.6,0.8,0.6,,0.6,0.8,0.9,,0.7,,0.9,0.6,0.5,0.7,,0.9,0.8,,,,0.6,,0.5,,0.7,,,,0.5,0.6,0.5,0.7,0.5,,,,0.7,0.7,0.7,0.5,0.8,0.7,,0.7,0.6,0.7,0.5,0.5,0.6,,0.6,,,0.4,0.6,0.5,0.6,0.7,0.7,0.7,0.8,0.5,0.7,0.7,0.6,0.6,0.5,0.7,0.9,0.8,0.7,0.5,0.3,0.4,0.7,0.8,0.8,0.8,,0.7,0.8,0.9,0.6,,0.6,0.9,0.6,0.6,0.5,0.7,0.6,0.6,,,,,0.6,0.8,,0.7,0.5,0.5,0.4,0.3,0.3,0.4,0.7,0.7,0.5,0.5,0.8,0.8,0.5,,0.8,0.5,,1,0.7,0.7,,0.5,0.6,,0.7,0.5,0.7,0.7,0.7,0.7,0.7,0.7,0.7,0.8,0.6,0.7,0.6,,,0.7,0.3,1.7,0.8,1,0.6,0.2,0.2,,0.4,0.3,0.6,0.3,0.3,,,0.5,,,,,0.6,,,,,,,,,,,,,,,,0.5,,,,,,,,,,,,,,,,,,,,,,,,,,,,,,,,,,,,,,0.8,0.7,0.6,0.8,0.8,0.4,0.4,0.4,0.4,,,,1.2,0.9,1,0.9,,,0.6,0.6,0.6,0.7,0.6,1,,1,1.1,0.7,,,0.5,0.7,,0.8,1,0.6,,0.8,,1.2,1,,,0.5,0.5,,,0.5,0.5,0.5,,,0.7,0.5,0.2,0.2,0.6,0.5,0.4,0.7,0.8,0.7,0.9,0.7,0.6,0.6,0.8,0.9,0.6,0.8,0.6,0.6,0.6,0.5,1.1,0.7,,0.4,0.9,0.6,,0.4,0.5,0.6,0.6,0.5,0.5,0.4,0.4,0.5,0.6,0.5,0.4,,,0.3,0.2,0.2,0.6,0.2,0.7,0.2,0.2,0.2,0.5,0.6,0.2,0.6,0.6,0.5,0.6,0.2,,,0.6,0.4,0.4,,0.4,0.5,,0.2,0.4,0.4,,0.3,0.3,0.5,,0.3,0.2,0.3,0.2,0.3,0.5,0.3,,0.6,0.6,0.5,0.7,0.4,0.6,0.7,0.7,,0.5,0.4,0.5,0.5,0.3,0.3,,0.5,,0.6,,,,0.6,0.4,0.5,0.4,0.4,0.2,,0.6,,0.6,0.5,0.6,0.5,0.6,0.6,0.6,,0.5,0.7,0.8,,,0.6,0.8,0.6,,0.6,0.6,0.7,,,0.5,0.3,0.4,0.3,0.5,0.4,0.9,1.5,0.8,1.2,0.7,0.8,0.7,0.9,1.1,,,0.5,0.5,0.6,0.7,,1.3,0.9,1.4,1.1,1,0.4,0.8,0.9,0.8,,1.3,1.6,0.9,0.8,0.7,0.9,1,1,,0.4,0.5,,0.8,0.6,0.6,,0.7,1,0.7,0.4,,0.4,0.4,0.6,,0.5,0.6,0.5,0.5,0.6,,0.5,0.6,0.5,0.5,0.4,0.6,0.4,,0.5,0.4,0.4,0.5,0.5,,0.9,0.8,0.7,0.9,0.8,0.6,0.6,0.6,0.8,0.6,0.5,0.7,,0.6,0.5,0.4,,0.6,0.7,,0.8,0.9,1,0.8,,0.5,0.5,0.5,1,1.1,0.7,0.8,0.8,0.8,0.9,0.8,0.9,0.7,0.8,0.7,0.7,0.5,0.7,0.8,0.7,0.6,0.7,1.1,1.1,0.9,1,0.8,0.8,0.7,0.9,0.8,0.8,0.7,0.8,0.6,0.7,0.9,0.5,0.9,0.8,0.3,0.7,0.6,0.5,0.8,0.8,0.7,0.7,0.6,0.6,0.6,0.7,0.8,0.7,0.6,0.5,0.6,0.6,0.6,0.5,0.7,0.7,0.6,0.7,0.7,0.4,0.7,0.8,,0.5,0.5,0.5,0.4,0.6,,0.4,0.6,0.4,0.5,0.3,0.6,0.5,0.6,0.5,0.7,0.7,0.8,1,0.6,0.5,,,,0.5,0.5,,0.4,,0.5,0.5,0.6,0.6,,0.6,0.5,0.4,,,,,,0.5,0.6,0.5,0.5,0.8,,0.5,,0.4,0.5,0.6,0.7,0.7,0.9,,0.4,0.4,0.5,0.5,,,,,0.3,0.4,0.6,0.6,0.1,0.1,0.6,,0.3,0.6,0.5,0.6,0.5,,0.7,0.5,0.6,0.6,0.4,0.4,0.4,0.4,,0.3,0.5,0.2,0.2,0.4,0.3,0.2,0.2,0.5,,0.5,0.4,,0.5,0.3,,0.3,0.4,0.5,,0.7,,0.3,,0.3,0.2,0.4,0.7,0.4,0.6,0.5,0.7,0.7,0.7,0.8,0.7,0.6,0.4,,1.2,1.3,,0.6,0.7,0.7,,0.3,0.4,0.5,0.5,0.4,0.4,,0.6,0.6,0.3,0.2,,,0.8,0.7,0.4,,0.5,0.5,0.4,0.4,0.6,0.6,0.5,,0.6,,,0.6,0.6,0.6,0.6,0.5,0.5,0.4,0.4,0.5,,0.5,0.2,0.4,0.5,0.5,0.4,0.7,0.7,0.6,,,0.8,0.8,0.6,0.3,,0.4,0.4,0.5,0.5,0.5,0.5,0.8,0.8,0.6,0.5,0.7,0.9,1.2,,0.7,0.6,0.8,0.5,0.5,0.4,0.5,,0.5,,0.6,0.6,0.7,0.6,0.9,1,0.6,0.6,0.2,0.6,0.8,0.5,0.4,0.4,,,0.5,0.6,0.6,0.7,,0.7,0.7,1,0.7,,0.4,0.7,,,0.9,0.4,1,0.3,0.4,0.5,0.6,0.7,0.5,0.3,0.5,0.6,0.8,0.7,1.1,,0.4,0.5,,0.4,0.6,0.4,0.5,0.8,0.4,0.3,0.4,0.3,0.7,0.5,0.5,0.4,0.4,1,0.5,0.2,0.4,1,0.3,0.7,0.4,0.4,0.9,,0.6,0.4,0.5,0.4,,0.4,0.7,1.1,0.6,0.6,0.6,0.6,0.5,0.6,0.7,0.6,0.7,0.6,1.1,0.6,0.5,0.7,1,0.6,0.5,0.6,0.6,0.5,0.4,0.6,0.6,,,0.8,0.4,0.4,0.8,0.4,0.3,0.5,0.5,,0.5,0.6,0.7,0.3,0.9,0.7,0.6,0.6,0.6,,0.7,1,0.6,0.7,1.1,0.4,0.4,0.5,0.7,0.5,0.4,0.5,0.5,0.6,0.6,0.6,0.4,0.6,0.6,1,0.4,0.4,0.7,0.4,0.7,0.5,0.3,0.3,0.4,0.4,0.7,0.8,1,0.8,0.6,1,0.7,0.5,0.9,0.7,0.4,0.7,0.7,0.6,0.8,0.5,0.6,0.9,0.7,,0.3,0.4,0.6,0.5,0.7,0.2,0.4,0.4,0.3,0.6,0.7,0.8,1,0.4,0.6,0.3,0.7,0.9,0.5,0.3,0.6,1,0.3,0.8,0.6,0.7,0.7,0.7,0.6,0.5,0.7,0.6,0.4,0.7,,0.6,0.4,0.8,0.6,0.7,0.3,0.4,0.3,0.4,,0.5,0.5,0.4,0.5,0.6,0.5,0.5,,0.8,0.4,0.5,0.7,0.6,0.9,0.7,0.8,0.5,0.6,0.7,0.6,0.9,0.5,0.6,0.4,0.4,0.6,0.8,0.7,1.1,0.6,0.5,0.5,1,0.4,0.7,0.8,0.5,0.6,0.8,0.5,0.8,0.7,0.6,0.5,0.3,0.4,0.6,0.3,0.3,0.8,0.5,0.7,0.5,0.5,0.8,0.7,0.7,0.7,0.9,0.5,0.6,0.7,0.6,0.7,0.5,0.7,0.5,1,0.4,0.7,0.4,0.6,0.6,0.4,0.5,0.3,0.5,0.6,0.5,0.5,0.6,0.6,0.6,0.8,0.5,0.6,1,0.7,0.5,1.1,0.4,0.8,0.6,1,0.9,0.4,0.6,0.7,0.7,0.8,0.6,0.8,0.3,0.4,0.6,0.8,0.5,0.7,0.5,0.4,0.3,0.3,0.8,0.3,,0.5,0.7,0.7,0.5,0.9,0.8,0.6,0.5,0.5,0.8,0.5,0.2,0.7,0.5,0.7,0.5,0.6,0.6,0.9,0.5,0.6,0.6,0.4,0.4,0.4,0.5,0.5,,0.5,0.7,0.6,0.5,0.7,1.1,0.5,0.6,0.7,0.6,0.5,0.4,0.4,0.4,0.4,0.6,0.5,0.9,0.9,1.2,0.9,0.6,,0.8,0.8,0.4,0.5,0.5,0.3,0.8,0.7,0.6,0.7,0.7,0.7,0.4,0.7,0.8,0.7,0.9,0.8,0.7,0.6,0.4,0.6,0.9,0.5,1,0.6,0.8,0.8,0.6,0.7,0.6,0.8,0.6,0.7,0.3,0.7,0.7,0.7,0.6,0.6,1,1.4,0.8,1,0.8,0.5,0.8,0.7,0.8,0.9,0.6,0.5,0.4,,0.7,0.4,0.4,0.7,0.5,0.4,0.8,0.5,0.5,0.5,0.8,0.6,0.5,0.6,0.6,0.7,0.7,0.7,0.6,1,0.5,0.5,0.5,,0.3,0.3,0.4,0.2,0.8,1.2,0.9,0.6,,0.6,0.5,0.2,0.4,0.7,0.5,0.5,0.5,0.8,0.4,0.5,0.8,0.5,0.3,0.4,0.4,0.6,0.5,0.6,0.6,0.5,0.4,0.4,1,0.5,0.4,0.5,0.5,0.6,0.3,0.3,0.3,0.4,0.6,0.5,0.6,0.7,0.8,0.5
20231004,2,AQI,19,18,24,18,30,24,25,71,47,21,28,16,,,90,,86,85,99,,72,,70,63,,67,84,,77,98,109,89,76,122,75,,75,71,,65,,67,80,62,,68,,70,67,59,127,132,125,110,,112,20,,19,18,20,41,38,45,53,43,50,49,,52,67,64,68,60,59,,71,91,97,73,60,,,70,96,55,73,63,,17,14,,,22,23,21,23,,44,57,,45,60,48,51,35,,28,93,77,77,82,73,,78,87,63,69,17,19,26,16,18,15,,14,22,27,21,19,19,20,20,20,21,20,22,19,19,21,27,26,25,27,27,,29,29,24,24,30,32,36,31,31,28,26,25,31,28,,26,28,24,23,22,23,25,24,22,21,18,54,,,,44,26,,50,49,36,,,,39,,17,30,18,15,25,24,20,29,37,,,,34,53,,32,37,32,31,32,,40,46,46,41,46,48,44,46,,36,,35,34,,33,28,,36,30,29,,27,30,31,48,28,,27,,,21,25,26,29,30,32,34,,47,,,26,,29,26,,27,30,30,26,27,27,,41,36,40,36,36,34,32,32,44,34,32,31,51,35,31,58,32,38,,,40,34,47,41,,48,53,40,39,19,,43,30,20,,29,56,42,55,,52,88,52,57,34,,,34,42,34,29,33,31,55,51,42,56,53,52,,54,,18,17,23,18,32,33,19,,29,19,15,18,16,23,15,14,18,18,22,19,52,52,,41,55,35,53,49,36,51,49,40,39,36,47,36,38,,44,45,43,42,34,35,36,25,33,48,45,43,,27,41,54,33,39,35,,30,33,34,30,,,58,40,38,54,46,47,59,65,43,53,32,,35,44,32,29,28,32,47,99,,31,32,25,23,14,,29,13,22,33,19,17,36,,,19,23,18,29,24,,37,44,67,58,,,52,23,26,28,28,23,27,21,32,32,25,,20,13,18,23,20,15,17,18,17,17,18,16,24,28,22,23,25,20,39,19,,33,37,23,29,,53,,57,53,,,,,59,,,,68,88,56,54,35,37,60,,51,19,20,19,21,22,31,34,29,28,28,,26,27,14,19,,23,20,23,15,57,48,27,34,53,,65,57,,28,26,24,30,27,31,36,34,39,34,43,36,36,37,,,59,,69,71,77,58,69,,61,78,,,77,83,69,67,,54,52,64,,67,58,57,58,48,31,29,36,31,34,,,,,,,59,,89,58,46,59,46,44,,35,33,35,,64,,,26,,42,36,31,42,38,42,44,46,,27,28,27,26,29,26,29,34,29,34,41,39,40,,38,51,52,58,40,26,,38,27,34,,47,39,,54,60,63,54,23,,40,14,,,77,63,,,,31,33,26,39,55,58,,52,54,,70,79,,83,,73,66,83,,70,64,21,21,19,,44,55,58,59,50,50,,28,24,31,26,32,38,36,52,42,38,33,31,23,48,30,25,21,24,30,29,38,32,,19,15,15,,15,29,32,26,23,23,16,17,17,19,22,25,25,30,,24,25,34,,23,24,23,24,25,,28,24,25,,54,,60,56,53,62,,58,,,,,63,,62,,53,,,,58,45,51,50,46,,,,13,11,27,10,41,45,,25,25,38,21,25,26,,36,,,25,25,15,20,24,60,57,57,63,24,26,,28,46,60,53,32,68,34,19,15,29,38,32,46,,43,50,43,41,,23,44,17,10,38,50,51,48,,,,,63,47,,42,15,24,29,19,18,20,19,26,23,19,24,25,20,,36,26,,40,43,44,,29,53,,48,22,20,32,23,37,52,23,30,32,36,27,42,,,32,27,54,49,71,69,27,29,,22,25,69,99,130,,,51,,,,,41,,,,,,,,,,,,,,,,31,,,,,,,,,,,,,,,,,,,,,,,,,,,,,,,,,,,,,,26,48,38,45,,53,45,58,50,,,,59,67,61,60,,,53,68,60,62,61,71,,83,74,65,,,55,79,,55,62,48,,86,,47,38,,,22,29,,,47,45,20,,,21,23,13,17,59,49,37,21,19,20,20,20,40,46,37,55,29,22,19,23,19,22,20,16,,23,33,23,,30,31,25,29,18,14,20,25,24,35,22,24,,,25,19,21,35,26,19,22,18,31,18,17,21,22,23,24,21,25,,,23,24,23,,18,17,,18,33,31,,29,36,23,,23,33,21,28,27,40,56,,22,22,33,33,38,34,27,32,,43,29,17,19,22,30,,42,,58,,,,15,19,24,41,51,53,,28,,31,33,33,31,31,36,33,,50,30,64,,,32,28,29,,30,43,28,,,26,17,21,25,20,48,32,53,45,52,40,38,52,53,44,,37,35,42,38,35,,57,59,55,55,57,58,55,57,55,,59,63,,29,36,36,32,35,,57,57,,66,59,69,,59,55,61,63,,67,77,60,,,60,51,59,53,,42,37,,49,43,,62,,49,57,62,45,46,,44,44,17,35,14,13,44,55,78,68,29,36,,47,45,45,,29,25,,33,22,48,39,,54,46,46,26,15,22,47,,37,38,42,40,32,33,39,36,30,36,49,36,43,55,70,70,59,68,52,43,53,42,40,17,19,19,21,18,24,18,16,25,19,16,21,18,64,,71,69,22,31,26,46,65,66,40,51,45,41,51,39,51,128,56,27,40,45,32,,,59,40,36,20,23,,23,29,24,25,16,32,24,28,30,49,35,28,32,34,35,,,,24,21,,26,12,11,11,20,25,,29,28,28,,,,,,25,32,26,27,20,,18,,12,15,12,13,16,19,,24,28,19,23,,,,,20,20,13,12,29,20,32,,22,14,12,21,23,,29,14,23,22,16,22,23,19,,30,45,31,33,18,13,21,13,31,,23,20,,19,12,,15,15,16,,15,,27,,14,13,14,21,21,21,94,73,79,68,22,23,20,18,,53,40,,25,20,30,,26,26,,48,30,41,,39,36,37,40,,,37,33,16,,26,19,23,19,11,33,53,,32,,,57,33,24,23,39,38,63,63,22,,35,29,36,99,106,97,168,174,167,,,67,53,65,27,,25,31,33,54,12,55,42,51,68,73,71,110,73,,59,30,37,31,23,33,19,,45,,49,69,65,26,28,18,28,20,22,46,46,21,25,12,,,46,42,28,87,,62,63,102,34,,32,20,,,31,36,41,32,34,36,54,27,53,23,38,19,28,18,84,,87,77,,33,47,29,25,29,22,28,67,33,52,26,31,33,82,62,24,35,31,56,17,62,12,62,37,,21,25,21,16,,23,69,20,80,55,41,36,38,35,70,59,36,42,59,32,42,49,72,,57,30,65,19,15,15,16,,,54,37,67,27,30,32,40,36,,30,48,49,33,44,32,59,51,33,,29,52,58,43,45,13,29,,30,27,27,25,25,26,27,28,24,26,18,70,21,21,45,51,22,18,21,41,34,33,38,49,67,65,59,52,51,30,33,38,29,52,55,57,42,30,29,52,54,12,88,80,90,84,22,20,41,25,50,26,22,52,35,57,54,49,53,52,19,22,20,21,19,18,19,25,32,26,28,21,15,18,12,37,,52,32,33,33,52,46,64,34,63,,70,68,67,73,10,20,17,,70,17,36,46,45,20,20,38,46,64,64,32,49,27,36,34,28,26,55,22,39,58,63,54,21,30,26,31,30,22,50,25,23,35,27,24,24,25,36,39,50,58,47,59,23,32,38,49,33,32,51,39,,24,25,46,25,27,29,68,66,76,64,55,57,75,54,29,26,31,41,51,40,45,58,64,55,57,39,58,55,16,19,25,14,20,34,25,65,90,42,39,34,39,66,39,82,94,73,63,53,52,65,28,36,69,,77,78,97,59,42,77,23,62,20,39,31,54,51,43,50,58,38,44,47,46,28,15,21,,29,23,26,,28,12,22,36,48,18,14,20,21,36,30,36,32,25,29,45,36,28,63,78,68,58,,100,60,64,79,69,66,75,39,92,124,92,79,85,94,92,93,94,63,75,,35,54,78,50,57,29,30,25,56,38,29,27,28,22,32,31,116,183,18,23,92,83,67,45,35,44,48,27,46,51,21,24,32,,22,52,54,63,21,19,48,32,31,69,58,79,65,46,58,55,49,24,24,34,28,43,29,,14,17,25,92,57,82,68,53,,16,41,15,22,36,28,70,48,19,13,50,65,40,68,78,25,36,19,52,21,20,,38,79,30,22,30,29,24,25,38,12,16,38,70,63,51,57,38
20231004,2,PM2.5,12,4,13,11,14,14,11,50,29,5,9,8,,,67,,63,58,74,,44,,42,44,,38,62,,46,56,82,66,54,92,31,,47,42,,43,,31,45,42,,42,,51,48,42,96,100,95,83,,84,3,,2,12,8,22,26,23,15,30,23,34,,22,45,46,49,28,34,,38,49,72,46,32,,,35,59,28,52,36,,3,4,,,2,2,2,2,,17,19,,24,18,32,26,24,,19,66,56,48,57,53,45,51,49,45,50,10,13,18,8,5,6,,7,15,15,8,11,10,5,11,12,6,14,15,10,8,8,11,9,6,11,6,,9,8,10,8,17,22,24,9,9,13,18,17,17,10,,10,13,10,12,14,13,7,12,9,12,12,27,,,,28,18,,35,34,25,,,,27,,9,14,12,7,17,14,9,14,23,,,,21,22,,16,25,22,19,22,,21,30,30,22,31,27,24,32,,25,,23,20,,15,16,,16,21,20,,18,20,19,19,7,6,5,,,5,7,7,12,12,14,20,,23,,,16,,10,14,,10,9,12,4,6,8,,23,19,22,19,21,20,14,18,29,22,22,14,29,24,20,41,22,26,,,19,17,16,18,,19,21,24,27,12,,30,20,12,,20,27,22,24,,24,39,24,34,17,,,19,12,15,14,17,15,27,25,18,30,32,30,27,25,,10,9,10,11,22,23,12,,20,8,9,12,11,16,10,9,12,9,15,7,32,32,,23,33,24,26,31,22,32,34,21,18,16,24,21,19,,26,23,24,13,18,14,20,10,23,32,31,17,,17,23,28,22,21,21,,21,19,13,13,,,27,20,17,35,30,29,38,26,25,35,20,,19,16,22,18,18,18,22,37,,14,14,16,14,6,,15,9,15,22,12,7,25,,,13,16,12,12,12,,23,28,48,41,,,36,3,9,19,19,12,12,9,22,22,12,,7,6,6,8,8,7,5,5,6,10,7,6,9,13,10,14,13,12,16,13,,15,14,13,14,,33,,40,37,,,,,27,,,,49,65,21,34,18,25,17,,16,13,12,10,11,15,12,21,14,12,16,,18,14,8,4,,2,2,4,10,29,24,11,12,29,,47,40,,12,12,13,13,10,14,12,12,7,6,4,18,19,18,,,41,,45,51,56,26,39,,27,57,,,56,61,50,48,,32,34,46,,48,39,29,39,32,9,18,16,9,17,,,,,,,34,,66,39,19,34,27,24,24,10,12,10,,46,,,18,,29,24,21,15,17,20,23,22,,7,12,9,12,20,12,12,19,7,22,23,19,22,20,20,17,36,41,25,17,,17,17,17,,22,23,,22,24,23,19,16,,20,9,,,56,45,,,,8,19,8,12,39,41,,36,26,,51,58,,61,,27,43,36,,34,46,4,10,10,,29,27,34,32,30,25,,11,14,11,12,14,26,15,30,19,15,11,20,3,14,9,17,3,12,15,17,20,13,,13,7,5,,6,20,22,15,9,13,10,9,10,5,15,17,14,16,,14,17,13,,16,11,6,15,17,,11,16,3,,38,,40,34,34,44,,40,,,,,41,,31,,32,,,,41,31,27,26,26,,,,7,5,5,7,21,23,,16,11,26,13,17,16,,25,,,10,14,10,5,4,43,37,38,45,15,7,7,10,32,43,33,22,38,14,11,9,20,26,22,32,,30,30,30,27,,5,15,8,6,20,22,25,17,,,,,27,30,,20,6,16,9,12,9,12,11,18,16,13,11,4,8,,16,14,,28,30,26,,16,16,,23,12,14,21,13,17,21,16,21,22,23,12,29,,,10,7,13,12,19,10,3,8,,11,1,14,24,33,,,24,,,,,24,,,,,,,,,,,,,,,,9,,,,,,,,,,,,,,,,,,,,,,,,,,,,,,,,,,,,,,14,33,26,31,24,29,31,29,30,,,,22,27,31,22,,,31,34,43,26,24,40,,56,54,47,,,39,58,,39,44,21,,25,,19,14,,,,20,,,23,18,10,,,11,16,3,2,16,12,15,7,3,3,2,1,23,32,21,29,7,7,9,13,7,9,9,5,,4,17,11,,,7,8,5,5,5,6,8,10,9,8,12,,,1,7,10,10,18,6,5,11,11,12,11,13,9,16,12,14,9,,,16,7,13,11,6,6,,12,11,11,,11,20,16,,16,23,8,18,15,22,32,,14,12,17,10,26,15,18,22,,30,2,6,12,14,21,,29,,41,,,,8,7,10,18,32,33,,19,,21,23,23,10,12,15,12,,18,20,27,,,22,19,20,,21,20,19,,,14,10,5,17,14,11,20,35,21,31,23,26,27,25,24,,8,24,29,26,24,,40,42,39,39,40,38,35,40,39,,42,45,44,20,22,23,22,22,24,40,32,,44,42,50,,36,39,41,45,,47,56,39,,45,43,32,42,37,,29,25,,34,26,,38,,32,40,44,16,17,,27,13,2,22,6,9,23,38,57,49,11,10,,30,30,31,,20,17,,19,13,32,27,,38,32,32,11,7,15,16,,15,19,20,26,16,21,19,23,8,25,34,25,27,31,51,51,40,49,36,28,37,28,28,3,4,7,11,8,6,8,11,17,,4,7,7,41,42,46,36,15,16,11,17,17,16,25,27,31,17,20,23,23,97,36,18,16,31,22,,,25,20,19,3,1,,5,13,6,14,5,22,16,19,20,29,24,15,16,19,24,,,,14,9,,14,8,,5,14,,,19,19,19,,,,,,17,14,18,14,8,,6,,6,10,4,8,11,8,,16,19,12,16,,,,,5,4,9,6,7,7,22,,5,9,7,12,16,,20,1,12,15,11,15,16,13,,21,31,18,23,12,9,13,9,9,,13,14,,13,8,,1,3,3,,7,,4,,2,4,8,5,2,5,32,26,25,30,12,11,10,6,,22,23,,17,9,14,,18,15,,24,21,23,,21,23,16,28,,,13,23,10,,14,10,16,13,2,12,22,,21,,,21,20,16,9,12,10,21,19,14,,10,17,23,28,38,60,93,97,84,,,41,20,33,12,,6,2,9,17,7,25,29,35,47,48,47,83,53,,25,16,23,20,6,16,10,,31,,34,50,47,18,14,12,7,6,7,22,20,11,11,4,,,32,14,14,64,,33,45,76,22,,22,14,,,19,19,13,22,23,20,33,12,27,15,26,12,6,12,62,,64,56,,21,19,20,15,9,10,12,46,23,22,8,17,15,57,41,16,24,17,27,10,44,8,39,24,,12,17,14,2,,6,44,11,59,39,27,21,26,24,32,33,19,19,42,15,29,17,52,15,39,21,47,7,5,5,6,,,38,19,37,12,16,3,21,25,,14,33,28,23,21,16,42,29,16,,16,36,33,30,16,6,17,,5,6,9,9,8,13,7,4,12,15,6,4,8,2,31,31,13,12,7,25,21,23,26,34,48,47,24,25,28,13,17,20,13,29,28,38,29,15,14,34,15,4,65,59,56,62,15,9,16,17,35,16,15,35,24,38,38,34,35,36,4,15,8,5,13,12,11,10,22,18,10,9,9,12,8,24,,36,22,23,11,36,29,41,7,45,,51,46,38,51,6,14,11,,51,8,25,29,31,14,12,18,21,46,16,22,33,16,20,17,12,14,33,15,27,41,45,31,8,12,14,16,16,14,35,3,11,18,18,13,12,17,25,27,22,22,26,25,16,12,26,16,23,19,3,17,14,9,17,32,17,17,17,43,47,49,38,31,33,55,17,14,13,13,26,30,25,29,30,46,31,38,27,39,36,8,2,6,9,8,12,5,47,67,29,27,23,27,32,20,51,70,53,32,19,33,43,5,24,48,,55,57,72,39,13,26,16,24,14,18,13,22,32,14,25,41,15,24,22,21,19,6,9,17,9,10,11,,5,8,2,24,33,12,9,9,13,25,21,18,12,16,7,22,16,19,43,57,49,31,,75,19,34,58,46,44,41,26,68,94,68,55,63,70,64,50,60,27,55,,24,34,55,26,40,20,5,17,32,13,15,12,19,14,2,5,68,138,9,4,68,49,36,14,23,18,33,14,24,26,6,15,22,,14,22,33,45,13,13,24,9,12,44,41,58,47,31,22,29,21,8,16,23,17,20,15,,7,3,10,34,38,60,48,31,,5,17,7,12,10,12,51,24,2,9,33,44,28,41,57,11,23,8,33,3,2,,15,58,21,14,21,6,7,13,15,6,,26,48,45,31,39,26
20231004,2,PM2.5_24h,39,30,35,31,33,36,28,40,37,28,31,28,,,30,,28,27,30,,28,,21,23,,22,38,,33,40,46,39,41,48,33,,29,28,,27,,17,32,32,,39,,35,31,31,69,56,52,50,,56,9,,15,19,17,16,16,24,24,22,29,38,,29,27,26,31,25,22,,33,27,35,32,43,,,71,67,38,52,39,,28,28,,,23,28,24,27,,17,16,,19,15,18,17,18,,19,28,25,25,24,25,24,23,24,24,18,20,20,14,15,12,13,,14,14,16,18,18,16,15,19,17,20,20,22,15,18,16,9,11,8,12,8,,8,9,7,9,7,11,10,7,7,8,10,11,9,13,,10,11,11,11,11,11,6,11,8,8,6,16,,,,25,21,,22,23,21,,,,13,,8,8,10,9,10,12,10,10,17,,,,13,15,,12,17,16,14,12,,12,19,17,15,19,19,14,17,,13,,21,21,,16,19,,22,20,19,,20,17,23,20,12,13,10,,,16,12,13,17,17,15,16,,14,,,16,,8,11,,12,13,18,6,9,8,,23,23,27,23,26,22,18,14,16,16,14,7,20,16,14,17,14,20,,,12,12,14,10,,18,17,23,24,18,,27,23,13,,21,19,18,17,,17,20,17,23,17,,,11,11,10,12,14,16,22,19,18,20,22,21,20,20,,5,6,9,6,11,8,8,,7,10,7,9,7,9,12,9,9,6,6,6,31,35,,33,34,33,28,31,21,29,25,20,21,19,21,18,26,,15,14,17,22,16,15,20,14,26,29,27,24,,22,28,32,24,21,22,,22,21,21,19,,,27,23,24,26,25,25,24,17,26,24,24,,18,18,21,20,19,16,20,21,,11,11,11,12,5,,16,9,17,18,10,10,18,,,12,21,14,14,20,,25,21,20,27,,,23,14,11,19,15,19,13,16,24,18,13,,7,9,8,10,6,8,9,8,7,6,7,5,15,12,13,11,13,14,14,10,,15,15,10,13,,35,,36,36,,,,,27,,,,42,42,25,29,28,26,25,,21,9,7,6,8,13,11,12,15,11,17,,17,12,8,19,,25,23,20,20,16,17,14,18,15,,23,17,12,17,15,14,16,16,15,14,18,22,19,21,14,16,18,,,28,,22,29,26,26,28,,24,34,,,32,36,27,41,,26,30,40,,43,31,32,30,32,11,12,11,10,14,,,,,,,21,,35,31,21,30,18,14,16,9,6,10,,28,,,27,,29,27,26,22,20,19,24,19,,12,12,13,13,16,13,19,18,12,25,24,23,26,18,23,17,33,31,26,13,,13,17,20,,24,27,,24,25,22,26,22,,25,9,,,31,30,,,,21,23,20,21,25,33,,26,22,,42,47,,52,,41,43,43,,44,44,11,14,13,,18,17,20,20,19,16,,16,20,18,17,19,18,14,18,30,15,10,15,28,25,21,25,23,13,12,15,14,15,,15,14,8,,11,17,20,24,17,17,23,11,14,18,16,14,13,11,,13,12,11,,12,15,16,16,18,,15,17,12,,30,,31,26,23,30,,27,24,,,,25,,19,,25,,,,33,30,23,26,24,,,,4,7,4,6,18,18,,12,8,15,8,17,8,,8,,,4,7,9,4,2,24,22,27,27,12,9,14,17,21,34,25,21,20,19,10,10,19,24,24,24,,31,33,31,24,,8,10,8,9,20,30,29,22,,,,,22,26,,23,7,16,8,10,9,15,14,16,16,16,13,8,10,,16,15,,36,34,21,,12,15,,19,10,10,20,16,19,23,15,22,23,23,19,23,,,8,14,37,34,18,18,5,12,,20,8,24,24,27,,,25,,,,,13,,,,,,,,,,,,,,,,9,,,,,,,,,,,,,,,,,,,,,,,,,,,,,,,,,,,,,,10,21,21,19,17,23,27,24,24,,,,18,19,21,19,,,24,24,27,24,27,55,,57,57,30,,,28,34,,38,42,18,,24,,25,22,,,14,22,,,25,21,20,,,21,22,5,3,16,14,16,19,18,20,18,12,16,17,16,18,16,14,15,17,16,20,19,18,,16,19,15,,10,12,12,13,19,17,16,14,13,13,11,14,,,14,17,14,15,13,14,9,10,12,10,8,11,15,14,12,12,6,,,8,11,10,19,11,10,,13,10,8,,11,16,12,,17,18,10,17,16,16,20,,12,15,12,15,18,9,16,17,,18,11,12,13,10,12,,21,,31,,,,5,5,9,9,19,12,,18,,16,16,16,11,11,10,14,,21,21,21,,,15,21,18,,19,20,17,,,13,14,20,22,22,12,19,43,34,35,34,35,40,38,42,,12,26,28,29,30,,30,31,31,31,38,37,35,35,42,,44,48,45,30,34,31,32,30,19,26,22,,35,30,35,,28,24,30,25,,28,29,25,,35,25,28,31,31,,22,19,10,24,27,32,31,,33,34,40,12,15,,16,11,4,14,6,8,16,21,32,25,7,9,,27,20,22,,12,10,,12,9,16,15,,22,17,20,10,6,24,23,,23,28,28,35,29,27,34,34,6,15,15,14,14,35,55,54,58,62,52,55,52,53,59,5,9,12,10,10,8,12,17,11,14,4,7,7,31,31,30,24,12,15,10,15,18,15,20,21,20,15,19,25,24,34,32,21,18,31,19,21,,23,19,17,7,7,,4,12,7,9,5,16,11,16,16,24,22,15,21,15,17,,,,11,9,,9,8,2,4,7,4,,11,9,8,,,,,,11,13,16,14,14,,9,,5,8,10,12,11,10,,18,18,12,16,,,,,6,6,16,15,11,13,22,,8,10,8,14,13,,18,6,10,13,12,14,9,8,,16,19,15,16,10,14,8,9,11,,13,10,,9,7,,2,4,5,,14,,4,,1,4,6,5,5,7,18,22,20,19,9,12,12,8,,30,30,,15,13,19,,27,23,,24,19,22,,17,20,22,25,,,20,14,16,,17,12,19,16,6,12,28,,29,,,34,15,14,9,9,14,18,25,7,,19,16,15,21,24,34,42,47,58,,,28,23,25,12,,6,21,21,17,9,18,27,34,25,24,25,48,70,,22,13,14,15,15,15,15,,21,,29,33,24,17,12,13,17,8,7,16,17,10,13,6,,,32,21,14,25,,28,33,55,14,,19,9,,,13,13,11,12,23,18,18,7,14,14,17,18,15,17,47,,28,33,,18,22,39,36,13,17,17,30,13,24,9,23,13,24,27,17,20,21,31,15,28,5,32,24,,21,22,21,11,,18,26,15,38,15,18,8,9,9,22,22,18,13,46,12,16,15,30,18,34,16,33,7,8,7,6,,,34,16,29,16,21,3,19,14,,20,28,35,18,40,12,27,25,14,,17,30,25,34,33,5,19,9,5,8,10,8,10,11,9,7,22,24,18,14,16,12,20,24,13,13,6,10,14,13,22,29,37,33,32,23,26,18,24,23,17,28,24,25,27,13,20,29,23,10,36,33,25,36,12,12,16,11,18,14,16,37,34,32,30,30,29,27,8,15,8,7,8,21,19,9,18,20,10,12,12,12,12,22,,23,33,22,13,31,27,29,10,31,,21,29,32,28,7,11,12,,22,10,14,22,19,26,14,19,20,32,17,18,33,10,18,14,14,18,25,22,36,29,38,32,20,18,9,11,12,11,15,9,12,15,13,10,8,14,13,8,12,20,25,27,21,17,17,24,21,20,16,18,17,13,18,18,14,18,17,44,32,28,30,25,33,24,20,12,13,12,19,20,18,17,17,34,23,31,38,25,24,9,14,8,9,18,7,13,23,22,25,31,22,31,26,13,21,28,28,19,25,28,32,5,14,34,,29,36,35,26,28,27,15,26,12,17,12,16,20,12,24,20,22,23,22,18,22,21,11,14,9,9,10,,8,10,4,15,24,8,8,11,11,24,18,16,14,14,10,22,21,24,35,27,39,23,,53,29,24,40,26,25,35,27,58,67,60,43,50,47,44,38,33,17,20,22,17,20,37,22,33,16,12,22,20,17,14,13,19,15,7,10,65,93,8,6,75,42,18,23,25,19,29,20,25,25,17,9,21,,13,20,24,30,15,25,24,13,12,33,36,34,27,28,33,28,20,11,5,15,19,13,21,,6,9,10,23,33,49,30,28,,25,30,27,30,20,9,32,21,23,10,20,31,28,23,30,19,34,25,33,26,24,,15,35,20,15,28,15,11,19,15,6,1,27,30,24,32,19,20
20231004,2,PM10,19,8,24,18,30,24,25,92,47,11,21,16,,,129,,121,119,134,,93,,89,75,,84,102,,104,146,142,97,101,121,99,,99,92,,79,,83,69,73,,85,,69,58,63,163,141,158,169,,131,20,,19,18,20,41,36,45,56,39,50,44,,53,84,77,85,70,68,,92,131,124,95,70,,,90,142,60,95,76,,7,12,,,8,14,13,5,,44,63,,45,70,48,51,34,,28,136,102,103,113,84,51,106,123,63,46,15,16,16,11,10,9,,10,20,27,11,6,12,20,3,15,5,6,5,9,6,21,16,18,15,20,20,,16,18,17,17,30,31,36,31,31,28,25,24,31,28,,26,28,24,23,22,23,25,14,22,21,15,58,,,,44,24,,46,48,27,,,,31,,17,30,18,14,24,24,12,29,37,,,,34,55,,32,37,28,31,32,,40,46,46,41,46,48,44,36,,26,,35,34,,33,28,,36,30,28,,27,30,31,48,15,22,22,,,19,18,16,29,25,32,34,,47,,,26,,29,26,,20,26,23,18,21,19,,41,36,40,36,36,34,32,32,44,34,31,31,51,34,31,39,31,31,,,40,34,47,41,,48,56,40,29,19,,27,30,19,,28,61,42,59,,53,125,54,63,24,,,34,29,34,22,31,31,60,51,42,62,56,54,74,57,,18,17,23,16,19,28,18,,16,8,15,17,14,17,14,13,15,18,21,19,53,54,,41,60,34,55,49,36,52,48,40,39,36,47,36,38,,44,45,43,42,34,35,36,25,31,48,45,43,,27,41,57,33,39,35,,30,33,34,30,,,66,40,38,58,46,47,67,79,43,55,32,,35,44,31,29,28,32,47,148,,31,32,25,23,14,,29,9,21,33,19,17,19,,,14,22,15,29,24,,37,44,57,60,,,44,5,19,14,24,22,27,19,27,19,14,,20,10,18,23,20,15,9,10,8,17,11,7,24,28,22,23,25,20,39,15,,33,37,23,29,,56,,45,48,,,,,68,,,,48,112,62,57,35,37,69,,52,18,20,19,21,20,31,34,29,28,28,,26,27,14,19,,23,9,17,12,63,48,27,34,56,,60,53,84,28,26,24,30,27,31,36,34,39,34,43,36,36,37,,,68,,88,92,97,66,88,,72,94,,,86,85,78,73,,57,53,78,,78,66,63,66,48,29,29,24,17,34,,,,,,,67,,103,66,46,68,46,44,51,12,12,15,,78,,,23,,33,36,31,42,36,42,44,46,,27,28,27,26,26,26,29,34,29,34,41,39,40,41,38,51,39,54,40,26,,38,27,34,,47,39,,58,70,75,57,18,,40,14,,,102,75,,,,31,33,26,39,46,56,,52,57,,81,95,,88,,96,82,116,,90,76,3,12,6,,44,60,66,68,50,50,,26,24,29,26,20,36,35,54,42,30,25,30,23,48,30,22,17,24,30,29,38,32,,8,13,9,,4,23,19,26,23,16,12,17,6,14,18,25,25,30,,24,24,34,,19,20,13,16,11,,17,24,4,,55,,70,61,56,59,,66,69,,,,76,,73,,55,,,,61,38,52,50,46,,,,9,10,27,9,41,45,,25,25,27,21,24,26,,33,,,25,25,13,20,4,59,63,64,52,24,26,19,28,43,37,56,32,85,34,19,15,28,29,24,43,,42,50,43,41,,23,44,17,8,38,50,51,48,,,,,76,47,,42,15,24,29,19,18,20,19,22,15,19,24,25,20,,36,26,,35,36,44,,29,55,,48,22,18,32,23,37,53,20,29,29,36,27,40,,,12,27,58,49,91,88,13,15,,11,9,87,147,209,,,51,,,,,41,,,,,,,,,,,,,,,,19,,,,,,,,,,,,,,,,,,,,,,,,,,,,,,,,,,,,,,26,45,37,41,52,56,45,66,50,,,,68,83,72,69,,,55,86,69,74,71,92,,115,72,63,,,60,97,,44,63,48,,122,,47,38,,,21,23,,,47,45,19,,,9,22,13,15,68,49,37,16,7,10,12,16,40,46,37,60,29,22,15,23,16,22,20,12,,23,33,23,,12,10,25,22,14,14,6,25,24,35,22,24,,,13,19,21,35,9,13,5,18,9,12,17,21,20,11,18,16,8,,,13,13,9,23,8,8,,15,33,31,,29,36,19,,22,19,13,28,27,40,62,,22,22,33,33,26,34,27,26,,41,29,17,19,22,24,,41,,52,,,,15,19,24,41,51,56,,28,,31,26,32,29,31,27,26,,50,30,77,,,32,24,24,,29,43,26,,,26,17,21,20,13,48,32,55,45,54,40,29,54,56,44,,37,32,36,26,26,,55,49,54,52,60,66,60,56,58,,66,63,65,28,36,36,32,35,62,64,63,,81,68,66,,68,59,72,57,,83,86,70,,,59,52,58,54,,37,37,23,35,43,,73,,49,47,43,45,46,,44,44,12,35,14,13,44,60,46,54,29,36,,47,45,44,,22,25,,33,22,48,37,,48,44,38,26,15,17,47,31,37,38,42,40,32,33,39,36,30,23,41,35,43,59,63,82,67,77,51,43,49,42,36,5,9,19,21,18,24,18,3,20,19,16,21,18,77,102,91,88,21,31,26,46,79,82,40,51,32,41,51,39,52,64,61,27,40,27,29,,,67,40,36,19,13,,3,29,24,25,16,24,24,18,30,49,31,28,32,34,28,,,,24,21,,26,9,5,5,9,25,,29,23,26,,,,,,20,32,24,27,20,,18,,3,12,12,13,14,19,,24,17,15,15,,,,,9,14,9,8,29,20,28,,19,14,12,21,15,,20,13,23,18,14,14,16,15,,29,32,31,26,18,8,21,10,31,,23,14,,17,2,,3,5,6,,12,,8,,1,6,11,6,6,7,138,95,108,85,22,23,20,18,,55,40,,20,19,30,,19,26,28,48,24,41,,39,36,37,35,,,37,26,12,,16,19,11,12,3,33,56,,32,,,63,33,24,23,39,38,75,75,22,,35,29,36,148,161,144,286,297,284,,,84,56,79,27,,15,31,33,58,8,59,41,52,85,96,91,129,88,,67,30,37,31,22,33,16,,39,,46,84,48,26,28,18,14,20,22,46,46,21,25,2,,,45,42,28,121,,73,43,118,34,,27,18,,,31,36,41,31,34,36,57,24,56,23,37,19,28,16,97,,108,78,,33,47,27,25,29,13,28,83,27,54,26,31,33,113,73,24,31,31,61,17,63,2,73,37,,16,20,16,5,,23,87,20,67,46,41,36,35,30,89,68,36,42,67,32,33,49,72,30,64,25,73,19,15,15,16,,,38,37,84,20,30,5,40,36,,26,46,49,28,44,32,64,51,33,,29,50,66,43,45,13,29,,14,15,19,19,20,26,18,18,24,26,12,90,19,16,36,52,22,17,12,41,34,25,38,49,76,62,68,54,52,30,33,38,29,53,59,63,41,30,29,53,57,10,88,102,130,110,19,16,41,25,43,26,21,53,34,63,57,49,55,51,10,17,13,6,15,17,19,25,26,22,28,21,7,18,9,37,,41,23,30,33,51,46,78,19,68,,88,85,84,95,10,17,17,,69,3,27,46,34,19,20,38,46,51,78,31,49,27,36,34,28,25,60,17,35,66,70,58,6,30,26,31,30,22,49,25,23,35,27,24,24,25,27,39,50,65,47,67,22,32,37,49,28,32,52,39,,24,25,30,24,27,29,86,82,102,78,60,63,100,57,29,26,31,41,52,40,45,65,77,60,63,34,66,59,13,7,25,6,20,34,25,62,78,38,31,34,29,81,39,114,105,84,76,56,53,80,17,36,88,,103,89,113,67,42,103,20,74,17,39,31,58,51,43,50,39,38,44,47,46,27,10,19,32,29,23,26,,20,11,22,36,29,9,14,20,21,36,26,36,21,25,17,45,36,18,75,79,67,66,,96,69,77,94,87,82,99,35,89,168,118,107,115,134,134,136,138,76,54,,32,58,105,50,52,15,30,18,61,38,29,27,23,22,12,31,182,206,18,5,96,116,83,45,35,44,45,27,46,52,18,17,24,,22,53,57,66,20,15,48,32,27,87,63,91,75,46,66,60,49,24,24,34,28,43,27,,3,,20,134,63,91,85,56,,12,41,14,22,36,28,66,48,11,9,50,80,33,86,86,25,36,19,54,7,7,23,38,95,22,12,20,29,24,25,38,12,6,38,90,73,51,63,22
20231004,2,PM10_24h,67,46,68,57,63,65,57,76,65,56,58,58,,,65,,59,55,66,,58,,57,43,,48,52,,79,87,87,79,80,80,74,,57,61,,50,,60,67,60,,64,,50,58,46,104,87,101,113,,104,33,,40,38,28,45,47,47,61,43,61,65,,65,55,51,59,55,60,,73,76,68,73,80,,,110,122,78,87,83,,47,46,,,50,51,46,52,,47,51,,49,55,49,44,42,,50,61,47,49,46,44,38,46,52,32,24,50,46,49,46,44,32,,45,43,49,34,35,37,41,46,36,45,41,41,30,41,44,24,24,22,23,27,,22,21,23,21,17,17,22,17,18,24,20,18,16,24,,27,30,29,27,26,27,17,20,16,19,16,34,,,,42,41,,41,41,30,,,,24,,21,27,24,20,22,22,19,22,35,,,,36,31,,23,25,21,18,16,,24,23,29,32,28,36,28,20,,18,,36,36,,43,31,,36,32,28,,29,33,39,38,20,34,37,,,35,26,28,35,35,28,37,,30,,,32,,29,29,,27,27,31,18,18,18,,51,43,48,47,44,31,35,33,26,23,22,18,30,22,26,25,22,25,,,37,33,39,36,,38,38,50,44,36,,45,44,18,,46,38,43,41,,42,57,40,50,24,,,28,35,34,28,33,43,42,40,35,37,41,38,43,42,,13,12,10,11,11,12,10,,10,11,15,11,12,12,13,15,16,14,19,12,48,49,,45,63,43,44,50,35,43,33,41,44,38,48,35,50,,31,34,36,55,33,29,33,30,44,47,50,40,,39,53,50,40,43,37,,36,39,35,39,,,44,44,40,45,43,44,50,59,44,38,35,,31,30,32,30,31,32,37,53,,23,23,21,22,13,,24,14,24,33,17,16,33,,,20,44,23,29,30,,39,36,36,42,,,40,24,23,24,27,24,26,28,27,25,18,,15,13,18,17,25,15,14,18,9,14,15,8,31,23,25,22,23,20,28,18,,28,31,22,26,,52,,48,47,,,,,49,,,,74,89,60,61,84,62,61,,57,16,16,15,18,16,25,23,26,25,26,,25,23,18,42,,50,36,38,37,40,31,26,28,33,,42,41,56,32,31,27,30,30,32,38,42,58,42,49,39,36,43,,,62,,46,50,48,39,68,,61,64,,,61,65,57,71,,48,53,89,,76,60,69,51,53,30,28,26,22,36,,,,,,,51,,70,59,46,63,35,34,36,15,24,22,,54,,,40,,37,36,42,44,43,46,49,52,,31,44,26,27,36,24,37,36,30,38,35,36,41,44,42,47,40,47,39,27,,32,26,31,,45,43,,49,47,56,54,32,,47,14,,,69,58,,,,62,61,61,65,38,38,,38,45,,73,69,,78,,78,79,99,,80,61,26,31,27,,36,45,44,55,42,75,,59,50,38,44,39,55,36,41,64,30,28,46,48,70,43,52,46,27,28,32,34,29,,28,19,24,,18,35,38,37,42,37,32,26,18,30,29,17,17,17,,15,18,18,,11,32,26,30,29,,32,29,16,,39,,44,38,33,37,,54,55,,,,49,,45,,43,,,,54,39,41,42,43,,,,11,11,16,11,29,28,,15,14,15,11,12,13,,12,,,10,12,8,10,3,33,43,39,44,24,28,26,29,32,36,44,38,40,32,19,21,27,34,28,32,,44,49,44,38,,21,24,18,14,40,47,52,44,,,,,51,49,,46,11,22,27,19,22,19,16,22,24,22,21,22,18,,28,24,,45,47,48,,25,32,,38,16,15,30,27,29,37,29,32,32,31,29,34,,,25,44,78,58,60,46,19,26,,34,25,81,97,81,,,49,,,,,32,,,,,,,,,,,,,,,,27,,,,,,,,,,,,,,,,,,,,,,,,,,,,,,,,,,,,,,22,32,34,33,36,45,42,51,37,,,,45,49,51,42,,,55,72,53,60,69,108,,116,97,43,,,46,53,,67,67,55,,70,,50,43,,,49,26,,,56,55,33,,,25,28,20,19,37,36,33,56,53,50,58,50,40,45,41,55,47,46,60,49,40,38,47,34,,56,44,28,,27,24,36,31,40,32,28,34,27,31,27,33,,,32,24,23,53,11,44,26,24,11,14,16,20,40,32,28,25,10,,,12,29,26,34,20,21,,14,24,25,,18,22,17,,25,23,18,29,23,27,40,,21,26,28,33,24,19,20,20,,19,43,36,28,18,20,,32,,34,,,,13,16,11,17,30,28,,25,,23,19,22,32,35,34,49,,33,28,40,,,29,32,31,,33,38,30,,,30,32,34,35,36,46,28,62,51,52,48,45,70,67,61,,46,51,52,52,52,,46,40,57,45,55,58,55,52,63,,65,67,62,47,56,55,52,51,41,53,47,,51,50,48,,48,39,51,38,,53,54,43,,38,45,43,47,48,,32,29,21,28,50,48,59,,53,46,45,32,32,,29,32,7,28,14,14,31,32,30,30,17,19,,38,33,38,,21,19,,21,12,24,21,,31,23,22,22,15,36,45,36,35,42,42,45,53,44,47,49,16,12,26,19,22,65,63,69,65,75,64,72,65,61,70,12,16,20,21,20,21,19,20,20,22,11,13,13,58,68,66,62,23,28,21,33,42,43,34,41,27,37,47,39,55,59,51,31,31,32,31,37,,43,32,27,16,14,,10,21,18,19,14,21,16,19,19,45,28,30,34,35,27,,,,21,22,,22,19,22,16,18,27,,19,17,15,,,,,,22,22,22,22,23,,14,,8,14,16,20,17,23,,22,26,19,26,,,,,12,15,24,22,21,19,28,,16,11,13,22,15,,24,12,22,11,12,15,10,12,,23,34,23,22,17,15,16,16,24,,22,17,,14,7,,8,12,14,,29,,10,,6,8,12,12,15,13,52,62,55,47,14,23,18,16,,64,48,,23,20,41,,57,54,30,41,50,51,,36,30,37,37,,,47,34,23,,26,33,23,27,7,36,66,,52,,,87,24,17,17,47,54,51,71,16,,43,33,36,76,76,98,140,151,123,,,70,49,62,20,,29,47,52,55,10,41,38,46,53,53,49,80,126,,57,36,25,22,31,34,30,,30,,47,56,38,23,24,22,52,31,22,49,44,20,27,11,,,68,47,31,57,,77,57,100,19,,28,16,,,37,32,33,20,33,32,40,26,33,19,29,35,32,29,85,,53,47,,30,47,53,48,39,29,34,59,19,42,24,47,32,53,42,27,34,47,61,21,55,6,65,36,,24,28,22,30,,41,72,29,39,20,34,13,13,13,51,47,32,37,67,15,22,32,40,37,55,18,68,14,15,17,15,,,38,39,62,22,34,8,27,26,,41,46,65,22,63,30,46,54,28,,42,46,42,52,53,22,43,26,15,24,22,23,27,32,32,21,39,56,31,54,38,37,23,41,25,20,16,20,23,19,33,50,56,46,53,43,51,35,43,43,33,56,45,55,36,32,34,41,49,22,61,72,69,69,18,22,37,19,22,25,23,57,53,37,38,44,35,36,16,24,15,19,14,30,29,22,27,26,19,17,8,20,14,35,,32,38,33,38,60,56,58,26,59,,40,67,69,55,11,16,18,,42,15,18,26,17,35,26,33,36,40,40,37,52,25,35,32,29,30,52,36,55,64,67,64,44,31,17,17,17,25,25,24,30,31,27,24,19,22,17,23,32,62,57,59,52,39,30,52,27,33,44,38,35,28,27,32,30,42,31,87,50,60,83,50,66,52,52,22,19,20,28,32,25,33,46,56,37,50,58,44,45,16,16,19,10,32,23,54,34,31,35,38,42,47,73,29,42,52,56,60,56,48,62,15,32,69,,65,60,73,56,52,57,24,52,22,29,27,39,35,35,52,31,37,42,40,34,31,29,16,26,23,18,21,,25,17,18,21,21,12,14,22,21,36,32,31,30,28,22,65,91,63,54,40,60,61,,80,68,56,68,75,54,75,50,92,120,105,111,116,101,100,93,92,40,38,55,32,27,60,37,47,18,29,24,35,32,25,22,26,29,19,48,204,203,16,12,104,93,47,61,42,42,60,40,39,42,36,23,27,,16,48,41,38,28,35,41,30,34,66,66,60,56,57,86,45,31,17,16,21,33,33,30,,20,17,22,99,46,71,60,42,,54,66,49,55,65,22,51,45,38,27,47,53,44,59,52,32,59,53,63,45,39,21,40,64,43,37,55,46,33,41,29,11,8,44,60,39,65,43,28
20231004,2,SO2,3,3,3,3,3,3,3,3,3,1,3,3,,,10,,7,10,8,,8,,7,6,,9,5,,4,2,2,3,4,4,16,,1,4,,1,,18,12,16,,13,,3,3,8,7,6,7,7,,7,3,,2,2,6,7,5,5,1,2,1,1,,5,7,11,11,6,12,,17,13,14,10,6,,,3,10,7,12,7,,5,5,,,8,6,4,6,,15,14,,9,8,12,12,7,,8,7,9,8,10,9,6,10,13,8,9,5,6,5,5,7,6,,4,6,5,6,6,6,5,2,4,3,7,8,6,6,8,4,11,7,10,11,,4,6,7,5,5,3,3,3,7,4,3,6,3,4,,7,9,9,8,8,10,8,7,7,7,8,7,,,,5,6,,6,6,6,,,,9,,6,8,11,7,6,7,10,7,11,,,,11,12,,4,4,3,7,6,,7,7,8,10,5,9,6,6,,8,,8,7,,9,4,,7,7,8,,9,6,9,7,6,8,5,,,7,7,7,6,5,4,6,,9,,,3,,4,4,,6,4,6,6,5,5,,4,4,3,6,2,6,6,6,6,6,5,5,7,4,4,5,5,6,,,5,3,3,4,,4,4,5,5,6,,8,6,8,,6,7,3,5,,4,3,3,11,5,,,5,5,9,6,10,6,5,6,6,8,6,6,8,11,,8,6,6,7,6,7,6,,7,4,4,6,5,4,4,4,3,3,3,6,4,7,,3,5,7,4,4,5,6,6,3,6,11,8,5,7,,2,6,6,8,6,6,5,6,10,7,6,7,,6,4,9,8,5,4,,6,5,4,5,,,6,3,11,5,7,8,4,6,6,12,4,,7,6,10,8,8,9,12,8,,6,6,5,7,6,,6,8,5,5,5,5,6,,,7,6,7,6,5,,3,1,4,3,,,3,6,5,3,3,5,5,7,2,7,4,,11,6,9,6,17,7,6,7,8,9,6,5,7,6,4,6,7,5,2,5,,5,2,5,7,,4,,9,16,,,,,18,,,,22,12,5,2,2,4,8,,9,7,4,7,10,6,5,5,3,5,5,,4,4,5,7,,18,9,8,14,119,12,8,5,36,,7,8,5,10,7,10,5,7,9,6,31,9,11,15,7,6,4,,,8,,13,12,17,7,11,,14,8,,,8,9,6,19,,8,7,24,,6,5,7,6,6,11,4,4,6,2,,,,,,,14,,9,11,9,10,7,6,,3,5,7,,17,,,12,,9,7,11,6,7,9,9,9,,6,6,4,5,6,4,8,10,27,13,3,6,9,7,5,7,6,8,6,8,,6,9,8,,7,10,,9,7,8,6,6,,6,5,,,5,6,,,,18,16,12,11,8,11,,13,13,,15,18,,19,,20,11,15,,16,12,8,12,8,,4,8,10,6,9,5,,11,5,7,6,6,9,7,23,16,8,9,6,5,12,8,5,7,7,6,8,11,6,,5,2,5,,4,5,4,6,4,5,5,4,4,8,5,7,6,5,,6,8,6,,5,6,8,7,10,,9,8,13,,10,,5,4,6,5,,8,6,,,,7,,5,,5,,,,4,6,5,6,8,,,,6,5,7,5,6,6,,8,6,8,7,5,3,,10,,,4,8,10,3,9,4,13,13,10,7,4,5,6,12,5,11,8,10,6,3,3,4,5,7,8,,6,4,6,7,,8,24,10,7,5,5,4,3,,,,,3,26,,11,2,2,3,3,3,4,4,7,1,1,5,3,4,,2,3,,7,3,10,,7,5,,4,8,5,7,6,7,8,10,5,4,6,2,6,,,23,5,113,21,63,6,9,5,,4,7,9,6,8,,,5,,,,,8,,,,,,,,,,,,,,,,8,,,,,,,,,,,,,,,,,,,,,,,,,,,,,,,,,,,,,,6,2,3,2,4,9,6,6,8,,,,6,5,7,5,,,12,22,18,23,23,8,,9,9,5,,,5,7,,9,8,1,,7,,8,7,,,5,5,,,5,5,8,,,2,3,11,12,10,9,7,3,5,8,5,6,9,15,10,14,7,7,4,13,13,52,12,8,,3,6,6,,9,5,8,9,4,1,5,6,6,6,6,5,,,6,10,8,11,12,9,5,6,3,9,15,5,2,4,4,3,1,,,11,4,3,1,2,6,,5,3,4,,4,5,3,,5,9,18,9,1,8,8,,5,5,6,2,2,6,6,5,,4,4,4,6,8,6,,6,,7,,,,3,8,6,5,13,6,,4,,4,6,5,7,7,6,7,,9,4,8,,,4,6,4,,4,17,4,,,4,4,4,6,4,17,11,36,29,30,33,14,13,12,15,,4,4,41,19,3,,17,11,21,6,4,12,15,9,14,,20,21,27,1,4,1,4,4,,21,6,,11,8,9,,6,5,8,5,,3,4,4,,6,8,3,7,3,,5,3,7,6,6,,8,,6,5,5,6,5,,10,7,9,7,6,6,7,8,6,9,4,4,,8,6,6,,7,7,,8,6,7,6,,6,6,6,10,8,13,18,6,8,15,5,6,14,17,5,13,4,2,4,3,1,3,4,3,5,3,8,6,6,6,36,4,1,3,5,2,3,3,2,3,4,6,7,6,20,10,10,13,8,4,12,23,6,8,6,6,5,11,17,20,80,19,20,5,6,5,8,,,25,5,4,5,3,,2,5,7,6,7,9,8,6,9,4,5,6,8,6,7,,,,5,7,,8,5,11,13,12,8,,12,11,8,,,,,,6,4,5,8,4,,5,,7,6,9,8,7,16,,5,4,5,5,,,,,1,1,5,4,4,5,5,,4,6,5,7,6,,8,8,5,11,8,7,3,4,,5,10,5,9,7,9,4,5,9,,8,4,,9,7,,9,8,4,,5,,7,,5,7,4,5,6,5,7,10,11,11,8,7,6,5,,22,10,,11,6,3,,8,5,3,4,4,35,,5,5,3,3,,,9,3,4,,7,12,12,11,9,14,7,,10,,,7,6,2,6,6,6,3,4,6,,8,7,7,5,5,9,5,5,5,,,9,10,7,4,,4,4,5,2,7,4,10,5,11,8,6,4,9,,4,5,8,6,7,4,4,,4,,8,8,4,5,9,12,10,10,4,10,6,6,5,5,,,4,7,8,7,,9,17,12,4,,6,9,,,4,10,9,8,8,5,6,8,9,10,11,6,6,7,19,,6,4,,3,6,6,6,2,13,3,10,4,9,3,6,5,8,8,7,6,23,7,3,6,6,7,7,,7,8,7,6,,2,16,6,3,6,6,4,11,7,9,12,6,3,24,8,11,5,8,48,9,7,6,8,7,6,5,,,11,4,6,8,6,6,6,7,,4,6,17,6,12,4,9,6,4,,13,7,14,8,18,5,6,,4,7,8,6,8,5,7,8,3,14,9,10,12,6,8,9,9,8,7,7,8,9,5,5,5,8,6,4,5,6,3,5,8,7,15,8,8,13,5,8,6,3,18,7,9,16,8,2,7,7,8,3,3,8,6,8,6,5,1,7,9,6,8,8,12,6,9,12,22,14,8,11,7,9,10,1,,2,9,7,5,2,5,12,5,7,,16,8,9,21,9,4,4,,9,4,8,9,6,6,5,9,14,5,14,10,15,5,4,6,6,7,14,5,10,6,3,3,6,10,3,4,5,9,15,1,8,8,7,11,8,7,6,8,7,2,3,11,8,7,3,9,7,8,8,7,5,8,5,4,7,8,8,4,5,26,11,4,10,11,6,2,6,5,5,8,5,7,8,11,9,7,8,10,6,15,5,10,6,5,10,2,3,8,5,4,6,7,5,4,12,12,13,21,6,7,10,4,8,9,,17,12,11,8,16,41,6,36,8,3,6,6,6,4,6,4,4,13,7,5,2,6,4,4,2,5,4,,7,4,8,13,7,7,7,3,7,5,7,7,6,4,4,23,8,8,6,13,7,19,,7,9,3,6,1,5,9,8,3,8,11,15,11,12,10,10,14,14,7,8,1,4,17,5,9,10,9,6,16,6,4,4,5,4,8,7,8,6,6,4,6,148,4,13,15,10,7,3,8,9,8,9,8,,6,6,7,5,8,7,5,7,8,8,5,19,7,10,7,12,6,7,6,5,8,4,5,,5,5,5,7,6,12,4,4,,1,2,1,3,13,10,10,7,10,19,6,10,5,8,3,3,3,3,3,6,5,8,8,18,10,5,9,5,6,4,3,6,4,7,6,18,7,7,9
20231004,2,SO2_24h,3,3,3,3,3,3,3,3,2,2,3,3,,,10,,6,8,7,,8,,6,6,,8,5,,10,5,7,7,7,10,9,,3,5,,2,,12,13,14,,8,,8,10,12,9,8,8,9,,10,3,,3,2,7,11,11,10,20,9,4,3,,8,7,9,6,4,10,,17,10,9,13,10,,,9,14,10,17,11,,9,9,,,11,10,8,10,,13,31,,11,11,19,15,13,,13,7,10,8,9,8,7,9,11,8,8,7,7,6,6,8,7,,6,8,6,10,7,6,7,5,7,8,9,13,8,6,11,5,9,8,8,8,,4,6,7,5,4,2,4,4,6,4,3,6,1,5,,8,9,9,8,8,9,6,6,7,6,7,7,,,,6,6,,6,7,6,,,,8,,5,7,10,7,5,6,9,7,8,,,,11,11,,3,3,2,6,5,,7,7,6,10,6,8,6,5,,10,,8,7,,8,4,,7,7,9,,9,6,9,6,6,10,5,,,8,8,8,6,5,4,6,,7,,,3,,5,4,,6,4,6,6,5,6,,4,5,4,4,3,6,6,6,5,6,5,5,6,4,4,5,5,5,,,5,4,3,4,,2,2,6,7,7,,9,7,11,,8,6,4,6,,4,5,4,8,5,,,8,7,8,8,8,7,5,4,6,7,6,6,6,8,,8,6,6,8,6,7,6,,7,4,4,6,6,4,4,4,4,3,2,6,4,7,,3,5,7,4,4,5,6,6,3,6,9,6,5,7,,4,6,6,8,6,6,6,6,9,6,6,7,,6,5,5,7,6,4,,6,5,4,5,,,6,4,11,5,6,8,4,6,5,8,5,,6,5,9,6,7,8,7,6,,6,6,5,8,6,,5,8,5,6,5,5,6,,,7,7,7,6,7,,2,2,3,2,,,3,11,6,4,3,7,5,9,5,7,6,,9,8,10,8,16,8,7,7,9,8,7,6,8,6,5,6,7,5,3,5,,5,3,5,7,,5,,7,10,,,,,23,,,,12,17,6,3,4,6,8,,11,7,4,6,9,6,5,5,4,5,7,,4,4,5,18,,24,16,16,16,12,9,6,4,8,,7,7,6,11,8,11,6,8,8,7,14,10,10,13,7,6,4,,,11,,23,16,18,8,10,,13,6,,,11,11,9,12,,8,8,24,,10,6,9,7,10,10,5,5,7,2,,,,,,,12,,8,10,9,10,9,7,10,3,5,7,,13,,,16,,17,10,11,7,7,9,11,9,,8,7,4,5,7,5,8,7,9,8,4,7,9,4,6,7,5,6,5,8,,5,7,7,,6,9,,8,7,6,6,6,,9,5,,,6,6,,,,15,16,19,17,11,10,,14,16,,15,17,,18,,17,15,18,,14,12,10,14,10,,7,10,11,10,12,8,,15,10,11,10,10,13,7,18,31,9,10,7,17,30,16,19,18,8,8,9,10,7,,5,3,6,,5,6,6,7,6,6,6,5,4,10,6,6,5,4,,6,7,5,,5,8,9,8,10,,12,9,10,,4,,2,2,3,2,,16,13,,,,5,,5,,7,,,,9,10,11,11,10,,,,6,4,8,5,5,6,,7,6,8,6,4,3,,6,,,3,6,8,3,9,4,10,9,9,12,5,5,12,11,7,9,8,8,8,3,3,4,8,8,8,,7,5,8,9,,8,12,6,5,6,7,5,7,,,,,5,5,,4,6,2,3,3,3,3,4,7,2,1,6,3,4,,2,3,,8,3,6,,7,5,,5,8,6,8,6,7,8,10,6,5,5,4,6,,,11,8,60,52,19,6,10,5,,8,7,10,7,10,,,7,,,,,8,,,,,,,,,,,,,,,,8,,,,,,,,,,,,,,,,,,,,,,,,,,,,,,,,,,,,,,6,2,3,2,3,8,5,6,8,,,,8,7,9,7,,,12,17,14,16,14,15,,18,17,9,,,7,7,,16,11,3,,6,,20,15,,,7,5,,,8,6,7,,,5,4,10,12,10,10,8,13,15,14,18,12,11,11,11,13,12,11,7,12,13,13,22,7,,6,6,7,,10,7,10,10,8,4,7,8,7,7,7,6,,,7,11,9,12,10,11,6,7,3,13,17,6,3,6,4,3,1,,,8,5,4,2,3,8,,6,5,5,,7,6,5,,6,9,7,8,1,6,6,,5,5,7,2,2,8,6,5,,4,5,5,6,7,6,,6,,7,,,,4,8,6,4,10,6,,4,,4,6,6,7,7,7,7,,8,6,9,,,4,5,5,,6,11,5,,,6,4,7,9,17,9,11,36,31,28,29,25,28,15,18,,9,9,15,13,8,,16,11,14,8,10,13,10,12,14,,16,18,21,4,8,4,5,8,,10,6,,10,9,9,,8,6,8,6,,5,6,6,,10,9,4,8,4,,5,4,7,6,7,10,10,,6,6,7,5,6,,9,6,9,7,6,6,8,9,8,9,3,4,,9,6,6,,7,7,,8,6,7,6,,6,5,6,10,8,14,19,6,8,15,14,7,11,13,8,12,3,1,3,2,2,12,13,13,14,13,10,8,8,7,12,4,1,2,5,2,4,3,2,3,4,6,6,9,12,9,10,9,4,5,5,10,7,8,6,6,5,10,9,24,17,23,30,5,6,5,8,8,,13,6,4,6,3,,3,6,9,8,8,8,7,5,8,5,7,9,10,7,7,,,,4,7,,7,7,11,12,13,10,,9,7,9,,,,,,6,4,4,7,5,,5,,7,6,11,10,10,16,,6,5,6,6,,,,,1,1,5,5,3,5,5,,4,6,5,9,10,,9,10,6,11,7,6,4,4,,6,8,5,9,7,8,4,5,13,,7,4,,9,7,,9,9,4,,5,,7,,6,7,11,6,9,8,8,11,10,12,10,10,8,4,,104,62,,13,10,5,,11,9,4,5,6,10,,5,6,3,4,,,12,7,5,,10,12,12,13,9,9,9,,12,,,10,5,2,6,6,5,5,5,7,,8,8,8,6,6,4,3,5,5,,,11,10,9,6,,4,9,11,3,5,2,11,5,8,6,6,8,17,,5,7,6,3,8,4,4,,4,,9,5,3,6,9,9,14,9,5,10,10,7,5,4,,,7,8,7,8,,7,11,15,4,,6,8,,,6,7,8,8,9,6,6,9,8,7,9,6,6,7,18,,5,6,,4,8,5,6,3,11,5,9,3,13,4,7,5,7,9,9,6,17,10,3,8,7,6,7,,8,8,7,7,,3,13,6,5,5,7,4,7,5,13,8,9,4,19,7,7,5,8,7,9,7,10,8,7,6,5,,,6,5,6,8,7,6,6,6,,6,12,25,6,21,6,8,6,4,,9,7,11,23,52,5,8,11,4,7,8,6,8,6,7,8,3,15,13,19,19,7,5,9,9,8,7,7,7,9,5,5,5,8,6,5,4,7,2,5,8,7,8,7,7,7,5,9,2,3,11,9,9,9,7,2,4,7,6,3,4,11,10,12,8,7,1,2,11,7,10,10,10,7,19,12,15,14,7,8,8,8,9,2,,3,9,9,5,6,7,13,9,8,,24,8,8,12,10,4,7,,8,6,10,9,6,7,5,7,10,14,8,10,22,5,4,5,7,6,14,5,13,9,3,2,17,13,4,4,5,9,8,2,7,7,6,11,6,8,6,5,5,4,5,10,9,10,4,10,6,7,8,6,5,7,6,4,6,7,6,10,7,16,10,5,11,10,5,2,6,4,5,8,4,6,8,10,10,8,13,10,5,32,6,14,7,9,9,8,3,7,5,6,6,6,7,4,13,11,12,11,8,8,10,4,8,8,,9,11,12,8,40,15,6,25,8,3,7,2,3,5,8,5,7,9,8,6,2,6,4,4,2,5,3,,8,4,6,8,7,6,7,4,8,5,7,5,6,4,4,25,14,28,8,12,10,15,,10,11,3,3,2,5,8,11,5,8,13,15,12,14,13,11,15,8,7,8,1,5,13,6,13,8,9,7,11,5,4,4,5,5,8,6,12,12,6,4,10,37,6,37,9,7,8,4,9,9,10,12,9,,6,3,2,2,9,6,5,8,9,10,8,15,10,10,9,7,6,7,5,5,8,4,5,,5,6,5,7,10,14,7,9,,4,3,2,2,16,12,9,7,16,16,7,11,7,7,3,3,2,3,3,10,8,8,4,18,10,7,10,5,7,7,5,7,6,9,10,20,11,9,14
20231004,2,NO2,29,2,29,17,47,33,32,47,10,4,55,30,,,41,,37,47,47,,43,,45,38,,90,36,,46,69,43,38,52,52,22,,55,34,,34,,36,159,34,,27,,53,67,54,57,61,49,68,,96,9,,7,20,6,27,37,55,52,15,26,20,,26,39,37,38,28,48,,42,73,66,52,69,,,51,100,78,97,45,,11,19,,,10,4,6,6,,16,22,,18,11,18,20,22,,5,16,18,13,17,15,17,20,26,23,18,33,22,21,15,10,8,,14,25,44,5,4,6,4,1,8,5,6,6,4,7,9,11,20,22,15,16,,18,12,18,20,24,31,26,37,21,22,26,23,29,20,,26,20,24,33,16,27,22,16,18,19,19,34,,,,21,14,,34,28,16,,,,20,,24,43,24,28,37,27,15,30,25,,,,25,18,,22,20,15,24,22,,29,55,54,38,47,48,14,14,,12,,28,17,,26,20,,24,22,23,,27,21,18,17,12,,12,,,17,14,13,10,7,12,24,,24,,,30,,15,14,,8,6,7,6,8,7,,16,17,11,11,26,17,20,16,26,23,17,13,14,16,14,29,13,24,,,7,7,10,6,,14,21,13,8,4,,11,7,8,,8,11,30,64,,50,47,70,32,7,,,27,84,36,21,18,23,14,19,16,27,13,20,28,20,,14,17,12,15,10,22,13,,16,14,12,6,4,6,9,9,8,10,6,4,37,24,,39,49,17,63,32,20,50,15,26,14,22,17,15,25,,16,16,22,24,8,13,10,6,15,20,20,9,,10,22,25,13,7,12,,8,9,9,8,,,28,17,20,27,14,20,18,26,23,44,15,,12,11,15,14,17,20,28,55,,7,48,7,7,7,,22,12,26,28,17,19,22,,,17,24,14,17,34,,9,10,13,13,,,12,3,4,8,3,6,4,10,5,6,3,,25,7,15,13,19,12,12,8,6,11,8,3,34,31,28,37,37,20,40,17,,10,41,39,27,,49,,31,44,,,,,18,,,,29,49,47,58,44,29,22,,14,11,7,10,7,8,14,17,14,16,15,,10,13,8,25,,17,10,9,21,47,36,17,22,33,,15,16,17,13,8,9,22,15,14,16,13,5,5,8,10,13,12,,,50,,44,58,51,24,19,,25,31,,,53,69,57,54,,26,33,27,,46,52,31,52,26,12,16,7,8,22,,,,,,,19,,41,29,21,38,58,31,37,6,5,7,,30,,,5,,2,8,9,12,10,12,10,8,,11,4,4,10,12,5,9,8,11,15,17,27,24,6,6,5,18,9,15,9,,14,9,12,,8,9,,8,9,16,13,4,,38,13,,,35,24,,,,22,16,13,27,20,30,,30,24,,34,42,,33,,76,84,70,,82,24,10,6,10,,8,11,12,10,10,9,,7,17,7,4,7,15,10,40,21,8,11,14,10,17,15,5,5,10,10,11,13,10,,3,2,3,,4,6,6,6,9,5,6,5,4,4,4,20,21,8,,16,6,29,,4,10,11,14,8,,11,14,2,,21,,47,47,21,21,,37,30,,,,17,,28,,23,,,,16,14,12,36,16,,,,25,22,11,16,17,13,,7,14,12,12,20,5,,13,,,5,11,8,3,2,6,10,8,10,9,5,6,11,19,21,41,22,41,36,4,3,9,13,10,12,,11,10,11,10,,12,23,17,5,14,13,8,16,,,,,27,14,,6,3,12,7,10,10,7,10,4,4,3,4,10,10,,32,22,,19,27,38,,30,32,,39,9,12,25,20,24,38,23,30,12,28,16,16,,,10,9,42,30,45,30,1,4,,5,2,79,76,33,,,40,,,,,31,,,,,,,,,,,,,,,,8,,,,,,,,,,,,,,,,,,,,,,,,,,,,,,,,,,,,,,18,29,10,22,,24,24,21,28,,,,39,39,48,51,,,46,66,51,48,57,57,,77,44,26,,,27,43,,56,46,48,,42,,5,11,,,8,4,,,11,10,10,,,4,3,19,33,19,18,10,6,7,8,2,8,20,23,16,19,10,7,10,15,8,12,11,31,,7,8,3,,2,2,11,7,5,6,13,4,8,12,6,3,,,4,10,6,7,9,5,3,7,4,8,11,4,4,11,3,7,3,,,8,4,4,2,5,4,,2,24,25,,24,49,16,,14,13,16,12,28,23,49,,8,9,20,8,9,10,12,15,,13,5,5,8,22,11,,34,,50,,,,13,14,14,14,20,21,,13,,15,31,19,6,4,6,7,,15,21,16,,,20,18,18,,17,34,17,,,10,3,8,7,5,3,9,28,22,26,21,10,17,14,11,,7,3,12,5,7,,7,8,9,3,11,7,13,14,41,,28,36,,2,9,8,5,10,17,21,25,,31,26,26,,42,29,34,20,,15,19,20,,21,32,34,22,33,,16,14,13,12,12,,35,,15,11,14,9,10,,20,15,5,18,4,2,26,44,27,35,16,15,,15,12,12,,9,8,,12,3,7,13,,10,17,19,6,10,16,11,8,9,12,9,3,6,8,8,7,5,8,6,5,6,11,12,10,10,12,9,9,10,9,7,4,4,5,5,2,4,8,5,6,3,6,9,11,47,50,46,55,17,8,11,40,37,25,23,23,16,7,10,9,18,23,22,18,26,17,19,,,30,19,20,5,2,,5,6,8,5,10,6,11,10,10,12,17,16,10,15,26,,,,6,11,,9,9,10,10,13,15,,15,13,11,,,,,,5,4,10,6,6,,4,,8,5,12,4,7,12,,4,3,3,2,,,,,1,4,5,4,4,10,5,,4,6,7,10,10,,7,4,5,16,8,8,8,6,,4,6,7,7,17,8,3,8,11,,7,11,,10,14,,2,3,5,,5,,9,,1,3,11,4,6,9,51,60,67,61,11,18,16,18,,51,27,,12,10,9,,17,20,32,28,9,5,,8,8,5,16,,,18,16,15,,7,7,10,2,7,9,28,,26,,,18,29,14,15,35,24,40,40,10,,17,8,3,7,23,20,66,66,64,,,56,53,41,5,,7,16,15,8,5,28,12,22,84,42,28,59,42,,52,24,26,18,26,21,18,,40,,28,43,13,7,22,17,8,8,24,18,12,10,19,5,,,21,12,21,32,,34,30,47,15,,22,21,,,45,20,35,9,16,21,62,20,21,19,6,19,22,24,33,,48,17,,16,12,8,7,10,5,5,30,6,47,19,7,10,52,28,15,7,15,61,3,52,10,42,17,,3,4,2,2,,8,30,32,16,24,26,15,17,15,33,20,26,18,34,15,47,37,44,,35,17,38,10,4,12,21,,,46,17,53,13,29,2,17,18,,9,15,10,22,64,6,21,17,15,,21,47,48,7,16,11,10,,7,14,17,20,20,23,17,10,23,18,18,6,6,9,17,24,25,26,8,8,26,16,11,25,43,34,27,40,32,9,36,14,5,8,21,22,23,11,12,26,13,8,54,30,50,30,11,8,25,18,15,13,13,36,28,18,27,21,38,20,7,8,8,11,11,10,13,5,12,19,12,9,4,27,8,9,,18,9,13,20,38,27,33,5,28,,52,58,70,29,10,9,13,,11,9,37,49,8,11,4,16,27,5,38,8,22,16,19,27,15,14,14,9,16,29,10,9,15,6,18,15,14,21,32,7,26,44,21,24,19,7,15,16,33,62,16,31,13,10,28,9,8,4,36,10,5,10,7,20,10,16,16,24,74,25,64,15,29,96,12,14,21,17,36,46,18,18,22,30,23,26,16,16,41,14,4,12,2,15,18,6,29,22,14,27,20,13,76,12,58,31,33,33,15,74,51,13,27,37,,42,57,87,102,29,47,21,37,17,26,8,27,16,13,13,2,12,11,15,11,6,4,2,13,13,5,4,,11,9,23,10,16,10,7,3,10,14,14,27,5,22,8,29,15,13,24,48,58,43,,79,52,43,54,52,33,31,9,16,86,34,53,36,38,41,57,52,34,28,23,28,37,56,17,35,12,15,12,28,46,32,35,36,11,4,16,26,42,14,5,37,78,53,5,6,15,5,13,24,28,7,14,12,,8,19,41,46,8,9,10,31,22,46,52,51,26,17,16,37,29,23,9,10,28,30,14,,6,7,11,12,32,45,16,24,,12,38,6,29,24,10,28,41,15,26,18,46,10,26,46,20,9,25,50,10,14,6,17,38,17,5,16,4,18,7,37,4,4,10,34,36,26,15,14
20231004,2,NO2_24h,27,6,29,24,33,30,27,37,20,9,34,28,,,26,,23,30,29,,30,,29,23,,35,24,,39,37,42,35,37,33,19,,24,33,,30,,31,66,27,,22,,29,44,25,42,32,30,47,,59,18,,22,21,15,37,30,32,34,16,24,23,,26,30,23,23,20,29,,22,39,32,28,54,,,52,58,57,64,38,,33,37,,,34,31,27,27,,21,22,,21,15,15,18,21,,7,20,19,19,18,15,20,18,22,19,15,27,19,19,22,19,10,,19,16,18,18,23,21,24,29,30,33,31,30,17,25,32,16,24,26,19,19,,22,15,17,17,19,22,17,21,17,19,20,19,17,18,,18,20,22,30,15,22,19,21,21,18,20,24,,,,26,19,,30,22,23,,,,19,,23,25,25,27,31,25,18,22,30,,,,22,20,,17,20,17,14,13,,17,24,32,29,32,31,14,18,,11,,28,21,,24,20,,23,20,18,,26,19,18,18,19,22,20,,,15,18,16,16,11,16,17,,12,,,23,,19,16,,9,10,10,7,7,6,,23,21,15,17,20,13,16,15,22,18,15,11,15,11,13,29,15,19,,,7,9,7,7,,7,10,15,14,13,,15,12,11,,13,10,28,37,,29,29,36,25,9,,,18,35,23,21,29,31,18,20,19,23,18,20,19,18,,16,16,14,16,13,18,13,,12,13,14,7,6,7,8,10,10,10,6,5,30,21,,28,33,18,31,27,17,31,12,15,14,18,14,19,19,,10,12,11,23,7,9,10,7,16,21,20,13,,11,35,23,13,10,10,,10,13,10,10,,,23,12,19,22,13,12,13,25,21,34,16,,8,8,13,11,13,15,16,27,,8,15,8,8,9,,19,16,16,21,17,24,19,,,20,30,20,19,24,,20,19,22,20,,,24,9,7,13,5,7,6,12,11,8,7,,17,9,12,13,15,14,18,16,12,13,16,6,27,21,26,23,24,20,20,14,,14,26,25,25,,42,,41,46,,,,,19,,,,47,35,50,47,44,45,39,,23,14,10,12,9,10,14,18,13,15,14,,10,12,10,32,,30,28,28,24,38,27,20,24,37,,17,16,15,15,13,15,21,19,16,16,15,23,20,32,10,13,10,,,38,,26,26,30,21,20,,26,25,,,31,39,33,44,,21,26,33,,40,31,28,41,23,15,13,10,7,25,,,,,,,21,,22,22,22,27,36,27,31,10,8,14,,22,,,7,,4,7,9,13,14,12,13,9,,9,8,8,9,12,5,8,9,9,13,16,13,15,7,6,5,18,12,12,6,,8,10,12,,10,10,,9,9,14,13,6,,23,10,,,25,20,,,,32,30,22,34,20,26,,23,22,,24,26,,23,,51,52,42,,49,18,18,24,19,,11,16,15,20,12,14,,24,24,13,15,9,15,17,24,43,12,14,19,24,24,20,20,17,16,16,19,15,17,,14,14,12,,13,25,32,26,21,27,15,17,10,18,20,20,25,10,,17,8,16,,7,15,17,21,12,,20,18,5,,25,,27,24,16,17,,21,17,,,,13,,20,,21,,,,25,17,19,29,16,,,,25,20,13,19,16,15,,9,16,11,13,12,5,,10,,,2,10,14,7,5,5,10,9,12,10,6,6,8,12,16,18,15,18,17,4,5,11,15,19,18,,25,28,27,24,,10,15,11,7,17,17,13,16,,,,,14,16,,14,6,13,11,13,14,11,12,8,7,8,8,9,7,,18,18,,28,34,28,,23,27,,29,12,12,28,19,23,31,24,28,21,28,26,23,,,15,16,34,26,33,24,10,15,,12,12,34,29,16,,,28,,,,,20,,,,,,,,,,,,,,,,15,,,,,,,,,,,,,,,,,,,,,,,,,,,,,,,,,,,,,,15,16,10,17,17,22,15,17,23,,,,23,24,23,28,,,30,38,27,26,33,44,,50,44,13,,,13,20,,43,37,35,,31,,27,23,,,13,16,,,19,15,15,,,12,11,7,10,13,10,6,19,22,17,16,19,16,17,12,18,14,15,19,18,15,15,22,15,,12,11,12,,14,14,14,18,16,10,12,8,16,21,12,21,,,19,15,10,21,9,14,10,17,4,9,13,6,21,20,22,24,4,,,7,21,13,2,11,10,,5,10,13,,20,15,15,,17,14,20,13,11,17,21,,18,20,22,20,17,13,14,16,,13,7,9,10,14,13,,20,,28,,,,14,12,11,9,13,13,,13,,17,27,22,8,4,6,7,,13,18,16,,,8,11,8,,14,15,10,,,11,4,10,10,14,7,8,24,22,25,20,13,18,17,17,,7,9,9,8,9,,6,12,13,9,11,11,11,12,26,,24,20,9,6,13,10,8,10,13,14,13,,25,24,25,,22,18,24,16,,14,18,24,,18,16,20,14,18,,23,16,14,14,15,15,21,,17,12,15,11,10,,16,13,7,20,5,4,20,24,23,21,13,16,,12,11,12,,8,6,,5,5,10,13,,6,9,10,9,15,16,9,10,10,12,13,8,9,11,13,11,6,11,7,8,10,14,15,12,10,14,11,12,12,10,10,4,6,4,6,3,4,9,7,11,6,5,7,10,23,29,23,27,14,12,14,15,18,15,17,12,12,7,6,9,10,16,14,14,15,12,11,18,,15,12,8,6,7,,8,7,13,12,11,11,14,14,19,12,18,17,12,12,23,,,,7,10,,8,14,25,22,26,26,,16,11,9,,,,,,9,9,12,10,10,,5,,8,4,9,7,7,10,,7,3,6,4,,,,,3,5,7,5,5,6,8,,3,6,6,10,9,,10,11,6,9,8,8,4,5,,6,8,6,7,11,10,5,10,10,,7,12,,8,10,,7,7,9,,6,,9,,2,4,8,8,10,12,35,45,51,42,7,14,13,12,,42,29,,11,11,29,,22,19,23,24,22,17,,9,12,16,23,,,19,19,20,,8,12,18,16,9,8,25,,21,,,29,18,14,16,23,24,36,35,8,,28,17,10,12,19,11,34,40,39,,,42,32,35,7,,14,28,34,24,9,16,15,18,40,33,18,36,44,,34,19,17,19,27,25,23,,23,,25,27,24,7,15,13,18,11,19,15,18,8,21,6,,,23,11,15,22,,42,40,38,6,,26,18,,,32,21,37,9,21,20,27,17,20,21,10,26,14,13,29,,21,19,,14,13,17,16,16,7,12,20,7,26,17,11,8,34,17,30,9,18,52,8,41,10,42,13,,5,4,4,11,,21,28,34,18,14,24,10,14,10,21,16,25,15,23,14,26,30,20,11,22,18,29,7,8,13,16,,,40,12,31,17,30,3,13,19,,27,16,15,18,44,9,18,13,14,,19,39,36,26,36,12,22,30,7,20,19,22,26,28,21,13,19,33,23,26,12,16,6,20,27,24,9,11,19,10,11,26,40,26,24,21,27,10,24,14,7,11,16,14,13,17,13,19,10,9,30,23,28,21,14,12,18,15,12,14,16,30,23,19,16,14,17,20,8,10,10,18,14,14,14,6,13,21,11,15,6,26,15,21,,20,17,14,25,42,28,26,9,25,,28,34,37,20,10,7,8,,16,15,20,26,6,12,5,12,12,11,17,12,16,21,15,18,13,15,15,18,16,32,17,16,32,15,17,10,17,32,19,7,32,26,16,15,18,11,10,13,16,55,25,42,31,17,20,9,5,6,18,10,12,6,9,15,8,14,10,25,23,22,41,17,31,47,13,10,19,21,21,24,19,18,15,26,14,17,26,17,19,15,12,15,4,20,19,13,19,18,13,21,20,20,47,12,26,19,21,27,21,29,36,11,25,34,,26,38,46,48,24,34,20,23,16,15,7,14,12,11,12,5,10,11,12,9,8,5,1,9,6,3,3,,16,9,23,13,16,13,7,6,13,22,19,19,9,23,10,30,21,29,20,21,37,27,,41,32,29,42,41,31,30,21,29,43,39,44,34,25,24,29,34,28,12,23,22,17,29,12,23,17,12,16,17,29,19,24,25,12,7,32,26,35,14,11,37,48,21,33,4,15,10,16,18,21,13,24,23,,11,14,28,27,17,17,14,29,28,32,45,31,21,20,27,22,23,25,9,12,24,19,18,,11,13,13,10,11,31,18,11,,19,34,14,22,31,8,20,29,31,27,16,22,13,20,32,19,17,26,30,32,37,5,19,25,15,17,23,19,20,10,14,6,6,23,28,22,33,17,20
20231004,2,O3,25,57,31,2,19,26,9,32,79,67,9,23,,,58,,71,62,69,,56,,60,55,,7,46,,39,18,37,48,31,33,128,,22,67,,60,,87,22,88,,78,,16,9,27,35,17,35,29,,24,49,,57,38,56,48,23,22,26,64,38,41,,62,62,62,52,77,53,,45,2,33,32,9,,,32,2,4,4,5,,52,43,,,70,72,67,72,,76,65,,77,83,76,78,76,,79,134,128,125,126,141,,156,104,112,128,35,44,36,51,55,46,,43,30,17,66,59,58,58,64,62,66,59,64,58,60,59,86,83,79,86,84,,92,92,75,76,31,31,27,21,38,23,25,46,30,56,,44,55,56,47,57,53,59,74,61,61,48,39,,,,50,55,,52,30,61,,,,40,,52,30,54,45,42,52,62,35,48,,,,40,51,,50,42,56,40,46,,43,8,7,21,2,13,39,52,,55,,49,57,,54,44,,53,45,36,,44,51,50,47,88,86,85,,,65,78,81,87,95,90,63,,47,,,48,,68,60,,86,93,93,82,86,86,,87,82,77,76,56,66,76,18,32,37,45,41,45,36,45,31,51,41,,,93,96,88,101,,66,50,51,56,59,,55,58,62,,57,136,66,54,,50,46,68,94,107,,,75,16,87,91,105,78,78,77,80,65,83,81,,71,,56,51,60,55,60,41,60,,62,58,33,44,41,40,36,42,41,34,39,28,53,50,,44,37,68,3,60,39,10,92,51,65,58,60,65,42,,32,35,34,66,57,48,49,71,60,52,52,54,,67,45,31,66,71,50,,61,68,58,62,,,66,41,54,24,45,30,87,51,54,42,62,,46,49,47,41,44,43,28,10,,58,9,43,52,27,,4,10,5,6,4,25,14,,,14,15,16,14,4,,45,43,39,38,,,48,73,82,80,75,72,75,66,72,89,80,,20,40,24,24,25,27,52,55,53,46,56,51,26,15,19,15,17,37,6,14,,45,5,18,24,,1,,17,14,,,,,88,,,,65,34,38,27,44,60,78,,62,28,38,42,38,32,33,26,31,32,32,,24,31,40,47,,64,64,72,48,34,41,51,43,43,,131,137,137,54,65,68,34,72,82,67,67,73,79,75,92,89,90,,,36,,42,25,31,59,89,,84,59,,,42,26,20,28,,45,54,56,,36,29,51,16,45,98,91,115,99,63,,,,,,,64,,30,75,97,61,4,52,52,111,105,111,,98,,,58,,70,53,54,114,121,110,123,118,,52,57,58,50,47,59,56,58,54,38,22,9,8,95,98,90,27,41,31,47,,35,46,48,,103,108,,105,108,101,102,56,,9,9,,,57,68,,,,43,48,59,41,57,51,,45,57,,22,28,,46,,2,32,8,,7,127,66,65,60,,121,114,124,117,100,123,,88,74,97,67,101,79,115,73,68,121,103,97,67,61,56,68,67,69,70,57,55,67,,45,48,46,,45,75,73,69,60,73,49,52,53,58,55,56,55,60,,55,67,39,,34,76,71,76,73,,87,71,78,,56,,6,14,46,48,,40,39,,,,56,,53,,32,,,,63,57,64,2,19,,,,10,6,11,9,42,38,,55,38,46,41,31,55,,33,,,19,41,48,23,76,61,66,64,69,26,56,,39,19,33,7,45,12,8,43,44,37,39,42,37,,58,58,62,48,,20,11,20,32,9,26,29,20,,,,,20,33,,39,34,25,32,31,26,31,35,39,31,37,39,34,38,,,18,,8,10,14,,3,4,,3,36,20,10,10,5,9,14,7,36,33,36,38,,,102,84,40,66,45,63,84,92,,69,80,1,3,38,,,70,,,,,73,,,,,,,,,,,,,,,,97,,,,,,,,,,,,,,,,,,,,,,,,,,,,,,,,,,,,,,27,19,37,24,25,57,56,61,49,,,,34,28,24,34,,,22,15,33,38,19,32,,10,44,42,,,41,11,,11,5,,,4,,81,80,,,68,51,,,52,63,62,,,66,65,28,24,73,69,81,67,59,61,61,64,94,74,95,75,57,65,60,56,60,58,57,37,,49,42,62,,94,97,76,90,55,42,63,70,67,63,66,72,,,80,41,38,44,36,60,68,46,97,56,52,62,69,47,76,67,77,,,44,74,73,,56,54,,53,21,20,,19,3,26,,52,48,66,44,9,45,22,,45,50,42,51,47,46,47,50,,52,49,47,34,36,48,,22,,4,,,,37,28,32,22,18,41,,39,,39,28,37,98,98,115,105,,18,15,13,,,16,20,14,,23,5,17,,,72,29,29,29,32,26,27,4,10,6,12,49,47,58,60,,38,35,34,36,34,,52,62,65,71,75,75,67,73,3,,15,7,14,42,50,47,44,46,16,25,24,,28,66,69,,40,52,50,68,,69,70,72,,57,23,40,40,36,,68,58,66,64,57,,23,,45,59,45,27,20,,21,20,52,6,11,15,18,28,48,30,22,31,,52,65,63,,50,49,,29,35,41,40,,32,31,27,25,29,27,30,31,35,30,32,44,55,54,50,51,31,45,46,45,48,32,32,37,34,33,49,53,50,51,55,52,59,45,48,51,14,43,40,33,39,21,34,38,1,,16,3,27,30,28,6,3,14,47,29,47,57,36,43,40,24,27,20,12,9,20,,,18,13,12,62,71,,72,30,31,36,33,42,47,39,44,40,42,52,46,24,31,,,,25,24,,22,31,33,35,30,31,,34,33,15,,,,,,51,53,50,53,,,5,,36,28,27,38,33,34,,59,58,59,61,,,,,62,62,38,37,55,56,24,,69,20,18,40,42,,37,43,19,5,10,8,22,25,,45,51,56,49,5,11,32,25,16,,14,10,,23,25,,46,45,49,,47,,86,,44,41,43,67,67,66,3,3,1,4,27,10,11,13,,9,26,,53,64,96,,62,65,4,10,94,101,,50,54,72,65,,,35,49,50,,82,57,72,48,34,67,29,,34,,,47,5,61,42,58,61,48,39,44,,74,46,26,76,64,52,4,4,6,,,6,11,15,17,,80,48,57,62,38,36,70,59,14,54,54,29,41,,2,48,35,54,72,54,59,,12,,51,45,46,32,6,16,87,38,51,79,70,16,65,37,,,65,74,50,78,,55,63,44,28,,46,46,,,19,49,34,50,61,48,18,84,51,49,73,13,15,2,33,,43,54,,20,114,44,48,85,70,66,96,51,3,12,58,97,48,56,67,101,56,26,51,34,36,65,27,,66,63,66,51,,50,90,4,78,26,35,32,31,26,49,70,32,13,12,51,14,2,18,103,31,48,29,27,34,9,4,,,6,42,42,84,61,100,47,39,,93,55,58,44,11,69,62,76,39,,45,6,12,94,76,39,79,,95,84,86,79,79,68,84,89,12,56,56,80,65,67,48,28,57,49,65,49,36,48,35,33,52,30,55,32,51,50,33,66,73,64,52,63,10,41,55,63,97,38,38,72,46,52,63,62,44,47,60,39,39,33,50,76,61,45,6,50,60,68,64,66,7,22,18,17,14,31,16,20,46,15,32,41,,32,45,42,94,27,64,85,108,46,,32,46,26,46,23,38,28,,130,54,20,11,28,33,57,43,8,77,4,61,26,59,62,42,77,83,39,57,62,52,72,68,67,64,50,39,51,68,25,41,63,19,44,46,56,80,52,53,48,39,80,75,66,62,23,120,33,50,45,58,66,51,41,33,47,56,35,56,28,62,6,99,64,7,52,28,44,65,30,5,40,78,70,49,67,64,87,67,25,51,60,2,42,22,13,56,24,24,40,17,26,26,26,112,36,61,43,50,71,19,44,89,62,75,,45,40,28,7,58,48,44,22,29,2,83,49,70,80,58,71,45,43,21,22,27,45,65,26,25,38,33,,89,22,29,63,48,11,30,30,23,46,57,49,100,56,92,38,29,62,70,13,13,30,,9,16,43,28,18,59,54,122,75,20,55,37,47,58,47,26,36,60,29,59,24,28,17,64,7,15,15,20,54,,18,1,7,25,102,69,56,41,6,72,44,5,13,84,47,66,114,60,66,50,65,75,68,,63,52,24,10,65,48,34,85,99,16,23,52,77,45,52,23,3,12,41,39,42,47,90,,43,54,80,84,25,6,61,34,,51,41,47,12,45,22,54,71,58,33,35,17,55,70,45,6,88,1,8,65,61,45,57,42,59,68,57,67,75,50,6,38,50,64,60,40,62,130,69
20231004,2,O3_24h,161,148,165,159,161,174,155,164,157,155,145,152,,,152,,142,142,164,,162,,141,151,,142,139,,183,187,180,181,183,182,172,,155,159,,150,,157,153,154,,150,,160,159,158,187,175,175,169,,191,116,,118,119,122,140,135,144,130,130,154,160,,157,150,145,141,155,144,,168,167,179,168,144,,,162,144,143,143,120,,93,87,,,101,100,105,106,,142,138,,148,140,144,144,143,,142,152,153,156,146,154,174,165,151,149,153,129,133,137,140,142,144,,133,145,137,82,70,75,69,73,71,76,70,73,77,68,72,98,106,99,105,103,,105,113,99,101,80,74,82,63,69,68,70,77,76,82,,90,90,87,92,93,94,103,95,89,100,93,110,,,,115,128,,123,125,120,,,,86,,80,78,78,86,78,85,74,80,67,,,,74,86,,87,83,88,91,93,,93,88,92,96,83,101,98,106,,103,,115,96,,154,108,,138,137,132,,142,126,150,119,136,165,142,,,135,145,159,136,132,136,123,,128,,,93,,98,97,,125,129,125,116,127,122,,166,172,157,156,152,134,140,154,81,74,86,92,84,86,82,72,80,86,,,148,137,142,122,,147,131,98,105,107,,102,110,107,,104,140,133,129,,142,139,142,142,112,,,163,167,162,167,156,157,136,138,144,134,134,144,132,131,,60,62,66,70,63,63,67,,72,71,36,48,47,45,40,45,44,39,44,35,185,205,,198,205,224,167,198,138,200,151,186,180,170,183,115,151,,122,127,115,206,143,125,164,139,214,189,183,195,,181,194,180,196,209,181,,178,173,138,159,,,188,201,188,114,118,133,125,137,160,163,144,,99,112,109,96,90,105,81,94,,69,75,71,68,42,,36,27,54,50,35,56,39,,,28,45,39,34,88,,84,89,86,79,,,89,110,91,90,84,84,77,73,79,92,81,,68,66,70,72,73,70,74,75,69,75,71,71,100,94,106,95,97,91,101,91,,114,113,93,107,,53,,41,32,,,,,148,,,,162,151,119,99,131,132,110,,99,43,52,56,56,46,46,39,44,45,45,,42,48,54,117,,133,117,132,135,119,117,127,122,120,,156,165,163,114,113,110,107,172,170,178,170,154,181,169,169,167,171,,,135,,122,136,125,126,152,,147,148,,,154,165,155,148,,131,134,176,,126,129,125,124,138,142,150,151,151,139,,,,,,,143,,145,133,139,140,137,153,145,134,143,139,,188,,,113,,116,104,140,188,197,182,183,173,,84,66,78,76,92,82,102,109,114,111,102,86,97,131,129,118,69,71,72,93,,105,168,162,,159,169,,129,126,128,133,114,,121,60,,,147,144,,,,118,116,120,112,194,204,,198,212,,140,146,,157,,155,151,158,,156,155,123,124,133,,146,143,146,144,143,140,,150,143,152,144,147,147,131,138,130,143,129,127,155,166,164,150,158,134,133,130,129,136,,63,64,66,,65,80,75,75,78,88,72,77,74,92,82,73,66,72,,73,80,81,,73,80,72,76,73,,87,77,94,,122,,124,118,121,123,,177,170,,,,131,,137,,135,,,,145,142,133,93,93,,,,51,54,63,59,65,71,,55,48,49,53,60,71,,69,,,69,74,71,69,80,87,105,112,100,122,80,82,81,110,94,94,101,99,108,54,57,86,82,96,87,,64,58,62,61,,69,78,74,59,63,84,74,66,,,,,86,84,,87,60,64,60,65,67,61,86,91,96,96,84,81,84,,94,100,,58,74,85,,88,95,,90,69,87,77,84,78,80,84,82,116,112,112,106,,,133,120,164,148,153,161,86,93,,123,82,108,106,111,,,138,,,,,158,,,,,,,,,,,,,,,,131,,,,,,,,,,,,,,,,,,,,,,,,,,,,,,,,,,,,,,44,97,83,92,97,119,120,120,119,,,,133,136,135,134,,,138,125,129,132,131,166,,168,165,105,,,102,122,,147,140,93,,94,,140,146,,,122,67,,,134,131,124,,,91,92,85,86,137,134,126,142,132,133,129,137,151,135,140,149,138,157,139,146,136,139,126,131,,135,137,156,,103,103,104,98,139,131,110,112,106,108,113,72,,,80,73,75,76,80,76,80,68,106,77,72,81,75,68,76,67,89,,,97,75,76,,88,89,,77,99,103,,97,101,105,,94,92,98,92,85,110,115,,51,53,60,56,52,56,78,86,,85,106,101,61,81,80,,96,,96,,,,73,75,74,69,112,111,,67,,74,61,65,132,129,137,133,,88,89,87,,,98,93,108,,113,109,110,,,142,83,98,90,82,90,58,41,42,62,44,104,106,120,109,,126,125,123,128,122,,86,101,101,105,108,111,103,109,79,,82,78,86,100,110,105,107,114,119,144,139,,160,150,153,,144,138,136,127,,141,146,131,,129,149,148,145,144,,127,149,122,134,115,65,117,,114,115,111,56,56,,58,48,63,90,87,100,93,91,95,96,60,52,,99,94,101,,78,79,,63,43,54,54,,91,89,86,36,39,44,63,59,65,65,60,45,58,58,53,52,44,54,50,52,48,93,98,97,96,90,113,88,106,98,84,56,59,50,53,51,42,58,56,53,61,46,62,62,162,167,148,136,76,87,75,108,116,88,117,131,124,123,110,127,122,144,142,101,114,81,88,47,,94,85,92,67,72,,73,76,71,65,72,71,75,69,74,90,90,102,91,105,99,,,,43,44,,39,47,33,40,36,31,,72,76,66,,,,,,82,84,86,86,31,,48,,62,64,68,64,62,69,,96,98,95,98,,,,,65,66,98,97,67,66,75,,81,53,54,72,78,,53,53,47,50,40,39,41,37,,60,56,65,64,77,72,44,62,64,,54,46,,48,60,,58,59,56,,69,,118,,46,44,69,77,79,77,132,122,117,119,52,66,57,99,,70,104,,74,76,112,,127,133,82,84,114,121,,93,91,78,74,,,62,76,58,,90,64,77,60,62,91,147,,143,,,107,67,64,58,124,121,117,110,89,,112,95,93,102,104,104,106,105,102,,,89,87,87,61,,86,116,114,87,77,118,180,205,159,147,146,185,168,,100,137,83,81,148,82,88,,96,,162,154,84,77,64,62,116,81,99,143,140,37,79,61,,,158,161,134,152,,151,156,158,63,,89,89,,,108,77,78,104,124,128,132,120,111,76,98,32,44,69,142,,145,139,,121,172,88,82,105,121,92,191,55,95,95,112,126,146,137,72,159,114,128,67,128,66,146,98,,79,78,75,64,,112,151,24,132,86,100,67,69,70,165,140,103,44,81,63,81,89,140,128,128,82,166,73,43,71,68,,,52,117,151,86,119,118,71,78,,116,150,101,79,147,146,133,160,74,,154,50,59,94,76,81,116,70,107,98,124,104,100,99,97,108,128,125,131,143,126,118,85,127,89,93,105,100,79,91,131,167,187,179,236,215,211,133,185,172,109,168,170,158,104,126,175,189,134,118,144,167,147,147,74,98,109,84,114,64,68,140,147,137,141,116,127,133,80,81,81,78,39,37,42,34,73,50,30,37,53,47,43,75,,84,83,103,152,171,132,201,156,164,,124,154,158,131,66,83,82,,160,62,87,90,63,64,78,93,109,104,108,124,142,96,145,132,134,143,131,87,110,164,142,148,129,124,84,79,84,89,86,82,84,74,80,98,98,124,89,109,122,133,110,116,92,122,159,170,107,115,117,128,146,111,156,159,97,206,151,174,174,162,155,152,166,144,120,76,64,81,97,96,72,138,144,143,139,143,146,144,138,73,96,22,42,71,62,142,85,85,93,81,88,94,144,146,130,159,156,126,140,140,140,140,155,170,,154,156,166,147,140,146,67,161,82,94,125,137,146,167,155,102,118,116,100,90,105,84,80,62,60,57,55,,110,85,63,94,75,30,67,62,65,113,114,140,138,95,119,113,119,129,213,207,167,120,,193,158,154,150,142,156,165,157,177,176,182,199,196,191,188,187,184,146,119,124,118,140,164,138,96,29,60,43,131,113,99,96,111,53,102,120,114,117,72,73,156,153,134,141,109,178,142,214,201,201,123,76,72,,76,118,120,128,76,86,86,155,166,151,153,189,148,139,103,96,89,51,55,51,144,143,174,,72,72,131,102,106,136,168,110,,163,174,147,162,118,71,155,138,116,77,140,142,103,158,152,123,165,154,147,106,100,79,116,168,123,68,108,67,153,147,104,63,59,70,198,124,175,160,83
20231004,2,O3_8h,25,48,34,2,20,31,10,42,81,68,8,26,,,60,,77,68,58,,68,,65,59,,14,48,,36,24,24,48,40,36,124,,24,66,,68,,90,35,94,,84,,25,14,32,36,20,39,29,,34,50,,59,38,56,47,28,22,30,69,42,49,,66,60,54,51,63,47,,47,2,44,34,8,,,28,2,8,4,5,,50,40,,,71,72,67,69,,80,71,,77,78,74,80,74,,87,129,133,130,128,141,,154,106,114,126,42,48,42,54,58,49,,47,38,32,68,60,58,60,65,63,67,60,64,58,59,62,86,88,78,92,89,,91,94,79,80,23,34,39,16,36,32,28,46,28,55,,54,62,58,48,60,59,57,70,58,56,48,42,,,,52,50,,42,36,60,,,,39,,51,39,53,47,46,53,63,32,43,,,,40,48,,47,44,50,38,48,,42,12,4,12,1,6,44,49,,56,,38,60,,55,44,,52,44,40,,44,53,50,46,88,88,78,,,66,79,88,90,98,96,76,,65,,,58,,66,61,,88,94,93,82,88,86,,86,84,80,82,61,60,77,20,32,42,48,43,44,38,48,24,54,44,,,100,100,92,104,,63,46,50,54,61,,54,57,62,,57,135,69,54,,60,57,79,94,107,,,86,56,90,88,108,80,77,76,83,72,75,78,80,76,,57,51,58,56,62,44,60,,65,58,32,42,42,39,36,41,40,33,38,28,56,56,,49,36,70,3,64,43,7,100,60,70,62,61,62,46,,30,36,35,66,62,49,54,71,64,56,58,58,,70,51,44,64,68,58,,62,68,59,66,,,66,46,61,27,35,32,82,49,52,44,62,,48,53,51,45,48,49,29,16,,56,10,42,50,26,,6,8,4,6,6,24,13,,,15,14,14,14,6,,48,42,40,34,,,46,74,78,78,72,72,73,68,70,88,78,,21,40,26,24,24,24,52,54,55,45,57,52,22,12,21,18,16,34,3,13,,42,4,14,16,,1,,19,15,,,,,87,,,,52,38,60,20,58,70,80,,62,28,38,42,38,32,34,28,30,32,32,,26,32,40,53,,68,67,72,50,38,35,53,40,44,,133,142,137,58,67,64,29,86,98,76,66,75,82,80,92,90,88,,,32,,49,26,30,54,86,,76,60,,,38,18,19,28,,46,55,60,,24,38,40,16,42,97,91,116,98,57,,,,,,,68,,32,76,98,59,4,52,52,114,105,112,,111,,,60,,72,56,60,120,126,114,126,121,,54,58,59,52,46,60,58,56,57,38,18,8,9,100,102,94,26,40,31,50,,36,46,54,,110,116,,108,114,107,102,60,,16,8,,,56,68,,,,40,48,66,52,66,56,,58,64,,32,32,,46,,4,30,8,,22,125,68,65,54,,123,116,127,116,106,124,,90,85,96,78,96,79,118,66,76,122,104,96,70,66,62,70,68,72,73,66,58,71,,47,51,50,,49,74,70,68,66,66,50,53,52,58,56,59,52,62,,57,66,50,,37,78,68,74,70,,85,74,86,,54,,4,12,45,40,,48,46,,,,58,,56,,28,,,,62,59,64,2,16,,,,9,6,12,8,40,38,,53,40,44,40,34,55,,35,,,20,42,50,24,75,64,69,67,72,30,58,,38,20,32,7,41,18,11,45,43,38,39,42,38,,54,53,58,50,,24,15,19,32,9,26,28,20,,,,,20,34,,38,33,26,32,30,28,30,37,40,32,38,40,36,41,,3,16,,6,12,21,,3,4,,3,36,18,10,10,6,8,16,10,36,31,36,36,,,97,86,34,60,56,60,85,92,,72,75,1,2,34,,,74,,,,,78,,,,,,,,,,,,,,,,84,,,,,,,,,,,,,,,,,,,,,,,,,,,,,,,,,,,,,,27,18,44,23,20,50,62,60,50,,,,44,32,35,40,,,29,20,42,40,24,36,,8,34,46,,,44,24,,12,5,,,4,,84,85,,,66,50,,,53,63,64,,,64,66,37,38,78,75,82,63,60,61,62,63,102,83,100,84,64,68,64,58,62,63,58,42,,50,44,70,,96,100,79,92,58,48,65,70,47,50,44,68,,,78,41,38,44,38,64,74,53,99,53,46,55,65,36,69,52,68,,,44,74,68,,59,58,,50,28,36,,26,8,31,,48,56,66,50,8,48,28,,47,51,34,53,48,49,47,51,,52,52,48,33,39,48,,14,,6,,,,36,27,33,22,18,42,,40,,46,34,42,100,100,115,110,,16,16,10,,,20,22,16,,22,4,19,,,80,30,28,30,32,26,28,3,9,5,10,54,51,62,59,,38,36,33,35,34,,56,54,57,74,79,80,74,78,3,,12,7,17,44,52,48,45,48,20,28,30,,43,68,71,,43,56,52,76,,72,70,64,,56,28,46,38,28,,68,64,62,62,60,,30,,40,54,39,28,24,,24,23,56,6,14,14,19,21,40,24,23,32,,51,62,60,,51,50,,31,35,40,42,,30,34,30,30,32,28,33,32,34,33,31,44,56,54,52,52,31,46,45,43,46,36,36,40,36,35,50,54,50,50,55,54,59,46,48,50,16,43,38,32,42,20,34,38,15,,20,6,28,30,26,10,3,10,54,38,56,62,35,44,42,28,30,23,13,14,24,,,16,10,9,60,72,,72,30,32,36,33,42,47,40,44,44,46,54,48,22,39,,,,24,25,,22,28,26,30,26,22,,38,32,18,,,,,,52,54,50,54,,,4,,38,28,28,38,34,33,,60,60,60,62,,,,,62,62,35,34,54,54,25,,68,20,20,40,40,,36,42,18,6,10,8,26,28,,47,52,56,48,6,12,32,24,12,,14,10,,24,26,,46,46,48,,48,,86,,45,42,41,67,69,62,3,3,2,4,24,8,8,14,,7,23,,58,67,78,,72,73,7,10,87,95,,51,52,75,70,,,39,45,48,,83,54,70,48,34,66,30,,40,,,44,10,49,36,56,61,50,41,48,,76,47,26,76,62,55,4,4,6,,,6,20,10,23,,82,50,53,65,38,36,80,64,10,62,63,40,34,,2,57,30,49,76,51,62,,11,,51,52,44,34,7,16,90,36,54,74,73,18,66,38,,,68,80,54,81,,54,47,40,30,,44,46,,,23,50,34,52,66,50,34,90,42,48,68,12,20,2,32,,44,58,,24,122,43,48,84,71,66,107,53,14,10,58,98,46,54,63,102,53,18,50,30,34,64,27,,62,62,64,52,,52,96,4,69,32,42,35,34,25,50,73,42,14,13,52,20,2,22,98,36,48,30,28,34,6,3,,,4,57,36,85,62,101,47,37,,78,58,58,44,15,78,65,87,36,,58,6,12,72,55,36,80,,95,88,88,84,80,64,82,86,17,56,60,82,62,68,44,36,60,51,64,52,38,46,39,24,44,30,58,38,52,54,30,68,74,66,53,58,10,40,64,66,102,38,36,74,51,57,62,66,44,46,56,38,38,36,58,74,61,50,6,56,57,66,64,55,8,21,20,18,18,31,14,19,47,12,35,43,,36,44,46,95,28,70,98,109,46,,32,48,28,46,22,42,33,,131,52,28,12,25,33,60,46,9,74,4,66,27,58,79,48,78,84,31,56,62,55,74,70,64,64,52,46,54,67,31,38,62,20,52,53,54,86,50,56,50,60,76,80,69,62,14,130,34,50,52,61,68,51,36,30,47,60,40,58,40,60,4,106,66,4,52,25,46,65,32,4,40,77,78,52,64,66,85,68,28,50,60,2,41,18,15,57,32,21,39,25,28,32,54,106,48,57,51,52,72,22,47,92,60,54,,42,33,30,14,52,54,42,19,24,4,86,50,69,82,74,70,46,42,18,22,29,43,68,24,26,39,36,,88,22,30,66,49,12,30,31,23,48,58,56,100,56,91,36,31,64,77,38,12,36,,17,11,48,24,10,60,50,112,72,17,48,36,45,54,56,30,31,51,42,54,14,37,22,67,6,12,14,18,54,2,14,6,8,26,100,74,52,33,4,72,50,4,26,86,46,66,120,66,64,62,68,74,69,,66,56,27,8,54,48,34,92,95,18,32,66,79,46,50,26,3,9,37,36,43,50,88,,45,54,84,86,44,10,68,48,,54,45,46,18,52,19,62,74,59,30,24,20,55,81,46,8,86,6,4,66,60,42,60,45,56,62,54,64,84,52,18,38,52,60,79,42,66,133,68
20231004,2,O3_8h_24h,25,48,38,2,20,36,11,51,83,68,8,28,,,61,,83,73,58,,80,,70,63,,21,51,,36,31,24,48,50,40,124,,26,66,,76,,93,48,100,,90,,34,20,37,36,22,43,29,,43,52,,61,38,57,47,33,23,33,74,46,57,,71,60,54,51,63,47,,49,3,56,35,8,,,28,3,13,4,5,,50,40,,,72,73,67,69,,85,77,,77,78,74,81,74,,95,129,138,134,131,141,,154,108,117,126,49,53,49,56,60,52,,51,46,47,69,60,58,62,66,64,68,62,65,59,59,65,86,93,78,97,94,,91,95,83,83,23,38,51,16,36,40,32,47,28,55,,64,69,61,48,62,65,57,70,58,56,49,45,,,,53,50,,42,43,60,,,,39,,51,48,53,49,49,54,64,32,43,,,,41,48,,47,45,50,38,51,,42,15,4,12,1,6,48,49,,56,,38,63,,56,44,,52,44,43,,44,55,50,46,88,91,78,,,66,80,96,94,101,102,88,,83,,,67,,66,62,,91,94,93,82,91,87,,86,86,82,88,66,60,78,22,32,47,50,45,44,41,50,24,56,48,,,106,103,95,107,,63,46,50,54,63,,54,57,62,,57,135,72,55,,70,68,90,94,107,,,96,97,94,88,110,82,77,76,86,79,75,78,80,82,,58,51,58,56,63,46,60,,68,58,32,42,42,39,36,41,40,33,38,28,58,61,,54,36,73,3,67,47,7,107,70,76,65,62,62,49,,30,36,36,66,67,50,58,71,69,60,64,62,,74,57,56,64,68,67,,63,69,60,69,,,66,52,68,30,35,34,82,49,52,47,62,,50,57,55,49,52,55,30,21,,56,10,42,50,26,,7,8,4,6,9,24,13,,,16,14,14,14,8,,51,42,40,34,,,46,75,78,78,72,72,73,70,70,88,78,,22,41,28,24,24,24,52,54,57,45,58,54,22,12,23,22,16,34,3,13,,42,4,14,16,,1,,21,16,,,,,87,,,,52,42,82,20,73,81,82,,62,28,39,43,39,32,36,30,30,32,33,,27,34,40,59,,72,70,72,52,41,35,55,40,45,,135,148,137,61,69,64,29,99,113,84,66,77,86,85,92,91,88,,,32,,56,26,30,54,86,,76,60,,,38,18,19,28,,48,56,63,,24,48,40,16,42,97,91,116,98,57,,,,,,,73,,34,77,98,59,4,52,52,116,105,114,,124,,,62,,73,59,66,126,130,118,130,124,,56,59,60,54,46,61,59,56,60,38,18,8,10,106,107,98,26,40,31,53,,36,47,59,,116,123,,110,120,113,103,65,,23,8,,,56,68,,,,40,48,73,62,75,60,,70,70,,42,35,,46,,6,30,8,,38,125,69,65,54,,125,118,130,116,111,124,,93,96,96,90,96,79,122,66,85,123,104,96,73,72,68,72,70,76,76,75,61,75,,49,54,53,,53,74,70,68,71,66,50,54,52,59,58,62,52,63,,59,66,62,,40,80,68,74,70,,85,77,94,,54,,4,12,45,40,,56,52,,,,59,,58,,28,,,,62,61,64,2,16,,,,9,6,13,8,40,38,,53,42,44,40,37,55,,37,,,22,44,52,25,75,68,72,70,76,35,61,,38,20,32,7,41,23,14,47,43,39,39,42,38,,54,53,58,52,,28,19,19,32,9,26,28,21,,,,,20,34,,38,33,26,32,30,29,30,39,40,33,39,40,39,44,,6,16,,6,15,28,,3,4,,3,36,18,10,10,8,8,18,13,36,31,36,36,,,97,87,34,60,66,60,86,93,,76,75,1,2,34,,,77,,,,,82,,,,,,,,,,,,,,,,84,,,,,,,,,,,,,,,,,,,,,,,,,,,,,,,,,,,,,,27,18,52,23,20,50,67,60,52,,,,54,35,46,46,,,36,25,52,41,29,40,,8,34,50,,,48,36,,14,5,,,4,,87,90,,,66,50,,,54,63,65,,,64,68,46,52,83,81,84,63,60,61,62,63,111,92,106,94,70,72,67,60,64,68,60,46,,52,45,78,,97,102,82,94,61,55,67,71,47,50,44,68,,,78,41,38,44,40,68,80,60,101,53,46,55,65,36,69,52,68,,,44,74,68,,62,62,,50,35,51,,34,14,36,,48,64,66,56,8,51,33,,49,52,34,55,49,52,47,52,,53,54,50,33,42,48,,14,,8,,,,36,27,34,22,19,42,,40,,52,41,47,102,103,115,114,,16,17,10,,,24,24,18,,22,4,21,,,88,31,28,30,32,26,28,3,9,5,10,59,55,66,59,,39,37,33,35,34,,59,54,57,77,83,85,80,82,3,,12,7,20,45,53,50,46,50,24,32,36,,58,71,73,,46,60,55,84,,74,71,64,,56,32,51,38,28,,69,70,62,62,62,50,38,,40,54,39,28,28,,27,26,60,6,16,14,20,21,40,24,24,33,,51,62,60,,52,51,,33,35,40,45,,30,36,32,34,36,28,36,33,34,36,31,44,58,55,53,52,31,47,45,43,46,40,39,42,39,37,50,54,50,50,55,56,59,47,48,50,17,43,38,32,45,20,34,39,29,,23,8,29,30,26,15,3,10,60,46,64,66,35,46,44,31,33,26,14,19,27,46,,16,10,9,60,72,,73,31,33,36,33,42,47,42,44,49,50,57,50,22,47,,,,24,26,,23,28,26,30,26,22,,42,32,20,,,,,,54,56,51,54,1,,4,,39,28,30,38,34,33,,62,63,61,63,,,,,62,63,35,34,54,54,26,,68,21,21,40,40,,36,42,18,8,10,8,29,31,,49,53,56,48,8,12,32,24,12,,15,11,,25,28,,46,47,48,,49,,86,,46,44,41,67,71,62,3,3,2,5,24,8,8,15,,7,23,,62,70,78,,81,81,10,10,87,95,,52,52,78,74,,,43,45,48,,84,54,70,48,34,66,30,,45,,,44,15,49,36,56,61,52,43,52,,79,48,26,77,62,58,5,4,7,,,6,30,10,29,,83,52,53,68,38,37,89,68,10,70,72,52,34,,2,66,30,49,80,51,66,,11,,51,58,44,35,8,16,92,36,58,74,76,20,67,38,,,71,86,59,84,,54,47,40,31,,44,46,,,27,52,35,55,72,52,49,97,42,48,68,12,24,3,32,,46,62,,28,131,43,48,84,72,66,118,55,26,10,58,99,46,54,63,104,53,18,50,30,34,64,27,,62,62,64,53,,54,101,4,69,39,50,38,36,25,51,76,51,14,14,54,25,2,25,98,42,48,31,30,34,6,3,,,4,72,36,86,63,102,47,37,,78,62,58,44,19,88,68,98,36,,71,7,13,72,55,36,80,65,95,91,90,88,81,64,82,86,22,57,64,83,62,70,44,45,64,53,64,55,39,46,43,24,44,30,62,45,54,58,30,71,75,67,54,58,10,40,72,68,108,39,36,76,56,62,62,69,45,46,56,38,38,38,67,74,61,55,7,62,57,66,65,55,8,21,22,20,22,31,14,19,48,12,38,45,,41,44,51,96,30,75,110,110,47,,33,50,31,46,22,46,38,,132,52,37,12,25,33,62,50,10,74,4,70,28,58,96,55,80,86,31,56,62,58,75,71,64,64,55,52,56,67,37,38,62,20,61,60,54,92,50,60,51,82,76,84,72,63,14,141,36,50,58,64,69,51,36,30,47,65,46,60,52,60,4,112,69,4,52,25,48,65,34,4,40,77,85,55,64,67,85,69,31,50,60,2,41,18,17,58,39,21,39,33,31,38,81,106,59,57,59,55,72,26,50,94,60,54,,42,33,31,22,52,59,42,19,24,5,90,50,69,84,91,70,46,42,18,22,31,43,71,24,27,40,39,,88,23,31,68,50,14,31,32,23,49,58,62,100,56,91,36,33,67,84,62,12,42,,25,11,52,24,10,61,50,112,72,17,48,36,45,54,65,33,31,51,55,54,14,46,26,70,6,12,14,18,54,5,14,11,9,27,100,78,52,33,4,73,55,4,40,89,46,66,125,71,64,75,70,74,70,,68,61,30,8,54,49,35,100,95,21,42,80,81,47,50,28,3,9,37,36,44,53,88,,47,55,89,88,64,14,74,62,,56,49,46,24,58,19,71,78,60,30,24,22,55,92,47,10,86,12,4,66,60,42,62,48,56,62,54,64,93,54,31,38,54,60,98,44,69,136,68
20231004,2,CO,0.4,0.3,0.5,0.5,0.6,0.3,0.5,0.6,0.5,0.3,0.4,0.6,,,0.8,,0.7,0.8,0.9,,0.8,,0.9,0.5,,0.7,0.8,,0.9,0.9,0.8,0.8,0.9,0.8,2.3,,0.6,0.6,,0.5,,1.1,0.6,1.2,,1.1,,0.7,0.4,0.7,0.8,0.8,0.7,0.7,,1,0.3,,0.1,0.2,0.2,0.4,0.4,0.5,0.4,0.3,0.4,0.4,,0.4,0.5,0.6,0.3,0.7,0.4,,1.8,2.1,1.9,1.9,0.9,,,0.9,1.4,0.9,1.1,1.2,,0.4,0.4,,,0.2,0.4,0.2,0.3,,0.7,0.8,,0.6,0.6,0.8,0.8,0.6,,0.6,0.9,0.9,0.8,1,0.8,0.8,0.9,0.9,0.8,0.9,0.3,0.3,0.4,0.4,0.2,0.2,,0.3,0.3,0.5,0.5,0.3,0.4,0.4,0.5,0.7,0.5,0.5,0.3,0.4,0.6,0.4,0.5,0.6,0.4,0.8,0.5,,0.4,0.5,0.4,0.6,0.4,0.8,0.2,0.7,0.4,0.4,0.4,0.4,0.6,0.4,,0.6,0.6,0.6,0.6,0.6,0.7,0.3,0.6,0.5,0.5,0.7,0.5,,,,0.4,0.4,,0.5,0.5,0.4,,,,0.4,,1,0.8,0.9,0.9,1.1,0.8,1,0.7,0.6,,,,0.7,0.6,,0.5,0.4,0.4,0.6,0.5,,0.4,0.9,0.6,0.6,0.7,0.6,0.4,0.4,,0.4,,0.5,0.4,,0.5,0.5,,0.5,0.6,0.5,,0.7,0.5,0.7,0.5,0.5,0.5,0.5,,,0.4,0.6,0.5,0.5,0.4,0.5,0.5,,0.5,,,0.5,,0.7,0.5,,0.5,0.5,0.5,0.4,0.4,0.3,,0.5,0.5,0.5,0.5,0.6,0.5,0.5,0.4,0.7,0.5,0.7,0.3,0.7,0.5,0.8,0.7,0.5,0.7,,,0.4,0.4,0.5,0.5,,0.3,0.4,0.7,0.9,0.5,,0.7,0.6,0.4,,0.7,0.4,0.4,0.5,,0.5,0.5,0.6,0.4,0.4,,,0.6,0.7,0.8,0.4,0.7,0.6,0.6,0.7,0.1,0.6,0.4,0.6,0.6,0.7,,0.7,0.6,0.5,0.6,0.5,0.5,0.5,,0.5,0.7,0.4,0.6,0.5,0.6,0.6,0.5,0.6,0.5,0.7,0.3,0.9,0.9,,0.7,0.8,0.8,1,0.9,0.7,0.9,0.7,0.9,0.5,1,0.9,0.7,0.6,,0.6,0.7,0.8,0.9,0.7,0.6,0.5,0.6,0.6,0.5,0.6,0.7,,0.7,0.7,0.5,0.4,0.6,0.5,,0.5,0.5,0.6,0.5,,,1,0.8,0.8,0.8,0.8,0.9,0.9,0.7,0.6,0.7,0.5,,0.8,0.8,0.8,0.9,0.5,0.8,0.7,0.8,,0.4,0.5,0.5,0.5,0.4,,0.8,1,0.6,0.6,0.9,0.8,0.8,,,1,0.9,0.9,0.9,1.2,,0.6,0.6,0.6,0.6,,,0.6,0.7,0.4,0.2,0.4,0.4,0.3,0.2,0.3,0.3,0.2,,0.6,0.5,0.6,0.8,0.5,0.6,0.4,0.1,0.3,0.3,0.3,0.1,0.7,0.7,0.8,0.8,0.8,0.7,0.7,0.7,,1,0.3,0.7,0.6,,0.8,,0.5,0.7,,,,,0.6,,,,0.9,0.8,0.9,1.1,0.8,0.5,0.9,,0.5,0.5,0.7,0.6,0.4,0.7,0.7,0.7,0.6,0.5,0.7,,0.4,0.8,0.5,0.4,,0.6,0.4,0.5,0.6,0.7,0.6,0.6,0.7,0.7,,1,0.9,0.7,0.6,0.6,0.5,0.7,0.4,0.4,0.4,0.4,0.3,0.5,0.5,0.6,0.6,0.5,,,0.7,,0.5,0.6,0.9,0.7,0.6,,0.5,0.6,,,0.7,0.8,1,0.7,,0.5,0.6,1.8,,0.4,0.6,0.5,0.6,0.6,0.6,0.3,0.6,0.4,0.2,,,,,,,0.4,,0.6,0.3,0.5,0.3,0.9,0.7,0.7,0.2,0.3,0.5,,0.6,,,0.7,,0.8,0.8,0.6,0.6,0.8,0.5,0.5,0.7,,0.6,0.6,0.6,0.6,0.6,0.5,0.5,0.7,0.6,0.7,0.7,0.9,0.7,,0.7,0.7,0.8,0.8,0.9,0.8,,0.6,0.6,0.6,,0.5,0.6,,0.8,0.8,1,0.9,0.8,,0.7,0.7,,,0.4,0.3,,,,0.6,0.4,0.4,0.6,1.1,1.8,,1.7,0.9,,1.2,1.2,,1.4,,1.1,0.7,0.9,,0.9,0.7,0.2,0.3,0.2,,0.7,1.1,1.1,1,0.8,0.7,,0.4,0.7,0.7,0.6,0.6,0.6,0.6,2,0.8,0.6,0.5,0.8,0.4,0.6,0.5,0.6,0.4,0.5,0.5,0.5,0.6,0.5,,0.3,0.3,0.3,,0.2,0.4,0.3,0.3,0.5,0.4,0.3,0.3,0.3,0.2,0.3,0.5,0.6,0.6,,0.5,0.8,0.7,,0.7,0.6,0.6,0.7,0.5,,0.5,0.8,0.5,,0.7,,1,0.8,0.6,0.7,,0.8,0.7,,,,0.6,,0.5,,0.9,,,,0.5,0.6,0.5,0.8,0.6,,,,0.7,0.7,0.7,0.5,0.8,0.7,,0.7,0.5,0.7,0.5,0.5,0.6,,0.7,,,0.5,0.6,0.5,0.6,0.7,0.9,0.8,0.9,0.7,0.5,0.5,0.6,0.6,0.5,0.8,1.2,0.8,0.9,0.4,0.3,0.4,0.7,0.7,0.7,0.8,,0.7,0.7,0.8,0.6,,0.6,1,0.6,0.6,0.5,0.6,0.6,0.6,,,,,0.6,0.7,,0.6,0.5,0.4,0.4,0.3,0.2,0.4,0.7,0.6,0.5,0.5,0.8,0.9,0.5,,0.8,0.5,,0.9,0.6,0.8,,0.5,0.7,,0.8,0.5,0.7,0.7,0.6,0.7,0.8,0.7,0.7,0.7,0.6,0.7,0.7,,,0.6,0.1,2,0.5,1.3,0.7,0.2,0.2,,0.3,0.2,0.8,0.4,0.2,,,0.5,,,,,0.8,,,,,,,,,,,,,,,,0.5,,,,,,,,,,,,,,,,,,,,,,,,,,,,,,,,,,,,,,0.8,0.9,0.7,0.9,0.9,0.4,0.5,0.4,0.4,,,,1.1,0.9,0.9,0.8,,,0.6,0.6,0.7,0.6,0.6,0.7,,0.8,0.8,1.2,,,1.2,0.8,,0.6,1,0.6,,0.7,,0.5,0.2,,,0.4,0.3,,,0.3,0.3,0.4,,,0.3,0.3,0.2,0.2,0.6,0.5,0.5,0.3,0.2,0.3,0.4,0.3,0.6,1.3,1,1.4,0.3,0.2,0.3,0.4,0.4,0.4,0.6,0.5,,0.1,1.4,0.5,,0.2,0.3,0.5,0.5,0.3,0.4,0.3,0.4,0.4,0.5,0.5,0.3,,,0.2,0.2,0.3,0.3,0.2,0.2,0.2,0.2,0.3,0.5,0.7,0.2,0.6,0.6,0.3,0.5,0.2,,,0.8,0.2,0.3,,0.4,0.4,,0.2,0.4,0.4,,0.3,0.4,0.5,,0.4,0.3,0.3,0.3,0.3,0.5,0.5,,0.6,0.6,0.6,0.7,0.5,0.8,0.8,0.9,,0.7,0.4,0.5,0.5,0.4,0.3,,0.7,,0.8,,,,0.6,0.4,0.5,0.5,0.6,0.3,,0.7,,0.8,0.7,0.7,0.6,0.7,0.6,0.6,,0.6,0.8,0.9,,,0.7,0.8,0.7,,0.6,0.6,0.7,,,0.5,0.3,0.5,0.4,0.5,0.4,0.8,1.5,0.6,1,0.6,0.7,0.6,0.7,0.8,,0.1,0.6,0.5,0.7,0.8,,1.3,0.8,1.4,1,1,0.5,0.9,1,1,,1.5,2,1,0.9,0.8,0.8,1,0.9,,0.6,0.6,,1,0.5,0.5,,0.7,1,0.7,0.5,,0.5,0.4,0.5,,0.5,0.7,0.5,0.6,0.7,,0.5,0.6,0.6,0.6,0.4,,0.4,,0.4,0.3,0.3,0.6,0.8,,1.3,0.8,0.7,0.8,0.8,0.6,0.7,0.7,0.9,0.8,0.5,0.6,,0.6,0.6,0.4,,0.6,0.7,,0.8,0.9,0.9,0.8,,0.5,0.6,0.6,1,1,0.6,0.8,0.8,0.8,0.9,0.7,0.7,0.5,0.7,0.5,0.6,0.5,0.6,0.8,0.8,0.6,0.8,1,0.9,0.8,0.8,0.6,0.6,0.6,0.7,0.6,0.7,0.7,0.8,0.5,0.6,0.9,0.5,0.8,0.7,0.2,0.7,0.6,0.5,0.9,0.8,0.9,0.8,0.5,0.5,0.5,0.8,0.8,0.7,0.5,0.6,0.6,0.6,0.7,0.5,0.7,0.8,0.7,0.7,0.7,0.5,0.8,,,0.5,0.5,0.5,0.4,0.6,,0.4,0.7,0.4,0.5,0.3,0.6,0.5,0.6,0.5,0.8,0.6,0.6,0.9,0.6,0.5,,,,0.5,0.4,,0.4,,0.3,0.4,0.4,0.5,,0.7,0.6,0.4,,,,,,0.5,0.5,0.5,0.5,0.7,,0.4,,0.3,0.5,0.6,0.6,0.7,1,,0.4,0.4,0.5,0.5,,,,,0.2,0.5,0.6,0.6,0.1,0.1,0.6,,0.3,0.6,0.5,0.6,0.5,,0.7,0.5,0.7,0.7,0.4,0.4,0.5,0.5,,0.3,0.5,0.2,0.3,0.5,0.3,0.3,0.2,0.6,,0.5,0.3,,0.5,0.3,,0.3,0.3,0.4,,0.6,,0.3,,0.3,0.2,0.5,0.7,0.5,0.5,0.6,0.6,0.7,0.8,0.7,0.6,0.6,0.4,,0.8,0.7,,0.7,0.6,0.4,,0.2,0.4,0.4,0.5,0.3,0.4,,0.5,0.6,0.2,0.1,,,0.8,0.6,0.4,,0.6,0.5,0.7,0.4,0.6,0.6,0.4,,0.5,,,0.5,0.5,0.5,0.5,0.6,0.6,0.3,0.2,0.6,,0.4,0.2,0.4,0.5,0.7,0.4,1.2,1,0.9,,,1.1,1,0.6,0.4,,0.4,0.1,0.3,0.4,0.5,0.6,1.1,0.8,0.6,0.6,0.9,0.9,0.8,,0.7,0.5,0.8,0.4,0.4,0.4,0.5,,0.6,,0.6,0.7,0.7,0.7,0.9,1.5,0.2,0.5,0.2,0.6,0.6,0.5,0.5,0.4,,,0.4,0.6,0.6,0.9,,0.7,0.8,0.8,0.7,,0.4,0.8,,,0.9,0.3,0.9,0.3,0.3,0.4,0.7,0.6,0.5,0.3,0.5,0.6,0.8,0.8,1.1,,0.6,0.5,,0.4,0.6,0.3,0.4,0.6,0.3,0.2,0.7,0.3,0.8,0.5,0.5,0.4,0.7,1,0.4,0.2,0.3,1.1,0.2,0.6,0.3,0.4,0.9,,0.5,0.4,0.5,0.3,,0.2,1.2,1.2,0.6,0.7,0.6,0.7,1.1,0.6,0.7,0.6,0.5,0.8,1.3,0.8,0.6,0.8,1.3,0.6,0.5,0.8,0.6,0.6,0.3,0.5,0.6,,,0.7,0.5,0.4,0.8,0.3,0.2,0.5,0.6,,0.5,0.6,0.5,0.3,0.7,0.7,0.6,0.6,0.7,,0.5,1.2,0.6,0.4,0.8,0.5,0.3,,0.7,0.5,0.4,0.5,0.5,0.6,0.6,0.7,0.3,1.1,0.4,0.3,0.3,0.3,0.6,0.5,0.7,0.6,0.4,0.4,0.4,0.5,0.7,0.8,1,0.9,0.7,1,0.7,0.5,0.8,0.8,0.5,0.7,0.7,0.7,0.8,0.5,0.7,1.1,0.7,,0.4,0.5,0.8,0.7,0.7,0.2,0.6,0.4,0.4,0.6,0.7,0.8,1,0.5,0.7,0.3,1,1,0.6,0.4,0.5,0.7,0.3,0.8,0.5,0.7,0.7,0.7,0.6,0.5,0.7,0.6,0.4,0.6,,0.7,0.3,0.7,0.5,0.8,0.4,0.6,0.3,0.4,,0.6,0.4,0.5,0.5,0.6,0.5,0.6,,0.9,0.4,0.7,1,0.7,0.8,0.7,1,0.6,0.8,0.7,0.6,0.9,0.5,0.6,0.5,0.4,0.6,0.7,0.6,1.1,0.6,0.6,0.5,0.4,0.3,0.7,0.9,0.4,0.6,1,0.5,0.8,0.6,0.5,0.6,0.3,0.5,0.7,0.4,0.8,0.5,0.4,0.8,0.4,0.4,0.8,0.7,0.7,0.7,1,0.6,0.6,0.7,0.6,0.8,0.6,0.6,0.6,0.8,0.4,0.7,0.4,0.7,0.6,0.6,0.4,0.4,0.5,0.6,0.6,0.6,0.9,0.7,0.6,0.7,0.5,0.4,0.6,0.7,0.5,0.5,0.3,0.8,0.6,1,1,0.1,0.7,0.9,0.7,0.7,0.6,0.7,0.4,0.4,0.8,1,0.6,0.6,0.5,0.3,0.4,0.4,0.8,0.2,,0.6,0.7,0.6,0.4,0.7,1.4,0.5,0.6,0.5,0.9,0.4,0.3,0.9,0.5,0.8,0.7,0.6,0.7,1,0.5,0.6,0.6,0.5,,0.4,0.6,0.5,,0.5,0.6,0.6,0.6,0.7,1.1,0.6,0.4,0.7,0.6,0.5,0.5,0.4,0.4,0.4,0.8,0.5,0.6,1.1,1.3,0.9,0.6,,0.9,0.7,0.5,0.7,0.5,0.5,0.9,0.6,0.7,0.8,0.6,0.6,0.5,0.7,0.8,0.8,1,0.8,0.8,0.6,0.5,0.7,1.3,0.6,1,0.6,1,0.8,0.8,0.8,0.7,0.8,0.6,0.7,0.3,0.5,0.6,0.4,0.6,0.6,0.9,1.4,0.9,0.3,0.8,0.7,0.7,0.7,0.9,0.9,0.5,0.4,0.3,,0.7,0.4,0.4,0.8,0.4,0.3,0.6,0.4,0.4,0.7,0.8,0.8,0.4,0.5,0.5,0.8,0.7,0.7,0.7,1,0.5,0.6,0.5,,0.2,0.1,0.4,0.3,1,1.1,0.8,0.7,,0.4,0.4,,0.4,0.5,0.5,0.5,0.5,0.4,0.5,0.6,0.6,0.5,0.5,0.7,0.3,0.5,0.3,0.6,0.4,0.3,0.5,0.4,0.8,0.5,0.3,0.2,0.5,0.6,0.1,0.4,0.2,0.4,0.6,0.6,0.8,0.6,1,0.5
20231004,2,CO_24h,0.5,0.5,0.6,0.5,0.6,0.5,0.6,0.6,0.6,0.5,0.6,0.8,,,0.5,,0.5,0.6,0.5,,0.6,,0.5,0.4,,0.8,0.6,,0.9,0.8,0.9,0.9,0.9,0.9,1.1,,0.5,0.4,,0.4,,0.5,0.7,0.7,,0.5,,0.8,0.4,0.7,0.7,0.7,0.5,0.5,,0.8,0.4,,0.3,0.3,0.3,0.5,0.7,0.5,0.9,0.5,0.5,0.4,,0.5,0.5,0.5,0.3,0.2,0.4,,1.2,0.9,1,1.1,1,,,1.2,1.2,1.1,1.3,1.3,,0.6,0.7,,,0.4,0.6,0.5,0.5,,0.7,0.7,,0.8,0.6,0.7,0.7,0.6,,0.6,0.7,0.7,0.6,0.6,0.6,0.6,0.7,0.7,0.6,0.5,0.5,0.5,0.5,0.6,0.4,0.3,,0.5,0.5,0.6,0.6,0.7,0.6,0.6,0.8,0.9,0.8,0.6,1.4,0.5,0.9,0.6,0.6,0.6,0.4,0.6,0.5,,0.4,0.5,0.4,0.6,0.4,0.8,0.2,0.7,0.3,0.4,0.4,0.4,0.6,0.3,,0.6,0.6,0.6,0.5,0.6,0.7,0.2,0.6,0.5,0.5,0.7,0.5,,,,0.4,0.5,,0.5,0.4,0.3,,,,0.3,,0.8,0.6,1,0.8,1,0.8,0.9,0.8,0.6,,,,0.8,0.6,,0.6,0.4,0.5,0.5,0.4,,0.4,0.7,0.5,0.6,0.6,0.6,0.4,0.4,,0.2,,0.6,0.5,,0.5,0.5,,0.4,0.5,0.4,,0.6,0.5,0.6,0.5,0.5,0.5,0.6,,,0.5,0.7,0.5,0.5,0.4,0.5,0.4,,0.5,,,0.4,,0.7,0.5,,0.5,0.4,0.5,0.4,0.4,0.4,,0.5,0.5,0.5,0.5,0.6,0.4,0.4,0.4,0.6,0.5,0.6,0.2,0.7,0.5,0.7,0.6,0.5,0.6,,,0.3,0.3,0.4,0.4,,0.3,0.3,0.7,0.9,0.6,,0.7,0.6,0.5,,0.7,0.4,0.5,0.5,,0.4,0.5,0.4,0.4,0.4,,,0.5,0.7,0.7,0.5,0.5,0.6,0.6,0.7,0.4,0.6,0.5,0.6,0.5,0.6,,0.6,0.6,0.5,0.6,0.5,0.4,0.5,,0.5,0.6,0.4,0.6,0.5,0.6,0.6,0.5,0.6,0.5,0.7,0.3,0.9,0.8,,0.7,0.9,0.9,0.9,0.8,0.6,0.8,0.6,0.8,0.5,0.9,0.7,0.7,0.8,,0.4,0.6,0.8,0.9,0.7,0.5,0.6,0.7,0.7,0.6,0.6,0.8,,0.8,0.8,0.6,0.5,0.7,0.5,,0.5,0.6,0.6,0.6,,,0.9,0.8,0.8,0.7,0.8,0.9,0.8,0.8,0.6,0.7,0.5,,0.7,0.7,0.7,0.8,0.5,0.8,0.7,0.7,,0.4,0.4,0.4,0.4,0.3,,0.9,1,0.6,0.6,0.9,0.8,0.8,,,0.9,0.9,0.9,0.9,1.2,,0.6,0.6,0.5,0.6,,,0.7,0.9,0.4,0.2,0.4,0.6,0.4,0.2,0.3,0.3,0.3,,0.6,0.5,0.6,0.6,0.5,0.6,0.4,0.4,0.3,0.4,0.3,0.2,0.7,0.7,0.8,0.7,0.7,0.6,0.6,0.7,,0.9,0.2,0.6,0.6,,0.8,,0.8,1,,,,,0.8,,,,0.9,0.9,0.7,0.6,1,0.6,0.7,,0.4,0.5,0.6,0.5,0.4,0.7,0.7,0.7,0.6,0.6,0.7,,0.5,0.7,0.5,0.9,,0.8,0.8,0.9,0.6,0.7,0.6,0.7,0.8,0.7,,0.7,0.7,0.6,0.8,0.8,0.7,0.7,0.6,0.5,0.5,0.6,0.6,0.9,0.9,0.6,0.6,0.6,,,0.8,,0.3,0.4,0.6,0.5,0.6,,0.5,0.5,,,0.6,0.7,0.9,0.6,,0.4,0.4,1.8,,0.4,0.5,0.5,0.6,0.6,0.6,0.3,0.6,0.4,0.3,,,,,,,0.3,,0.5,0.3,0.5,0.3,0.9,0.6,0.7,0.3,0.3,0.5,,0.5,,,0.8,,0.8,0.8,0.6,0.7,0.7,0.5,0.5,0.7,,0.7,0.9,0.7,0.6,0.6,0.5,0.6,0.7,0.6,0.6,0.8,0.9,0.8,0.7,0.7,0.7,0.9,0.8,0.9,0.8,,0.6,0.7,0.7,,0.5,0.6,,0.8,0.8,1,0.8,0.9,,0.7,0.7,,,0.4,0.3,,,,0.6,0.7,0.9,0.9,0.9,1.3,,1,0.9,,1.2,1.2,,1.4,,1.1,0.8,1.1,,1,0.8,0.3,0.4,0.4,,0.6,0.7,0.7,1,0.7,0.6,,0.7,0.8,0.8,0.8,0.6,0.6,0.6,1.1,2.3,0.6,0.5,0.7,0.7,0.9,0.8,1.1,0.7,0.6,0.5,0.6,0.6,0.6,,0.4,0.5,0.3,,0.2,0.5,0.5,0.5,0.6,0.5,0.5,0.5,0.4,0.3,0.4,0.5,0.6,0.6,,0.5,0.8,0.7,,0.7,0.6,0.6,0.8,0.6,,0.6,0.8,0.9,,0.7,,1,0.6,0.5,0.7,,1,0.8,,,,0.6,,0.5,,0.8,,,,0.5,0.6,0.5,0.7,0.5,,,,0.7,0.7,0.7,0.5,0.8,0.7,,0.7,0.6,0.7,0.5,0.5,0.6,,0.6,,,0.4,0.6,0.5,0.6,0.7,0.7,0.6,0.8,0.5,0.7,0.7,0.6,0.6,0.5,0.7,0.9,0.8,0.7,0.5,0.3,0.4,0.7,0.8,0.8,0.8,,0.7,0.8,0.9,0.6,,0.6,0.9,0.6,0.6,0.5,0.7,0.6,0.6,,,,,0.6,0.8,,0.7,0.5,0.5,0.4,0.3,0.3,0.4,0.7,0.7,0.5,0.5,0.8,0.8,0.5,,0.8,0.5,,1,0.7,0.7,,0.5,0.6,,0.7,0.5,0.7,0.8,0.7,0.7,0.8,0.7,0.7,0.8,0.6,0.7,0.6,,,0.7,0.3,1.8,0.8,1,0.6,0.2,0.2,,0.4,0.2,0.6,0.3,0.3,,,0.5,,,,,0.6,,,,,,,,,,,,,,,,0.5,,,,,,,,,,,,,,,,,,,,,,,,,,,,,,,,,,,,,,0.8,0.7,0.6,0.8,0.9,0.4,0.4,0.4,0.4,,,,1.2,0.9,1,0.9,,,0.6,0.6,0.6,0.7,0.6,1,,1,1.1,0.7,,,0.5,0.7,,0.8,1,0.6,,0.8,,1.2,0.9,,,0.4,0.5,,,0.5,0.5,0.5,,,0.6,0.5,0.2,0.2,0.6,0.5,0.4,0.6,0.7,0.7,0.9,0.7,0.6,0.6,0.8,0.9,0.6,0.8,0.5,0.6,0.6,0.5,1.1,0.6,,0.4,0.9,0.6,,0.4,0.5,0.6,0.6,0.5,0.5,0.4,0.4,0.5,0.6,0.5,0.4,,,0.3,0.2,0.2,0.5,0.2,0.6,0.2,0.2,0.2,0.5,0.6,0.2,0.6,0.6,0.5,0.6,0.2,,,0.7,0.4,0.4,,0.4,0.5,,0.2,0.4,0.4,,0.3,0.3,0.5,,0.3,0.2,0.3,0.2,0.3,0.5,0.4,,0.6,0.6,0.5,0.7,0.4,0.7,0.7,0.7,,0.5,0.4,0.5,0.5,0.3,0.3,,0.5,,0.6,,,,0.6,0.4,0.5,0.4,0.4,0.2,,0.6,,0.6,0.5,0.6,0.5,0.6,0.6,0.6,,0.5,0.7,0.8,,,0.7,0.8,0.6,,0.6,0.6,0.7,,,0.5,0.3,0.4,0.3,0.5,0.4,0.9,1.6,0.8,1.2,0.7,0.8,0.7,0.9,1.1,,,0.5,0.5,0.6,0.7,,1.3,0.9,1.4,1.1,1,0.4,0.8,0.9,0.8,,1.4,1.6,0.9,0.8,0.7,0.9,1,1,,0.4,0.5,,0.8,0.6,0.6,,0.7,1,0.7,0.4,,0.4,0.4,0.6,,0.5,0.6,0.5,0.5,0.6,,0.5,0.6,0.5,0.5,0.4,0.6,0.4,,0.5,0.4,0.4,0.5,0.5,,0.9,0.8,0.7,0.9,0.8,0.6,0.6,0.6,0.8,0.7,0.5,0.7,,0.6,0.5,0.4,,0.6,0.7,,0.8,0.9,1,0.8,,0.5,0.5,0.5,1,1.1,0.7,0.8,0.8,0.8,0.9,0.8,0.9,0.6,0.8,0.7,0.7,0.5,0.7,0.8,0.7,0.6,0.7,1.1,1.1,0.9,1,0.8,0.8,0.7,0.9,0.8,0.7,0.7,0.8,0.6,0.7,0.9,0.5,0.8,0.8,0.3,0.7,0.6,0.5,0.8,0.8,0.7,0.7,0.6,0.6,0.6,0.7,0.8,0.7,0.6,0.5,0.6,0.6,0.6,0.5,0.7,0.7,0.6,0.7,0.7,0.4,0.7,0.8,,0.5,0.5,0.5,0.4,0.6,,0.4,0.6,0.4,0.5,0.3,0.6,0.5,0.6,0.5,0.7,0.7,0.7,0.9,0.6,0.5,,,,0.5,0.5,,0.4,,0.5,0.5,0.6,0.6,,0.6,0.5,0.4,,,,,,0.5,0.5,0.5,0.5,0.8,,0.5,,0.4,0.5,0.6,0.7,0.7,0.9,,0.4,0.4,0.5,0.5,,,,,0.3,0.4,0.6,0.6,0.1,0.1,0.6,,0.3,0.6,0.5,0.6,0.5,,0.7,0.5,0.6,0.6,0.4,0.4,0.4,0.4,,0.3,0.5,0.2,0.2,0.4,0.3,0.2,0.2,0.5,,0.5,0.4,,0.5,0.3,,0.3,0.4,0.5,,0.7,,0.3,,0.3,0.2,0.4,0.7,0.4,0.6,0.5,0.7,0.7,0.7,0.8,0.7,0.6,0.4,,1.2,1.3,,0.6,0.7,0.7,,0.3,0.4,0.5,0.5,0.4,0.4,,0.6,0.6,0.3,0.2,,,0.8,0.7,0.4,,0.5,0.5,0.4,0.4,0.6,0.6,0.5,,0.6,,,0.6,0.5,0.6,0.5,0.5,0.5,0.4,0.4,0.5,,0.5,0.2,0.4,0.5,0.5,0.4,0.7,0.7,0.6,,,0.8,0.8,0.6,0.3,,0.4,0.4,0.5,0.5,0.5,0.5,0.8,0.8,0.6,0.5,0.7,0.9,1.2,,0.7,0.6,0.8,0.5,0.5,0.4,0.5,,0.5,,0.6,0.6,0.7,0.6,0.9,1,0.5,0.5,0.2,0.6,0.8,0.5,0.4,0.4,,,0.5,0.6,0.6,0.7,,0.7,0.7,1,0.7,,0.4,0.7,,,0.9,0.4,1,0.3,0.4,0.5,0.6,0.7,0.5,0.3,0.5,0.6,0.8,0.7,1.1,,0.4,0.5,,0.4,0.6,0.4,0.5,0.8,0.4,0.3,0.5,0.3,0.7,0.5,0.5,0.4,0.4,1,0.5,0.2,0.4,1,0.3,0.7,0.4,0.4,0.9,,0.6,0.4,0.5,0.4,,0.4,0.7,1.1,0.6,0.6,0.6,0.6,0.5,0.6,0.7,0.6,0.7,0.6,1.1,0.6,0.5,0.7,1,0.6,0.5,0.7,0.6,0.5,0.4,0.6,0.6,,,0.8,0.4,0.4,0.8,0.4,0.3,0.5,0.5,,0.5,0.6,0.7,0.3,0.9,0.7,0.6,0.6,0.6,,0.7,1,0.6,0.7,1.1,0.4,0.4,0.5,0.7,0.5,0.4,0.5,0.5,0.6,0.6,0.6,0.4,0.6,0.6,0.9,0.4,0.4,0.7,0.4,0.7,0.5,0.3,0.3,0.4,0.4,0.7,0.8,1,0.8,0.6,1,0.7,0.5,0.9,0.7,0.4,0.7,0.7,0.6,0.8,0.5,0.6,0.9,0.7,,0.3,0.4,0.6,0.5,0.7,0.2,0.4,0.4,0.3,0.6,0.7,0.8,1,0.5,0.6,0.3,0.7,0.9,0.5,0.3,0.6,1,0.3,0.8,0.6,0.7,0.7,0.7,0.6,0.5,0.7,0.6,0.4,0.7,,0.6,0.4,0.7,0.6,0.7,0.3,0.4,0.3,0.4,,0.5,0.5,0.4,0.5,0.6,0.5,0.5,,0.8,0.4,0.6,0.8,0.6,0.8,0.7,0.8,0.5,0.6,0.7,0.6,0.9,0.5,0.6,0.4,0.4,0.6,0.8,0.7,1.1,0.6,0.6,0.5,1,0.4,0.7,0.8,0.5,0.6,0.8,0.5,0.8,0.7,0.6,0.5,0.3,0.4,0.6,0.3,0.3,0.7,0.5,0.8,0.5,0.5,0.8,0.7,0.7,0.7,0.9,0.5,0.6,0.7,0.6,0.7,0.5,0.7,0.5,1,0.4,0.7,0.4,0.6,0.6,0.4,0.5,0.3,0.5,0.6,0.5,0.5,0.6,0.6,0.6,0.8,0.5,0.6,0.9,0.7,0.5,1.1,0.4,0.8,0.6,1,0.9,0.4,0.6,0.7,0.7,0.8,0.6,0.8,0.4,0.4,0.6,0.8,0.5,0.7,0.5,0.4,0.3,0.3,0.8,0.3,,0.5,0.7,0.7,0.5,0.9,0.9,0.6,0.5,0.5,0.8,0.5,0.2,0.7,0.5,0.7,0.5,0.6,0.6,0.9,0.5,0.6,0.6,0.4,0.4,0.4,0.5,0.5,,0.5,0.7,0.6,0.5,0.7,1.1,0.5,0.5,0.7,0.6,0.5,0.4,0.4,0.4,0.4,0.6,0.5,0.9,0.9,1.2,0.9,0.6,,0.8,0.7,0.4,0.6,0.5,0.4,0.8,0.7,0.6,0.7,0.7,0.7,0.4,0.7,0.8,0.8,0.9,0.8,0.7,0.6,0.4,0.6,0.9,0.5,1,0.6,0.8,0.8,0.7,0.7,0.6,0.8,0.6,0.7,0.3,0.7,0.6,0.7,0.6,0.6,1,1.4,0.8,0.9,0.8,0.5,0.8,0.7,0.8,0.9,0.6,0.5,0.4,,0.7,0.4,0.4,0.7,0.5,0.4,0.8,0.5,0.5,0.5,0.8,0.6,0.5,0.6,0.6,0.7,0.7,0.7,0.6,1,0.5,0.5,0.5,,0.3,0.3,0.4,0.2,0.8,1.2,0.9,0.6,,0.6,0.5,0.2,0.4,0.7,0.5,0.5,0.5,0.8,0.4,0.5,0.7,0.5,0.3,0.4,0.4,0.6,0.5,0.6,0.6,0.5,0.4,0.4,1,0.5,0.4,0.4,0.5,0.6,0.3,0.3,0.3,0.4,0.6,0.5,0.6,0.7,0.8,0.5
20231004,3,AQI,19,18,25,16,28,20,26,73,45,21,30,20,,,99,,107,92,102,,84,,79,65,,74,89,,78,109,98,71,86,113,68,,77,59,,61,,67,73,64,,66,,79,72,66,129,143,104,113,,113,15,,22,24,17,37,38,47,52,38,42,40,,42,68,60,67,60,61,,66,87,76,62,60,,,65,98,55,77,63,,17,17,,,20,22,21,23,,28,26,,31,27,22,27,21,,20,93,77,92,82,93,83,82,73,67,68,18,18,25,16,17,12,,12,21,24,19,18,17,21,20,19,20,19,22,17,18,17,26,25,25,27,24,,28,30,24,24,29,32,34,31,31,34,33,37,27,20,,25,26,22,24,19,21,24,25,23,20,22,51,,,,39,35,,42,41,39,,,,36,,22,38,25,19,41,34,31,34,38,,,,37,37,,36,33,32,32,34,,47,46,40,35,45,40,46,43,,36,,48,43,,38,26,,36,27,29,,25,28,31,40,24,26,28,,,23,24,23,38,36,40,38,,48,,,23,,29,29,,29,30,29,26,27,25,,43,35,41,37,37,33,32,31,46,35,35,31,44,39,44,45,42,42,,,35,28,36,42,,43,51,37,25,20,,39,37,30,,33,52,46,53,,53,53,52,58,33,,,39,46,31,27,29,29,57,51,45,52,55,52,,56,,18,16,21,22,28,33,18,,25,15,16,19,19,25,15,19,18,20,24,19,52,52,,42,50,36,47,48,39,52,46,38,40,40,43,37,38,,50,46,42,49,34,31,33,28,34,45,45,33,,30,54,47,26,30,31,,28,29,32,33,,,58,41,44,55,46,48,53,64,44,48,32,,28,29,30,27,23,42,34,93,,31,34,24,22,11,,34,14,25,36,20,15,20,,,22,19,15,23,19,,14,38,46,42,,,35,23,26,26,24,23,36,36,28,35,25,,22,12,11,16,14,14,16,18,17,15,19,15,22,32,23,24,27,22,25,18,,23,36,26,23,,52,,52,49,,,,,46,,,,65,70,51,47,38,42,56,,40,18,16,17,24,35,39,35,33,34,38,,29,22,19,19,,20,19,19,18,46,39,31,36,36,,51,47,,33,24,23,29,20,24,24,27,29,25,23,31,30,35,,,64,,69,73,73,60,65,,62,79,,,77,79,79,64,,56,64,65,,62,62,57,70,46,33,31,36,32,29,,,,,,,59,,83,63,46,63,39,39,,34,35,38,,77,,,33,,42,30,51,46,42,39,50,45,,19,24,22,24,27,20,34,34,34,35,35,39,35,,44,49,54,58,41,30,,32,30,38,,39,37,,55,55,65,52,25,,32,13,,,69,63,,,,32,33,28,35,62,58,,62,58,,75,79,,83,,70,78,68,,74,68,16,19,16,,73,52,76,39,34,47,,24,25,28,18,25,39,42,47,44,33,29,43,21,43,20,23,21,22,25,29,31,27,,13,14,15,,14,23,33,27,22,22,16,17,17,18,28,28,31,22,,23,21,39,,19,24,22,23,30,,28,28,31,,55,,54,54,51,54,,72,,,,,66,,63,,54,,,,57,44,52,47,47,,,,12,13,20,16,31,44,,32,23,39,24,33,26,,36,,,26,21,16,21,24,58,56,57,63,22,27,,22,40,63,58,35,59,30,23,24,29,27,25,40,,46,49,45,39,,25,31,20,10,40,50,54,49,,,,,57,43,,39,11,22,18,18,21,27,18,28,19,18,19,14,17,,33,32,,42,43,48,,39,46,,53,16,20,38,22,30,38,30,35,35,40,31,42,,,34,34,64,47,70,71,26,25,,23,24,63,75,86,,,53,,,,,44,,,,,,,,,,,,,,,,30,,,,,,,,,,,,,,,,,,,,,,,,,,,,,,,,,,,,,,25,51,39,43,,52,52,57,43,,,,56,62,57,58,,,54,68,64,62,64,65,,71,70,61,,,57,74,,48,52,49,,82,,46,32,,,22,30,,,43,43,21,,,26,20,28,29,54,49,35,21,19,19,19,20,42,52,48,54,17,20,18,17,20,24,22,17,,20,31,18,,29,31,27,32,17,14,19,28,20,23,19,24,,,25,20,20,30,30,19,23,18,30,21,20,20,20,22,22,22,25,,,22,24,22,,20,20,,25,40,36,,22,39,20,,22,42,18,33,26,36,57,,39,48,44,51,55,49,30,32,,33,25,14,19,22,35,,46,,57,,,,24,32,16,39,49,53,,21,,27,29,30,30,32,35,34,,43,29,40,,,32,29,30,,37,44,28,,,22,14,12,25,15,38,33,48,36,42,34,32,53,50,39,,32,35,36,36,42,,55,49,51,49,53,56,53,53,55,,58,54,,29,34,38,33,37,,58,57,,64,56,68,,56,54,63,55,,63,80,58,,,57,54,55,51,,38,39,,39,40,,62,,49,55,59,58,41,,47,44,16,28,18,20,44,54,84,70,38,28,,39,42,43,,30,26,,31,19,44,43,,53,47,48,23,13,20,53,,32,55,28,38,40,31,32,35,39,36,45,39,42,52,60,58,60,60,50,40,43,41,39,17,18,22,18,17,20,16,16,20,19,10,19,15,71,,117,76,25,27,16,52,61,48,42,36,36,51,52,35,54,119,56,40,40,43,28,43,,54,45,35,20,,,23,29,22,24,12,34,25,32,33,42,32,29,33,33,42,,,,20,20,,24,12,11,12,9,12,,29,26,28,,,,,,20,28,18,29,14,,13,,12,13,12,13,18,17,,25,38,20,19,,,,,20,21,13,13,31,18,29,,22,18,8,21,20,,20,13,19,22,12,18,25,25,,27,43,30,32,22,9,22,16,30,,22,18,,18,9,,15,15,15,,15,,27,,13,12,15,21,21,20,91,92,99,84,15,21,18,18,,43,29,,22,19,31,,30,24,,42,34,39,,38,33,37,40,,,32,26,17,,27,21,25,20,10,31,45,,38,,,50,33,26,21,51,51,47,53,26,,32,25,34,92,107,87,173,176,168,,,63,52,56,19,,25,34,23,46,12,51,49,55,69,73,88,102,67,,55,24,37,28,25,34,19,,44,,45,83,28,26,19,16,32,21,21,20,26,23,23,11,,,49,41,30,97,,61,52,93,35,,35,20,,,36,37,50,39,43,34,58,39,55,30,35,23,22,26,90,,93,67,,35,43,32,26,27,21,23,73,33,47,30,32,28,78,64,27,32,26,56,18,68,11,63,49,,22,38,23,15,,26,70,16,98,49,51,32,36,37,66,63,49,42,58,28,42,51,69,33,57,30,69,13,16,13,14,,,54,44,69,26,33,30,35,34,,32,46,46,40,36,29,67,56,24,,32,54,54,42,30,18,33,,29,25,25,24,26,26,25,27,23,22,17,65,19,15,45,43,21,19,20,38,32,35,37,46,63,73,58,52,49,33,29,42,28,53,51,58,42,30,30,53,53,12,75,59,94,99,24,22,27,23,52,26,28,54,32,52,57,47,52,54,22,23,19,25,16,19,33,25,22,30,16,19,15,12,15,28,,58,32,32,37,62,49,77,34,56,,70,70,73,67,10,14,12,,77,17,42,48,42,25,21,23,44,67,56,46,57,30,40,33,26,27,48,20,40,57,65,54,22,21,27,29,30,23,52,16,27,39,35,22,23,28,36,52,43,55,40,55,30,26,43,39,35,32,51,41,59,27,25,53,26,29,31,67,67,67,58,56,53,73,55,24,22,29,40,51,34,51,64,64,52,64,38,52,55,14,20,19,16,14,36,20,79,69,43,45,37,33,69,44,71,89,69,61,34,46,62,29,36,77,,78,90,92,61,42,82,23,55,16,46,31,50,48,48,51,58,36,39,42,50,26,15,22,31,23,21,24,,27,10,23,26,40,13,15,48,21,32,30,37,30,21,28,34,29,20,63,43,78,57,,107,57,72,85,75,68,77,57,97,123,94,90,85,78,87,89,91,51,69,,35,52,75,54,59,26,33,20,57,33,36,28,23,20,31,29,85,142,17,22,77,93,63,35,46,44,50,27,,51,21,30,30,,25,51,55,60,26,19,39,34,39,63,70,107,59,50,55,54,44,14,32,35,27,39,27,,13,21,26,131,58,84,67,54,,21,40,15,26,28,26,77,52,19,21,52,60,35,66,65,24,37,38,52,20,18,,38,83,35,22,39,21,26,26,48,12,15,46,79,69,51,47,32
20231004,3,PM2.5,12,5,13,10,14,12,11,49,28,5,8,9,,,74,,80,68,76,,62,,55,47,,48,66,,51,82,73,51,56,85,44,,56,41,,40,,33,44,46,,45,,58,52,46,98,109,78,83,,85,2,,1,2,7,21,12,28,23,26,22,27,,20,49,41,48,38,31,,29,46,52,39,33,,,39,60,28,56,45,,3,3,,,2,2,2,2,,12,12,,13,9,13,9,6,,14,69,56,63,60,69,61,60,42,48,49,10,11,17,8,6,6,,8,14,16,10,10,10,5,10,11,7,13,15,8,8,7,12,8,4,10,5,,6,9,6,3,7,22,19,14,12,19,17,17,12,10,,10,11,9,13,11,13,5,8,7,8,6,34,,,,26,24,,28,28,27,,,,25,,9,17,17,7,24,17,17,19,21,,,,12,17,,21,23,22,22,22,,23,32,28,24,31,28,27,30,,25,,33,27,,15,15,,17,17,20,,17,18,18,15,7,11,5,,,6,7,8,17,17,15,25,,24,,,13,,11,15,,12,8,12,6,7,8,,23,20,23,19,22,19,13,19,27,24,24,17,25,24,15,31,29,29,,,19,17,14,20,,18,19,19,17,12,,27,20,21,,23,27,24,22,,22,22,27,34,19,,,12,19,10,17,12,17,28,27,17,30,34,29,27,25,,12,9,10,11,19,23,12,,17,9,10,13,13,17,10,13,12,10,16,5,32,33,,22,27,25,24,32,23,34,32,20,18,18,19,22,19,,34,23,23,14,19,13,21,12,23,31,31,14,,16,25,29,16,16,19,,19,19,10,14,,,26,19,20,35,30,29,30,26,25,33,20,,17,15,20,16,16,23,19,34,,14,14,14,14,6,,17,9,17,25,14,10,14,,,15,13,10,15,13,,4,26,32,29,,,24,3,14,18,14,12,12,17,19,24,12,,5,3,4,7,8,7,7,5,6,8,6,6,11,14,15,14,14,12,14,10,,13,12,12,14,,36,,36,34,,,,,26,,,,47,34,23,28,26,18,19,,28,12,11,10,10,24,17,21,16,15,17,,20,14,10,4,,2,2,4,2,17,17,18,19,12,,32,28,,15,11,13,13,7,11,6,7,5,11,3,16,17,17,,,42,,48,47,53,29,31,,39,58,,,56,58,58,46,,39,46,44,,44,42,29,51,32,19,20,20,16,19,,,,,,,34,,61,40,21,37,26,23,,10,10,7,,56,,,17,,29,21,21,19,18,20,24,23,,7,12,12,11,18,11,17,12,12,24,23,20,22,19,21,17,38,41,25,16,,20,15,18,,22,23,,22,29,24,19,17,,18,9,,,50,45,,,,11,12,7,10,44,41,,44,27,,55,58,,61,,31,42,42,,43,49,5,8,7,,53,22,52,16,13,22,,10,17,12,12,15,19,18,26,21,14,11,30,2,18,7,16,3,8,13,19,16,13,,8,7,5,,5,16,23,14,12,15,11,9,11,5,19,16,17,15,,16,12,18,,12,10,8,14,21,,18,19,6,,39,,37,37,35,38,,45,,,,,45,,32,,38,,,,40,28,27,24,26,,,,7,9,,5,21,19,,22,14,27,12,22,18,,22,,,4,10,11,6,7,41,36,40,45,8,7,9,15,27,45,35,24,42,14,11,9,20,17,17,28,,32,30,31,26,,4,11,7,5,22,27,31,19,,,,,27,26,,21,6,14,12,10,7,16,8,19,13,9,9,7,8,,14,12,,29,30,27,,16,16,,25,11,14,26,15,19,17,12,18,24,28,20,29,,,12,12,8,11,18,14,7,10,,9,11,30,19,16,,,24,,,,,22,,,,,,,,,,,,,,,,9,,,,,,,,,,,,,,,,,,,,,,,,,,,,,,,,,,,,,,14,28,27,28,26,30,27,29,27,,,,24,29,34,29,,,37,38,46,35,40,41,,49,51,38,,,39,54,,32,31,19,,25,,15,22,,,1,21,,,23,20,7,,,18,9,6,2,15,15,20,7,3,4,1,2,24,25,22,25,4,2,9,8,7,8,9,4,,4,18,10,,2,7,6,8,6,6,6,7,9,9,9,8,,,7,14,8,11,21,7,8,7,13,14,10,13,8,15,13,14,8,,,11,7,10,10,5,4,,17,12,12,,10,21,14,,15,29,9,17,15,19,30,,27,33,20,20,39,24,18,22,,23,7,7,6,12,24,,29,,40,,,,9,5,3,16,34,34,,14,,18,20,21,11,13,16,12,,22,20,27,,,22,20,21,,22,20,19,,,15,7,7,17,9,13,19,23,24,26,22,22,26,25,24,,8,24,25,25,29,,39,31,35,34,34,35,34,36,35,,37,36,42,20,22,21,23,20,47,41,33,,46,38,49,,38,36,43,39,,43,59,41,,46,37,33,39,35,,26,27,,27,28,,35,,32,39,42,13,20,,28,15,4,18,7,9,23,38,62,51,12,13,,27,28,30,,21,18,,21,12,30,30,,37,30,33,10,4,14,16,,16,34,18,26,16,20,22,24,9,25,31,25,29,26,43,37,43,43,31,25,30,26,27,3,5,6,6,4,7,9,11,14,9,5,7,7,40,43,50,38,14,10,10,17,18,14,26,25,25,24,19,22,22,90,37,28,18,30,19,25,,26,21,18,6,,,,14,6,14,5,20,17,22,23,27,22,15,17,14,29,,,,14,7,,12,7,,2,1,,,20,18,19,,,,,,14,15,8,17,7,,5,,4,9,4,9,12,8,,15,26,14,13,,,,,3,8,9,5,18,5,20,,9,12,5,10,14,,14,4,13,15,8,12,17,17,,15,30,16,22,15,6,15,10,8,,15,12,,9,6,,3,1,,,5,,5,,,2,8,5,2,5,27,32,28,26,10,12,12,6,,12,10,,15,13,11,,21,12,,21,19,21,,21,22,13,28,,,13,18,8,,12,5,17,14,4,20,20,,23,,,22,20,18,9,13,16,19,19,9,,8,15,18,25,41,47,87,98,87,,,36,17,27,10,,9,12,16,17,6,21,34,39,50,48,65,76,48,,25,11,23,19,6,16,10,,27,,31,61,11,18,9,11,12,6,12,8,13,10,11,4,,,19,14,15,72,,26,36,69,24,,24,14,,,19,22,18,27,30,23,39,22,39,19,24,16,5,18,67,,69,48,,23,21,22,18,7,9,15,53,23,20,8,22,16,56,40,17,18,16,36,12,36,5,44,34,,15,26,15,3,,13,47,9,73,34,34,20,24,23,32,36,34,24,38,15,29,16,50,13,40,21,50,6,11,4,6,,,38,18,50,13,19,3,20,23,,10,32,27,28,23,16,48,32,10,,12,38,35,29,11,5,17,,6,9,9,8,10,9,6,6,11,15,2,3,5,3,31,30,12,13,9,23,22,24,25,32,45,53,24,23,28,14,14,21,8,30,27,41,29,15,14,36,25,8,55,39,61,74,15,9,10,16,36,15,19,37,22,36,40,31,35,33,8,11,9,4,11,13,23,8,13,21,7,8,8,8,10,18,,41,22,22,13,44,27,56,7,39,,51,48,47,48,6,8,7,,56,5,29,29,29,17,10,16,22,48,17,23,36,17,23,16,12,10,32,13,24,38,47,31,4,8,17,17,21,14,31,11,13,19,24,14,7,19,25,27,17,20,17,24,15,9,30,19,24,20,3,17,13,17,16,37,18,14,18,48,48,46,34,32,30,53,21,13,13,14,28,35,23,30,36,46,34,44,26,32,39,6,9,5,11,5,15,4,58,50,30,31,25,23,27,22,46,66,48,41,17,31,43,8,24,56,,57,67,68,39,11,24,16,23,11,19,12,18,32,14,24,41,14,18,25,22,17,6,9,17,8,9,9,,5,7,2,18,28,9,9,7,13,22,21,19,13,14,7,15,10,9,40,28,57,28,,80,15,52,63,46,49,45,28,72,93,70,67,61,48,64,52,46,25,50,,22,31,51,29,42,18,5,14,39,12,14,10,16,10,13,2,43,108,8,4,56,59,29,7,25,17,35,12,26,26,8,21,21,,15,25,39,43,18,13,17,14,14,36,51,80,36,35,22,27,21,8,14,24,14,18,14,,7,,10,40,36,62,45,31,,5,17,8,11,7,11,56,27,2,7,36,40,24,42,47,10,23,12,33,2,2,,16,61,24,10,27,10,7,18,21,4,,32,53,50,31,22,22
20231004,3,PM2.5_24h,38,29,34,30,32,35,27,41,37,27,30,28,,,33,,31,29,33,,30,,23,24,,23,40,,34,42,47,40,42,51,33,,30,28,,27,,18,33,32,,39,,36,32,32,71,59,54,51,,58,9,,14,18,17,16,16,24,25,23,30,38,,30,28,27,32,25,23,,33,28,36,32,43,,,70,67,38,52,38,,26,27,,,22,27,23,26,,17,16,,19,14,18,16,18,,19,30,27,27,26,28,26,25,25,25,20,19,19,14,14,12,12,,13,14,16,18,17,15,14,18,17,20,20,21,15,17,15,9,11,8,12,8,,8,9,7,8,7,11,11,8,7,9,11,12,9,13,,10,11,11,11,11,11,5,11,8,8,6,17,,,,26,21,,22,24,22,,,,14,,8,8,11,9,11,12,11,11,18,,,,13,15,,13,17,17,14,12,,12,19,18,15,19,19,14,18,,14,,21,21,,16,19,,22,21,19,,20,18,23,20,11,13,10,,,15,12,12,17,17,15,16,,14,,,16,,8,12,,12,13,18,6,8,8,,23,23,27,23,26,22,19,14,17,16,14,8,20,17,14,17,14,20,,,13,12,14,10,,18,17,23,23,18,,28,22,14,,21,19,18,17,,17,20,18,24,17,,,11,12,10,12,14,16,22,19,17,20,22,21,20,20,,6,7,10,6,12,9,9,,8,10,7,9,7,9,12,8,8,6,6,6,32,36,,34,34,34,28,32,21,30,26,21,21,19,21,18,26,,16,14,18,23,17,15,20,14,27,29,27,24,,22,28,32,24,22,22,,22,21,20,19,,,27,24,24,27,26,25,24,18,26,24,24,,18,18,21,20,19,17,20,22,,11,11,11,12,5,,16,9,17,18,10,10,18,,,13,21,13,14,20,,25,21,21,27,,,24,14,11,19,15,19,13,16,24,18,12,,7,9,8,10,6,8,9,8,7,7,7,5,15,12,13,11,13,14,14,10,,15,15,10,13,,35,,36,36,,,,,27,,,,42,42,25,29,28,26,26,,21,9,7,6,8,12,11,12,14,11,16,,16,11,8,18,,24,22,20,19,16,17,14,18,15,,24,18,12,17,15,14,16,16,15,14,18,22,18,20,14,16,18,,,28,,23,30,27,26,28,,24,34,,,33,38,28,41,,27,31,41,,43,31,32,31,32,11,13,11,10,15,,,,,,,22,,36,32,21,31,18,15,16,9,6,10,,30,,,27,,29,27,26,23,20,19,24,20,,12,12,13,13,16,13,19,17,11,25,24,23,26,18,23,17,33,32,25,13,,13,17,20,,24,28,,24,25,22,25,22,,25,9,,,32,31,,,,20,23,20,20,26,33,,27,23,,43,48,,53,,39,42,41,,42,42,11,13,12,,20,17,21,20,19,16,,15,20,18,16,19,18,14,18,29,15,10,15,26,25,20,25,22,13,13,15,14,15,,14,13,7,,11,17,20,24,17,17,23,11,14,18,16,14,13,11,,13,12,11,,12,15,15,16,18,,15,17,11,,31,,32,27,24,30,,29,24,,,,26,,20,,25,,,,33,30,23,27,24,,,,4,7,3,6,18,18,,12,9,16,8,17,8,,9,,,4,7,9,4,3,25,23,27,28,12,9,14,17,22,34,25,21,21,19,10,10,20,24,24,24,,31,32,30,25,,8,11,8,9,20,29,29,22,,,,,22,26,,23,7,16,8,10,9,15,13,16,16,16,13,8,10,,15,15,,36,34,22,,12,15,,19,10,10,20,16,19,23,15,22,23,23,20,23,,,8,14,36,34,18,18,5,12,,19,8,24,24,27,,,25,,,,,13,,,,,,,,,,,,,,,,9,,,,,,,,,,,,,,,,,,,,,,,,,,,,,,,,,,,,,,10,22,21,19,18,23,27,24,24,,,,19,19,22,20,,,25,25,28,25,28,54,,56,56,30,,,28,35,,37,41,18,,24,,25,22,,,13,22,,,25,21,19,,,21,21,5,3,16,14,16,18,17,18,17,12,16,17,17,19,15,14,15,17,16,18,18,17,,15,19,14,,10,12,12,13,19,17,16,14,13,13,11,14,,,13,17,14,15,13,13,9,10,12,10,8,11,15,14,12,12,6,,,8,11,10,19,10,10,,14,10,8,,11,16,12,,17,19,11,17,16,16,21,,12,16,13,15,19,10,16,17,,18,12,12,13,10,13,,22,,32,,,,5,5,9,9,20,13,,18,,17,17,17,12,11,11,14,,21,21,21,,,16,21,18,,20,20,17,,,13,14,20,22,22,13,20,42,32,34,32,35,39,38,42,,12,27,28,30,30,,31,30,32,31,38,37,35,35,42,,44,48,44,30,33,31,32,29,21,27,23,,37,31,36,,29,24,30,26,,29,30,25,,35,25,28,31,31,,23,20,10,24,26,30,31,,33,34,40,12,16,,17,11,4,14,6,8,17,22,33,26,7,9,,28,21,23,,12,11,,12,9,17,16,,23,18,21,10,6,24,22,,23,28,27,34,28,26,32,33,7,16,16,15,14,34,55,53,57,61,51,53,51,51,57,5,9,12,10,10,7,11,17,11,13,4,7,7,31,32,31,25,12,14,10,16,18,15,20,21,20,16,19,25,24,37,32,21,18,30,19,22,,23,19,18,7,7,,4,12,7,10,5,16,12,17,16,25,22,15,21,15,19,,,,12,9,,9,8,2,4,6,4,,11,10,8,,,,,,11,13,15,14,13,,9,,5,8,9,12,11,10,,19,18,12,15,,,,,6,6,16,16,11,12,22,,8,10,8,14,13,,18,6,10,14,11,14,9,9,,16,20,15,16,10,13,8,9,11,,13,10,,9,7,,2,4,4,,14,,4,,1,4,6,5,5,7,18,22,20,19,9,12,12,8,,29,29,,15,13,19,,26,22,,23,19,22,,18,21,22,25,,,20,15,16,,16,12,19,16,6,13,28,,28,,,33,15,14,9,9,15,18,24,7,,18,16,15,21,25,35,43,49,62,,,28,23,24,12,,6,20,21,17,10,18,27,34,27,26,27,49,69,,23,13,15,15,14,15,15,,22,,29,34,24,17,11,12,16,8,8,16,17,10,13,5,,,32,21,14,28,,28,34,56,15,,19,9,,,14,14,11,12,23,18,19,8,16,14,17,19,15,17,49,,30,34,,19,23,38,35,13,17,17,31,13,24,9,23,13,26,28,17,20,20,31,15,28,5,32,25,,21,22,20,11,,18,27,15,39,16,19,9,10,10,23,22,20,13,46,12,16,14,31,18,33,16,34,7,7,7,6,,,34,16,30,16,20,3,19,14,,19,28,35,18,38,13,28,26,14,,16,30,26,34,32,5,19,9,5,8,10,8,10,11,8,6,21,23,17,14,16,11,21,24,13,13,6,11,15,12,22,29,37,34,33,24,26,18,24,23,17,28,24,26,28,13,20,30,24,10,37,35,27,38,12,12,16,11,19,14,16,36,33,32,30,30,29,27,8,15,8,6,8,21,19,9,18,20,10,12,12,12,12,22,,24,33,22,13,32,27,31,10,32,,23,29,33,28,7,10,12,,24,10,15,22,20,25,13,19,20,33,17,19,34,11,18,14,14,18,25,21,36,30,38,32,19,17,10,11,12,12,16,9,12,15,13,10,8,15,13,9,12,20,25,27,21,16,18,24,21,21,16,18,17,13,18,19,14,19,17,45,33,29,30,26,34,25,19,12,13,13,20,21,19,18,18,34,23,32,36,26,25,9,14,8,9,18,8,12,24,24,25,31,22,30,26,14,22,30,29,20,25,29,33,5,14,35,,29,37,37,27,28,28,15,26,12,17,12,17,21,12,24,21,22,23,22,18,22,21,11,14,9,9,10,,8,10,4,15,24,8,8,11,11,24,19,16,14,14,10,22,21,23,35,27,39,24,,55,29,26,41,27,26,36,28,60,68,61,45,51,47,46,39,34,17,22,21,17,21,38,22,33,17,12,22,22,16,14,12,19,15,7,10,63,92,8,6,74,42,19,22,25,20,30,20,26,25,17,10,21,,13,20,25,31,16,24,24,13,12,34,36,36,27,29,32,28,20,11,6,16,19,13,21,,6,9,10,24,33,51,31,29,,24,30,26,29,19,10,33,21,22,10,21,32,28,24,31,19,34,24,34,25,23,,15,36,20,15,28,15,11,19,15,6,1,27,31,25,32,19,20
20231004,3,PM10,19,9,25,16,28,20,26,95,45,12,19,17,,,133,,145,134,135,,117,,108,80,,98,112,,106,140,121,92,122,123,86,,91,68,,72,,83,73,70,,82,,67,64,81,123,141,143,176,,111,15,,22,24,12,37,38,47,53,36,42,40,,42,81,70,67,70,72,,82,123,101,74,70,,,80,146,59,97,75,,7,9,,,7,6,10,5,,28,26,,31,27,17,27,21,,15,130,100,133,106,102,56,114,96,68,43,16,18,15,12,10,9,,8,21,18,12,8,6,21,5,17,16,9,12,8,7,12,15,17,14,16,18,,15,17,18,16,29,27,34,31,31,34,33,37,27,20,,25,26,22,24,19,21,16,14,15,20,8,51,,,,39,34,,42,41,34,,,,36,,22,38,24,19,41,34,31,34,38,,,,37,37,,36,33,28,31,34,,47,36,36,31,37,39,46,33,,25,,46,43,,38,26,,36,27,26,,25,28,31,40,15,26,24,,,23,18,18,38,36,40,38,,48,,,23,,29,29,,29,23,20,18,21,20,,43,35,41,37,37,33,32,31,46,31,31,31,44,39,44,39,41,39,,,35,28,36,42,,43,51,37,24,17,,20,37,18,,30,53,46,56,,56,56,54,66,29,,,39,46,31,24,29,29,63,52,45,53,60,54,72,62,,13,16,21,22,19,27,15,,16,15,16,16,12,17,15,16,15,20,24,19,53,54,,42,50,34,47,48,39,54,46,38,40,40,43,37,38,,50,46,42,49,34,31,33,28,34,41,41,33,,30,58,47,26,30,31,,24,29,32,33,,,66,41,44,59,46,48,56,77,44,46,32,,28,29,30,27,18,42,34,136,,31,34,24,22,11,,34,14,17,31,17,12,17,,,9,18,13,23,14,,14,27,36,37,,,24,4,22,22,22,17,36,36,24,22,7,,22,9,11,16,14,14,8,9,8,8,7,6,22,32,23,24,27,22,25,18,,23,36,26,23,,51,,41,39,,,,,46,,,,63,90,52,47,27,42,61,,33,16,15,17,24,19,39,35,33,34,38,,28,22,19,13,,16,15,17,12,46,39,31,36,36,,52,47,66,33,24,23,29,20,24,24,27,29,25,19,30,30,35,,,78,,88,95,90,70,80,,74,96,,,85,88,88,78,,61,52,80,,63,73,63,70,46,31,31,27,22,29,,,,,,,68,,99,75,46,75,39,39,,14,22,15,,88,,,33,,36,30,51,46,42,39,50,45,,19,24,22,24,27,20,34,34,34,31,35,39,35,43,44,49,39,51,41,30,,32,30,38,,39,37,,59,60,79,53,25,,32,4,,,88,74,,,,32,33,28,35,48,46,,51,66,,84,86,,97,,90,105,85,,97,86,6,8,6,,58,54,102,39,34,47,,23,24,15,16,21,39,42,47,44,28,20,40,21,43,11,12,11,22,25,29,31,27,,9,14,12,,13,19,19,27,22,19,11,17,12,3,12,28,31,18,,19,21,39,,19,11,12,18,12,,14,27,4,,52,,58,57,52,52,,93,75,,,,82,,76,,52,,,,57,44,54,47,47,,,,12,10,20,16,31,44,,23,23,29,24,33,21,,36,,,26,21,13,21,10,52,61,51,55,22,27,21,22,40,50,66,28,63,30,23,24,27,27,21,37,,44,49,42,39,,25,31,20,8,40,50,58,49,,,,,64,43,,39,7,22,17,18,21,27,18,24,16,18,19,14,17,,33,32,,39,36,48,,39,46,,55,16,19,33,20,30,38,30,35,29,36,31,40,,,7,34,78,47,89,92,12,12,,14,13,76,100,121,,,56,,,,,44,,,,,,,,,,,,,,,,19,,,,,,,,,,,,,,,,,,,,,,,,,,,,,,,,,,,,,,25,51,37,43,49,53,53,63,43,,,,62,73,63,65,,,58,86,74,74,77,80,,92,70,71,,,64,98,,48,54,49,,114,,46,30,,,22,23,,,43,43,21,,,13,15,28,29,58,49,35,11,6,7,10,11,42,54,48,58,14,13,12,12,20,24,22,17,,20,31,16,,15,13,26,32,12,14,7,28,19,17,17,18,,,11,11,20,30,16,19,7,18,13,14,20,20,17,12,14,15,10,,,13,14,10,14,8,7,,16,40,36,,22,39,17,,20,24,18,33,26,36,63,,30,46,44,52,38,49,30,22,,31,25,10,19,22,30,,46,,53,,,,24,32,16,39,47,56,,21,,27,22,30,29,32,29,26,,43,27,40,,,29,22,30,,37,44,27,,,21,14,10,15,15,38,33,48,36,42,34,26,55,50,39,,32,25,31,31,34,,58,49,52,49,56,62,55,55,60,,66,58,56,29,34,38,30,37,57,59,64,,71,61,58,,61,57,75,57,,75,93,51,,,63,58,56,51,,37,35,26,33,39,,74,,49,48,40,66,41,,47,44,5,28,18,20,44,58,42,50,38,28,,39,42,38,,25,26,,31,19,44,32,,46,47,40,23,13,12,56,39,32,59,28,36,40,31,29,30,39,25,45,39,42,54,54,65,54,63,50,40,40,41,37,5,10,22,18,17,20,16,12,19,19,10,19,15,92,111,183,101,25,27,16,53,72,48,42,36,28,51,53,35,58,56,61,24,40,33,27,43,,57,45,35,10,,,4,29,22,24,12,34,19,19,25,42,29,29,33,33,31,,,,18,20,,24,11,1,5,9,12,,28,21,27,,,,,,19,28,18,29,14,,13,,7,11,12,13,14,17,,25,23,16,18,,,,,11,9,9,6,31,17,25,,17,12,6,21,5,,16,,18,21,12,15,15,15,,27,25,30,31,21,6,16,16,30,,22,9,,18,3,,2,2,6,,13,,8,,3,5,13,9,6,7,132,134,147,118,5,21,18,18,,43,29,,14,19,22,,26,17,22,42,27,39,,38,33,37,40,,,32,26,13,,15,21,10,14,4,31,45,,38,,,50,33,21,21,52,51,47,56,26,,32,25,34,133,163,124,296,302,285,,,76,53,61,19,,17,34,17,46,7,51,49,57,88,95,119,122,70,,59,24,37,28,21,34,16,,44,,44,97,28,24,19,16,24,21,21,20,26,23,23,10,,,49,41,30,131,,72,48,106,33,,29,20,,,36,37,50,31,29,34,66,39,58,30,31,17,22,15,103,,115,65,,35,43,26,25,22,17,23,84,29,47,30,32,28,105,78,27,29,26,61,12,85,8,75,42,,19,31,17,6,,26,89,16,58,44,51,32,36,37,81,75,38,42,65,28,36,51,74,23,56,22,78,13,9,13,14,,,42,44,84,17,33,7,35,34,,27,41,46,32,36,29,66,62,24,,32,50,58,40,28,18,33,,15,16,22,17,14,26,15,19,23,16,4,80,14,9,36,42,21,18,19,38,32,29,37,44,76,68,66,53,49,33,29,42,28,56,52,61,39,30,30,55,56,4,80,67,137,135,24,22,27,22,45,26,24,58,29,53,55,47,53,57,15,11,3,4,16,17,26,25,22,26,16,19,8,11,15,28,,44,26,28,37,56,49,90,19,61,,70,90,96,80,10,14,12,,78,3,32,48,32,23,21,21,44,53,61,46,64,30,40,33,26,19,48,12,40,63,71,58,9,19,27,29,29,23,53,14,27,39,34,22,17,27,30,53,43,59,40,59,30,26,40,39,29,32,52,41,68,27,25,35,25,29,31,83,74,83,66,61,55,93,59,24,22,29,39,51,34,51,78,60,53,77,32,53,59,14,8,19,11,14,36,20,76,74,40,43,37,33,88,44,92,107,87,71,34,46,73,17,36,97,,95,111,125,71,42,114,19,59,16,46,31,50,48,48,52,45,36,39,42,50,26,9,22,31,23,21,24,,20,8,23,5,26,12,15,48,21,32,27,37,22,21,18,34,29,20,76,43,77,63,,104,64,79,108,99,75,104,64,92,160,97,98,120,106,115,127,132,51,82,,35,53,99,57,54,19,33,18,63,33,36,28,22,20,13,29,120,150,17,6,84,136,75,35,46,44,48,27,48,51,21,19,22,,25,52,58,58,12,18,39,34,39,75,75,100,68,40,60,58,44,14,32,33,27,39,27,,2,,21,212,65,78,84,58,,11,40,15,21,28,26,69,53,13,7,52,69,34,82,78,24,37,38,54,5,5,27,38,96,19,9,31,19,24,26,48,8,6,46,107,73,51,47,17
20231004,3,PM10_24h,65,44,66,55,61,63,56,76,65,54,56,56,,,70,,64,59,70,,62,,61,46,,51,56,,80,90,89,80,83,82,73,,59,62,,52,,61,68,61,,65,,51,59,48,106,90,104,117,,105,33,,40,38,27,45,48,47,62,43,61,65,,65,57,53,60,56,61,,74,79,71,74,79,,,110,123,77,86,82,,45,44,,,48,49,45,50,,46,50,,48,55,47,43,41,,49,65,51,54,50,47,40,50,55,34,25,48,45,47,45,42,30,,43,42,48,33,33,37,40,43,35,44,40,39,29,36,41,24,24,22,22,27,,22,21,22,21,18,17,22,17,19,25,21,19,16,24,,27,30,29,26,26,27,17,19,16,19,16,36,,,,43,41,,41,41,31,,,,24,,21,28,24,20,24,23,20,23,35,,,,37,31,,24,26,21,18,17,,24,23,30,32,29,37,29,21,,18,,36,36,,42,31,,36,32,28,,29,33,39,39,20,33,36,,,34,26,25,35,35,29,38,,31,,,31,,29,29,,27,27,31,18,18,18,,51,43,48,47,44,31,35,33,27,23,22,19,31,23,26,26,22,26,,,37,33,39,37,,38,38,49,43,36,,43,44,18,,45,39,42,41,,42,57,41,50,24,,,29,35,34,28,34,42,43,41,37,37,42,39,44,43,,13,13,11,12,12,13,11,,11,11,15,11,12,12,12,14,16,13,18,12,48,49,,45,63,43,45,51,36,44,34,41,43,39,48,35,50,,32,34,36,55,33,29,33,30,44,48,50,39,,39,54,50,40,43,37,,36,39,35,39,,,45,44,41,46,43,44,51,61,44,39,35,,30,30,32,30,31,33,37,57,,23,23,21,22,14,,25,14,24,34,17,16,32,,,19,43,23,29,30,,37,35,36,42,,,40,24,23,24,26,25,27,28,27,25,18,,15,13,17,17,25,15,13,17,9,13,15,8,30,23,25,22,23,19,28,18,,28,31,22,26,,51,,48,46,,,,,49,,,,75,90,59,60,79,62,61,,55,15,16,14,17,15,25,23,26,25,26,,24,22,18,41,,48,35,38,36,40,31,27,28,33,,43,41,57,32,31,27,30,30,31,38,41,58,42,48,39,37,44,,,62,,48,52,51,40,68,,62,63,,,62,66,58,71,,49,52,90,,74,60,69,51,53,30,28,26,22,36,,,,,,,52,,71,59,46,64,35,34,36,15,24,22,,56,,,40,,37,35,43,45,44,47,49,52,,30,42,26,27,35,23,37,36,30,38,35,36,41,45,42,47,40,47,40,27,,31,27,32,,44,43,,50,48,57,54,32,,46,14,,,70,59,,,,60,59,59,64,39,39,,39,46,,74,71,,80,,76,78,96,,79,60,25,30,26,,38,46,47,54,43,75,,57,49,38,43,38,55,36,41,62,30,28,46,46,69,41,50,45,27,28,32,35,29,,27,19,24,,17,35,37,37,42,36,31,26,18,29,28,17,18,16,,15,18,17,,11,31,25,29,29,,31,28,16,,41,,46,40,34,38,,56,57,,,,51,,47,,44,,,,55,39,41,42,43,,,,11,12,16,11,29,29,,15,14,16,12,13,14,,14,,,11,12,8,10,4,34,44,40,45,24,28,26,29,33,36,45,38,41,32,19,22,27,34,28,32,,44,49,43,39,,21,25,18,14,40,47,52,44,,,,,51,48,,45,11,22,26,19,22,20,17,22,24,22,21,22,18,,29,24,,45,46,48,,25,33,,38,16,15,30,27,29,37,29,33,32,32,29,35,,,25,44,81,59,62,49,18,25,,33,25,81,98,84,,,49,,,,,32,,,,,,,,,,,,,,,,27,,,,,,,,,,,,,,,,,,,,,,,,,,,,,,,,,,,,,,21,33,35,35,37,45,42,51,38,,,,46,52,52,43,,,54,71,55,60,68,106,,116,96,44,,,48,56,,65,66,55,,71,,51,43,,,47,26,,,57,55,33,,,25,28,20,20,38,36,33,54,51,48,57,47,41,46,42,56,46,45,59,48,39,37,46,33,,55,44,28,,26,23,35,30,40,31,27,34,27,31,27,32,,,31,23,23,53,11,39,26,24,11,14,17,21,39,31,27,24,10,,,12,29,25,34,18,20,,15,25,25,,19,23,17,,26,23,18,29,23,28,41,,20,26,28,34,24,20,20,19,,19,42,35,27,18,20,,33,,36,,,,13,17,11,19,31,30,,25,,23,19,23,32,35,33,49,,34,28,41,,,29,31,31,,32,38,29,,,30,32,33,35,36,46,28,61,49,51,46,45,70,67,60,,46,50,51,51,51,,47,41,58,45,55,58,55,52,62,,66,67,62,47,55,55,51,50,42,53,48,,53,51,49,,50,40,52,39,,54,56,44,,38,46,44,48,48,,33,30,22,28,48,46,59,,52,46,45,33,33,,29,33,7,28,14,14,32,34,31,30,17,19,,39,34,39,,22,19,,22,13,25,22,,33,25,24,23,15,35,46,35,35,43,41,43,52,43,46,48,17,13,27,20,23,64,62,69,65,75,63,70,64,60,69,11,15,20,21,20,20,18,20,20,21,11,13,13,60,70,72,64,23,28,21,34,44,43,34,41,28,38,47,39,55,59,52,31,31,32,31,37,,42,32,28,16,15,,10,22,19,19,14,21,17,19,19,45,29,30,34,34,27,,,,21,22,,22,19,21,15,18,27,,20,18,16,,,,,,21,22,21,22,23,,14,,8,14,16,20,16,22,,23,26,19,26,,,,,12,14,24,22,21,19,27,,16,11,13,22,15,,24,12,22,12,13,15,10,12,,23,34,24,22,18,14,16,16,24,,22,17,,14,7,,8,11,13,,29,,11,,5,7,13,12,15,13,54,66,60,50,14,22,18,16,,63,47,,22,20,40,,55,50,30,41,49,51,,36,30,37,37,,,46,33,23,,25,33,22,26,7,36,67,,52,,,85,25,17,17,47,54,52,72,16,,43,32,35,77,79,99,142,158,131,,,70,50,62,20,,29,47,51,54,10,42,38,47,56,55,53,83,123,,58,35,25,23,30,35,29,,31,,47,57,38,23,23,21,52,30,22,48,43,21,27,11,,,68,47,31,61,,78,57,101,20,,28,15,,,37,32,34,21,34,32,41,26,35,19,30,35,31,28,87,,57,47,,31,47,51,47,39,28,33,61,20,42,24,46,32,57,44,26,34,47,61,21,56,7,65,37,,24,29,21,30,,40,74,29,40,21,35,14,14,14,53,50,33,38,67,16,22,33,42,36,54,18,68,14,14,16,15,,,38,39,62,22,33,8,28,26,,40,45,65,22,61,30,47,55,28,,42,46,43,51,52,22,43,26,15,24,22,22,27,32,31,21,38,52,30,56,37,36,24,41,25,20,16,21,23,19,33,50,58,47,54,43,51,35,43,43,33,56,45,56,36,31,35,42,50,22,63,73,74,73,18,22,36,19,23,25,23,57,52,38,39,44,36,37,16,24,15,19,15,29,29,22,26,26,19,17,8,19,14,35,,32,38,33,38,59,55,60,25,60,,41,68,70,56,11,16,18,,44,14,19,27,18,33,26,32,36,41,41,38,53,25,35,32,29,29,52,34,55,64,67,64,43,30,17,17,17,25,26,23,30,32,27,24,19,23,17,25,33,62,58,60,52,39,30,52,27,34,44,38,37,28,27,32,30,42,31,88,52,62,82,51,67,54,52,22,19,20,29,34,25,34,48,57,38,51,54,44,45,17,16,18,9,31,24,53,36,33,35,38,41,46,73,30,45,55,58,60,54,48,63,16,32,71,,66,62,76,57,53,60,23,53,22,30,27,40,36,36,53,32,37,42,39,34,32,29,16,26,23,18,21,,24,17,18,21,21,12,14,22,21,36,32,31,30,28,22,64,82,60,56,41,62,58,,82,68,58,69,76,56,77,51,94,122,106,111,117,103,102,96,95,40,41,56,32,29,62,38,48,18,29,24,36,31,26,22,26,29,19,47,197,197,17,12,104,93,49,61,43,43,61,40,40,43,35,23,27,,16,49,42,39,27,34,41,30,35,67,66,62,56,57,84,45,31,17,17,22,33,33,30,,20,16,23,105,47,72,62,44,,51,65,46,54,62,22,51,44,37,27,47,54,42,60,53,32,59,52,63,43,38,21,40,67,42,37,53,45,33,41,31,10,8,44,63,41,65,44,27
20231004,3,SO2,3,1,3,3,3,3,3,3,3,1,3,3,,,9,,10,12,7,,9,,7,5,,9,6,,4,2,2,3,4,5,9,,1,4,,1,,18,11,15,,11,,5,8,6,6,6,6,6,,8,3,,2,2,6,6,5,5,1,1,2,1,,5,8,12,11,7,11,,13,14,9,9,6,,,3,10,6,12,8,,5,5,,,8,6,4,6,,10,9,,8,6,8,8,5,,7,7,9,9,10,10,6,9,12,8,9,5,6,5,5,7,6,,5,6,5,6,6,6,5,2,4,3,7,7,6,6,8,4,11,7,8,10,,4,6,8,5,5,4,5,3,6,4,5,7,3,4,,7,10,9,8,8,10,6,6,7,7,7,10,,,,7,7,,6,6,5,,,,10,,6,8,12,8,7,9,11,8,12,,,,14,11,,4,4,4,7,7,,8,9,16,10,6,8,6,6,,9,,7,7,,8,5,,7,8,8,,9,7,8,7,7,8,5,,,7,8,7,6,5,4,6,,9,,,3,,5,4,,7,4,6,6,5,5,,4,4,3,7,2,7,6,5,6,6,5,5,6,5,4,5,5,6,,,5,4,4,4,,4,5,4,5,6,,8,6,8,,7,8,4,7,,4,4,5,14,6,,,6,5,10,6,9,5,5,5,6,7,6,6,8,10,,8,6,6,8,6,7,6,,7,4,4,6,5,4,4,4,4,3,3,6,5,7,,3,5,8,4,6,5,5,6,3,6,11,6,5,6,,1,6,6,8,6,6,5,7,12,7,6,7,,8,6,7,6,5,5,,6,5,4,6,,,6,3,12,5,7,7,4,6,5,8,5,,7,8,11,8,9,12,10,8,,6,6,5,7,6,,6,8,5,6,5,5,6,,,7,6,6,6,5,,2,2,3,2,,,4,6,4,2,3,5,5,7,3,7,3,,11,6,8,7,16,6,6,7,8,9,6,6,7,8,7,6,7,5,3,5,,5,2,5,7,,3,,7,9,,,,,20,,,,28,50,5,2,3,4,7,,10,8,4,7,9,6,5,5,4,5,7,,4,4,5,9,,20,9,8,16,45,65,10,7,18,,7,8,5,11,6,9,5,8,8,6,20,8,10,10,6,6,4,,,7,,11,11,12,7,10,,13,7,,,9,9,6,12,,8,8,30,,5,4,7,6,5,10,4,4,6,1,,,,,,,12,,7,10,9,10,8,7,10,3,5,7,,28,,,12,,11,6,8,6,7,8,11,8,,6,6,4,5,6,4,10,8,16,16,3,6,8,7,5,7,5,7,6,9,,7,9,8,,6,8,,8,12,9,6,5,,7,5,,,7,8,,,,16,11,14,11,8,9,,12,14,,14,18,,17,,27,11,12,,18,16,9,14,10,,4,8,10,5,8,6,,10,5,7,6,6,9,9,18,13,8,9,6,6,11,7,7,9,7,7,9,9,7,,5,2,5,,4,5,5,6,4,5,6,4,4,12,5,7,6,5,,6,8,6,,5,7,7,7,14,,9,8,15,,7,,5,4,4,3,,8,8,,,,6,,5,,6,,,,4,6,5,6,7,,,,6,5,8,5,6,7,,7,6,8,7,4,3,,10,,,4,9,10,3,9,4,14,10,9,10,4,4,5,13,8,11,8,9,10,3,3,4,4,7,7,,6,4,6,7,,8,18,9,6,5,4,8,3,,,,,3,13,,17,2,2,3,3,3,4,4,7,1,1,5,4,4,,2,3,,7,2,9,,7,5,,8,8,6,7,6,6,8,9,5,4,7,2,6,,,10,5,56,23,54,6,9,5,,4,7,9,5,8,,,5,,,,,9,,,,,,,,,,,,,,,,8,,,,,,,,,,,,,,,,,,,,,,,,,,,,,,,,,,,,,,6,2,3,2,3,9,6,7,8,,,,6,5,7,5,,,22,28,19,21,26,8,,9,9,6,,,10,6,,8,8,1,,7,,8,8,,,5,4,,,3,6,8,,,2,3,9,12,10,10,9,3,5,8,5,6,9,8,9,10,6,7,4,12,13,14,11,6,,3,4,8,,8,5,7,9,5,2,5,7,6,6,7,5,,,6,10,7,10,11,8,5,6,4,6,6,5,2,2,4,3,1,,,9,3,5,1,2,6,,5,4,4,,3,5,3,,4,9,5,8,1,7,8,,5,5,6,2,2,6,6,5,,5,4,4,6,8,11,,6,,7,,,,3,9,6,5,24,6,,4,,4,6,5,7,6,7,6,,10,4,9,,,4,5,4,,4,14,5,,,5,4,3,6,4,20,10,36,20,20,27,18,18,11,18,,5,3,15,30,10,,19,12,16,5,4,12,17,6,22,,19,15,24,1,4,1,4,4,,14,9,,8,7,9,,7,5,8,4,,4,4,10,,8,8,3,7,2,,5,4,7,6,6,,10,,6,5,5,6,5,,10,6,9,6,6,5,8,8,6,10,8,4,,8,7,5,,8,7,,8,8,8,6,,6,6,6,10,8,13,19,6,8,13,5,6,12,5,5,10,4,2,4,3,1,3,4,4,5,3,8,9,6,5,20,4,1,3,5,2,3,3,2,1,4,6,6,5,13,9,9,11,12,4,14,23,6,8,6,6,5,11,8,36,58,15,23,6,6,4,8,10,,27,5,4,6,,,3,5,7,6,7,11,11,8,12,4,6,7,9,7,8,,,,5,7,,8,5,8,9,10,6,,11,6,8,,,,,,6,4,5,8,4,,5,,7,6,8,8,8,23,,5,5,5,6,,,,,1,1,5,4,3,5,5,,4,6,5,8,6,,7,9,5,13,7,6,3,5,,6,10,5,9,6,9,4,6,10,,7,4,,9,7,,9,8,5,,4,,6,,6,7,5,5,7,5,6,12,12,13,7,7,6,5,,19,6,,11,8,3,,9,6,3,4,7,28,,5,5,2,3,,,9,3,3,,7,13,12,11,9,12,7,,7,,,7,5,3,6,6,5,3,4,6,,9,7,8,5,5,6,4,4,5,,,9,9,8,4,,4,5,5,3,7,3,11,5,7,9,6,4,9,,4,5,9,6,7,4,4,,4,,7,6,4,5,8,11,10,11,4,12,6,6,5,5,,,4,7,8,7,,16,17,46,4,,6,8,,,4,10,9,8,8,5,6,9,9,12,10,6,6,7,18,,6,3,,3,7,6,6,2,17,2,13,3,8,2,5,6,6,8,6,5,20,7,1,5,6,6,8,,8,8,7,6,,2,15,6,14,5,4,5,11,6,9,10,6,4,18,8,11,5,8,4,9,7,6,7,7,6,5,,,11,4,8,10,7,6,6,8,,5,6,17,8,11,5,12,6,4,,10,6,14,8,8,5,7,,3,9,7,6,8,4,7,8,3,14,10,9,13,6,9,7,9,9,7,7,8,10,5,5,5,8,6,4,4,6,3,5,8,7,20,8,8,14,4,8,8,2,17,6,9,13,8,2,5,8,6,3,3,4,7,8,12,5,2,7,7,5,8,8,11,6,9,12,20,14,5,10,8,8,10,1,,2,10,7,5,2,5,14,5,6,,12,8,9,13,10,5,4,,8,4,8,8,6,6,5,9,12,4,11,10,8,5,5,7,6,13,22,5,12,6,3,3,7,10,3,6,5,8,14,2,8,11,9,11,6,7,6,18,6,2,3,10,10,6,4,9,6,8,8,7,6,18,5,4,11,8,8,4,8,10,11,4,8,8,9,2,6,5,5,8,5,7,8,10,9,7,8,9,5,42,5,8,6,5,18,2,5,8,4,3,6,6,5,5,10,12,10,11,6,7,11,4,7,9,,16,22,12,9,15,39,6,18,8,2,7,5,4,4,6,4,4,14,7,5,2,5,4,4,3,7,4,,7,3,6,11,12,7,7,3,7,5,7,6,6,4,5,23,9,9,6,9,7,15,,6,9,3,4,1,6,7,10,3,8,12,14,10,15,14,10,14,8,8,9,1,4,20,11,9,11,10,5,19,6,4,4,5,4,8,8,6,5,6,4,5,78,4,13,15,7,8,4,,10,19,10,8,,6,5,6,5,8,7,3,8,8,8,11,30,7,10,7,10,6,7,6,5,8,4,5,,5,5,4,7,6,11,5,4,,1,3,3,1,12,17,9,8,10,15,5,10,5,6,3,3,3,3,3,6,5,9,8,21,10,4,7,5,6,4,3,7,4,7,8,11,9,8,8
20231004,3,SO2_24h,3,2,3,3,3,3,3,3,2,2,3,3,,,10,,6,8,7,,8,,6,6,,8,5,,10,5,7,7,7,10,9,,3,5,,2,,12,13,14,,8,,8,10,12,9,8,8,9,,10,3,,3,2,7,11,11,10,20,9,4,3,,8,7,9,7,4,10,,17,11,9,13,10,,,9,14,10,16,11,,9,9,,,11,10,8,10,,13,29,,11,10,17,15,12,,12,7,10,8,9,8,7,9,11,8,8,7,7,6,6,8,7,,6,8,6,10,7,6,7,5,7,7,9,13,8,6,10,5,9,8,8,8,,4,6,7,5,4,2,4,4,6,4,3,6,1,5,,8,10,9,8,8,9,6,6,7,6,7,7,,,,6,6,,6,7,6,,,,8,,5,7,10,7,5,6,9,7,9,,,,11,11,,3,3,2,6,5,,7,8,7,10,6,8,6,5,,10,,8,7,,8,4,,7,7,9,,9,6,8,6,7,10,5,,,8,9,8,6,5,4,6,,7,,,3,,5,4,,6,4,6,6,5,6,,4,5,4,4,3,6,6,6,5,6,5,5,6,4,4,5,5,5,,,5,4,4,4,,2,3,6,7,7,,9,7,10,,8,6,4,6,,4,5,4,8,5,,,7,7,8,7,8,7,4,4,6,7,6,6,6,8,,8,6,6,8,6,7,6,,7,4,4,6,6,4,4,4,4,3,2,6,4,7,,3,5,7,4,4,5,6,6,3,6,9,6,5,7,,4,6,6,8,6,6,6,7,10,6,6,7,,6,5,5,7,6,4,,6,5,4,5,,,6,4,11,5,6,8,4,6,5,8,5,,6,5,9,6,7,8,7,6,,6,6,5,8,6,,5,8,5,6,5,5,6,,,7,7,7,6,7,,2,2,3,2,,,3,11,6,4,3,7,5,9,5,7,5,,9,8,10,8,16,8,7,7,9,8,7,6,8,6,5,6,7,5,3,5,,5,3,5,7,,5,,7,10,,,,,24,,,,13,19,6,3,4,5,8,,11,7,4,6,9,6,5,5,4,5,7,,4,4,5,18,,25,16,16,17,14,11,6,4,9,,7,7,6,11,8,11,6,8,8,7,14,10,10,13,7,6,4,,,10,,18,15,18,8,10,,13,6,,,10,11,9,12,,8,8,25,,10,6,9,7,9,10,5,5,7,2,,,,,,,11,,8,10,9,10,9,7,10,3,5,7,,14,,,16,,17,9,11,7,7,9,11,9,,8,7,4,5,7,5,9,8,10,8,4,7,8,4,6,7,5,6,5,8,,5,7,7,,6,9,,8,7,6,6,6,,8,5,,,6,6,,,,15,16,19,16,11,10,,14,16,,15,17,,18,,17,14,17,,14,12,10,14,10,,7,10,11,10,12,8,,15,10,11,10,10,13,7,18,31,9,10,7,17,28,15,18,18,8,8,9,10,7,,5,3,6,,5,6,6,7,6,6,6,5,4,10,6,6,5,4,,6,7,5,,5,8,9,8,10,,11,9,10,,4,,2,2,3,2,,16,13,,,,5,,5,,6,,,,9,9,11,10,10,,,,6,4,8,5,5,6,,7,6,8,6,4,3,,6,,,3,7,8,3,9,4,10,8,9,13,5,5,12,11,7,9,8,8,8,3,3,4,8,8,8,,7,5,8,9,,8,13,6,5,6,7,5,6,,,,,5,6,,4,6,2,3,3,3,3,4,7,2,1,6,3,4,,2,3,,8,3,6,,7,5,,5,8,6,8,6,7,8,10,6,5,5,4,6,,,11,8,61,52,21,6,10,5,,8,7,10,7,10,,,6,,,,,8,,,,,,,,,,,,,,,,8,,,,,,,,,,,,,,,,,,,,,,,,,,,,,,,,,,,,,,6,2,3,2,3,8,6,7,8,,,,8,7,9,7,,,13,18,14,17,14,14,,17,16,8,,,7,7,,16,11,2,,6,,19,15,,,7,5,,,7,6,7,,,5,4,10,12,10,10,8,12,14,13,17,11,11,11,11,13,11,11,7,12,13,13,21,7,,6,6,7,,10,7,10,10,8,4,7,8,7,7,7,6,,,7,11,9,12,10,11,6,7,3,13,17,6,3,6,4,3,1,,,8,5,4,2,2,7,,6,5,5,,7,6,5,,6,9,7,8,1,7,7,,5,5,7,2,2,8,6,5,,4,5,5,6,7,6,,6,,7,,,,4,8,6,4,11,6,,4,,4,6,6,7,7,7,7,,8,6,9,,,4,5,5,,6,11,5,,,6,4,7,8,17,10,11,37,31,28,30,25,28,15,19,,9,8,16,14,8,,16,11,14,8,10,14,11,11,15,,17,18,21,4,8,4,5,8,,10,6,,10,9,9,,8,6,8,5,,5,5,6,,8,9,4,8,4,,5,4,7,6,7,11,10,,6,6,7,5,6,,9,6,9,7,6,6,9,9,8,9,3,4,,9,6,6,,7,7,,8,6,7,6,,6,5,6,10,8,14,19,6,8,15,13,7,11,12,8,11,3,2,3,2,2,11,13,13,14,13,9,8,8,7,12,4,1,2,5,2,4,3,2,2,4,6,6,9,13,9,10,10,4,5,6,11,7,8,6,6,4,10,9,25,20,23,30,5,6,5,8,9,,13,6,4,6,3,,3,6,9,8,8,8,7,5,8,5,7,9,10,7,7,,,,4,7,,7,7,11,12,12,10,,9,7,9,,,,,,6,4,4,7,5,,5,,7,6,10,10,10,16,,6,5,6,6,,,,,1,1,5,5,3,5,5,,4,6,5,9,10,,9,10,6,11,7,6,4,4,,6,8,5,9,7,8,4,5,13,,7,4,,9,7,,9,9,4,,6,,7,,6,7,11,6,8,7,8,11,10,12,10,10,8,4,,105,62,,13,10,5,,11,9,4,5,6,11,,5,6,3,3,,,12,7,5,,10,13,12,13,9,9,9,,12,,,10,5,2,6,6,5,5,5,7,,8,8,8,6,6,4,3,5,5,,,11,10,9,5,,4,9,11,3,5,2,11,5,8,6,6,8,17,,5,7,7,3,8,4,4,,4,,9,6,4,6,9,9,14,9,5,10,10,7,5,4,,,7,7,7,8,,8,11,16,4,,6,8,,,5,7,8,8,9,6,6,9,8,7,9,6,6,7,18,,5,5,,4,8,5,6,3,11,4,10,3,13,4,7,5,7,9,8,6,17,9,3,8,7,6,8,,8,8,7,7,,3,13,6,5,5,7,4,7,5,13,8,9,4,20,7,7,5,8,7,9,7,9,8,7,6,5,,,7,5,6,8,7,6,6,6,,6,12,25,6,21,6,8,6,4,,9,7,11,23,52,5,8,11,4,7,8,6,8,6,7,8,3,15,13,18,18,7,5,9,9,8,7,7,7,9,5,5,5,8,6,5,4,7,3,5,8,7,9,7,7,7,5,9,3,3,11,9,9,9,7,2,4,7,6,3,4,10,10,12,8,7,1,2,11,7,11,10,10,6,19,13,15,14,6,8,8,8,9,2,,3,9,9,5,6,7,13,8,8,,20,8,8,12,10,4,7,,8,6,10,9,6,7,5,7,10,14,8,10,21,5,4,5,7,6,14,5,13,9,3,2,17,13,4,4,5,9,8,2,7,8,7,11,6,8,6,6,5,4,5,10,9,9,4,10,6,7,8,6,6,7,6,4,6,7,6,10,7,15,10,5,10,10,5,2,6,4,5,8,4,6,8,10,10,8,12,10,5,33,6,14,7,9,9,8,3,7,5,5,6,6,7,4,13,11,12,11,7,8,10,4,8,8,,9,12,12,8,40,16,6,25,8,3,7,2,3,5,8,5,7,10,8,6,2,6,4,4,2,5,3,,8,4,6,8,7,6,7,4,8,5,7,5,6,4,4,25,14,26,8,12,10,15,,10,11,3,3,2,5,8,11,5,8,13,15,12,14,13,11,16,8,7,8,1,5,13,7,13,8,9,7,12,5,4,4,5,5,8,6,11,12,6,4,10,39,6,36,10,7,8,4,9,9,11,11,9,,6,4,2,2,9,6,5,9,8,10,8,16,9,10,9,7,6,7,5,5,8,4,5,,5,6,5,6,10,14,7,9,,3,3,2,2,15,12,9,7,17,17,6,11,7,7,3,3,2,3,3,10,8,8,4,19,10,6,10,5,7,7,5,7,6,9,10,19,11,9,13
20231004,3,NO2,24,2,34,14,47,28,29,36,10,3,59,39,,,37,,33,43,42,,30,,39,32,,69,32,,40,44,31,30,36,27,21,,35,24,,25,,34,145,54,,38,,35,54,40,60,54,46,84,,83,9,,8,17,6,26,32,43,50,18,22,22,,29,41,29,26,31,44,,60,70,64,55,66,,,64,95,70,89,54,,11,12,,,12,5,6,6,,10,8,,12,8,8,14,15,,5,16,16,13,17,15,15,18,16,28,15,35,24,21,14,10,8,,24,40,47,5,4,7,4,2,8,5,6,6,5,7,7,12,22,21,13,20,,18,12,17,20,19,34,22,28,26,27,20,28,24,24,,25,19,24,32,15,27,15,15,13,15,12,29,,,,25,18,,31,26,21,,,,18,,28,33,33,35,51,33,20,32,19,,,,12,16,,26,18,14,18,23,,24,45,33,29,49,31,15,13,,10,,24,32,,27,19,,25,20,23,,28,20,18,18,20,18,5,,,27,11,16,32,12,17,27,,27,,,30,,14,12,,8,5,6,6,6,8,,17,17,11,13,18,17,17,16,28,21,21,16,17,10,15,25,18,23,,,5,7,7,6,,11,15,12,8,1,,12,7,8,,8,11,31,46,,48,29,38,30,7,,,26,78,23,26,46,21,15,21,14,24,14,16,29,20,,15,16,16,12,11,19,13,,12,16,12,5,4,5,9,8,8,9,3,3,36,22,,45,32,16,34,31,24,52,16,24,16,19,22,16,26,,15,32,18,20,7,8,9,11,16,18,22,13,,11,31,30,6,4,10,,9,9,8,9,,,29,19,23,37,25,29,15,29,21,49,14,,13,13,18,14,13,31,31,40,,7,38,7,8,6,,23,12,16,25,14,20,21,,,17,24,12,21,31,,10,9,9,10,,,12,3,4,7,3,5,4,6,7,7,4,,21,7,9,13,17,12,11,7,6,8,5,8,20,20,20,39,31,15,26,19,,4,30,22,22,,45,,30,28,,,,,17,,,,29,35,64,55,28,42,18,,11,11,6,10,5,8,13,14,14,16,14,,9,12,7,16,,18,11,14,17,51,19,26,29,21,,11,13,14,12,9,9,14,14,14,16,12,9,9,9,9,11,12,,,51,,47,51,46,32,25,,35,37,,,50,74,61,47,,27,32,32,,38,59,37,60,26,8,17,7,6,26,,,,,,,23,,39,42,17,50,53,22,,6,4,6,,33,,,6,,4,9,15,12,11,12,11,8,,10,6,5,10,9,4,13,9,8,15,24,24,22,8,7,6,21,10,14,9,,10,7,11,,8,8,,8,13,18,11,4,,36,14,,,29,21,,,,24,20,16,21,36,31,,34,26,,40,39,,39,,74,92,56,,81,22,17,10,14,,26,19,23,6,7,23,,7,26,5,6,10,10,16,33,22,15,13,31,8,38,8,4,5,8,13,14,18,11,,4,3,3,,4,5,5,5,15,5,6,7,4,5,4,15,24,10,,16,6,31,,4,10,12,14,8,,10,13,1,,22,,30,31,27,21,,38,28,,,,21,,29,,32,,,,15,16,14,34,14,,,,18,20,9,12,16,14,,7,13,10,12,21,6,,12,,,3,5,9,2,3,6,10,8,10,9,5,5,10,20,34,36,23,32,36,4,2,8,10,8,12,,16,9,13,8,,14,20,22,5,16,15,10,14,,,,,26,13,,9,4,9,7,10,9,8,9,4,4,3,4,11,10,,26,19,,23,26,41,,26,27,,34,11,11,26,16,19,34,20,24,13,24,13,17,,,10,5,23,22,33,37,1,5,,5,2,73,59,20,,,25,,,,,24,,,,,,,,,,,,,,,,9,,,,,,,,,,,,,,,,,,,,,,,,,,,,,,,,,,,,,,14,21,11,18,,19,19,19,22,,,,31,24,48,52,,,44,60,50,43,47,29,,52,31,21,,,14,27,,52,46,45,,39,,6,18,,,8,4,,,9,8,6,,,4,5,27,40,16,17,9,6,6,8,2,10,16,12,10,12,6,6,8,7,9,11,10,13,,6,10,7,,3,2,6,8,6,6,12,5,9,12,6,2,,,4,8,5,8,10,4,4,12,3,3,5,4,4,5,3,4,3,,,5,4,5,2,5,4,,3,23,32,,18,40,21,,17,14,15,9,22,16,50,,12,13,30,22,10,11,12,15,,13,4,5,8,16,14,,36,,50,,,,15,13,14,18,17,19,,10,,15,26,19,6,4,6,5,,13,17,14,,,16,15,14,,14,30,16,,,12,4,6,6,5,4,8,28,14,20,15,7,15,16,14,,5,6,8,6,8,,6,7,7,4,14,6,13,17,41,,31,31,,3,9,8,4,10,18,27,17,,39,23,24,,47,29,39,17,,13,21,18,,32,35,38,23,24,,20,15,11,10,12,,32,,9,12,9,8,9,,21,15,5,16,2,2,31,52,23,29,18,17,,8,7,14,,8,8,,3,4,6,11,,8,14,18,10,8,14,10,6,9,11,7,3,6,8,8,8,5,8,5,6,7,12,15,12,15,13,7,9,8,8,6,4,4,4,5,2,4,8,5,6,4,5,7,10,50,47,54,42,15,7,10,40,31,14,15,14,13,13,8,10,15,21,22,15,27,16,17,23,,21,17,20,5,,,5,5,6,5,9,6,11,11,12,12,18,16,10,14,27,,,,4,10,,7,9,8,8,16,12,,12,10,9,,,,,,5,5,10,6,5,,3,,7,5,9,5,7,12,,5,2,3,2,,,,,1,3,5,3,4,8,4,,4,6,7,9,12,,5,5,5,16,8,10,9,16,,8,10,5,7,15,8,4,8,10,,4,10,,11,15,,2,3,5,,5,,10,,1,3,7,4,4,8,50,62,71,69,7,12,11,20,,21,11,,9,11,9,,24,14,32,22,7,7,,11,9,7,19,,,15,14,13,,7,7,8,1,8,10,29,,38,,,19,27,10,8,30,28,33,38,10,,16,10,3,5,14,17,64,62,52,,,33,34,37,6,,6,14,16,10,4,20,22,35,71,54,25,33,29,,47,17,30,17,16,18,17,,40,,34,43,12,5,18,26,4,9,34,17,12,6,20,5,,,24,10,22,27,,23,21,35,5,,25,24,,,56,15,28,9,21,22,24,17,31,19,8,20,20,20,50,,56,15,,12,15,11,8,9,5,4,31,10,40,22,5,9,39,27,12,7,14,76,3,65,11,53,14,,4,4,2,3,,9,35,31,19,21,28,14,17,11,32,21,25,16,36,16,32,33,54,6,27,16,41,9,5,9,20,,,29,44,47,13,25,3,16,16,,7,15,13,20,64,6,22,18,11,,31,44,51,9,11,15,6,,6,16,19,21,18,25,20,12,17,19,20,5,7,21,14,26,26,25,9,8,31,14,8,21,61,32,26,26,35,11,17,14,5,8,20,26,21,8,12,25,12,7,50,22,44,48,10,8,22,17,13,15,16,47,16,16,20,18,30,17,5,6,10,8,11,10,13,5,14,19,8,9,4,16,7,12,,15,4,12,27,38,33,40,5,29,,40,70,75,23,16,8,8,,9,11,41,51,10,10,4,16,19,5,35,16,28,18,22,29,13,10,14,8,17,32,10,11,12,4,25,12,15,22,36,6,27,28,19,22,12,8,14,24,32,54,15,50,15,10,22,10,6,4,40,10,8,13,7,15,10,16,12,18,55,26,48,20,27,73,13,11,20,18,33,55,18,21,30,30,23,28,13,13,38,21,1,13,2,14,17,5,28,28,15,21,29,15,99,10,58,32,34,38,13,52,43,11,23,35,,40,78,70,91,25,41,24,26,9,22,7,20,15,13,15,2,8,10,14,12,6,4,2,28,7,4,3,,12,8,21,6,15,11,7,4,10,14,14,28,5,24,10,27,14,22,37,29,52,33,,73,54,38,60,60,43,57,23,16,79,27,68,43,28,27,44,45,32,30,29,21,36,52,14,32,13,12,11,31,43,28,27,36,10,4,14,14,35,14,5,33,67,34,6,6,15,5,12,24,28,17,14,12,,9,18,45,32,6,8,15,46,47,41,63,54,26,17,18,42,26,21,12,13,26,30,13,,5,2,6,36,25,40,13,28,,10,44,6,52,22,13,30,38,13,10,20,38,9,20,36,17,8,31,33,10,15,5,18,34,18,6,14,5,11,5,41,3,4,13,57,32,30,10,13
20231004,3,NO2_24h,27,6,30,24,34,30,26,37,20,8,34,28,,,27,,24,30,30,,31,,30,24,,37,24,,38,37,41,34,37,32,19,,25,33,,31,,31,67,28,,22,,30,45,26,43,34,31,49,,63,18,,22,22,15,36,30,32,35,15,24,23,,26,30,22,23,20,30,,24,41,34,30,54,,,53,59,57,65,39,,31,36,,,32,28,26,25,,20,22,,20,14,15,18,21,,7,20,19,19,18,16,21,18,22,20,15,27,18,19,20,17,10,,18,16,19,17,22,21,22,27,28,31,29,28,16,23,30,16,23,25,18,19,,22,15,17,17,19,23,18,21,17,20,20,20,18,18,,18,19,23,29,15,22,19,21,20,18,19,24,,,,26,19,,30,22,23,,,,19,,23,26,26,28,32,26,18,22,30,,,,22,20,,17,20,17,14,13,,17,25,32,29,33,32,14,18,,11,,28,22,,24,20,,23,21,18,,27,19,18,18,19,21,19,,,15,17,16,16,11,16,18,,13,,,24,,19,16,,9,9,10,7,7,6,,23,21,15,17,20,14,16,15,23,19,15,12,15,11,13,29,15,19,,,7,9,7,7,,8,10,15,13,13,,14,12,11,,12,9,27,35,,29,28,35,25,9,,,19,36,23,22,31,30,18,20,19,23,18,20,20,18,,16,16,14,16,13,18,13,,12,13,14,7,6,7,8,10,10,10,6,5,31,21,,29,34,18,31,28,17,32,12,16,15,18,15,19,20,,10,13,12,24,8,9,10,7,16,22,20,13,,11,34,23,13,10,10,,10,13,10,10,,,23,12,19,23,14,13,13,26,21,34,16,,8,8,13,11,13,15,17,27,,8,17,8,8,9,,19,16,16,21,16,23,20,,,19,30,19,19,24,,20,18,21,19,,,23,9,7,13,5,7,6,12,11,8,7,,17,8,11,13,15,14,17,15,12,12,15,6,26,21,25,23,24,19,20,14,,14,26,25,25,,42,,41,45,,,,,19,,,,46,34,51,47,42,44,38,,22,14,10,12,9,10,14,18,13,15,14,,10,12,10,31,,29,26,27,23,39,27,19,24,36,,17,16,15,15,13,15,21,18,17,16,15,22,20,31,10,14,10,,,38,,27,28,30,21,20,,26,25,,,32,40,34,44,,21,26,33,,39,32,28,42,24,15,13,10,7,25,,,,,,,20,,23,21,22,27,36,27,31,10,8,14,,23,,,7,,4,7,9,13,14,12,13,10,,9,7,8,9,12,5,9,9,9,13,16,13,16,7,6,5,18,12,12,6,,9,10,12,,10,10,,9,9,14,13,5,,23,10,,,25,20,,,,31,29,21,32,21,27,,23,22,,24,27,,24,,52,53,43,,50,19,18,24,20,,12,17,16,19,12,15,,22,24,13,14,9,15,15,24,43,12,14,19,22,25,19,19,16,16,15,19,15,16,,14,13,12,,13,24,31,25,20,26,15,16,10,17,18,20,25,10,,17,8,16,,7,15,17,20,12,,20,17,5,,25,,28,25,16,18,,22,18,,,,13,,21,,21,,,,25,17,18,29,15,,,,25,20,13,19,16,15,,9,16,11,13,13,5,,10,,,2,10,14,7,5,5,10,9,12,10,6,6,9,12,17,19,15,19,18,4,4,10,15,18,17,,25,27,27,24,,10,15,12,7,17,17,13,16,,,,,14,15,,13,6,13,11,13,14,11,12,8,7,8,8,9,7,,18,18,,29,34,28,,24,27,,30,12,12,28,19,23,32,24,28,21,28,26,23,,,14,16,34,26,33,25,10,14,,12,12,35,30,16,,,27,,,,,20,,,,,,,,,,,,,,,,15,,,,,,,,,,,,,,,,,,,,,,,,,,,,,,,,,,,,,,15,17,10,17,18,22,15,17,24,,,,22,23,24,28,,,29,37,27,26,32,42,,50,43,14,,,13,19,,44,38,36,,31,,26,22,,,13,15,,,19,15,15,,,12,10,8,12,13,10,7,18,21,17,15,19,16,17,12,18,14,15,18,17,15,15,21,16,,12,11,11,,13,13,14,17,16,10,13,8,16,21,12,20,,,18,15,10,20,9,13,10,16,4,9,13,6,21,20,21,23,4,,,7,20,12,2,11,10,,5,11,14,,20,16,15,,17,14,20,13,12,18,23,,17,19,23,20,16,13,14,15,,13,7,9,10,14,13,,21,,29,,,,14,12,11,9,14,13,,13,,17,27,22,8,4,6,7,,13,18,16,,,8,11,8,,13,15,10,,,11,4,10,10,13,7,8,25,22,25,20,13,17,17,17,,7,8,9,8,9,,7,12,13,9,11,10,11,12,27,,25,21,9,6,13,10,8,10,13,15,13,,26,25,26,,23,19,25,16,,14,18,23,,19,17,21,15,18,,23,17,14,14,14,14,22,,17,11,14,11,10,,16,14,7,20,5,4,21,26,23,22,14,17,,12,11,12,,8,6,,5,5,10,13,,6,9,11,9,15,15,9,10,10,12,12,8,9,11,12,11,6,11,7,8,10,14,14,12,10,14,10,12,12,10,10,4,6,4,6,3,4,9,7,11,6,5,7,10,24,30,25,28,14,12,14,16,19,15,17,12,12,8,6,9,10,16,14,14,15,12,11,18,,15,12,9,6,7,,8,7,13,12,11,11,14,14,19,12,18,17,12,12,23,,,,7,10,,8,14,24,22,26,26,,16,12,9,,,,,,8,9,12,10,10,,5,,8,4,9,6,7,10,,7,3,6,4,,,,,3,4,7,5,5,6,8,,3,6,6,10,10,,10,11,6,9,8,8,4,5,,6,8,6,7,11,10,5,10,10,,7,12,,8,10,,6,7,9,,6,,9,,2,4,8,8,10,11,36,46,52,43,7,14,13,12,,41,29,,11,11,27,,22,19,24,24,20,17,,10,12,15,22,,,18,19,19,,8,12,17,15,9,9,25,,22,,,28,19,13,15,23,24,36,34,8,,28,16,9,12,19,12,34,40,40,,,41,32,35,7,,14,26,32,23,9,16,16,19,42,34,19,35,43,,35,19,17,19,25,25,23,,24,,26,28,23,7,15,14,17,10,19,15,17,8,21,6,,,24,12,15,22,,40,38,37,6,,26,18,,,33,21,38,9,21,20,27,17,20,21,10,26,14,13,30,,23,19,,13,13,16,16,16,7,11,21,7,27,17,10,8,35,17,29,9,18,53,8,41,10,42,13,,5,4,4,11,,21,29,34,18,13,24,10,14,10,22,16,25,15,24,14,26,30,21,10,22,18,30,7,7,13,16,,,40,13,30,17,30,3,13,19,,25,16,15,19,45,9,18,14,14,,19,40,37,25,34,12,21,30,7,19,20,22,25,28,21,13,18,31,22,25,12,17,7,20,26,24,10,11,20,10,11,25,40,27,24,22,27,10,24,14,7,11,16,15,14,15,13,19,10,8,30,23,29,22,14,12,18,15,12,14,16,31,23,19,16,14,18,20,8,10,10,17,14,13,14,6,13,21,11,15,6,26,15,21,,19,17,14,25,42,28,27,8,26,,28,35,37,20,10,7,8,,15,15,21,28,6,12,5,12,13,10,18,12,16,21,16,18,13,14,15,17,16,33,17,15,29,15,17,10,17,32,20,7,32,26,16,15,18,11,10,13,17,54,25,42,30,17,20,9,5,6,19,10,12,7,9,15,8,14,10,25,24,23,42,17,31,48,13,10,19,21,21,26,19,18,15,27,15,18,25,17,19,16,12,15,4,20,19,13,19,18,13,22,20,19,48,12,28,20,21,26,20,30,36,11,25,34,,27,40,48,52,24,35,20,23,15,14,7,14,13,11,12,5,10,11,12,9,8,5,1,10,5,3,3,,16,9,23,13,16,13,7,5,12,22,18,19,9,23,10,29,20,28,20,22,38,27,,42,33,29,42,42,32,31,21,28,45,38,44,34,25,24,30,35,28,13,24,21,18,29,12,23,17,12,16,18,29,20,23,25,12,7,31,24,34,14,11,37,48,21,31,4,15,10,16,18,21,13,24,22,,11,14,30,28,17,17,14,30,29,33,46,33,21,20,27,23,24,25,9,13,24,19,18,,11,13,13,12,12,31,18,11,,19,34,13,24,30,9,19,28,30,26,16,23,13,20,33,19,17,26,30,31,34,5,19,25,15,16,22,18,19,9,15,6,6,23,30,21,34,17,19
20231004,3,O3,27,57,28,,13,38,7,44,71,66,,9,,,53,,78,64,64,,76,,69,50,,20,45,,47,42,42,62,46,62,131,,43,78,,67,,81,28,51,,55,,30,21,30,26,25,36,18,,28,48,,54,42,54,52,22,30,21,51,52,42,,54,57,67,65,68,44,,19,3,23,25,10,,,10,2,7,4,5,,52,54,,,64,68,66,72,,63,68,,56,62,69,63,64,,60,138,131,135,129,142,102,152,132,116,128,32,40,34,50,54,36,,29,13,10,59,57,54,52,62,60,61,54,60,53,57,53,82,79,78,85,76,,89,93,75,75,41,27,39,23,26,22,28,32,28,46,,41,53,55,44,56,50,75,77,73,64,69,47,,,,41,39,,50,29,43,,,,41,,46,38,37,39,26,44,47,32,52,,,,54,58,,45,45,54,55,50,,53,21,35,38,1,26,37,57,,58,,50,32,,46,48,,50,42,32,,43,54,50,48,75,69,88,,,57,76,71,44,74,74,50,,40,,,50,,68,61,,87,95,90,82,85,79,,76,72,77,67,64,65,78,19,27,31,36,36,35,42,41,33,40,36,,,93,86,87,94,,71,59,49,54,62,,49,57,64,,57,135,69,82,,63,81,111,89,105,,,81,12,98,84,71,80,69,69,78,65,72,82,,67,,56,49,52,58,57,46,52,,67,46,32,43,42,41,35,42,42,36,41,27,46,45,,30,45,58,37,54,22,4,79,43,53,47,52,58,40,,30,23,38,62,63,57,40,60,57,45,42,44,,61,30,12,77,73,45,,56,60,56,59,,,53,26,46,14,19,12,89,45,46,23,62,,42,40,40,39,46,19,23,19,,57,20,44,50,34,,2,9,10,8,6,24,12,,,15,16,17,12,5,,35,43,42,39,,,46,71,83,81,75,73,73,71,72,86,78,,23,37,28,22,25,26,50,56,53,48,58,45,39,20,30,12,24,34,25,13,,48,13,34,29,,1,,16,25,,,,,80,,,,64,44,22,18,50,41,77,,58,31,39,44,41,36,30,27,28,30,31,,26,33,39,59,,62,60,60,56,31,55,39,34,50,,103,110,105,40,60,64,36,61,66,53,61,63,71,71,99,90,88,,,24,,39,29,36,47,78,,66,44,,,42,25,18,28,,43,52,45,,38,14,43,9,35,103,88,113,101,46,,,,,,,51,,30,44,96,37,7,65,44,108,111,121,,77,,,56,,58,46,26,111,115,94,116,103,,53,54,57,52,50,62,42,56,54,29,12,5,8,93,90,78,17,36,27,47,,39,50,48,,95,102,,104,85,88,101,42,,8,8,,,58,69,,,,35,39,52,45,36,57,,53,57,,11,29,,34,,2,10,19,,15,134,49,58,50,,77,79,86,100,84,84,,75,50,87,55,80,69,98,79,64,104,92,64,67,33,64,66,65,67,61,44,46,55,,41,44,45,,42,70,72,71,55,69,47,51,52,56,54,61,50,55,,55,66,28,,39,75,68,73,74,,87,71,97,,42,,18,27,20,32,,40,37,,,,47,,44,,17,,,,56,47,54,2,20,,,,15,6,14,12,44,35,,51,37,46,35,26,55,,32,,,17,52,45,23,76,60,60,57,63,26,50,,38,17,15,8,35,11,4,45,44,41,45,44,38,,48,65,56,51,,20,11,14,31,10,20,20,20,,,,,15,26,,33,33,27,31,30,27,27,36,39,30,36,40,28,32,,,17,,7,8,11,,3,3,,3,30,21,6,11,6,9,13,8,37,44,42,36,,,108,103,65,80,49,45,81,79,,71,76,1,14,54,,,90,,,,,84,,,,,,,,,,,,,,,,96,,,,,,,,,,,,,,,,,,,,,,,,,,,,,,,,,,,,,,31,33,30,30,29,63,57,60,56,,,,28,39,17,23,,,35,18,30,41,34,49,,35,61,48,,,60,24,,7,4,1,,4,,78,67,,,70,55,,,53,62,66,,,64,63,20,12,75,70,83,66,60,58,60,62,91,83,85,78,53,63,57,54,54,56,52,48,,47,39,55,,92,97,86,86,54,42,60,65,61,71,58,75,,,77,44,39,43,26,52,72,43,93,67,64,63,62,58,70,68,77,,,69,74,69,,63,61,,66,26,11,,25,9,20,,45,42,57,42,16,46,19,,39,42,32,36,44,42,45,48,,49,47,42,30,28,46,,20,,4,,,,28,38,35,18,9,38,,41,,40,36,33,96,96,109,106,,18,17,14,,,19,20,16,,25,4,13,,,56,35,36,34,36,29,26,2,16,11,18,44,43,50,50,,38,35,36,33,32,,53,61,64,66,64,62,56,58,2,,10,8,11,45,50,46,46,46,18,13,32,,10,67,66,,31,50,39,66,,69,58,67,,36,17,36,36,45,,57,49,65,63,54,,29,,59,53,55,26,20,,15,18,49,5,12,16,12,10,51,35,21,28,,60,71,52,,55,53,,37,34,40,40,,30,32,23,16,26,27,28,32,33,28,31,42,51,52,46,45,35,49,48,42,45,28,26,31,28,29,54,52,54,51,54,53,57,46,50,51,16,42,35,31,34,21,34,38,1,,6,5,23,23,31,3,4,25,51,36,45,45,31,42,38,20,23,23,4,5,20,13,,30,11,10,62,,,71,28,34,34,34,41,46,40,42,36,34,47,44,32,28,,,,26,22,,21,36,34,36,26,29,,38,39,21,,,,,,46,50,48,51,,,5,,36,29,30,36,29,34,,55,57,57,59,,,,,63,65,41,41,60,56,23,,69,18,17,42,37,,38,40,15,5,8,6,18,8,,46,48,62,52,4,10,32,27,13,,16,6,,18,22,,46,45,48,,47,,85,,40,37,46,67,67,64,3,2,2,3,43,26,24,9,,57,56,,50,58,97,,47,75,4,12,107,105,,53,58,65,57,,,39,44,53,,84,59,73,41,30,56,26,,16,,,40,7,58,47,60,48,52,38,42,,62,36,31,76,73,55,5,5,11,,,19,20,17,12,,80,51,55,48,38,44,54,34,20,38,54,54,43,,2,49,28,54,80,56,60,,11,,40,36,47,29,7,4,101,37,36,55,44,18,64,35,,,54,74,43,86,,65,68,54,38,,33,46,,,9,54,37,51,47,32,60,79,40,47,46,12,15,6,12,,29,54,,29,103,39,46,84,67,71,80,50,3,7,59,83,54,51,70,102,55,3,54,10,35,46,31,,62,65,72,48,,47,72,4,68,23,32,31,33,36,45,64,30,9,10,49,29,2,5,105,38,44,18,26,31,20,6,,,19,1,46,81,58,96,48,40,,101,47,48,35,8,60,56,65,44,,24,6,10,91,94,33,98,,91,78,80,76,83,68,80,86,12,51,53,80,58,48,48,18,53,48,64,52,27,52,43,30,25,38,49,46,47,46,54,62,72,61,47,50,8,45,46,54,88,37,39,79,50,34,62,60,35,50,54,37,36,31,55,76,68,41,14,52,70,71,60,78,4,17,17,17,9,29,20,17,47,30,36,35,,36,50,42,75,23,50,66,106,40,,47,26,10,47,14,33,31,,128,52,19,6,29,33,51,42,12,74,4,47,8,54,51,37,75,85,59,61,60,42,60,56,69,66,37,34,51,65,24,39,58,32,40,44,71,73,57,34,47,47,76,46,52,67,28,113,23,50,34,64,58,43,30,42,47,49,44,57,43,55,11,89,54,20,44,26,49,60,29,5,35,69,57,48,61,58,89,72,21,42,61,2,32,24,10,53,27,11,31,15,10,22,1,135,31,57,37,36,81,38,48,90,63,75,,38,22,37,19,68,45,40,42,46,3,87,59,60,84,46,66,47,41,17,21,25,46,64,12,40,36,31,,86,20,26,65,49,8,28,30,21,45,61,44,95,54,87,36,33,47,53,35,14,38,,10,14,40,8,16,37,14,78,54,17,59,28,36,65,58,37,36,60,25,50,26,24,14,66,9,14,16,21,48,11,12,13,4,27,98,60,72,42,9,70,41,4,34,81,39,58,110,61,56,48,42,72,66,,59,40,8,23,80,50,26,58,59,39,16,45,73,40,42,9,3,11,34,30,41,44,82,,41,67,83,41,28,9,53,28,,66,32,40,,47,19,43,81,59,65,35,17,58,73,55,6,79,,16,62,57,46,47,43,62,70,62,67,81,51,8,36,48,52,32,47,50,114,69
20231004,3,O3_24h,161,148,165,159,161,174,155,164,157,155,145,152,,,152,,142,142,164,,162,,141,151,,142,139,,183,187,180,181,183,182,172,,155,159,,150,,157,153,154,,150,,160,159,158,187,175,175,169,,191,116,,118,119,122,140,135,144,130,130,154,160,,157,150,145,141,155,144,,168,167,179,168,144,,,162,144,143,143,120,,93,87,,,101,100,105,106,,142,138,,148,140,144,144,143,,142,152,153,156,146,154,174,165,151,149,153,129,133,137,140,142,144,,133,145,137,82,70,75,69,73,71,76,70,73,77,68,72,98,106,99,105,103,,105,113,99,101,80,74,82,63,69,68,70,77,76,82,,90,90,87,92,93,94,103,95,89,100,93,110,,,,115,128,,123,125,120,,,,86,,80,78,78,86,78,85,74,80,67,,,,74,86,,87,83,88,91,93,,93,88,92,96,83,101,98,106,,103,,115,96,,154,108,,138,137,132,,142,126,150,119,136,165,142,,,135,145,159,136,132,136,123,,128,,,93,,98,97,,125,129,125,116,127,122,,166,172,157,156,152,134,140,154,81,74,86,92,84,86,82,72,80,86,,,148,137,142,122,,147,131,98,105,107,,102,110,107,,104,140,133,129,,142,139,142,142,112,,,163,167,162,167,156,157,136,138,144,134,134,144,132,131,,60,62,66,70,63,63,67,,72,71,36,48,47,45,40,45,44,39,44,35,185,205,,198,205,224,167,198,138,200,151,186,180,170,183,115,151,,122,127,115,206,143,125,164,139,214,189,183,195,,181,194,180,196,209,181,,178,173,138,159,,,188,201,188,114,118,133,125,137,160,163,144,,99,112,109,96,90,105,81,94,,69,75,71,68,42,,36,27,54,50,35,56,39,,,28,45,39,34,88,,84,89,86,79,,,89,110,91,90,84,84,77,73,79,92,81,,68,66,70,72,73,70,74,75,69,75,71,71,100,94,106,95,97,91,101,91,,114,113,93,107,,53,,41,32,,,,,148,,,,162,151,119,99,131,132,110,,99,43,52,56,56,46,46,39,44,45,45,,42,48,54,117,,133,117,132,135,119,117,127,122,120,,156,165,163,114,113,110,107,172,170,178,170,154,181,169,169,167,171,,,135,,122,136,125,126,152,,147,148,,,154,165,155,148,,131,134,176,,126,129,125,124,138,142,150,151,151,139,,,,,,,143,,145,133,139,140,137,153,145,134,143,139,,188,,,113,,116,104,140,188,197,182,183,173,,84,66,78,76,92,82,102,109,114,111,102,86,97,131,129,118,69,71,72,93,,105,168,162,,159,169,,129,126,128,133,114,,121,60,,,147,144,,,,118,116,120,112,194,204,,198,212,,140,146,,157,,155,151,158,,156,155,123,124,133,,146,143,146,144,143,140,,150,143,152,144,147,147,131,138,130,143,129,127,155,166,164,150,158,134,133,130,129,136,,63,64,66,,65,80,75,75,78,88,72,77,74,92,82,73,66,72,,73,80,81,,73,80,72,76,74,,87,77,97,,122,,124,118,121,123,,177,170,,,,131,,137,,135,,,,145,142,133,93,93,,,,51,54,63,59,65,71,,55,48,49,53,60,71,,69,,,69,74,71,69,80,87,105,112,100,122,80,82,81,110,94,94,101,99,108,54,57,86,82,96,87,,64,65,62,61,,69,78,74,59,63,84,74,66,,,,,86,84,,87,60,64,60,65,67,61,86,91,96,96,84,81,84,,94,100,,58,74,85,,88,95,,90,69,87,77,84,78,80,84,82,116,112,112,106,,,133,120,164,148,153,161,86,93,,123,82,108,106,111,,,138,,,,,158,,,,,,,,,,,,,,,,131,,,,,,,,,,,,,,,,,,,,,,,,,,,,,,,,,,,,,,44,97,83,92,97,119,120,120,119,,,,133,136,135,134,,,138,125,129,132,131,166,,168,165,105,,,102,122,,147,140,93,,94,,140,146,,,122,67,,,134,131,124,,,91,92,84,86,137,134,126,142,132,133,129,137,151,135,140,149,138,157,139,146,136,139,126,131,,135,137,156,,103,103,104,98,139,131,110,112,106,108,113,75,,,80,73,75,76,80,76,80,68,106,77,72,81,75,68,76,68,89,,,97,75,76,,88,89,,77,99,103,,97,101,105,,94,92,98,92,85,110,115,,51,53,60,56,52,56,78,86,,85,106,101,61,81,80,,96,,96,,,,67,73,72,69,112,111,,67,,70,61,63,132,129,137,133,,88,89,87,,,98,93,108,,113,109,110,,,142,83,98,90,82,90,58,41,42,47,44,104,106,120,109,,126,125,123,128,122,,86,101,101,105,108,111,103,109,79,,82,78,86,100,110,105,107,114,119,144,139,,160,150,153,,144,138,136,127,,141,146,131,,129,149,148,145,144,,127,149,122,134,115,68,117,,114,115,111,56,56,,55,48,63,90,87,100,93,91,95,96,60,52,,99,94,101,,78,79,,56,43,54,54,,91,89,86,36,39,44,63,59,65,65,60,45,58,58,53,52,44,54,50,52,48,93,98,97,96,90,113,88,106,98,84,56,59,50,53,51,42,58,56,53,61,46,62,62,162,167,148,136,76,87,75,108,116,88,117,131,124,123,110,127,122,144,142,101,114,81,88,87,,94,85,92,67,53,,73,76,71,65,72,71,75,69,74,90,90,102,91,105,99,,,,43,44,,39,47,34,40,36,31,,72,76,66,,,,,,82,84,86,86,31,,48,,62,64,68,64,62,69,,96,98,95,98,,,,,65,66,98,97,67,66,75,,81,53,54,72,78,,53,53,47,50,40,39,41,37,,60,56,65,64,77,72,44,62,64,,54,46,,48,60,,58,59,56,,69,,118,,46,44,69,77,79,77,132,122,117,119,52,66,57,99,,70,104,,74,76,112,,127,133,82,84,114,121,,93,91,78,74,,,62,76,58,,90,64,77,60,62,91,147,,143,,,107,67,64,58,124,121,117,110,89,,112,95,93,102,104,104,106,105,102,,,89,87,87,61,,86,116,114,87,77,118,180,205,159,147,146,185,168,,100,137,83,81,148,82,88,,96,,162,154,84,77,64,62,116,81,99,143,140,37,79,61,,,158,161,134,152,,151,156,158,60,,89,89,,,108,77,78,104,124,128,132,120,111,74,98,32,44,69,142,,145,139,,121,172,88,82,105,121,92,191,55,95,95,112,126,146,137,72,159,114,128,67,128,66,146,98,,79,78,75,64,,112,151,24,132,86,100,67,69,70,165,140,103,44,81,63,81,89,140,128,128,82,166,73,43,71,68,,,52,117,151,86,119,118,71,78,,116,150,101,79,147,146,133,160,74,,154,50,59,94,94,81,116,71,107,98,124,104,100,99,97,108,128,125,131,143,126,116,85,127,89,93,105,100,79,91,131,167,187,179,236,215,211,133,185,172,109,168,170,158,104,126,175,189,134,118,144,167,147,147,74,98,109,84,114,64,68,140,147,137,141,116,127,133,80,81,81,78,39,37,42,34,73,50,30,37,53,47,43,75,,84,83,103,152,171,132,201,156,164,,124,154,158,131,66,83,82,,160,62,87,90,60,64,78,93,109,104,108,124,142,96,145,132,134,143,131,87,110,164,142,148,129,124,84,79,71,89,86,82,84,71,80,98,98,124,89,109,122,133,110,116,92,122,159,170,107,115,117,128,146,111,156,159,97,206,151,174,174,162,155,152,166,144,120,76,64,71,97,96,64,138,144,143,139,143,146,144,138,73,96,22,42,71,62,142,85,85,93,81,88,94,144,146,130,159,156,126,140,140,140,140,155,170,,154,156,166,147,140,146,67,161,82,94,125,137,146,167,155,102,118,116,100,90,105,84,80,62,60,57,55,,110,85,63,94,75,30,67,62,65,113,114,140,138,95,119,113,119,129,213,207,167,120,,193,158,154,150,142,156,165,157,177,176,182,199,196,191,188,187,184,146,119,124,118,140,164,138,96,29,60,43,131,113,99,96,111,53,102,120,114,117,72,73,156,153,134,141,109,178,142,214,201,201,123,76,72,,76,118,120,128,80,86,86,155,166,151,153,189,148,139,103,96,89,51,50,51,144,143,174,,72,72,131,102,106,136,168,110,,163,174,147,162,118,71,155,138,116,77,140,142,103,158,152,123,165,154,147,106,100,79,116,168,123,70,108,67,153,147,104,63,59,70,198,124,175,160,83
20231004,3,O3_8h,26,51,32,1,17,33,9,42,78,67,5,20,,,57,,77,66,60,,71,,66,56,,16,47,,39,30,30,52,42,45,126,,30,70,,68,,87,33,80,,74,,27,17,31,32,21,38,25,,32,50,,57,39,56,49,26,25,27,63,45,47,,62,59,59,56,65,46,,38,3,37,31,9,,,22,2,8,4,5,,50,45,,,69,71,67,70,,75,70,,70,72,72,74,70,,78,132,132,131,129,141,102,154,115,115,127,39,46,40,52,56,45,,41,30,25,65,59,57,57,64,62,65,58,63,57,58,59,85,85,78,89,85,,90,93,78,78,29,32,39,19,33,28,28,42,28,52,,50,59,57,46,58,56,63,72,63,59,55,44,,,,48,46,,45,34,55,,,,40,,49,39,48,44,39,50,58,32,46,,,,45,52,,46,44,51,43,49,,45,15,14,21,1,13,41,52,,56,,42,51,,52,45,,52,44,37,,44,53,50,47,83,82,82,,,63,78,83,75,90,89,67,,57,,,55,,67,61,,88,94,92,82,87,84,,83,80,79,77,62,62,77,20,30,38,44,41,41,40,45,27,49,42,,,97,95,90,101,,66,51,50,54,61,,52,57,62,,57,135,69,64,,61,65,90,92,106,,,84,42,93,87,95,80,74,74,81,70,74,79,80,73,,57,50,56,56,60,44,57,,66,54,32,42,42,40,36,41,41,34,39,28,52,52,,43,39,66,14,60,36,6,93,55,65,57,58,61,44,,30,31,36,65,62,52,49,67,62,52,53,53,,67,44,33,68,70,54,,60,66,58,63,,,61,40,56,23,30,25,85,48,50,37,62,,46,49,47,43,47,39,27,17,,57,13,43,50,29,,4,9,6,6,6,24,13,,,15,14,15,13,6,,44,42,40,36,,,46,73,80,79,73,72,73,69,71,88,78,,22,39,27,23,25,25,51,55,54,46,57,50,27,15,24,16,19,34,10,13,,44,7,21,20,,1,,18,18,,,,,85,,,,56,40,47,19,56,61,79,,61,29,39,43,39,33,33,28,29,31,32,,26,33,39,55,,66,65,68,52,35,42,48,38,46,,123,132,126,52,65,64,31,77,87,68,64,71,79,77,94,90,88,,,30,,46,27,32,51,83,,73,54,,,39,21,19,28,,45,54,55,,28,30,41,14,40,99,90,115,99,53,,,,,,,63,,31,65,97,52,5,56,48,112,107,115,,100,,,59,,67,53,49,117,122,107,123,115,,54,57,58,52,47,61,52,56,56,35,16,7,9,98,98,89,23,39,30,49,,37,48,52,,105,111,,106,104,101,102,54,,13,8,,,56,68,,,,39,45,61,49,56,56,,56,61,,25,31,,42,,3,23,11,,20,128,61,63,52,,108,104,113,110,98,110,,85,73,93,71,91,76,112,70,72,116,100,85,69,55,63,69,67,71,69,59,54,66,,45,49,48,,47,73,71,69,62,67,49,52,52,58,56,60,52,59,,56,66,43,,38,77,68,73,72,,86,73,90,,50,,9,17,37,38,,45,43,,,,54,,52,,24,,,,60,55,60,2,17,,,,11,6,13,10,41,37,,52,39,45,38,31,55,,34,,,19,46,48,24,75,63,66,64,69,29,56,,38,19,26,7,39,15,9,45,43,39,41,42,38,,52,57,57,50,,23,14,17,32,9,24,26,20,,,,,18,31,,36,33,26,32,30,27,29,37,39,31,37,40,34,38,,2,16,,7,11,18,,3,4,,3,34,19,8,10,6,9,15,9,36,35,38,36,,,101,91,44,67,53,55,84,88,,72,75,1,6,41,,,79,,,,,80,,,,,,,,,,,,,,,,88,,,,,,,,,,,,,,,,,,,,,,,,,,,,,,,,,,,,,,28,23,40,25,23,54,60,60,52,,,,39,34,29,34,,,31,19,38,40,27,40,,17,43,47,,,50,24,,11,5,,,4,,82,79,,,67,52,,,53,63,64,,,64,65,31,29,77,73,83,64,60,60,61,63,99,83,95,82,60,67,61,57,59,61,56,44,,49,42,65,,94,99,81,90,57,46,63,69,52,57,49,70,,,77,42,38,44,34,60,73,50,97,58,52,58,64,43,69,57,71,,,52,74,68,,60,59,,55,27,27,,26,9,27,,47,51,63,47,11,47,25,,44,48,33,47,47,47,46,50,,51,50,46,32,35,47,,16,,5,,,,34,31,34,20,15,40,,40,,44,35,39,99,99,113,108,,17,16,12,,,20,21,16,,23,4,17,,,72,32,31,31,33,27,27,3,11,7,13,51,48,58,56,,38,36,34,34,33,,55,56,59,71,74,74,68,71,3,,11,7,15,44,51,48,45,47,19,23,31,,32,68,69,,39,54,48,73,,71,66,65,,49,24,42,37,34,,65,59,63,62,58,,30,,46,54,44,27,23,,21,21,54,6,13,15,17,17,44,27,22,31,,54,65,57,,52,51,,33,35,40,42,,30,33,27,25,30,27,31,32,34,31,31,43,55,54,50,49,32,47,46,43,46,33,32,37,34,33,51,53,51,51,55,54,58,46,48,51,16,43,37,32,39,20,34,38,10,,15,5,26,27,27,8,3,15,53,37,52,56,34,44,41,25,28,23,10,11,22,16,,21,11,9,61,,,72,30,33,35,33,41,47,40,43,42,42,52,47,25,35,,,,25,24,,22,31,29,32,26,24,,38,35,19,,,,,,50,53,50,53,,,5,,37,28,29,37,32,33,,59,59,59,61,,,,,62,63,37,37,56,55,24,,69,20,19,40,39,,37,41,17,6,9,7,23,21,,47,51,58,50,6,11,32,25,12,,15,9,,22,25,,46,46,48,,48,,86,,43,41,43,67,68,63,3,3,2,4,31,14,13,12,,24,34,,55,64,84,,63,74,6,11,94,98,,52,54,72,65,,,39,45,50,,83,55,71,46,33,63,28,,32,,,42,9,52,40,58,57,51,40,46,,72,43,27,76,66,55,5,4,8,,,10,20,12,19,,81,50,54,59,38,39,71,54,14,54,60,45,37,,2,54,30,51,77,53,62,,11,,47,46,45,32,7,12,93,36,48,68,63,18,65,37,,,63,78,51,83,,58,54,45,32,,41,46,,,18,52,35,52,60,44,42,87,42,47,61,12,18,4,25,,39,57,,26,116,42,47,84,70,67,98,52,11,9,58,93,49,53,65,102,54,13,52,23,35,58,28,,62,63,67,51,,50,88,4,69,29,39,34,33,29,48,70,38,12,12,51,23,2,16,101,37,46,26,28,33,11,4,,,9,38,39,84,61,99,47,38,,86,55,54,41,13,72,62,80,39,,47,6,12,79,68,35,86,,94,84,85,81,81,65,82,86,15,55,58,81,61,62,45,30,58,50,64,52,34,48,40,26,38,32,55,41,51,51,38,66,73,64,51,56,9,42,58,62,98,38,37,76,51,49,62,64,41,47,55,38,37,34,57,75,63,47,9,55,61,68,63,63,6,20,19,18,15,30,16,18,47,18,35,40,,36,46,45,88,27,63,87,108,44,,37,41,22,46,19,39,32,,130,52,25,10,26,33,57,45,10,74,4,59,21,57,70,45,77,85,40,58,61,51,69,65,66,65,47,42,53,66,29,39,61,24,48,50,60,82,52,49,49,56,76,68,63,64,19,125,31,50,46,62,64,48,34,34,47,57,42,58,41,58,6,100,62,10,49,25,47,63,31,5,38,74,71,51,63,63,86,69,26,48,60,2,38,20,13,56,30,18,36,22,22,29,36,116,42,57,46,47,75,28,47,91,61,61,,41,29,32,16,57,51,41,27,31,3,87,53,66,83,65,68,46,42,17,22,28,44,67,20,31,38,34,,87,22,29,65,49,11,30,31,22,47,59,52,98,55,90,36,32,59,69,37,12,37,,15,12,45,18,12,52,38,100,66,17,52,33,42,58,57,32,33,54,36,52,18,33,19,67,7,13,15,19,52,5,13,8,7,26,99,69,58,36,6,72,47,4,29,85,44,63,116,64,61,58,59,74,68,,63,51,21,13,63,49,32,81,83,25,27,59,77,44,48,20,3,10,36,34,42,48,86,,44,59,84,71,39,10,63,41,,58,41,44,12,50,19,56,77,59,42,28,19,56,78,49,7,83,4,8,64,59,43,55,44,58,65,57,65,83,52,15,37,51,57,63,44,60,127,68
20231004,3,O3_8h_24h,26,51,38,2,20,36,11,51,83,68,8,28,,,61,,83,73,60,,80,,70,63,,21,51,,39,31,30,52,50,45,126,,30,70,,76,,93,48,100,,90,,34,20,37,36,22,43,29,,43,52,,61,39,57,49,33,25,33,74,46,57,,71,60,59,56,65,47,,49,3,56,35,9,,,28,3,13,4,5,,50,45,,,72,73,67,70,,85,77,,77,78,74,81,74,,95,132,138,134,131,141,102,154,115,117,127,49,53,49,56,60,52,,51,46,47,69,60,58,62,66,64,68,62,65,59,59,65,86,93,78,97,94,,91,95,83,83,29,38,51,19,36,40,32,47,28,55,,64,69,61,48,62,65,63,72,63,59,55,45,,,,53,50,,45,43,60,,,,40,,51,48,53,49,49,54,64,32,46,,,,45,52,,47,45,51,43,51,,45,15,14,21,1,13,48,52,,56,,42,63,,56,45,,52,44,43,,44,55,50,47,88,91,82,,,66,80,96,94,101,102,88,,83,,,67,,67,62,,91,94,93,82,91,87,,86,86,82,88,66,62,78,22,32,47,50,45,44,41,50,27,56,48,,,106,103,95,107,,66,51,50,54,63,,54,57,62,,57,135,72,64,,70,68,90,94,107,,,96,97,94,88,110,82,77,76,86,79,75,79,80,82,,58,51,58,56,63,46,60,,68,58,32,42,42,40,36,41,41,34,39,28,58,61,,54,39,73,14,67,47,7,107,70,76,65,62,62,49,,30,36,36,66,67,52,58,71,69,60,64,62,,74,57,56,68,70,67,,63,69,60,69,,,66,52,68,30,35,34,85,49,52,47,62,,50,57,55,49,52,55,30,21,,57,13,43,50,29,,7,9,6,6,9,24,13,,,16,14,15,14,8,,51,42,40,36,,,46,75,80,79,73,72,73,70,71,88,78,,22,41,28,24,25,25,52,55,57,46,58,54,27,15,24,22,19,34,10,13,,44,7,21,20,,1,,21,18,,,,,87,,,,56,42,82,20,73,81,82,,62,29,39,43,39,33,36,30,30,32,33,,27,34,40,59,,72,70,72,52,41,42,55,40,46,,135,148,137,61,69,64,31,99,113,84,66,77,86,85,94,91,88,,,32,,56,27,32,54,86,,76,60,,,39,21,19,28,,48,56,63,,28,48,41,16,42,99,91,116,99,57,,,,,,,73,,34,77,98,59,5,56,52,116,107,115,,124,,,62,,73,59,66,126,130,118,130,124,,56,59,60,54,47,61,59,56,60,38,18,8,10,106,107,98,26,40,31,53,,37,48,59,,116,123,,110,120,113,103,65,,23,8,,,56,68,,,,40,48,73,62,75,60,,70,70,,42,35,,46,,6,30,11,,38,128,69,65,54,,125,118,130,116,111,124,,93,96,96,90,96,79,122,70,85,123,104,96,73,72,68,72,70,76,76,75,61,75,,49,54,53,,53,74,71,69,71,67,50,54,52,59,58,62,52,63,,59,66,62,,40,80,68,74,72,,86,77,94,,54,,9,17,45,40,,56,52,,,,59,,58,,28,,,,62,61,64,2,17,,,,11,6,13,10,41,38,,53,42,45,40,37,55,,37,,,22,46,52,25,75,68,72,70,76,35,61,,38,20,32,7,41,23,14,47,43,39,41,42,38,,54,57,58,52,,28,19,19,32,9,26,28,21,,,,,20,34,,38,33,26,32,30,29,30,39,40,33,39,40,39,44,,6,16,,7,15,28,,3,4,,3,36,19,10,10,8,9,18,13,36,35,38,36,,,101,91,44,67,66,60,86,93,,76,75,1,6,41,,,79,,,,,82,,,,,,,,,,,,,,,,88,,,,,,,,,,,,,,,,,,,,,,,,,,,,,,,,,,,,,,28,23,52,25,23,54,67,60,52,,,,54,35,46,46,,,36,25,52,41,29,40,,17,43,50,,,50,36,,14,5,,,4,,87,90,,,67,52,,,54,63,65,,,64,68,46,52,83,81,84,64,60,61,62,63,111,92,106,94,70,72,67,60,64,68,60,46,,52,45,78,,97,102,82,94,61,55,67,71,52,57,49,70,,,78,42,38,44,40,68,80,60,101,58,52,58,65,43,69,57,71,,,52,74,68,,62,62,,55,35,51,,34,14,36,,48,64,66,56,11,51,33,,49,52,34,55,49,52,47,52,,53,54,50,33,42,48,,16,,8,,,,36,31,34,22,19,42,,40,,52,41,47,102,103,115,114,,17,17,12,,,24,24,18,,23,4,21,,,88,32,31,31,33,27,28,3,11,7,13,59,55,66,59,,39,37,34,35,34,,59,56,59,77,83,85,80,82,3,,12,7,20,45,53,50,46,50,24,32,36,,58,71,73,,46,60,55,84,,74,71,65,,56,32,51,38,34,,69,70,63,62,62,52,38,,46,54,44,28,28,,27,26,60,6,16,15,20,21,44,27,24,33,,54,65,60,,52,51,,33,35,40,45,,30,36,32,34,36,28,36,33,34,36,31,44,58,55,53,52,32,47,46,43,46,40,39,42,39,37,51,54,51,51,55,56,59,47,48,51,17,43,38,32,45,20,34,39,29,,23,8,29,30,27,15,3,15,60,46,64,66,35,46,44,31,33,26,14,19,27,19,,21,11,9,61,52,,73,31,33,36,33,42,47,42,44,49,50,57,50,25,47,,,,25,26,,23,31,29,32,26,24,,42,35,20,,,,,,54,56,51,54,1,,5,,39,28,30,38,34,33,,62,63,61,63,,,,,62,63,37,37,56,55,26,,69,21,21,40,40,,37,42,18,8,10,8,29,31,,49,53,58,50,8,12,32,25,12,,15,11,,25,28,,46,47,48,,49,,86,,46,44,43,67,71,63,3,3,2,5,31,14,13,15,,24,34,,62,70,84,,81,81,10,11,94,98,,52,54,78,74,,,43,45,50,,84,55,71,48,34,66,30,,45,,,44,15,52,40,58,61,52,43,52,,79,48,27,77,66,58,5,4,8,,,10,30,12,29,,83,52,54,68,38,39,89,68,14,70,72,52,37,,2,66,30,51,80,53,66,,11,,51,58,45,35,8,16,93,36,58,74,76,20,67,38,,,71,86,59,84,,58,54,45,32,,44,46,,,27,52,35,55,72,52,49,97,42,48,68,12,24,4,32,,46,62,,28,131,43,48,84,72,67,118,55,26,10,58,99,49,54,65,104,54,18,52,30,35,64,28,,62,63,67,53,,54,101,4,69,39,50,38,36,29,51,76,51,14,14,54,25,2,25,101,42,48,31,30,34,11,4,,,9,72,39,86,63,102,47,38,,86,62,58,44,19,88,68,98,39,,71,7,13,79,68,36,86,65,95,91,90,88,81,65,82,86,22,57,64,83,62,70,45,45,64,53,64,55,39,48,43,26,44,32,62,45,54,58,38,71,75,67,54,58,10,42,72,68,108,39,37,76,56,62,62,69,45,47,56,38,38,38,67,75,63,55,9,62,61,68,65,63,8,21,22,20,22,31,16,19,48,18,38,45,,41,46,51,96,30,75,110,110,47,,37,50,31,46,22,46,38,,132,52,37,12,26,33,62,50,10,74,4,70,28,58,96,55,80,86,40,58,62,58,75,71,66,65,55,52,56,67,37,39,62,24,61,60,60,92,52,60,51,82,76,84,72,64,19,141,36,50,58,64,69,51,36,34,47,65,46,60,52,60,6,112,69,10,52,25,48,65,34,5,40,77,85,55,64,67,86,69,31,50,60,2,41,20,17,58,39,21,39,33,31,38,81,116,59,57,59,55,75,28,50,94,61,61,,42,33,32,22,57,59,42,27,31,5,90,53,69,84,91,70,46,42,18,22,31,44,71,24,31,40,39,,88,23,31,68,50,14,31,32,23,49,59,62,100,56,91,36,33,67,84,62,12,42,,25,12,52,24,12,61,50,112,72,17,52,36,45,58,65,33,33,54,55,54,18,46,26,70,7,13,15,19,54,5,14,11,9,27,100,78,58,36,6,73,55,4,40,89,46,66,125,71,64,75,70,74,70,,68,61,30,13,63,49,35,100,95,25,42,80,81,47,50,28,3,10,37,36,44,53,88,,47,59,89,88,64,14,74,62,,58,49,46,24,58,19,71,78,60,42,28,22,56,92,49,10,86,12,8,66,60,43,62,48,58,65,57,65,93,54,31,38,54,60,98,44,69,136,68
20231004,3,CO,0.4,0.3,0.5,0.5,0.6,0.3,0.6,0.6,0.5,0.3,0.4,0.6,,,0.8,,0.8,0.9,0.9,,0.9,,0.8,0.5,,0.7,0.9,,0.9,1,0.8,0.9,1,0.9,1.3,,0.6,0.5,,0.5,,1.2,0.6,1.1,,1,,0.6,0.3,0.5,0.9,0.8,0.6,0.7,,1,0.3,,0.1,0.1,0.2,0.4,0.4,0.5,0.5,0.3,0.4,0.4,,0.4,0.5,0.6,0.3,0.7,0.4,,1.3,2.3,1.6,1.5,0.8,,,1,1.3,0.8,1,1.2,,0.4,0.4,,,0.2,0.4,0.2,0.3,,0.5,0.5,,0.4,0.5,0.5,0.5,0.4,,0.4,0.8,0.8,0.8,1,0.8,0.9,0.9,0.8,0.8,0.8,0.3,0.4,0.3,0.4,0.2,0.2,,0.3,0.4,0.5,0.5,0.3,0.5,0.4,0.5,0.7,0.5,0.5,0.2,0.4,0.6,0.4,0.5,0.6,0.4,0.7,0.5,,0.3,0.5,0.4,0.6,0.3,0.7,0.2,0.7,0.4,0.4,0.4,0.4,0.6,0.4,,0.6,0.6,0.6,0.6,0.6,0.7,0.2,0.6,0.4,0.5,0.6,0.5,,,,0.4,0.4,,0.5,0.5,0.4,,,,0.4,,1,0.6,1,1,1.2,1.1,1,0.7,0.5,,,,0.7,0.6,,0.5,0.4,0.4,0.7,0.5,,0.4,0.7,0.5,0.6,0.7,0.5,0.4,0.4,,0.4,,0.5,0.4,,0.5,0.5,,0.4,0.5,0.5,,0.7,0.5,0.6,0.5,0.5,0.5,0.5,,,0.4,0.6,0.5,0.5,0.4,0.5,0.5,,0.6,,,0.5,,0.7,0.5,,0.5,0.4,0.5,0.4,0.4,0.3,,0.6,0.5,0.5,0.5,0.6,0.5,0.5,0.4,0.7,0.5,0.7,0.3,0.7,0.5,0.8,0.7,0.5,0.7,,,0.4,0.4,0.5,0.6,,0.3,0.4,0.7,0.8,0.5,,0.7,0.6,0.4,,0.7,0.4,0.4,0.5,,0.4,0.4,0.4,0.4,0.4,,,0.5,0.8,1,0.4,0.6,0.5,0.6,0.7,,0.6,0.5,0.6,0.6,0.7,,0.7,0.5,0.5,0.6,0.5,0.5,0.5,,0.5,0.7,0.4,0.6,0.5,0.6,0.6,0.5,0.6,0.4,0.7,0.3,0.9,0.8,,0.7,0.7,0.8,0.9,0.8,0.7,0.9,0.7,0.8,0.5,1.2,0.8,0.8,0.7,,0.6,0.7,0.8,1,0.7,0.5,0.5,0.7,0.6,0.5,0.5,0.7,,0.7,0.7,0.6,0.4,0.6,0.4,,0.5,0.5,0.6,0.5,,,1.1,0.9,0.8,0.8,0.9,0.9,0.8,0.7,0.6,0.7,0.5,,0.7,0.9,0.8,0.9,0.5,0.9,0.7,0.8,,0.4,0.4,0.4,0.2,0.3,,0.8,1,0.6,0.6,0.9,0.8,0.8,,,0.9,0.9,0.8,0.9,1.2,,0.6,0.6,0.5,0.6,,,0.6,0.7,0.4,0.2,0.4,0.4,0.4,0.2,0.3,0.3,0.2,,0.6,0.5,0.6,0.8,0.5,0.6,0.3,0.1,0.2,0.2,0.2,0.2,0.6,0.7,0.8,0.7,0.7,0.7,0.6,0.7,,0.9,0.3,0.6,0.6,,0.8,,0.5,0.6,,,,,0.7,,,,1,1.1,1,1,0.8,0.6,0.6,,0.5,0.5,0.6,0.5,0.4,0.8,0.7,0.6,0.7,0.5,0.6,,0.4,0.8,0.5,0.4,,0.7,0.4,0.5,0.6,0.6,0.4,0.8,0.7,0.5,,0.9,0.8,0.6,1.1,0.6,0.5,0.7,0.4,0.3,0.2,0.3,0.3,0.5,0.5,0.6,0.6,0.5,,,0.8,,0.5,0.7,1.1,0.7,0.6,,0.5,0.6,,,0.7,0.9,0.9,0.7,,0.6,0.8,2,,0.4,0.6,0.5,0.6,0.6,0.6,0.3,0.6,0.4,0.2,,,,,,,0.4,,0.6,0.3,0.5,0.4,0.9,0.6,,0.3,0.3,0.5,,0.6,,,0.7,,0.8,0.8,0.6,0.7,0.9,0.5,0.5,0.8,,0.6,0.6,0.6,0.5,0.6,0.5,0.5,0.7,0.6,0.7,0.7,0.9,0.7,,0.7,0.7,0.8,0.8,0.9,0.8,,0.5,0.7,0.6,,0.5,0.6,,0.8,0.9,0.9,0.9,0.8,,0.7,0.7,,,0.4,0.3,,,,0.6,0.6,0.6,0.5,1.1,1.4,,1.1,0.9,,1.3,1.3,,1.4,,1.1,0.8,0.8,,0.9,0.7,0.2,0.3,0.3,,2.1,1.8,1.8,0.7,0.5,1.7,,0.4,0.7,0.6,0.6,0.6,0.5,0.8,1.1,1,0.8,0.5,1.3,0.3,0.5,0.5,0.6,0.4,0.5,0.5,0.5,0.6,0.5,,0.3,0.3,0.3,,0.2,0.4,0.2,0.3,0.4,0.4,0.3,0.3,0.3,0.2,0.3,0.4,0.7,0.7,,0.5,0.7,0.8,,0.6,0.6,0.6,0.7,0.6,,0.5,0.8,0.9,,0.7,,1,0.7,0.7,0.7,,1.1,1,,,,0.6,,0.5,,1,,,,0.5,0.6,0.5,0.8,0.6,,,,0.7,0.7,0.7,1,0.8,0.7,,0.7,0.5,0.7,0.6,0.5,0.6,,0.7,,,0.4,0.5,0.5,0.6,0.7,0.9,0.8,0.9,0.7,0.5,0.5,0.6,0.6,0.5,1,1.1,0.8,0.8,0.4,0.3,0.4,0.7,0.7,0.7,0.7,,0.7,0.7,0.8,0.5,,0.6,1,0.7,0.6,0.5,0.7,0.6,0.6,,,,,0.7,0.7,,0.6,0.5,0.4,0.3,0.3,0.2,0.4,0.7,0.6,0.5,0.5,0.8,0.9,0.5,,0.8,0.5,,0.9,0.6,0.8,,0.5,0.6,,0.8,0.5,0.7,0.8,0.6,0.7,0.8,0.7,0.7,0.7,0.6,0.7,0.7,,,0.5,0.2,1.3,0.6,1.5,1.3,0.2,0.2,,0.3,0.2,0.7,0.3,0.2,,,0.5,,,,,0.7,,,,,,,,,,,,,,,,0.6,,,,,,,,,,,,,,,,,,,,,,,,,,,,,,,,,,,,,,0.8,0.8,0.7,0.9,0.9,0.4,0.5,0.4,0.4,,,,1.1,0.9,1,0.9,,,0.6,0.7,0.7,0.7,0.6,0.7,,0.7,0.7,1,,,0.9,0.8,,0.6,0.9,0.5,,0.7,,0.5,0.2,,,0.4,0.3,,,0.3,0.3,0.4,,,0.3,0.3,0.2,0.2,0.7,0.5,0.5,0.3,0.2,0.3,0.4,0.4,1,0.8,1,0.9,0.3,0.2,0.2,0.3,0.4,0.3,0.6,0.5,,0.1,0.9,0.5,,0.1,0.3,0.5,0.4,0.4,0.4,0.3,0.4,0.5,0.5,0.5,0.3,,,0.2,0.2,0.3,0.3,0.2,0.2,0.2,0.3,0.3,0.4,0.5,0.2,0.6,0.6,0.3,0.4,0.2,,,0.7,0.2,0.3,,0.4,0.4,,0.1,0.4,0.4,,0.3,0.4,0.5,,0.3,0.2,0.3,0.3,0.3,0.5,0.4,,0.7,0.8,0.6,0.9,0.5,0.7,0.8,0.9,,0.6,0.4,0.5,0.5,0.3,0.3,,0.6,,0.7,,,,0.6,0.5,0.5,0.5,0.6,0.3,,0.7,,0.8,0.7,0.7,0.6,0.7,0.6,0.6,,0.6,0.8,0.8,,,0.7,0.7,0.7,,0.6,0.6,0.7,,,0.5,0.3,0.5,0.4,0.5,0.4,0.8,0.9,0.6,0.7,0.5,0.7,0.6,0.7,0.8,,0.1,0.5,0.4,0.7,0.8,,1.3,0.8,1.4,1,1.1,0.5,0.9,1.1,0.9,,1.8,1.9,1.2,0.8,0.9,0.8,1,0.9,,0.5,0.8,,1.1,0.5,0.6,,0.7,1,0.7,0.4,,0.4,0.4,0.6,,0.6,0.7,0.5,0.5,0.7,,0.5,0.6,0.6,0.5,0.4,,0.4,,0.4,0.3,0.3,0.6,0.7,,1.3,0.9,0.7,0.8,0.8,0.6,0.7,0.8,0.8,0.7,0.5,0.6,,0.6,0.6,0.4,,0.7,0.8,,0.8,0.9,0.9,0.7,,0.5,0.5,0.6,1,1,0.6,0.8,0.8,0.7,0.9,0.7,0.7,0.6,0.7,0.6,0.6,0.5,0.6,0.8,0.7,0.6,0.9,1,0.9,0.7,0.8,0.6,0.6,0.6,0.6,0.6,0.7,0.7,0.8,0.5,0.6,0.9,0.5,0.8,0.7,0.2,0.7,0.6,0.5,0.9,0.8,0.7,0.8,0.5,0.5,0.5,0.8,0.8,0.7,0.5,0.5,0.6,0.7,0.7,0.5,0.7,0.7,0.6,0.7,0.7,0.5,0.7,0.8,,0.5,0.5,0.5,0.4,,,0.4,0.7,0.4,0.5,0.3,0.6,0.5,0.6,0.5,0.7,0.6,0.6,0.9,0.6,0.6,,,,0.5,0.4,,0.4,,0.3,0.4,0.5,0.5,,0.7,0.5,0.4,,,,,,0.5,0.5,0.5,0.5,0.7,,0.4,,0.3,0.5,0.6,0.6,0.7,1,,0.4,0.4,0.5,0.5,,,,,0.2,0.4,0.6,0.6,0.1,0.1,0.6,,0.3,0.6,0.5,0.6,0.6,,0.6,0.5,0.7,0.7,0.4,0.4,0.5,0.5,,0.4,0.5,0.2,0.3,0.5,0.3,0.3,0.2,0.6,,0.5,0.3,,0.5,0.3,,0.3,0.3,0.4,,0.6,,0.3,,0.3,0.2,0.5,0.7,0.5,0.5,0.5,0.6,0.8,0.7,0.7,0.6,0.6,0.4,,0.4,0.6,,0.7,0.6,0.3,,0.3,0.3,0.4,0.5,0.3,0.5,,0.5,0.7,0.2,0.1,,,0.8,0.6,0.4,,0.6,0.5,0.7,0.4,0.6,0.7,0.5,,0.6,,,0.5,0.6,0.5,0.4,0.6,0.6,0.3,0.2,0.6,,0.3,0.2,0.4,0.5,0.7,0.4,1,1.1,0.8,,,0.7,0.8,0.6,0.5,,0.4,0.2,0.3,0.4,0.5,0.5,1.4,0.8,0.6,0.6,1,1,0.8,,0.7,0.5,0.8,0.4,0.4,0.4,0.5,,0.6,,0.6,0.7,0.6,0.7,0.7,1.2,0.3,0.5,0.2,0.5,0.4,0.4,0.5,0.4,,,0.4,0.6,0.7,0.9,,0.8,0.7,1,0.7,,0.4,0.8,,,1,0.4,0.9,0.3,0.4,0.5,0.7,0.6,0.5,0.2,0.5,0.5,0.9,0.8,1.1,,0.7,0.5,,0.4,0.6,0.3,0.4,0.6,0.3,0.2,0.7,0.3,0.8,0.5,0.5,0.4,0.6,1.1,0.3,0.2,0.3,1.1,0.2,0.6,0.3,0.4,0.9,,0.5,0.4,0.5,0.3,,0.2,1.3,1.1,0.6,0.7,0.6,0.7,0.7,0.6,0.7,0.7,0.5,0.8,1.4,0.7,0.6,0.8,1.3,0.6,0.5,0.8,0.6,0.5,0.3,0.5,0.6,,,0.6,0.5,0.4,0.8,0.4,0.2,0.5,0.6,,0.4,0.6,0.5,0.3,0.6,0.7,0.6,0.7,0.7,,0.5,1.1,0.6,0.4,0.7,0.5,0.3,,0.7,0.7,0.4,0.5,0.5,0.6,0.6,0.7,0.3,0.8,0.5,0.3,0.3,0.3,0.6,0.5,0.7,0.5,0.4,0.4,0.5,0.5,0.7,0.8,1,0.9,0.6,0.9,0.7,0.5,0.9,0.8,0.5,0.6,0.7,0.7,0.8,0.5,0.7,1.1,0.6,,0.4,0.4,0.9,0.8,0.7,0.2,0.5,0.4,0.4,0.7,0.8,0.7,0.9,0.4,0.7,0.3,0.9,1,0.5,0.4,0.6,0.6,0.3,0.9,0.5,0.7,0.7,0.7,0.6,0.5,0.7,0.5,0.4,0.6,,0.6,0.3,0.7,0.5,0.8,0.4,0.6,0.3,0.4,,0.7,0.5,0.5,0.5,0.6,0.5,0.5,,1,0.4,0.7,1,0.7,0.8,0.7,1.1,0.6,0.7,0.7,0.7,0.9,0.5,0.7,0.5,0.4,0.6,0.9,0.4,1.1,0.6,0.6,0.5,0.5,0.3,0.7,0.8,0.5,0.6,0.9,0.5,0.9,0.5,0.5,0.5,0.3,0.5,0.7,0.4,0.8,0.5,0.5,0.9,0.4,0.4,0.8,0.7,0.7,0.7,1,0.5,0.6,0.7,0.6,0.8,0.6,0.6,0.6,0.8,0.7,0.7,0.4,0.7,0.5,0.6,0.5,0.4,0.5,0.6,0.6,0.6,0.8,0.7,0.7,0.7,0.5,0.4,0.6,0.7,0.5,0.9,0.3,0.7,0.6,1,1,0.1,0.7,0.8,0.7,0.7,0.7,0.7,0.4,0.4,0.8,1,0.6,0.6,0.4,0.3,0.4,0.4,0.8,0.3,,0.6,0.8,0.7,0.5,0.8,1.9,0.5,0.8,0.4,0.9,0.4,0.2,0.8,0.5,0.8,0.7,0.6,0.6,1,0.6,0.6,0.6,0.5,0.4,0.4,0.6,0.5,,0.5,0.6,0.6,0.6,0.7,1.1,0.5,0.5,0.7,0.6,0.5,0.5,0.4,0.4,0.4,0.7,0.4,0.6,1.1,1.1,1,0.6,,1,0.7,0.5,0.7,0.5,0.5,0.8,0.6,0.7,0.8,0.7,0.7,0.5,0.6,0.7,0.8,1,0.8,0.9,0.7,0.6,0.7,1.2,0.6,1,0.6,0.9,0.8,0.9,0.7,0.8,0.8,0.6,0.7,0.3,0.5,0.4,0.4,0.6,0.7,0.7,1.6,0.8,0.3,0.8,0.6,0.7,0.6,1,1,0.6,0.4,0.3,,0.7,0.4,0.4,0.8,0.4,0.3,0.6,0.5,0.4,0.5,0.9,0.9,0.4,0.5,0.5,0.9,0.7,0.7,0.6,0.9,0.5,0.7,0.4,,0.2,0.1,0.5,0.4,0.9,1.1,0.8,0.7,,0.4,0.4,,0.4,0.5,0.5,0.6,0.4,0.4,0.4,0.6,0.6,0.5,0.5,0.7,0.3,0.5,0.3,0.5,0.4,0.3,0.4,0.4,0.8,0.6,0.3,0.2,0.4,0.5,0.1,0.4,0.2,0.4,0.6,0.6,0.8,0.5,0.7,0.4
20231004,3,CO_24h,0.5,0.5,0.6,0.5,0.6,0.5,0.6,0.6,0.6,0.5,0.6,0.7,,,0.5,,0.5,0.6,0.5,,0.6,,0.5,0.4,,0.8,0.6,,0.9,0.8,0.9,0.9,0.9,0.9,1.2,,0.5,0.4,,0.4,,0.6,0.7,0.8,,0.5,,0.8,0.4,0.7,0.7,0.7,0.5,0.5,,0.8,0.4,,0.3,0.3,0.3,0.5,0.7,0.5,0.9,0.5,0.5,0.4,,0.5,0.5,0.5,0.3,0.3,0.4,,1.3,0.9,1.1,1.2,1,,,1.2,1.2,1.1,1.2,1.3,,0.6,0.7,,,0.4,0.6,0.5,0.5,,0.7,0.7,,0.8,0.6,0.7,0.7,0.6,,0.6,0.7,0.7,0.6,0.7,0.6,0.6,0.7,0.7,0.6,0.6,0.5,0.5,0.5,0.6,0.4,0.3,,0.5,0.5,0.6,0.6,0.6,0.6,0.6,0.8,0.9,0.8,0.6,1.4,0.5,0.9,0.6,0.6,0.6,0.4,0.6,0.5,,0.4,0.5,0.4,0.6,0.4,0.8,0.2,0.7,0.3,0.4,0.4,0.4,0.6,0.3,,0.6,0.6,0.6,0.5,0.6,0.7,0.2,0.6,0.5,0.5,0.7,0.5,,,,0.4,0.5,,0.5,0.4,0.3,,,,0.3,,0.9,0.6,1,0.8,1,0.8,0.9,0.8,0.6,,,,0.8,0.6,,0.6,0.4,0.5,0.5,0.4,,0.4,0.7,0.5,0.6,0.6,0.6,0.4,0.4,,0.3,,0.5,0.5,,0.5,0.5,,0.4,0.5,0.5,,0.6,0.5,0.6,0.5,0.5,0.5,0.6,,,0.5,0.7,0.5,0.5,0.4,0.5,0.4,,0.5,,,0.4,,0.7,0.5,,0.5,0.4,0.5,0.4,0.4,0.4,,0.5,0.5,0.5,0.5,0.6,0.4,0.4,0.4,0.7,0.5,0.6,0.2,0.7,0.5,0.7,0.6,0.5,0.6,,,0.3,0.3,0.4,0.4,,0.3,0.3,0.7,0.9,0.6,,0.7,0.6,0.5,,0.7,0.4,0.4,0.5,,0.4,0.5,0.4,0.4,0.4,,,0.5,0.7,0.7,0.5,0.5,0.6,0.6,0.7,0.3,0.6,0.5,0.6,0.5,0.6,,0.6,0.6,0.5,0.6,0.5,0.4,0.5,,0.5,0.6,0.4,0.6,0.5,0.6,0.6,0.5,0.6,0.5,0.7,0.3,0.9,0.8,,0.7,0.9,0.9,0.9,0.8,0.6,0.8,0.6,0.8,0.5,0.9,0.7,0.7,0.7,,0.4,0.6,0.8,0.9,0.7,0.5,0.6,0.7,0.7,0.6,0.6,0.8,,0.8,0.8,0.6,0.5,0.7,0.5,,0.5,0.6,0.6,0.6,,,0.9,0.8,0.8,0.7,0.8,0.9,0.8,0.8,0.6,0.7,0.5,,0.7,0.7,0.8,0.8,0.5,0.8,0.7,0.7,,0.4,0.4,0.4,0.4,0.3,,0.8,1,0.6,0.6,0.9,0.8,0.8,,,0.9,0.9,0.9,0.9,1.2,,0.6,0.6,0.5,0.6,,,0.7,0.9,0.4,0.2,0.4,0.6,0.4,0.2,0.3,0.3,0.3,,0.6,0.5,0.6,0.6,0.5,0.6,0.4,0.4,0.3,0.4,0.3,0.2,0.7,0.7,0.8,0.7,0.7,0.6,0.6,0.7,,0.9,0.2,0.6,0.6,,0.8,,0.8,1,,,,,0.8,,,,0.9,0.9,0.7,0.7,1,0.6,0.7,,0.4,0.5,0.6,0.5,0.4,0.7,0.7,0.7,0.6,0.6,0.7,,0.5,0.8,0.5,0.9,,0.8,0.8,0.9,0.6,0.7,0.6,0.7,0.8,0.7,,0.7,0.7,0.6,0.8,0.8,0.7,0.7,0.5,0.5,0.5,0.6,0.6,0.8,0.9,0.6,0.6,0.6,,,0.8,,0.3,0.4,0.6,0.5,0.6,,0.5,0.5,,,0.6,0.7,0.9,0.6,,0.4,0.5,1.8,,0.4,0.5,0.5,0.6,0.6,0.6,0.3,0.6,0.4,0.3,,,,,,,0.3,,0.5,0.3,0.5,0.3,0.9,0.6,0.7,0.3,0.3,0.5,,0.5,,,0.8,,0.8,0.8,0.6,0.7,0.7,0.5,0.5,0.7,,0.7,0.8,0.7,0.6,0.6,0.5,0.6,0.7,0.6,0.6,0.8,0.9,0.8,0.7,0.7,0.7,0.9,0.8,0.9,0.8,,0.6,0.7,0.7,,0.5,0.6,,0.8,0.8,1,0.8,0.9,,0.7,0.7,,,0.4,0.3,,,,0.6,0.6,0.9,0.9,1,1.3,,1,0.9,,1.2,1.3,,1.4,,1.1,0.8,1,,1,0.8,0.3,0.4,0.4,,0.7,0.8,0.7,1,0.7,0.7,,0.6,0.8,0.8,0.8,0.6,0.6,0.6,1.1,2.3,0.6,0.5,0.7,0.7,0.9,0.8,1,0.7,0.6,0.5,0.6,0.6,0.6,,0.4,0.5,0.3,,0.2,0.5,0.5,0.5,0.6,0.5,0.5,0.5,0.4,0.3,0.4,0.5,0.6,0.6,,0.5,0.8,0.7,,0.7,0.6,0.6,0.8,0.6,,0.6,0.8,0.9,,0.7,,1,0.7,0.5,0.7,,1,0.8,,,,0.6,,0.5,,0.8,,,,0.5,0.6,0.5,0.7,0.5,,,,0.7,0.7,0.7,0.6,0.8,0.7,,0.7,0.6,0.7,0.5,0.5,0.6,,0.6,,,0.4,0.6,0.5,0.6,0.7,0.7,0.7,0.8,0.5,0.7,0.7,0.6,0.6,0.5,0.7,0.9,0.8,0.7,0.5,0.3,0.4,0.7,0.7,0.8,0.8,,0.7,0.8,0.9,0.6,,0.6,1,0.6,0.6,0.5,0.7,0.6,0.6,,,,,0.6,0.7,,0.7,0.5,0.5,0.4,0.3,0.3,0.4,0.7,0.7,0.5,0.5,0.8,0.8,0.5,,0.8,0.5,,1,0.7,0.7,,0.5,0.6,,0.7,0.5,0.7,0.8,0.7,0.7,0.8,0.7,0.7,0.8,0.6,0.7,0.6,,,0.7,0.3,1.8,0.8,1,0.6,0.2,0.2,,0.4,0.2,0.6,0.3,0.3,,,0.5,,,,,0.6,,,,,,,,,,,,,,,,0.5,,,,,,,,,,,,,,,,,,,,,,,,,,,,,,,,,,,,,,0.8,0.7,0.6,0.8,0.9,0.4,0.4,0.4,0.4,,,,1.2,0.9,1.1,0.9,,,0.6,0.6,0.6,0.7,0.6,1,,1,1,0.7,,,0.5,0.7,,0.8,1,0.6,,0.8,,1.1,0.9,,,0.4,0.5,,,0.5,0.5,0.5,,,0.6,0.5,0.2,0.2,0.6,0.5,0.4,0.6,0.7,0.7,0.9,0.7,0.6,0.7,0.8,1,0.6,0.7,0.5,0.6,0.6,0.5,1.1,0.6,,0.3,1,0.6,,0.4,0.5,0.6,0.6,0.5,0.5,0.4,0.5,0.5,0.6,0.5,0.4,,,0.3,0.2,0.2,0.5,0.2,0.5,0.2,0.2,0.2,0.5,0.6,0.2,0.6,0.6,0.5,0.6,0.2,,,0.7,0.4,0.4,,0.4,0.5,,0.2,0.4,0.4,,0.3,0.3,0.5,,0.3,0.2,0.3,0.2,0.3,0.5,0.4,,0.6,0.6,0.5,0.7,0.4,0.7,0.7,0.7,,0.5,0.4,0.5,0.5,0.3,0.3,,0.5,,0.6,,,,0.6,0.4,0.5,0.4,0.4,0.2,,0.6,,0.6,0.5,0.6,0.5,0.6,0.6,0.6,,0.5,0.7,0.8,,,0.7,0.8,0.6,,0.6,0.6,0.7,,,0.5,0.3,0.4,0.3,0.5,0.4,0.9,1.6,0.8,1.2,0.7,0.8,0.6,0.9,1.1,,,0.5,0.5,0.6,0.7,,1.3,0.9,1.4,1.1,1,0.4,0.8,0.9,0.8,,1.4,1.7,1,0.9,0.7,0.9,1,1,,0.4,0.6,,0.8,0.6,0.6,,0.7,1,0.7,0.4,,0.4,0.4,0.6,,0.5,0.6,0.5,0.5,0.6,,0.5,0.6,0.5,0.5,0.4,0.6,0.4,,0.5,0.4,0.4,0.5,0.5,,0.9,0.9,0.7,0.9,0.8,0.6,0.7,0.6,0.8,0.7,0.5,0.7,,0.6,0.5,0.4,,0.6,0.7,,0.8,0.9,1,0.8,,0.5,0.5,0.5,1,1.1,0.7,0.8,0.8,0.8,0.9,0.8,0.9,0.6,0.8,0.7,0.7,0.5,0.7,0.8,0.7,0.6,0.8,1.1,1.1,0.8,1,0.8,0.7,0.7,0.9,0.8,0.7,0.7,0.8,0.6,0.7,0.9,0.5,0.8,0.8,0.3,0.7,0.6,0.5,0.8,0.8,0.7,0.7,0.6,0.6,0.6,0.7,0.8,0.7,0.6,0.5,0.6,0.6,0.6,0.5,0.7,0.7,0.7,0.7,0.7,0.4,0.7,0.8,,0.5,0.5,0.5,0.4,0.6,,0.4,0.6,0.4,0.5,0.3,0.6,0.5,0.6,0.5,0.7,0.6,0.6,0.9,0.6,0.5,,,,0.5,0.5,,0.4,,0.5,0.5,0.6,0.6,,0.6,0.5,0.4,,,,,,0.5,0.5,0.5,0.5,0.8,,0.5,,0.4,0.5,0.6,0.7,0.7,0.9,,0.4,0.4,0.5,0.5,,,,,0.3,0.4,0.6,0.6,0.1,0.1,0.6,,0.3,0.6,0.5,0.6,0.5,,0.7,0.6,0.6,0.6,0.4,0.4,0.4,0.4,,0.3,0.5,0.2,0.2,0.4,0.3,0.2,0.2,0.5,,0.5,0.4,,0.5,0.3,,0.3,0.4,0.5,,0.7,,0.3,,0.3,0.2,0.5,0.7,0.4,0.6,0.5,0.7,0.8,0.7,0.7,0.7,0.6,0.4,,1.2,1.3,,0.6,0.7,0.7,,0.3,0.4,0.5,0.5,0.4,0.4,,0.6,0.6,0.3,0.2,,,0.8,0.7,0.4,,0.5,0.5,0.4,0.4,0.6,0.6,0.5,,0.6,,,0.6,0.5,0.6,0.5,0.5,0.5,0.4,0.4,0.6,,0.5,0.2,0.4,0.5,0.5,0.4,0.7,0.7,0.7,,,0.8,0.8,0.6,0.3,,0.4,0.4,0.5,0.5,0.5,0.5,0.9,0.8,0.6,0.5,0.7,0.9,1.1,,0.7,0.6,0.8,0.5,0.5,0.4,0.5,,0.5,,0.6,0.6,0.7,0.6,0.9,1,0.5,0.5,0.2,0.6,0.7,0.5,0.4,0.4,,,0.5,0.6,0.6,0.7,,0.7,0.7,1,0.7,,0.4,0.7,,,0.9,0.4,1,0.3,0.4,0.5,0.6,0.7,0.5,0.3,0.5,0.6,0.8,0.7,1.1,,0.4,0.5,,0.4,0.6,0.4,0.4,0.8,0.4,0.3,0.5,0.3,0.7,0.5,0.5,0.4,0.4,1,0.5,0.2,0.4,1,0.3,0.7,0.4,0.4,0.9,,0.6,0.4,0.5,0.4,,0.4,0.7,1.1,0.6,0.6,0.6,0.6,0.6,0.6,0.7,0.6,0.7,0.6,1.2,0.6,0.5,0.7,1,0.6,0.5,0.7,0.6,0.5,0.4,0.6,0.6,,,0.8,0.4,0.4,0.8,0.4,0.3,0.5,0.5,,0.5,0.6,0.7,0.3,0.8,0.7,0.6,0.6,0.6,,0.6,1,0.6,0.7,1.1,0.5,0.4,0.5,0.7,0.5,0.4,0.5,0.5,0.6,0.6,0.6,0.4,0.6,0.6,0.9,0.4,0.4,0.7,0.5,0.7,0.5,0.3,0.3,0.4,0.4,0.7,0.8,1,0.8,0.6,1,0.7,0.5,0.9,0.7,0.5,0.7,0.7,0.6,0.8,0.5,0.7,0.9,0.7,,0.3,0.4,0.6,0.5,0.7,0.2,0.4,0.4,0.3,0.6,0.7,0.8,1,0.5,0.6,0.3,0.7,0.9,0.5,0.3,0.6,1,0.3,0.8,0.6,0.7,0.7,0.7,0.6,0.5,0.7,0.6,0.4,0.7,,0.6,0.4,0.7,0.6,0.7,0.3,0.5,0.3,0.4,,0.5,0.5,0.4,0.5,0.6,0.5,0.5,,0.8,0.4,0.6,0.8,0.6,0.8,0.7,0.8,0.5,0.7,0.7,0.6,0.9,0.5,0.6,0.4,0.4,0.6,0.8,0.7,1.1,0.6,0.6,0.5,1,0.4,0.7,0.8,0.5,0.6,0.8,0.5,0.8,0.7,0.5,0.5,0.3,0.4,0.6,0.3,0.3,0.7,0.5,0.8,0.5,0.5,0.8,0.7,0.7,0.7,0.9,0.5,0.6,0.7,0.6,0.7,0.5,0.7,0.5,1,0.4,0.7,0.4,0.6,0.6,0.4,0.5,0.3,0.5,0.6,0.5,0.5,0.7,0.6,0.6,0.8,0.5,0.6,0.9,0.7,0.5,1.1,0.4,0.8,0.6,1,1,0.4,0.6,0.7,0.7,0.8,0.6,0.8,0.4,0.4,0.6,0.8,0.5,0.7,0.5,0.4,0.3,0.3,0.8,0.3,,0.5,0.7,0.7,0.5,0.9,0.9,0.6,0.6,0.5,0.8,0.5,0.2,0.7,0.5,0.7,0.5,0.6,0.6,0.9,0.5,0.6,0.6,0.4,0.4,0.4,0.5,0.5,,0.5,0.7,0.6,0.6,0.7,1.1,0.5,0.5,0.7,0.6,0.5,0.4,0.4,0.4,0.4,0.6,0.5,0.8,0.9,1.2,0.9,0.6,,0.8,0.7,0.4,0.6,0.5,0.4,0.8,0.7,0.7,0.8,0.7,0.7,0.4,0.7,0.8,0.8,0.9,0.8,0.8,0.6,0.4,0.6,1,0.5,1,0.6,0.8,0.8,0.7,0.7,0.6,0.8,0.6,0.7,0.3,0.7,0.6,0.6,0.6,0.6,1,1.4,0.8,0.9,0.8,0.5,0.8,0.7,0.8,0.9,0.6,0.5,0.4,,0.7,0.4,0.4,0.8,0.5,0.4,0.7,0.5,0.5,0.5,0.8,0.6,0.5,0.6,0.6,0.7,0.7,0.7,0.6,1,0.5,0.6,0.5,,0.3,0.3,0.4,0.3,0.8,1.2,0.9,0.7,,0.6,0.5,0.2,0.4,0.7,0.5,0.5,0.5,0.8,0.4,0.5,0.7,0.5,0.4,0.4,0.4,0.6,0.5,0.6,0.6,0.5,0.4,0.4,1,0.5,0.4,0.4,0.5,0.6,0.3,0.3,0.3,0.4,0.6,0.5,0.6,0.7,0.8,0.5
20231004,4,AQI,17,15,19,15,22,18,21,67,39,20,33,21,,,99,,100,87,90,,89,,81,78,,71,102,,76,115,102,77,83,104,72,,72,65,,64,,68,62,63,,63,,83,84,77,127,123,130,128,,128,19,,18,15,29,44,37,46,51,34,36,39,,37,69,62,70,68,67,,65,72,61,61,63,,,82,102,57,70,67,,15,14,,,20,21,20,21,,30,24,,19,18,19,24,22,,19,80,71,90,77,102,94,83,80,67,69,25,16,19,12,14,10,,19,23,28,18,17,16,24,18,18,18,16,19,16,15,16,25,25,22,27,23,,27,29,23,25,28,24,31,25,29,33,29,25,27,16,,24,25,20,26,18,22,27,24,23,22,22,56,,,,38,34,,43,33,32,,,,32,,31,34,37,34,34,41,29,31,33,,,,33,29,,40,35,33,49,46,,52,48,46,48,51,51,39,48,,42,,46,44,,34,25,,35,25,28,,25,26,29,35,25,25,30,,,25,25,22,40,33,31,33,,42,,,37,,26,28,,25,29,25,25,26,25,,44,36,39,39,38,29,33,31,52,39,35,29,51,31,44,58,49,39,,,38,27,39,40,,48,49,28,32,20,,33,36,20,,32,51,37,52,,51,51,52,56,34,,,31,46,32,30,31,,56,54,46,50,56,53,,51,,18,19,25,21,32,26,19,,25,24,15,20,20,25,15,25,18,21,26,21,52,53,,49,70,43,43,50,41,52,42,36,43,39,46,36,37,,50,44,42,54,34,28,32,34,33,48,43,37,,26,57,54,23,32,25,,30,29,30,,,,58,45,47,51,47,48,53,63,46,,35,,25,30,26,24,20,45,28,105,,30,33,25,23,13,,28,15,22,35,17,22,22,,,19,23,13,18,14,,45,19,38,35,,,24,22,26,27,24,28,24,24,28,28,25,,19,12,8,16,12,18,16,16,17,16,18,15,22,25,29,23,20,19,20,15,,24,31,19,24,,51,,53,49,,,,,42,,,,58,53,51,46,22,48,54,,31,22,20,17,,30,40,34,33,35,39,,31,29,15,21,,20,17,22,18,41,36,29,36,34,,38,32,,30,24,24,29,19,20,16,19,19,24,21,32,29,35,,,56,,67,71,67,64,71,,65,80,,,79,87,68,67,,57,58,68,,73,62,46,67,59,34,34,35,32,34,,,,,,,68,,79,59,51,70,33,24,39,37,36,38,,92,,,32,,45,29,35,46,40,38,49,45,,22,25,21,23,32,19,32,34,19,36,36,35,33,,37,38,55,59,38,26,,32,32,38,,41,43,,55,52,59,53,,,33,13,,,70,59,,,,30,31,31,35,62,64,,58,58,,71,75,,89,,74,76,74,,74,67,17,18,17,,53,43,49,53,40,46,,33,23,28,17,23,37,44,51,49,33,29,35,20,34,20,22,20,20,20,23,22,23,,18,15,15,,14,25,32,26,26,25,16,16,18,17,26,23,30,25,,28,20,52,,20,22,20,22,29,,26,26,31,,59,,58,49,51,52,,68,,,,,66,,62,,70,,,,54,40,54,41,45,,,,12,10,17,12,40,46,,24,26,42,22,43,27,,32,,,28,23,16,21,24,57,52,55,62,23,24,,27,38,64,56,34,62,24,21,20,26,23,18,32,,45,47,46,39,,14,33,21,10,31,46,53,47,,,,,54,41,,50,10,33,20,17,10,23,22,19,17,16,13,15,13,,21,22,,40,45,49,,31,42,,52,16,18,29,20,30,31,24,25,35,43,29,38,,,33,34,78,41,64,77,22,20,,24,19,60,64,122,,,51,,,,,44,,,,,,,,,,,,,,,,32,,,,,,,,,,,,,,,,,,,,,,,,,,,,,,,,,,,,,,27,49,40,48,,50,49,52,42,,,,57,64,63,57,,,57,70,59,56,59,63,,69,67,56,,,61,75,,50,50,44,,83,,43,36,,,22,38,,,33,34,26,,,26,22,25,28,44,45,46,20,20,20,20,20,30,29,28,26,17,20,18,18,20,17,28,16,,17,42,18,,27,28,37,30,16,18,19,28,17,21,16,24,,,25,20,18,32,29,22,21,23,28,21,20,20,20,20,21,20,24,,,25,23,21,,18,18,,25,35,43,,27,39,15,,20,27,16,31,29,33,53,,45,65,54,56,68,51,28,30,,36,19,16,31,21,25,,45,,62,,,,23,31,43,44,54,51,,23,,26,29,28,31,32,34,32,,46,31,45,,,32,29,30,,40,40,34,,,26,13,15,32,15,28,30,54,38,41,32,28,50,46,40,,32,27,29,38,35,,65,52,55,50,53,56,53,52,51,,58,48,,27,33,40,38,38,,53,53,,62,55,70,,65,62,63,53,,60,79,62,,63,52,51,55,55,,36,38,,39,40,,55,,48,46,54,54,42,,51,47,21,30,18,15,38,54,75,60,45,32,,38,40,43,,30,30,,33,15,42,34,,52,39,49,27,14,20,28,,26,44,24,38,31,30,39,35,35,39,49,41,45,38,54,52,62,57,44,38,33,38,36,16,18,20,19,15,24,16,18,18,23,11,19,11,67,,89,66,20,20,18,51,39,53,42,40,38,39,48,33,56,107,50,39,36,42,27,37,,50,44,33,25,23,,22,24,22,25,14,36,26,33,35,37,33,27,30,35,52,,,,19,19,,24,10,11,10,9,11,,23,25,26,,,,,,30,27,18,25,18,,15,,11,13,12,13,16,15,,24,29,20,25,,,,,20,21,14,13,24,19,26,,22,8,8,20,23,,19,12,19,22,11,19,29,15,,35,39,30,38,22,15,18,14,30,,21,12,,14,9,,14,14,13,,15,,26,,11,24,16,21,20,21,61,91,81,69,16,19,18,18,,25,21,,17,32,29,,34,23,,38,32,33,,35,32,36,42,,,38,25,16,,27,20,22,23,7,33,47,,40,,,53,35,26,22,54,51,76,69,27,,27,20,31,65,65,83,169,153,137,,,51,46,52,18,,25,29,21,36,12,49,45,62,75,78,89,128,64,,52,21,34,33,25,29,20,,46,,48,87,17,25,17,26,48,22,24,17,27,20,23,12,,,37,50,30,89,,55,46,73,35,,39,21,,,48,34,38,39,34,35,56,48,62,26,36,20,15,23,84,,93,62,,35,40,32,28,31,22,23,92,33,45,21,29,29,89,65,25,35,22,59,19,64,11,65,42,,23,30,21,15,,29,72,18,108,52,55,32,39,32,61,62,45,40,57,23,42,27,68,35,52,28,57,11,25,14,12,,,46,51,69,24,32,30,41,36,,31,40,48,35,33,26,69,50,25,,28,58,50,35,29,13,32,,28,25,24,24,25,26,23,25,23,20,16,56,20,15,49,48,19,20,24,33,36,33,36,45,65,77,56,41,44,34,30,43,27,45,47,59,40,31,29,56,54,16,75,50,85,124,29,22,53,25,49,34,29,57,42,57,59,52,52,49,20,23,19,26,15,16,22,24,18,28,13,15,14,12,16,39,,52,36,29,37,62,46,77,30,57,,70,71,73,67,9,16,12,,82,15,38,42,40,17,24,29,42,62,51,41,56,27,42,34,24,36,50,21,42,54,63,52,21,25,34,31,27,21,42,15,47,39,33,23,25,39,40,35,39,51,37,51,29,21,43,51,35,32,52,42,26,29,25,49,30,22,33,72,72,71,58,56,57,67,55,29,24,25,38,49,30,57,61,67,55,64,45,49,52,17,18,21,14,10,35,18,68,72,54,49,37,33,62,46,71,79,77,67,34,55,70,29,31,85,,78,94,98,56,44,82,32,43,15,39,31,52,46,41,54,58,36,35,40,39,23,14,24,34,24,20,21,,26,13,31,25,43,17,14,12,18,28,26,38,27,25,25,34,23,18,74,35,83,52,,132,55,70,88,80,78,80,53,98,118,92,84,88,76,77,79,87,52,52,,34,54,87,55,62,25,33,19,57,24,30,22,26,22,26,19,80,109,13,22,56,91,64,54,51,49,58,24,51,51,24,25,25,,26,52,51,60,27,20,37,36,39,64,73,94,54,43,51,48,40,15,28,38,27,40,27,,13,22,26,84,63,89,63,52,,13,60,15,21,27,27,77,48,18,23,57,63,32,73,70,24,30,25,51,20,17,,40,93,30,22,40,23,26,19,51,11,15,48,86,64,52,29,28
20231004,4,PM2.5,10,6,9,9,9,9,9,46,25,6,8,10,,,74,,75,64,67,,66,,58,57,,48,76,,50,87,76,56,60,78,44,,52,43,,42,,35,35,45,,39,,61,62,56,96,93,99,83,,97,1,,7,7,20,22,16,27,23,22,19,27,,18,50,44,51,49,48,,35,32,36,30,35,,,60,61,30,51,48,,3,3,,,2,2,2,2,,12,11,,13,6,11,7,4,,13,59,51,65,56,76,70,54,48,48,50,17,9,13,8,7,7,,9,12,14,8,10,9,5,9,10,7,10,13,7,8,7,5,7,6,7,6,,11,8,1,5,14,12,17,17,14,11,15,17,14,10,,11,12,9,14,11,14,6,8,5,4,,39,,,,26,19,,30,23,22,,,,22,,14,14,19,17,22,19,19,17,20,,,,12,20,,22,24,23,34,27,,31,33,32,27,35,30,24,33,,29,,32,29,,13,14,,19,16,19,,17,16,17,13,7,8,5,,,5,6,7,19,16,13,21,,20,,,23,,10,14,,12,8,14,7,6,6,,23,20,22,19,22,20,12,19,36,27,24,12,29,17,24,41,34,27,,,19,17,16,21,,21,19,14,22,12,,23,19,7,,22,29,22,24,,27,22,22,37,19,,,17,14,10,14,15,,29,27,19,31,38,29,27,25,,12,12,17,11,22,18,13,,17,13,10,14,14,17,10,17,12,11,18,7,32,35,,26,51,30,23,33,25,34,29,19,20,17,20,21,19,,35,23,24,17,20,13,21,15,23,33,29,14,,16,26,34,16,17,17,,19,18,10,14,,,29,21,21,33,30,28,30,27,26,34,23,,17,15,18,16,14,27,17,27,,13,12,12,13,5,,19,9,15,21,10,15,15,,,13,16,6,12,8,,31,10,21,16,,,13,2,14,18,14,19,12,14,19,14,12,,4,7,4,7,8,8,7,5,6,6,5,6,11,14,16,14,14,13,14,10,,14,13,13,16,,30,,37,34,,,,,22,,,,41,37,26,29,15,22,16,,17,15,14,11,12,21,18,20,15,16,20,,21,14,10,4,,2,3,7,5,7,14,14,14,14,,14,11,,16,11,13,13,6,9,5,5,7,7,3,16,16,17,,,34,,46,46,48,41,44,,46,59,,,58,64,48,48,,35,41,46,,48,44,22,48,42,12,16,20,14,12,,,,,,,48,,58,41,21,38,23,15,27,10,10,17,,68,,,17,,31,20,19,21,18,19,22,21,,8,13,11,11,19,9,22,14,9,24,23,20,23,22,21,18,39,42,25,14,,22,15,20,,20,30,,25,30,28,22,17,,17,9,,,51,42,,,,10,11,14,6,44,46,,41,29,,50,55,,66,,39,46,47,,54,48,4,6,6,,37,18,26,26,20,22,,6,12,19,9,16,10,21,32,25,16,12,19,3,16,5,15,3,6,12,16,11,12,,9,6,5,,7,10,22,17,14,17,4,11,12,5,18,16,18,15,,19,13,19,,14,10,6,8,20,,15,13,2,,42,,41,34,33,36,,44,,,,,45,,33,,51,,,,33,28,34,23,25,,,,5,7,,7,22,19,,14,13,29,12,30,17,,22,,,1,10,11,7,8,40,36,39,44,11,5,17,12,26,46,32,22,44,15,10,8,18,12,6,22,,31,31,32,26,,3,14,6,5,21,27,32,19,,,,,33,25,,22,6,23,4,4,7,16,11,13,9,11,6,5,8,,11,12,,28,31,26,,15,15,,30,10,12,18,14,17,16,10,16,24,30,20,24,,,12,9,1,12,17,11,8,14,,13,10,21,26,29,,,29,,,,,27,,,,,,,,,,,,,,,,7,,,,,,,,,,,,,,,,,,,,,,,,,,,,,,,,,,,,,,14,32,28,26,24,30,29,26,29,,,,29,24,34,31,,,28,31,41,24,26,35,,49,48,30,,,35,55,,32,35,19,,28,,10,15,,,3,26,,,19,14,18,,,18,8,6,2,16,24,31,7,3,5,1,2,21,20,19,18,4,2,8,7,8,11,9,6,,6,14,10,,5,4,11,5,6,7,7,6,10,10,11,7,,,8,14,12,10,20,8,9,11,19,14,10,11,9,14,11,12,9,,,10,12,9,20,3,3,,17,15,18,,14,16,10,,14,18,4,17,13,22,28,,31,47,22,29,49,22,19,21,,25,5,7,14,13,17,,25,,44,,,,9,8,30,14,38,32,,16,,18,19,18,13,17,17,12,,26,21,26,,,22,20,21,,23,20,20,,,18,9,9,22,9,10,11,34,22,25,22,19,23,25,27,,3,16,20,26,22,,47,36,39,35,37,33,32,36,31,,35,32,38,18,22,22,26,21,20,36,33,,41,39,51,,40,44,45,37,,41,58,44,,45,31,33,39,34,,25,26,,27,28,,33,,33,32,38,14,18,,28,14,2,16,4,6,20,26,55,43,14,21,,26,28,30,,17,14,,22,10,27,19,,36,26,34,12,5,14,13,,13,28,16,26,21,21,24,24,5,27,30,25,31,24,38,35,44,40,24,23,23,24,25,6,4,7,7,4,10,9,12,11,16,2,7,4,43,37,53,37,14,12,10,22,17,16,26,28,26,24,20,22,24,80,35,27,17,29,18,22,,21,21,19,9,7,,,13,6,12,6,24,16,23,24,24,23,15,16,18,36,,,,13,8,,12,6,,,5,,,16,17,18,,,,,,17,10,9,12,12,,6,,4,9,5,9,11,7,,15,20,14,17,,,,,2,6,9,5,16,4,18,,7,2,5,13,16,,13,5,11,11,7,13,20,10,,24,27,19,26,14,10,12,8,6,,11,7,,7,6,,,2,3,,3,,3,,3,3,9,6,5,4,26,27,26,22,10,11,12,6,,11,10,,10,22,8,,19,11,,19,20,22,,20,22,11,29,,,25,13,6,,12,6,13,16,4,17,23,,28,,,20,19,18,13,12,9,20,21,13,,11,11,18,26,34,42,70,71,80,,,26,28,26,12,,3,11,13,17,6,21,31,44,55,55,66,97,46,,27,10,22,23,6,15,10,,32,,29,64,2,17,10,11,14,5,9,4,14,10,11,4,,,17,27,15,66,,24,28,53,24,,27,14,,,27,16,11,27,23,24,31,29,44,15,25,14,4,16,62,,69,44,,24,22,22,19,17,15,16,68,23,19,10,14,17,66,42,17,24,11,36,12,46,2,47,29,,16,21,14,5,,6,41,8,81,36,39,21,25,22,30,36,31,17,31,15,29,12,49,19,30,19,34,6,17,4,5,,,32,19,50,13,20,4,22,22,,7,28,26,24,22,16,50,34,11,,11,41,35,20,14,2,15,,6,9,10,5,6,7,5,5,12,8,10,13,3,3,34,30,10,14,5,20,25,20,23,31,47,56,23,21,28,15,14,22,10,25,22,40,28,15,14,38,24,11,55,29,55,94,15,5,34,17,34,20,20,40,29,40,42,36,36,34,9,14,9,7,8,11,10,15,9,19,4,7,6,7,11,27,,36,25,20,14,44,31,56,19,40,,51,44,47,48,6,6,7,,60,4,26,28,28,11,13,16,25,44,18,23,34,16,17,16,9,23,27,10,29,37,45,29,2,17,14,15,15,11,26,10,23,18,23,16,4,27,28,24,24,26,12,23,12,10,30,19,24,20,3,18,14,17,16,34,17,14,20,52,52,44,35,33,36,48,25,13,14,16,24,34,21,31,38,48,37,42,31,34,33,9,5,11,7,6,23,3,49,52,38,34,24,21,24,24,44,58,56,40,22,39,51,9,17,63,,57,70,73,39,6,23,22,16,10,18,12,22,32,15,28,41,13,16,28,16,15,5,14,18,7,8,8,,8,9,2,17,30,6,9,8,11,19,18,20,15,17,7,14,10,6,54,21,61,24,,100,24,44,61,55,57,50,34,73,89,68,57,65,54,55,46,54,24,33,,21,37,64,31,44,17,7,12,37,12,14,11,14,15,5,,32,82,6,4,38,52,29,4,24,19,41,9,29,27,11,17,17,,18,29,35,43,11,14,17,19,14,46,53,70,36,30,22,25,23,10,13,22,14,18,12,,2,1,10,27,39,66,45,36,,5,34,7,10,9,14,56,24,2,6,40,42,22,46,51,11,19,10,32,2,2,,18,69,21,8,23,4,7,12,22,5,,32,58,46,36,10,19
20231004,4,PM2.5_24h,36,28,33,30,31,34,26,41,37,26,29,27,,,35,,34,31,35,,32,,25,26,,25,42,,35,44,49,41,43,52,33,,32,29,,28,,19,32,32,,39,,37,34,33,73,62,56,53,,61,8,,14,18,17,16,17,24,24,23,30,38,,29,29,29,33,25,24,,33,29,36,33,43,,,70,67,38,52,37,,25,25,,,22,25,22,25,,16,15,,18,14,18,16,17,,18,32,29,30,28,31,29,27,27,27,22,18,18,14,13,11,11,,12,13,15,17,17,15,14,18,17,19,20,21,15,16,15,9,11,8,11,8,,8,9,7,8,8,11,12,8,8,9,11,12,9,13,,11,12,11,11,11,11,5,11,8,8,5,18,,,,26,21,,22,24,22,,,,14,,9,9,11,10,11,12,11,11,18,,,,13,16,,13,17,17,14,13,,13,20,19,16,20,20,15,18,,14,,22,22,,16,19,,21,21,19,,19,18,23,20,11,13,10,,,14,11,12,17,17,15,17,,14,,,16,,8,12,,12,13,18,6,8,8,,23,23,27,23,26,22,19,15,18,16,15,8,20,17,14,19,15,20,,,13,12,15,11,,18,17,22,23,18,,27,22,13,,21,20,18,18,,18,20,18,24,18,,,11,12,10,12,14,16,21,20,17,20,23,21,20,20,,6,7,10,6,12,10,9,,9,10,7,9,7,9,11,9,8,6,7,6,32,36,,34,36,34,28,32,22,30,27,21,21,19,21,18,26,,16,14,18,23,17,14,21,14,27,30,28,24,,22,28,32,24,22,22,,22,21,20,18,,,28,24,24,27,26,26,25,18,26,24,24,,18,18,21,19,18,17,19,22,,11,11,11,12,5,,16,9,16,18,10,10,18,,,13,21,13,14,19,,25,21,22,28,,,24,14,11,19,15,19,13,16,23,18,12,,7,9,8,10,6,8,9,7,7,7,6,5,14,12,14,11,13,14,14,10,,15,15,10,14,,35,,37,36,,,,,28,,,,43,43,25,30,28,26,26,,21,8,7,6,8,12,11,12,14,10,16,,16,11,8,17,,22,21,19,18,16,17,14,18,15,,24,18,12,17,15,14,16,15,14,13,17,21,18,18,14,16,19,,,28,,25,30,28,26,29,,25,34,,,34,40,29,41,,27,32,41,,43,32,31,31,33,12,13,12,10,15,,,,,,,23,,38,32,21,31,17,15,17,10,6,11,,32,,,27,,29,27,26,23,20,20,25,20,,11,12,13,13,16,13,19,18,11,25,24,23,26,19,23,17,34,32,25,13,,14,18,20,,25,28,,24,26,23,25,22,,24,9,,,33,32,,,,20,22,20,20,27,34,,27,23,,43,50,,55,,38,41,40,,41,41,11,13,12,,21,17,22,21,19,17,,14,19,18,16,19,18,14,18,28,15,11,15,24,24,20,24,20,12,13,16,14,15,,15,13,7,,10,16,20,24,17,17,23,11,14,17,16,14,13,12,,13,12,12,,12,14,15,16,18,,15,17,10,,31,,32,28,24,30,,30,24,,,,28,,20,,26,,,,33,30,23,27,25,,,,4,7,3,6,19,19,,13,9,17,9,18,9,,10,,,4,7,9,4,3,26,24,28,29,12,9,14,17,22,33,25,21,22,19,10,10,20,24,23,24,,31,32,30,25,,8,11,8,9,20,29,29,22,,,,,23,26,,23,7,17,8,10,9,16,13,17,16,16,12,8,10,,15,15,,35,33,22,,12,16,,19,10,10,20,16,19,22,14,21,23,24,20,23,,,8,14,35,34,18,18,5,12,,19,8,24,23,28,,,25,,,,,14,,,,,,,,,,,,,,,,9,,,,,,,,,,,,,,,,,,,,,,,,,,,,,,,,,,,,,,10,23,22,20,19,24,27,25,24,,,,19,20,22,20,,,26,25,29,25,28,53,,56,56,30,,,28,36,,37,41,19,,24,,24,21,,,12,23,,,25,21,19,,,21,21,5,3,16,14,17,17,16,17,16,11,17,17,17,19,15,14,14,16,15,18,17,16,,14,19,14,,9,11,12,12,19,17,16,14,13,13,12,14,,,13,16,13,15,13,12,9,10,12,10,9,11,14,14,12,12,7,,,8,11,10,19,9,9,,14,10,9,,11,16,12,,17,18,11,17,16,17,22,,13,17,12,16,20,10,16,17,,18,11,11,13,10,13,,22,,33,,,,6,6,10,9,21,14,,18,,17,17,17,12,12,11,14,,22,21,22,,,16,21,18,,20,20,17,,,13,14,20,23,22,13,20,41,31,34,31,34,39,38,42,,12,26,28,30,30,,32,31,32,31,38,37,35,36,42,,44,48,44,29,32,31,32,29,21,28,23,,37,31,36,,29,25,31,26,,29,31,26,,34,25,28,32,31,,23,21,10,24,26,29,30,,33,34,40,12,16,,17,11,4,15,5,8,17,22,35,26,7,9,,28,22,23,,13,11,,13,9,17,16,,24,19,22,10,6,23,22,,22,28,26,33,27,25,32,32,7,17,17,16,15,33,54,52,56,61,49,51,49,50,55,5,8,12,10,9,7,11,16,11,13,4,6,7,32,32,33,25,12,15,10,16,18,15,21,21,21,16,19,25,25,40,33,21,17,30,19,22,,23,19,18,7,7,,4,12,7,10,5,16,12,17,17,25,22,15,21,15,20,,,,12,9,,10,8,2,4,6,4,,12,10,9,,,,,,11,13,15,14,13,,9,,5,8,9,12,11,9,,18,18,12,16,,,,,6,6,16,16,11,12,21,,8,10,7,14,13,,18,6,10,14,11,14,10,9,,17,20,15,17,10,13,8,9,11,,13,10,,9,7,,2,4,4,,14,,4,,1,4,6,5,5,7,19,22,20,19,9,12,12,8,,29,28,,15,13,18,,26,21,,23,19,22,,18,21,21,25,,,20,15,15,,16,12,18,16,6,13,28,,29,,,33,15,14,9,10,15,18,24,7,,18,15,15,21,26,36,44,50,65,,,27,23,24,12,,6,20,20,17,10,19,27,35,28,28,29,52,68,,23,13,15,16,13,16,15,,23,,29,34,23,17,11,12,17,8,8,16,17,10,13,5,,,32,21,14,30,,28,34,57,15,,19,9,,,15,14,12,13,24,19,20,9,17,15,18,19,14,17,50,,33,34,,20,23,36,34,13,17,17,33,14,24,9,22,13,29,28,18,21,20,31,15,29,5,33,25,,21,22,20,11,,18,27,14,40,16,20,10,11,10,24,23,20,13,46,12,16,14,32,17,32,16,34,7,8,7,6,,,34,16,30,15,20,4,20,14,,19,28,35,18,37,13,29,27,14,,15,31,27,33,31,5,19,9,5,8,10,8,10,11,8,6,20,22,17,14,15,10,21,24,13,13,6,11,15,13,23,30,38,36,33,24,27,18,24,23,17,28,24,27,28,13,20,30,24,10,38,35,29,41,12,12,17,11,20,14,16,37,32,32,30,30,29,27,8,15,8,6,8,20,19,10,17,20,10,12,12,11,12,23,,25,32,22,12,32,27,32,10,32,,24,30,33,29,7,10,11,,26,9,16,23,20,24,14,19,21,34,17,19,34,11,18,14,13,18,26,21,36,30,39,32,18,17,10,11,12,12,16,8,13,16,14,10,8,16,14,10,13,21,25,27,21,15,19,24,22,21,15,19,17,13,19,20,14,19,18,45,34,30,30,27,35,27,20,12,13,13,20,22,20,18,19,34,24,32,34,26,25,9,13,9,9,17,8,12,25,25,25,31,22,29,26,14,24,32,31,21,24,29,34,5,14,35,,30,39,39,28,28,28,15,25,12,17,12,17,21,12,25,22,22,23,22,18,23,22,11,14,9,9,10,,8,10,4,16,25,8,8,10,11,24,19,16,14,14,10,22,20,22,36,28,40,24,,57,29,27,41,28,27,37,28,61,70,62,46,52,48,47,40,35,18,22,21,16,22,39,23,34,16,12,21,22,16,14,12,19,15,6,10,60,88,8,6,73,42,19,21,25,20,31,20,26,26,16,10,21,,14,21,26,32,15,23,23,13,12,34,37,38,28,29,32,27,20,11,6,16,19,13,21,,6,9,10,25,33,52,32,28,,23,30,25,29,18,10,34,21,21,10,22,32,28,25,33,18,33,23,34,24,22,,15,38,19,15,27,14,11,18,16,6,1,27,33,26,33,19,19
20231004,4,PM10,17,11,18,15,20,16,21,83,39,13,17,18,,,126,,134,120,120,,118,,111,98,,92,130,,102,135,130,93,115,108,93,,88,80,,77,,86,58,61,,75,,76,72,72,129,142,143,205,,133,19,,18,13,17,44,37,46,51,34,36,39,,37,78,64,65,83,66,,79,94,72,72,76,,,81,154,64,87,82,,5,9,,,6,12,11,5,,30,24,,18,14,13,24,22,,10,95,92,130,102,101,63,115,109,70,50,20,16,19,11,14,10,,19,19,28,9,10,13,24,7,18,10,9,9,10,5,13,14,16,13,15,17,,14,20,20,16,28,24,31,24,29,33,29,25,27,11,,24,25,20,26,18,22,16,13,16,12,8,61,,,,34,34,,39,29,29,,,,22,,31,34,37,34,34,41,29,31,33,,,,33,29,,40,33,28,39,46,,54,36,24,48,51,51,39,31,,28,,43,44,,34,25,,35,25,25,,24,26,29,35,16,23,23,,,20,17,19,40,33,31,33,,42,,,37,,26,28,,24,24,24,17,19,19,,44,36,39,39,38,27,33,31,48,36,34,29,51,31,44,48,46,39,,,38,27,39,40,,48,49,28,24,14,,29,36,16,,32,51,37,54,,51,51,54,61,34,,,31,46,31,29,31,,62,58,46,50,62,55,63,51,,11,19,23,21,17,18,15,,19,24,14,17,9,18,14,14,17,21,26,21,53,55,,49,88,39,43,50,41,54,41,36,43,39,46,36,37,,48,44,42,57,34,28,32,34,29,44,43,37,,26,63,58,18,32,18,,30,29,30,31,,,66,45,47,52,47,48,56,76,46,45,35,,25,30,23,24,9,45,28,159,,30,33,25,23,11,,28,15,20,35,17,22,16,,,13,17,13,14,13,,41,19,38,35,,,24,3,17,17,22,24,24,24,24,24,19,,19,9,8,16,7,18,7,6,6,8,5,5,22,25,29,23,19,15,19,7,,24,31,19,24,,52,,42,39,,,,,42,,,,45,44,52,46,20,48,57,,31,22,17,17,,23,40,34,33,35,39,,31,29,15,16,,16,9,15,16,41,36,29,36,34,,38,32,38,30,24,24,29,18,15,10,9,17,24,12,32,29,35,,,61,,83,92,73,78,92,,79,96,,,100,92,85,75,,64,59,85,,95,63,46,73,48,34,34,34,22,34,,,,,,,85,,101,68,51,90,31,24,39,12,17,24,,97,,,32,,33,29,35,46,40,38,49,45,,22,25,21,23,32,17,31,34,19,36,36,35,33,35,37,38,39,57,38,26,,29,32,38,,41,33,,59,54,68,55,24,,33,13,,,83,52,,,,30,31,31,35,52,55,,46,66,,92,80,,95,,98,102,98,,69,76,7,6,5,,51,43,49,55,40,46,,33,23,20,17,21,37,44,52,49,33,29,35,12,34,12,14,14,18,20,22,22,23,,18,15,12,,12,25,13,26,26,24,16,13,14,16,10,23,30,25,,23,18,53,,17,11,11,16,16,,12,26,3,,49,,58,48,51,51,,86,71,,,,82,,73,,74,,,,57,39,58,41,45,,,,12,7,17,12,40,46,,24,26,30,22,31,27,,30,,,28,23,14,21,14,53,53,57,54,23,24,21,27,36,66,61,34,46,24,21,20,22,23,12,29,,43,47,42,39,,14,33,21,8,31,46,56,47,,,,,58,41,,50,3,16,20,17,9,14,22,17,17,16,12,15,13,,21,22,,38,39,49,,31,42,,53,16,18,29,19,30,31,24,25,34,34,27,38,,,11,22,105,41,77,104,10,12,,14,8,70,77,193,,,51,,,,,44,,,,,,,,,,,,,,,,27,,,,,,,,,,,,,,,,,,,,,,,,,,,,,,,,,,,,,,27,49,37,48,44,50,49,54,38,,,,63,77,75,63,,,64,89,68,62,67,75,,87,68,61,,,71,85,,50,49,44,,116,,43,36,,,21,23,,,33,34,25,,,16,11,25,28,44,45,46,9,5,9,4,13,23,20,23,18,6,10,12,6,20,17,28,8,,17,22,18,,11,6,37,30,12,18,8,28,17,15,16,13,,,8,10,17,32,20,22,5,23,16,16,20,20,15,12,14,14,12,,,11,13,14,15,6,5,,11,35,43,,27,39,14,,20,27,16,31,29,33,56,,45,51,57,61,49,52,22,21,,26,19,16,31,21,24,,45,,49,,,,23,31,22,44,50,52,,22,,26,29,28,28,28,34,26,,46,31,45,,,28,29,25,,40,40,34,,,26,13,15,13,15,28,30,58,38,41,32,21,50,46,40,,32,27,28,34,35,,48,41,50,44,56,61,55,51,51,,66,48,49,27,33,40,30,38,50,56,56,,74,60,66,,79,61,70,50,,69,86,57,,59,54,51,48,59,,36,33,22,32,39,,59,,45,44,40,57,42,,52,47,6,30,18,15,38,58,47,42,45,32,,35,39,38,,30,30,,33,11,42,34,,47,39,40,27,14,11,28,25,26,44,24,36,31,30,39,28,35,31,49,41,45,38,48,53,42,54,44,38,31,38,35,8,12,20,19,15,24,16,16,18,17,11,19,11,84,111,127,81,17,20,18,51,39,56,42,39,31,39,48,33,62,58,49,26,36,28,27,37,,50,44,33,25,12,,4,24,22,25,14,36,26,18,25,37,27,27,30,35,40,,,,18,19,,24,4,3,2,9,11,,23,20,26,,,,,,30,27,18,25,16,,15,,4,10,12,12,14,15,,24,20,15,15,,,,,13,11,10,6,24,19,22,,17,8,8,20,6,,13,7,19,22,11,12,13,15,,27,28,30,32,22,7,18,14,30,,21,12,,14,5,,4,4,,,10,,5,,5,24,13,6,10,4,71,132,111,87,6,19,16,18,,25,17,,17,24,20,,34,22,20,38,19,29,,35,30,36,38,,,38,25,16,,10,20,9,16,4,33,47,,37,,,55,35,23,22,58,51,102,88,27,,27,20,31,79,79,115,287,256,224,,,51,46,53,18,,19,29,21,36,6,49,44,64,93,106,114,112,70,,54,21,34,29,20,29,16,,42,,48,90,17,23,17,26,48,22,24,13,27,20,23,11,,,37,50,30,118,,60,46,89,27,,32,21,,,48,34,38,34,34,31,61,48,70,26,33,19,15,14,96,,112,52,,35,40,28,25,31,20,20,96,27,45,21,29,29,122,79,24,34,22,68,19,78,2,78,42,,20,24,16,8,,29,93,18,62,46,58,32,39,31,72,74,39,40,64,23,40,27,64,35,53,23,63,11,11,14,12,,,27,52,79,18,32,6,41,36,,15,39,48,28,33,26,63,50,25,,28,63,50,35,25,13,32,,16,16,20,17,12,17,18,22,23,20,9,61,16,3,39,48,17,19,17,33,35,33,36,42,78,70,61,41,44,34,30,43,27,45,47,68,31,31,29,61,57,4,75,50,119,160,29,15,55,23,39,34,25,58,39,50,58,43,49,48,17,14,11,4,15,16,22,24,18,23,13,15,13,12,11,39,,39,25,26,37,56,46,88,24,63,,75,92,96,78,9,16,12,,88,11,36,42,34,17,24,29,42,48,51,41,61,27,42,34,22,36,50,7,32,58,67,54,11,20,34,31,27,21,42,10,47,39,33,22,12,38,35,34,39,52,37,52,29,21,39,51,30,32,53,42,26,29,25,37,30,22,33,93,77,91,66,61,64,82,59,29,24,25,38,42,30,63,72,61,59,77,36,48,54,17,11,21,14,10,35,14,64,72,51,38,37,33,73,46,92,95,80,83,34,51,75,17,31,102,,99,117,112,62,44,114,28,43,12,39,31,53,44,41,58,48,36,35,40,39,23,9,24,34,24,20,21,,20,6,31,14,25,17,14,11,18,27,24,38,26,25,18,34,23,18,71,35,82,54,,129,60,89,126,110,88,110,55,118,163,96,117,118,102,104,107,123,53,53,84,34,57,99,59,53,16,33,19,63,24,30,22,26,21,10,19,109,135,13,5,62,132,77,57,51,49,40,24,52,51,24,18,24,,26,53,52,48,10,19,37,36,39,72,70,96,58,39,52,48,40,15,28,38,27,40,27,,7,,20,118,75,90,76,51,,13,70,13,20,27,27,68,48,14,2,57,75,30,96,79,24,30,25,51,5,5,23,40,86,17,6,40,14,24,19,51,9,4,48,122,68,53,29,22
20231004,4,PM10_24h,62,43,64,53,59,60,54,76,65,52,54,55,,,74,,69,63,74,,66,,64,49,,54,60,,82,93,90,81,85,84,73,,60,63,,53,,63,67,60,,65,,53,60,50,108,94,106,123,,107,32,,39,37,27,45,48,47,62,43,62,64,,64,59,54,61,56,61,,75,82,71,76,80,,,109,124,77,86,82,,43,42,,,46,47,43,47,,46,49,,46,54,46,43,40,,48,68,54,58,54,50,42,53,58,36,26,47,44,46,43,41,29,,42,41,48,31,31,35,38,42,34,42,39,37,29,33,39,24,24,21,22,27,,22,21,23,21,19,18,23,18,20,25,21,20,17,24,,27,30,28,27,25,27,17,19,16,19,15,38,,,,43,41,,41,41,31,,,,24,,22,28,25,21,24,24,20,23,35,,,,37,31,,24,25,21,18,18,,24,24,30,33,30,38,29,22,,19,,36,37,,42,31,,36,32,28,,29,33,38,39,20,33,35,,,32,25,23,35,35,29,38,,32,,,32,,29,29,,28,27,31,18,18,19,,51,43,48,47,44,32,36,33,28,24,23,19,32,23,27,27,24,26,,,37,33,39,37,,39,39,47,41,35,,41,42,18,,44,40,42,41,,42,56,41,51,25,,,29,36,34,29,33,41,44,41,37,38,43,40,45,43,,13,13,12,13,12,14,11,,11,12,15,11,11,12,12,14,15,13,18,12,49,50,,46,65,43,45,51,37,45,35,41,43,39,49,36,51,,33,35,36,56,33,30,33,30,44,48,51,39,,38,54,51,41,44,37,,36,39,35,39,,,47,44,41,46,43,44,52,63,43,39,36,,30,30,31,30,30,33,36,62,,23,24,22,22,14,,26,14,23,34,17,17,31,,,19,43,23,28,29,,38,35,37,42,,,39,24,23,24,26,25,27,28,28,25,18,,15,12,17,17,24,15,13,17,8,12,14,8,29,23,25,22,23,19,27,17,,29,31,22,26,,50,,47,46,,,,,50,,,,75,88,59,61,76,62,61,,54,15,15,14,17,15,24,22,25,24,25,,23,21,18,40,,46,34,37,35,40,32,27,29,33,,44,41,58,32,31,27,30,30,31,38,41,57,41,47,40,37,44,,,62,,50,54,52,42,69,,62,63,,,65,68,59,71,,50,52,88,,75,60,68,52,53,31,29,27,22,36,,,,,,,53,,73,59,46,65,35,34,36,15,24,23,,59,,,39,,36,35,42,45,44,47,50,52,,30,40,26,27,36,23,36,36,30,38,35,36,41,44,41,47,40,47,39,27,,31,27,33,,44,43,,50,48,58,54,32,,45,14,,,71,59,,,,58,57,57,62,40,40,,40,47,,74,72,,82,,76,77,94,,76,58,24,29,25,,39,46,48,55,43,76,,56,49,38,42,38,55,36,41,62,30,28,45,44,68,40,48,43,26,28,32,35,29,,27,19,24,,17,35,37,37,41,36,31,26,18,29,27,17,18,16,,15,18,19,,11,30,24,28,28,,30,28,15,,42,,47,41,35,39,,58,58,,,,53,,49,,45,,,,55,39,41,43,43,,,,11,11,16,11,30,31,,16,15,17,12,14,14,,15,,,12,13,9,11,4,36,45,41,45,23,28,25,29,33,37,45,39,42,31,20,22,27,34,27,32,,43,49,43,39,,21,25,18,14,40,47,52,44,,,,,51,47,,45,10,22,26,19,22,20,17,22,24,22,21,21,17,,28,24,,45,46,48,,25,33,,39,16,15,31,26,29,37,28,32,32,32,30,35,,,25,43,85,59,64,53,18,25,,33,24,81,95,88,,,48,,,,,32,,,,,,,,,,,,,,,,28,,,,,,,,,,,,,,,,,,,,,,,,,,,,,,,,,,,,,,20,34,35,36,37,45,42,50,38,,,,48,53,54,44,,,54,70,55,60,68,104,,112,95,45,,,49,58,,66,66,55,,72,,51,43,,,46,25,,,56,55,32,,,25,27,20,20,38,37,34,52,48,46,55,45,41,46,42,56,45,44,58,46,38,36,45,31,,54,43,28,,25,22,35,30,39,31,27,34,27,31,27,31,,,30,22,23,53,12,36,26,24,11,14,17,21,38,30,26,23,10,,,12,29,25,34,18,19,,15,25,26,,19,24,17,,26,23,19,29,24,28,43,,21,26,29,35,25,21,20,19,,18,41,35,27,18,20,,34,,38,,,,14,18,12,21,32,31,,24,,23,19,23,32,35,33,50,,35,29,42,,,29,32,31,,32,37,30,,,30,32,32,35,35,45,29,61,48,51,45,44,69,67,60,,46,50,51,51,51,,47,41,58,45,55,59,56,52,62,,66,67,62,46,54,54,50,50,42,54,49,,54,52,50,,51,41,54,40,,55,58,44,,39,46,45,48,49,,34,30,22,29,47,44,58,,51,46,45,34,34,,30,34,7,29,14,15,33,36,32,31,19,20,,40,36,40,,23,20,,23,13,26,23,,34,26,25,23,15,34,45,35,34,43,40,42,51,42,45,47,18,14,28,22,25,63,62,68,64,74,62,68,62,58,67,11,15,20,21,19,20,18,20,20,21,11,13,13,61,72,75,65,23,28,21,35,44,44,34,42,28,39,48,39,55,60,52,30,32,32,30,37,,42,32,28,16,15,,10,22,19,20,14,22,17,19,20,45,29,30,34,34,28,,,,21,22,,23,19,21,15,18,27,,20,18,17,,,,,,21,22,21,22,23,,14,,8,14,16,20,16,22,,23,26,19,26,,,,,12,14,24,22,21,19,27,,16,11,13,22,15,,24,12,22,12,13,15,10,12,,23,33,24,22,18,13,16,16,25,,22,17,,14,7,,8,11,13,,29,,11,,5,8,13,12,15,13,53,68,63,52,13,22,18,17,,62,47,,22,21,40,,54,48,30,41,48,51,,36,31,37,37,,,45,33,22,,24,32,22,25,7,36,67,,53,,,82,25,17,17,48,55,55,74,17,,43,31,34,79,82,101,146,165,137,,,69,50,61,20,,29,46,50,54,10,42,39,48,58,58,56,84,120,,58,35,25,23,30,35,29,,32,,47,57,38,23,23,20,52,30,22,47,42,21,27,10,,,67,48,31,64,,77,58,100,20,,28,15,,,37,33,34,22,34,32,43,28,37,20,31,34,30,28,89,,61,47,,31,47,50,45,39,28,33,63,20,43,24,45,32,60,46,26,34,46,61,21,57,7,66,38,,24,29,21,30,,40,74,29,41,22,37,15,16,15,55,51,33,38,67,17,23,32,43,36,53,18,68,14,14,16,15,,,38,40,63,21,33,8,30,26,,39,45,65,22,60,30,49,55,28,,42,47,45,49,50,22,42,27,15,23,22,22,26,31,31,21,36,49,29,57,37,34,24,41,24,20,16,21,23,19,33,50,59,49,56,44,51,35,42,43,33,55,45,58,36,31,35,43,51,21,64,73,77,78,19,22,36,18,25,25,23,57,51,39,40,44,37,38,16,23,14,18,15,28,29,23,26,26,19,17,9,19,14,36,,33,37,33,38,59,55,62,25,60,,43,68,71,57,11,16,18,,47,14,20,28,19,32,25,31,37,41,42,38,54,26,35,32,29,29,52,33,54,64,68,64,41,29,18,18,17,25,27,23,31,33,28,24,19,24,17,25,34,61,58,60,51,39,31,52,27,34,45,38,37,28,27,32,29,42,32,90,53,65,82,52,68,56,53,22,18,19,30,34,25,35,49,58,39,53,51,45,46,17,17,19,10,30,25,53,36,35,35,39,41,45,73,31,47,58,60,60,53,49,63,16,32,72,,66,65,78,58,54,64,23,53,21,30,27,41,37,37,53,33,37,42,38,34,32,30,16,26,23,18,21,,24,16,18,21,22,12,14,21,22,37,32,32,30,28,22,63,73,56,57,41,63,56,,85,68,60,71,78,58,79,53,95,125,106,113,118,104,104,98,98,41,42,58,32,31,64,39,48,18,29,24,37,31,26,22,26,28,19,47,192,192,16,12,101,93,50,61,43,44,61,39,40,44,34,22,26,,16,50,43,40,27,33,41,31,35,67,66,65,57,57,82,45,32,18,17,22,32,33,30,,19,16,23,106,49,74,64,44,,48,65,44,52,60,22,52,44,36,27,47,55,41,62,54,31,58,50,63,42,36,22,40,69,40,36,52,44,33,40,32,11,8,43,67,42,65,44,26
20231004,4,SO2,3,2,3,3,3,3,3,3,3,2,3,3,,,8,,8,9,6,,9,,6,7,,7,5,,4,2,2,3,4,5,9,,2,6,,4,,14,9,19,,22,,8,5,6,6,6,6,6,,9,3,,2,2,6,6,5,4,1,2,1,1,,5,12,11,11,8,11,,12,9,5,8,5,,,6,9,6,14,8,,5,5,,,8,6,4,6,,11,9,,8,6,8,8,5,,7,8,10,9,9,9,7,8,11,7,9,6,6,5,5,7,6,,5,6,5,6,6,6,5,3,4,3,6,7,6,6,8,4,10,7,8,9,,4,6,10,5,4,4,5,4,8,5,5,8,4,5,,8,10,10,9,8,11,6,6,6,7,6,7,,,,5,7,,6,5,5,,,,11,,9,8,13,9,8,10,10,8,11,,,,13,10,,6,4,5,14,8,,15,8,9,13,7,9,6,5,,9,,7,6,,8,6,,7,8,8,,9,6,9,7,7,9,5,,,7,8,7,6,5,4,6,,8,,,3,,4,5,,6,4,6,6,5,5,,4,4,3,5,2,6,6,6,5,6,5,5,6,5,5,5,5,6,,,5,4,4,4,,6,4,4,5,7,,9,6,8,,7,7,4,7,,4,5,5,10,7,,,9,7,10,7,9,,6,5,7,7,7,7,7,9,,8,6,6,8,6,7,6,,7,5,4,6,5,4,4,4,3,3,2,6,6,7,,3,5,9,4,5,5,6,6,5,6,10,5,5,6,,2,6,6,8,5,5,5,7,12,7,6,9,,9,5,6,6,6,4,,6,6,4,5,,,6,3,12,5,6,7,4,6,4,7,6,,10,9,13,8,8,16,11,6,,6,7,5,7,6,,6,8,5,6,5,5,6,,,7,6,7,6,5,,2,1,3,2,,,4,6,4,2,3,5,6,7,2,6,4,,8,7,8,7,16,8,7,6,8,8,6,6,6,7,6,6,7,5,4,5,,5,3,5,7,,4,,6,8,,,,,18,,,,15,38,5,2,4,4,7,,13,7,4,8,9,6,5,5,4,4,7,,4,4,5,9,,27,10,9,16,13,99,9,7,9,,6,9,6,12,6,10,5,7,8,6,10,7,9,9,7,6,4,,,7,,12,10,10,7,11,,13,6,,,9,10,6,8,,8,8,27,,5,5,5,6,6,10,4,4,6,2,,,,,,,12,,6,8,8,9,7,6,10,3,5,7,,57,,,12,,9,7,15,6,7,8,11,9,,6,6,5,5,6,5,16,18,26,17,3,6,8,7,5,6,5,7,6,11,,11,8,8,,6,10,,17,12,8,7,5,,13,5,,,14,11,,,,13,10,18,12,8,9,,13,14,,18,19,,21,,26,10,14,,11,14,9,14,14,,4,8,10,11,12,6,,10,5,7,6,6,9,7,14,11,8,9,6,13,12,12,11,12,7,7,9,10,7,,5,2,5,,4,5,5,6,5,5,5,4,4,9,5,7,7,5,,7,8,6,,5,5,7,6,11,,11,8,16,,5,,6,4,3,2,,8,7,,,,5,,5,,13,,,,4,6,4,6,6,,,,6,4,8,6,6,7,,7,6,7,6,4,3,,10,,,4,8,10,3,9,4,11,11,9,5,4,4,5,12,10,9,9,10,12,3,3,4,4,7,7,,6,4,6,7,,8,10,8,6,5,5,5,3,,,,,3,8,,15,2,2,3,3,3,4,4,7,1,1,5,3,4,,2,3,,7,1,8,,7,5,,16,8,6,7,6,6,7,9,5,4,11,2,6,,,10,2,26,21,48,6,9,5,,4,6,9,5,7,,,5,,,,,9,,,,,,,,,,,,,,,,8,,,,,,,,,,,,,,,,,,,,,,,,,,,,,,,,,,,,,,6,3,3,3,4,9,4,7,8,,,,6,5,6,5,,,26,24,24,24,26,8,,8,7,5,,,7,6,,9,9,1,,6,,9,9,,,5,5,,,5,5,5,,,2,3,10,12,9,12,12,3,5,8,5,6,8,7,8,9,6,7,4,11,12,28,12,4,,3,6,8,,8,6,6,8,6,3,4,7,6,6,7,5,,,7,10,8,12,11,13,6,6,4,4,5,5,2,1,4,3,1,,,8,3,4,1,2,6,,5,5,4,,4,4,3,,5,9,5,7,1,8,11,,5,5,7,2,2,6,6,5,,4,4,4,6,7,11,,8,,7,,,,5,10,6,5,25,6,,3,,4,6,4,7,7,6,6,,14,5,10,,,4,5,4,,5,18,6,,,5,3,4,6,4,7,10,32,26,33,29,23,12,11,16,,4,3,10,35,18,,20,13,17,8,4,15,12,7,30,,16,14,35,1,5,1,4,5,,11,5,,9,7,9,,7,6,7,4,,3,4,8,,7,7,3,7,2,,5,4,7,6,5,,8,,6,5,5,4,6,,13,6,9,7,6,6,8,8,6,9,7,4,,8,7,5,,7,8,,9,7,8,6,,7,6,6,10,8,13,14,6,8,9,5,7,6,3,7,8,4,2,4,3,1,3,4,3,5,3,8,8,7,6,7,4,1,2,5,4,3,3,2,3,4,6,5,5,13,16,10,14,14,4,14,14,7,9,6,9,5,12,7,32,83,13,25,9,8,4,8,8,,11,5,4,6,3,,2,5,7,6,7,9,11,8,11,4,8,11,10,7,6,,,,4,7,,7,5,8,9,10,6,,9,6,8,,,,,,6,6,5,8,4,,5,,7,6,8,10,8,19,,5,4,5,6,,,,,1,1,5,4,4,5,5,,4,6,5,9,6,,7,9,5,16,8,5,4,5,,6,9,4,9,7,9,4,5,9,,8,4,,7,7,,9,8,4,,4,,7,,6,7,6,5,7,6,6,12,12,14,6,6,7,5,,14,4,,11,8,3,,9,6,3,4,5,3,,5,6,2,4,,,6,3,3,,7,13,12,10,10,12,7,,7,,,7,8,2,6,6,5,3,4,6,,7,7,9,5,5,3,4,4,4,,,10,10,8,4,,4,4,5,4,7,3,11,5,6,9,6,4,9,,4,5,8,6,7,4,4,,5,,7,10,4,5,8,12,8,10,4,8,6,6,5,5,,,4,7,8,7,,9,12,45,5,,6,8,,,6,10,9,8,9,5,10,9,8,10,9,6,6,7,20,,6,4,,3,6,5,8,2,14,2,28,4,8,2,5,4,6,9,6,5,18,7,1,5,7,6,8,,8,8,7,6,,3,17,6,6,5,6,6,11,7,9,8,6,3,38,8,11,4,8,4,8,7,7,7,8,6,6,,,8,3,7,8,7,6,7,9,,4,6,16,6,10,5,9,6,4,,8,6,12,7,9,5,5,,4,10,8,6,8,4,7,8,3,11,8,10,14,6,7,9,9,9,8,8,12,11,5,4,5,8,6,4,5,6,3,6,8,7,18,7,8,19,5,8,3,2,18,6,7,14,8,2,4,12,5,3,3,4,8,11,9,6,2,3,7,5,7,8,11,5,9,12,18,14,6,9,6,9,10,3,,2,10,9,6,2,6,15,5,6,,11,9,9,17,9,4,3,,7,2,8,9,5,6,4,8,16,4,10,12,8,6,5,7,6,7,16,6,12,6,3,3,7,12,4,6,5,9,13,2,10,10,8,12,6,8,7,7,7,2,3,10,12,6,4,9,6,8,8,6,6,19,5,5,12,7,8,3,8,12,10,4,9,7,9,3,6,5,7,10,5,7,8,10,9,7,9,8,5,35,5,9,6,5,29,2,5,7,4,3,7,6,4,5,9,10,10,12,6,8,9,4,7,9,,25,38,14,9,22,33,6,12,8,3,7,6,2,5,6,4,4,14,8,5,2,5,4,4,2,6,3,,8,3,6,12,6,6,7,3,8,5,7,6,6,4,9,21,9,10,9,9,9,15,,7,10,3,2,2,6,6,6,2,8,11,12,10,13,13,10,17,7,11,10,1,5,14,13,9,9,10,5,16,6,4,4,5,4,8,6,6,4,6,4,5,41,4,15,14,8,8,5,9,10,30,8,8,,6,3,4,5,8,7,3,8,9,11,12,27,8,11,7,10,6,6,5,5,8,4,5,,5,5,4,13,7,14,4,4,,1,2,3,1,13,11,7,8,9,13,13,9,6,7,1,3,3,3,3,6,5,8,5,13,11,4,8,4,7,4,4,7,4,7,11,11,14,8,8
20231004,4,SO2_24h,3,2,3,3,3,3,3,3,2,2,3,3,,,10,,6,8,7,,8,,6,7,,8,5,,10,5,7,7,7,10,9,,3,5,,2,,12,12,14,,8,,8,10,12,9,8,8,9,,10,3,,3,2,7,11,11,10,20,9,4,3,,8,7,9,7,4,10,,17,11,9,13,10,,,9,13,10,16,11,,9,9,,,11,10,8,10,,13,26,,11,10,16,14,11,,11,7,10,8,9,8,7,9,11,8,8,7,7,6,6,8,7,,6,8,6,10,7,6,7,4,7,7,9,12,7,6,10,5,9,8,8,8,,4,6,7,5,4,2,4,4,6,4,4,6,1,5,,8,10,9,8,8,9,6,6,7,6,7,7,,,,6,6,,6,7,6,,,,8,,5,7,10,7,5,6,9,7,9,,,,11,11,,3,3,3,6,6,,7,8,7,10,6,8,6,5,,10,,8,7,,8,4,,7,7,9,,9,6,8,7,7,10,5,,,8,8,8,6,5,4,6,,7,,,3,,5,4,,6,4,6,6,5,6,,4,5,4,4,3,6,6,6,5,6,5,5,6,4,4,5,5,5,,,5,4,4,4,,2,3,6,7,7,,9,7,10,,7,6,4,6,,4,5,4,8,5,,,8,7,8,7,8,7,4,4,6,7,6,6,6,7,,8,6,6,8,6,7,6,,7,4,4,6,6,4,4,4,4,3,2,6,4,7,,3,5,8,4,4,5,6,6,3,6,9,6,5,7,,4,6,6,8,6,6,6,7,10,6,6,7,,6,5,6,7,6,3,,6,6,4,5,,,6,4,11,5,6,8,4,6,5,8,5,,6,5,9,6,7,8,7,6,,6,6,5,8,6,,5,8,5,6,5,5,6,,,7,7,7,6,7,,2,2,3,2,,,3,11,5,4,3,6,5,8,5,7,5,,9,8,10,8,16,8,7,7,9,8,7,6,7,6,5,6,7,5,3,5,,5,3,5,7,,4,,8,10,,,,,24,,,,13,20,6,3,4,5,8,,11,7,4,7,9,6,5,5,4,5,7,,4,4,5,18,,25,16,16,17,14,15,6,4,9,,7,7,6,11,8,11,6,8,8,7,14,10,9,13,7,7,4,,,10,,15,14,17,8,10,,13,6,,,10,11,9,12,,8,8,25,,9,6,8,7,9,10,5,5,7,2,,,,,,,11,,8,10,9,10,9,7,10,3,5,7,,16,,,16,,17,9,11,7,7,9,11,9,,8,7,4,5,7,5,9,8,10,9,4,7,8,4,6,7,5,6,5,8,,6,7,7,,6,9,,9,7,6,6,6,,9,5,,,6,6,,,,15,16,19,16,11,10,,14,16,,15,17,,18,,17,14,17,,14,12,10,14,10,,7,10,11,9,12,8,,15,10,11,10,10,12,8,18,31,9,10,7,17,24,15,18,18,8,8,9,10,7,,5,3,6,,5,6,6,7,6,6,6,5,4,10,6,6,5,4,,6,7,5,,5,7,9,7,10,,11,8,11,,4,,2,3,3,2,,15,13,,,,5,,5,,7,,,,9,9,10,10,10,,,,6,4,8,5,5,6,,7,6,8,6,4,3,,6,,,3,7,8,3,9,4,10,9,8,12,5,5,12,11,7,9,8,8,8,3,3,4,8,8,8,,7,5,8,9,,8,13,6,5,6,7,5,6,,,,,5,6,,5,6,2,3,3,3,4,4,7,2,1,6,3,4,,2,3,,8,3,6,,7,5,,5,8,6,8,6,7,8,10,6,5,5,4,6,,,11,8,62,52,23,6,10,5,,8,7,10,7,9,,,6,,,,,8,,,,,,,,,,,,,,,,8,,,,,,,,,,,,,,,,,,,,,,,,,,,,,,,,,,,,,,6,2,3,2,3,8,6,7,8,,,,9,7,9,7,,,13,17,15,17,15,14,,16,16,8,,,6,7,,16,11,2,,6,,17,14,,,7,5,,,7,6,6,,,5,4,10,12,10,10,8,11,13,13,16,11,11,11,11,13,11,11,7,12,12,14,20,7,,6,6,7,,10,7,10,10,8,4,7,8,7,7,7,6,,,7,12,8,12,11,10,6,7,3,13,17,6,3,5,4,3,1,,,8,5,4,2,2,7,,6,5,5,,6,6,5,,6,9,7,8,1,7,7,,5,5,6,2,2,8,6,5,,4,5,5,6,7,6,,6,,7,,,,4,8,6,4,12,6,,4,,4,6,5,7,7,7,7,,8,6,9,,,4,5,5,,6,11,5,,,6,4,6,8,17,10,11,36,31,29,30,26,28,15,19,,9,8,16,15,8,,16,11,14,8,10,14,11,11,16,,17,19,22,4,8,4,5,7,,10,6,,10,8,9,,8,6,8,5,,5,5,6,,6,9,4,8,4,,5,4,7,6,7,10,9,,6,6,6,5,6,,9,6,9,7,6,6,9,9,8,9,4,4,,9,6,6,,7,7,,8,6,7,6,,6,6,6,10,8,14,18,6,8,14,10,7,10,12,8,11,3,2,3,2,2,11,13,13,14,13,9,8,8,7,11,4,1,2,5,2,4,3,2,2,4,6,6,8,13,10,10,10,4,5,6,11,7,8,6,6,4,10,9,26,23,22,30,6,6,5,8,8,,13,6,4,6,3,,3,6,9,8,8,8,7,6,9,5,7,9,10,7,7,,,,4,7,,7,7,11,12,12,9,,9,7,9,,,,,,6,4,4,7,5,,5,,7,6,10,10,10,16,,6,5,6,6,,,,,1,1,5,5,4,5,5,,4,6,5,9,10,,9,10,6,11,7,6,4,4,,6,8,5,9,7,8,4,5,14,,7,4,,9,7,,9,9,4,,6,,7,,6,7,11,6,8,7,8,11,10,12,10,10,8,4,,104,62,,13,10,5,,11,9,4,4,6,11,,5,6,3,3,,,12,7,5,,10,13,12,13,9,9,9,,12,,,10,5,2,6,6,5,4,5,7,,8,8,8,6,6,4,3,5,5,,,11,10,9,5,,4,9,11,3,5,2,12,5,8,6,6,8,17,,5,7,7,4,8,4,4,,4,,9,6,4,6,9,10,14,9,5,10,9,7,5,4,,,7,7,7,8,,8,11,18,4,,6,8,,,6,7,8,8,9,6,6,9,8,7,9,6,6,7,18,,6,5,,4,8,5,6,3,11,4,11,3,12,4,7,5,7,9,8,6,17,9,2,7,7,7,8,,8,8,7,7,,3,13,6,5,5,7,4,7,5,13,8,9,4,21,7,7,5,8,7,9,7,9,8,7,6,5,,,7,5,6,8,7,6,6,6,,6,12,25,6,20,6,8,6,4,,9,7,11,23,52,5,8,11,4,7,8,6,8,6,7,8,3,15,13,17,18,7,5,9,9,8,7,7,7,9,5,5,5,8,6,5,4,7,3,5,8,7,9,7,7,8,5,9,3,3,12,9,9,9,7,2,4,7,6,3,3,10,9,12,8,7,2,2,11,7,11,10,10,6,19,13,16,14,6,8,8,8,10,2,,3,9,9,5,6,7,14,7,8,,18,8,8,13,10,4,7,,8,6,10,9,6,7,5,7,10,14,8,10,20,5,4,5,7,6,14,5,13,8,3,2,17,13,4,5,5,9,8,2,7,8,7,11,6,8,6,6,5,4,5,11,9,9,4,10,6,7,8,6,6,8,6,4,7,7,6,10,7,15,10,5,10,10,5,2,6,4,5,8,4,6,8,10,10,8,11,10,6,34,6,14,7,9,10,7,3,7,5,5,6,6,6,4,12,11,12,11,7,8,10,4,8,8,,10,13,12,8,41,17,6,25,8,3,7,3,3,5,8,5,7,10,8,6,2,6,4,4,2,5,3,,8,4,6,9,7,6,7,4,8,5,7,5,6,4,4,25,13,25,8,12,10,15,,10,11,3,3,2,5,8,11,5,8,13,15,12,14,13,11,16,8,7,8,1,5,14,7,13,8,9,7,12,5,4,4,5,5,8,6,10,12,6,4,10,40,6,33,10,7,8,4,9,9,11,11,9,,6,4,2,2,9,6,5,9,8,10,8,17,9,10,9,7,6,7,5,5,8,4,5,,5,6,5,7,9,14,7,8,,3,3,2,2,15,12,9,7,17,17,6,11,7,7,2,3,2,3,3,10,8,8,4,19,10,6,9,5,7,7,5,7,6,9,10,15,11,8,13
20231004,4,NO2,24,2,37,16,44,35,33,29,8,4,65,41,,,36,,26,30,41,,33,,49,37,,45,37,,52,31,33,33,26,21,22,,32,29,,42,,38,124,60,,46,,27,48,24,58,44,48,88,,75,10,,6,10,7,26,29,40,46,18,24,29,,28,35,26,23,35,38,,17,56,43,29,68,,,75,88,69,82,45,,11,16,,,11,5,8,7,,12,8,,15,8,9,14,14,,5,15,14,13,17,16,17,23,19,20,15,33,22,20,23,18,10,,32,45,45,5,4,7,4,2,8,5,8,6,5,7,8,12,22,28,12,23,,19,13,21,18,23,28,20,19,26,25,18,23,25,19,,22,19,24,24,15,25,12,16,15,12,10,72,,,,23,23,,38,26,47,,,,14,,33,32,33,36,42,32,22,25,14,,,,7,14,,29,14,13,22,19,,24,45,27,36,56,41,10,18,,12,,20,21,,26,16,,26,21,21,,26,18,19,17,18,14,3,,,9,8,16,27,8,14,16,,26,,,42,,12,11,,8,6,10,7,6,8,,18,16,10,13,23,14,16,16,24,20,20,14,17,8,14,31,21,21,,,7,8,11,7,,16,14,11,9,2,,11,6,8,,7,11,24,31,,33,26,24,30,7,,,28,63,17,19,47,,17,19,15,23,21,20,22,18,,15,15,13,11,12,16,15,,16,14,12,4,3,6,6,8,7,9,1,4,42,26,,45,63,19,20,48,21,47,13,19,20,21,21,18,24,,15,29,15,31,8,4,9,16,17,29,22,15,,12,35,36,7,6,7,,8,10,8,,,,25,23,24,25,26,33,13,26,42,,18,,16,15,17,13,15,32,24,38,,8,11,8,7,6,,21,11,14,23,14,19,23,,,17,23,10,22,28,,8,9,9,10,,,10,2,3,6,3,5,4,6,4,7,6,,19,8,15,13,17,20,9,8,5,5,4,2,19,16,19,24,18,13,21,18,,20,28,19,23,,42,,26,38,,,,,18,,,,16,23,66,58,16,61,18,,10,11,6,9,4,7,13,16,11,16,14,,8,9,7,13,,17,10,10,19,51,15,24,33,40,,8,11,13,14,12,12,14,14,15,16,12,10,10,9,9,10,14,,,60,,40,47,44,36,23,,31,36,,,53,62,49,52,,33,32,32,,52,50,26,51,22,10,11,8,6,33,,,,,,,31,,41,36,13,69,39,19,57,5,3,7,,48,,,6,,2,8,10,12,11,11,12,7,,13,11,10,4,28,4,15,10,10,19,23,22,24,6,5,6,14,10,14,8,,6,6,10,,8,8,,13,13,19,13,3,,32,12,,,24,19,,,,22,16,18,18,26,26,,26,24,,27,32,,29,,91,87,58,,97,23,14,10,10,,12,12,10,29,24,13,,8,17,14,5,19,8,16,25,14,14,14,13,9,24,6,6,5,8,12,11,11,11,,2,2,2,,3,7,5,7,6,4,5,7,5,6,4,20,26,7,,18,6,33,,5,10,11,15,7,,12,14,1,,20,,26,19,26,23,,29,26,,,,30,,35,,38,,,,17,17,29,33,12,,,,20,18,10,12,15,15,,6,13,8,12,13,5,,11,,,1,8,8,2,2,6,9,8,10,8,5,5,10,15,29,31,22,27,32,4,2,7,7,6,9,,13,11,15,14,,6,19,10,5,15,14,10,13,,,,,21,14,,11,4,10,6,10,10,7,7,4,3,3,4,9,10,,20,17,,22,29,37,,23,26,,31,18,10,24,13,17,30,16,18,14,23,11,12,,,9,3,12,20,31,31,3,10,,4,4,69,22,22,,,25,,,,,28,,,,,,,,,,,,,,,,7,,,,,,,,,,,,,,,,,,,,,,,,,,,,,,,,,,,,,,12,13,10,18,,24,20,19,21,,,,27,29,43,55,,,37,57,36,35,33,30,,45,44,13,,,19,22,,45,44,42,,37,,7,14,,,8,4,,,7,8,5,,,3,3,30,20,12,11,7,8,6,7,2,9,11,9,8,8,7,6,8,5,11,10,15,9,,5,11,12,,5,3,5,9,6,6,12,6,10,11,11,3,,,5,7,5,18,6,12,3,11,2,3,6,4,3,5,3,4,2,,,4,3,4,2,5,4,,2,21,30,,28,32,18,,12,13,17,14,16,23,37,,12,13,36,17,10,11,12,15,,12,3,4,8,13,13,,36,,52,,,,21,15,13,15,30,25,,10,,15,28,20,6,3,6,6,,16,16,17,,,15,16,18,,16,28,18,,,10,3,6,6,5,5,9,26,20,28,22,8,13,16,13,,6,4,6,9,11,,6,5,7,4,14,12,15,23,43,,35,36,,2,8,8,4,8,20,24,14,,37,23,25,,47,26,35,15,,12,22,23,,40,34,36,21,34,,19,13,13,10,12,,27,,8,12,8,7,8,,27,12,5,12,1,2,35,41,42,40,19,18,,7,7,11,,8,8,,2,3,6,10,,9,14,17,9,9,15,11,8,9,10,7,6,7,9,10,8,5,8,5,6,6,11,13,13,16,16,7,8,9,8,7,4,4,3,5,3,4,9,6,6,4,4,5,7,46,35,46,36,15,7,9,35,29,22,13,17,12,10,8,10,16,20,15,16,18,16,14,21,,22,11,14,5,1,,5,4,6,4,8,7,12,12,26,13,18,17,12,16,20,,,,3,9,,5,10,9,10,18,11,,11,7,6,,,,,,11,9,12,9,5,,3,,8,4,10,5,6,11,,6,2,5,2,,,,,1,3,5,3,4,8,4,,3,7,7,9,22,,5,5,5,17,8,9,15,14,,7,5,5,7,14,8,4,5,10,,4,9,,7,13,,2,4,8,,5,,12,,2,4,6,4,5,6,45,61,68,67,5,10,9,18,,9,6,,13,13,8,,31,13,30,20,8,8,,9,8,8,28,,,13,12,14,,6,7,8,7,12,8,32,,35,,,15,16,9,10,34,19,54,47,10,,14,12,3,6,8,19,56,35,22,,,31,21,30,5,,6,10,13,12,4,19,16,46,52,49,22,23,31,,43,14,25,16,16,19,16,,32,,32,40,16,5,19,26,3,9,40,12,15,5,20,5,,,30,12,21,26,,14,13,25,4,,23,27,,,69,15,22,8,24,30,21,35,66,15,6,20,10,16,44,,34,17,,8,13,12,8,9,16,5,46,9,39,18,6,8,41,28,12,7,10,66,3,65,11,55,13,,3,3,2,6,,8,43,31,21,20,21,13,15,9,25,25,23,13,37,14,38,32,52,6,24,16,39,7,8,11,18,,,31,35,38,12,28,2,16,15,,6,16,11,16,54,6,28,16,10,,22,39,36,10,10,14,6,,6,17,20,21,22,16,24,12,14,18,32,7,4,22,14,23,25,23,6,7,25,13,10,22,60,36,20,30,37,14,18,14,6,9,13,26,18,8,13,26,11,4,40,23,31,41,12,6,20,19,15,11,13,30,23,17,26,17,29,16,4,6,9,8,11,11,11,6,14,18,6,10,4,20,5,10,,13,7,13,24,42,33,52,10,31,,45,52,61,22,10,8,10,,13,16,34,47,10,9,5,18,12,4,29,13,25,17,22,27,10,22,13,8,16,33,9,14,14,5,28,14,14,23,20,5,36,22,22,18,9,14,15,14,22,61,8,19,14,16,22,9,7,4,33,10,7,13,7,18,8,15,10,19,45,24,44,14,38,51,24,11,22,25,25,61,18,18,27,30,24,26,20,13,45,17,3,11,2,15,12,3,27,27,21,17,31,16,92,10,54,39,36,39,14,27,51,10,15,35,,37,49,70,77,26,33,26,20,9,21,10,21,12,8,17,3,8,11,14,7,6,4,1,18,6,3,2,,12,9,21,9,15,11,8,5,10,14,14,27,6,24,14,23,13,18,25,30,58,36,,74,39,33,48,58,79,68,27,39,80,24,55,46,33,24,39,40,35,22,27,19,49,54,18,27,15,11,10,36,24,26,28,38,10,6,12,9,21,10,6,34,53,24,7,6,19,11,16,24,26,17,13,12,,16,18,35,26,6,8,19,49,37,47,66,67,23,19,14,41,23,22,15,11,23,33,15,,5,1,5,13,19,28,13,28,,16,40,6,42,17,12,32,30,13,10,16,46,10,44,31,15,7,41,31,10,15,5,22,30,17,4,16,3,12,5,42,5,4,13,88,36,33,8,12
20231004,4,NO2_24h,26,6,30,24,34,30,26,37,20,8,34,29,,,28,,24,30,31,,31,,31,25,,38,25,,38,37,40,33,36,31,19,,25,33,,31,,31,69,29,,22,,30,45,26,44,34,32,51,,66,18,,22,22,15,36,30,33,36,15,24,24,,26,29,22,23,21,30,,24,42,34,30,55,,,54,60,58,65,40,,30,35,,,31,26,24,24,,19,21,,19,14,15,18,21,,7,20,19,19,18,16,21,18,22,20,15,26,18,18,19,17,10,,19,17,20,16,21,20,20,25,27,29,27,26,16,22,29,16,23,25,18,19,,22,15,17,17,20,23,18,21,18,20,20,20,18,18,,19,19,23,29,15,22,19,21,20,18,19,27,,,,26,19,,30,23,25,,,,19,,24,26,26,28,33,26,18,23,30,,,,21,20,,18,19,16,15,13,,18,26,32,30,34,33,14,18,,11,,27,22,,24,20,,23,21,18,,26,19,17,18,19,20,17,,,14,16,16,16,11,15,18,,14,,,25,,19,16,,9,9,10,7,7,7,,23,21,15,17,20,14,16,15,23,19,15,12,15,11,13,30,16,19,,,7,9,7,7,,8,11,14,12,13,,14,11,11,,12,9,26,33,,28,27,34,25,9,,,19,36,22,22,30,30,17,20,19,23,18,20,20,18,,16,16,14,16,13,19,14,,12,13,14,7,6,7,8,10,10,10,5,5,31,21,,30,36,18,30,29,18,33,12,16,15,19,16,20,21,,10,14,12,24,8,8,10,8,16,22,20,14,,11,34,24,13,10,10,,10,13,10,10,,,23,13,19,24,15,14,13,27,22,35,16,,8,9,14,11,13,16,17,27,,8,17,8,8,9,,20,15,16,21,16,23,20,,,19,29,18,19,24,,19,17,21,19,,,22,9,7,14,5,7,6,12,11,8,7,,17,8,11,13,15,14,17,15,12,12,14,6,26,21,25,23,24,19,20,14,,15,25,24,25,,42,,40,45,,,,,20,,,,45,33,52,48,40,44,38,,20,14,9,12,9,10,14,18,13,15,14,,10,12,9,29,,27,24,26,22,40,27,19,24,36,,16,15,15,15,13,15,21,18,17,16,15,21,20,30,11,14,10,,,38,,28,28,31,21,20,,26,25,,,33,42,35,44,,22,26,31,,39,32,28,42,24,15,13,10,7,25,,,,,,,19,,23,21,21,28,35,27,33,10,8,14,,24,,,7,,4,7,9,14,14,12,13,10,,9,8,8,8,13,5,9,9,9,13,16,14,16,7,6,5,18,11,12,6,,8,11,12,,10,10,,9,9,14,13,5,,23,10,,,25,20,,,,30,28,21,31,22,26,,22,22,,24,27,,24,,54,55,43,,52,19,18,24,20,,12,17,16,20,13,15,,21,24,13,13,9,15,14,24,42,12,14,19,21,25,18,18,15,16,15,18,14,15,,13,13,11,,12,24,31,25,20,26,14,16,10,17,18,20,26,10,,17,8,17,,7,15,16,20,12,,19,17,5,,26,,29,26,17,18,,23,19,,,,14,,22,,22,,,,25,17,19,28,15,,,,25,21,13,19,16,15,,9,16,11,13,13,5,,11,,,2,10,14,7,5,5,10,9,12,10,6,6,9,12,17,19,15,19,18,4,4,10,14,16,16,,24,27,27,23,,10,15,12,7,17,17,13,16,,,,,15,15,,13,6,13,10,13,14,11,12,8,7,7,8,9,7,,17,18,,29,34,28,,24,27,,30,13,12,29,19,22,32,24,28,21,28,26,23,,,14,15,34,26,34,25,10,14,,12,11,36,30,16,,,26,,,,,20,,,,,,,,,,,,,,,,15,,,,,,,,,,,,,,,,,,,,,,,,,,,,,,,,,,,,,,15,17,10,17,18,22,15,17,24,,,,22,23,24,29,,,29,37,27,26,32,42,,50,43,14,,,13,19,,44,39,36,,31,,24,21,,,12,14,,,18,15,15,,,11,10,9,12,13,11,7,18,21,16,14,18,16,17,12,18,13,14,18,16,14,15,21,15,,11,12,10,,12,12,13,16,15,10,13,8,16,21,12,20,,,18,15,10,20,9,13,10,16,4,8,13,6,20,19,21,23,4,,,7,20,12,2,10,9,,5,12,15,,20,17,16,,17,14,20,13,12,18,24,,16,19,23,20,15,13,13,15,,13,7,9,9,14,13,,23,,31,,,,14,12,12,10,15,14,,13,,17,27,22,8,4,6,7,,13,18,16,,,9,12,9,,13,16,11,,,11,4,10,9,13,7,8,25,22,25,20,12,17,16,17,,7,8,9,8,9,,7,11,13,9,11,10,11,12,28,,26,22,9,5,12,10,8,10,14,16,14,,26,25,26,,25,20,26,16,,14,19,23,,19,17,21,15,19,,23,17,14,14,14,14,22,,16,11,14,11,10,,17,14,7,20,5,4,22,27,24,23,14,17,,12,11,13,,9,6,,5,5,10,13,,6,10,11,9,15,16,9,10,10,12,12,8,9,11,12,11,6,11,7,8,10,13,14,12,10,14,10,12,12,10,9,4,6,4,6,3,4,9,7,11,6,5,7,11,25,30,25,28,15,12,14,17,19,15,17,12,11,8,6,9,10,16,14,14,15,12,11,18,,14,12,9,6,7,,8,7,13,12,11,10,14,14,20,12,18,16,12,12,24,,,,6,10,,8,14,24,22,25,26,,16,12,9,,,,,,8,9,12,9,10,,5,,8,4,9,6,7,9,,7,3,6,4,,,,,3,4,7,5,5,7,8,,3,6,6,10,10,,10,11,6,10,8,8,5,6,,6,7,6,7,12,10,5,10,10,,7,12,,8,10,,6,7,9,,6,,10,,2,4,8,8,9,11,36,47,53,44,7,14,13,12,,40,28,,11,11,26,,22,18,25,24,19,17,,10,12,14,22,,,18,18,18,,8,12,16,14,9,9,26,,22,,,26,19,13,14,24,24,37,35,8,,28,16,9,12,19,12,35,40,38,,,40,31,34,7,,14,25,30,22,9,17,16,20,44,34,19,34,42,,35,18,18,19,23,25,23,,25,,27,27,23,7,15,14,16,10,20,15,16,8,22,6,,,24,12,15,22,,38,37,36,6,,26,18,,,33,21,38,10,21,21,27,18,23,21,10,25,14,13,30,,23,19,,13,13,16,16,16,8,11,22,7,27,17,10,8,35,18,29,9,18,54,7,41,10,42,13,,5,4,4,11,,21,29,33,18,13,24,10,14,10,22,17,25,15,24,14,27,30,23,9,22,17,30,7,7,13,16,,,40,14,30,17,31,3,14,19,,24,16,15,19,45,9,19,14,14,,18,40,37,24,32,12,20,29,7,19,19,22,25,27,21,13,17,29,22,23,11,17,7,20,26,24,10,11,20,11,11,25,41,27,24,22,28,10,25,15,7,11,16,16,14,14,14,19,10,8,30,23,29,23,14,12,18,15,13,14,16,31,22,19,17,14,19,20,8,10,10,16,14,13,14,6,13,21,11,14,6,26,14,20,,18,16,14,24,43,28,29,8,26,,29,34,37,20,10,7,8,,15,14,21,29,6,12,5,12,13,10,19,12,16,21,15,19,13,14,15,17,16,33,16,15,27,14,17,11,17,32,20,7,33,27,16,15,17,11,11,14,18,54,26,42,28,17,20,9,5,6,20,10,12,7,9,15,7,14,10,24,26,23,42,17,32,49,14,10,19,21,22,28,19,19,16,27,16,19,24,17,20,16,11,15,4,20,19,12,19,18,13,22,20,19,49,12,29,22,21,26,19,29,36,11,25,34,,27,41,50,53,24,35,19,23,15,15,7,15,13,11,13,5,10,12,12,9,8,5,1,10,5,3,3,,15,9,23,13,16,13,7,5,13,21,18,20,9,23,10,28,19,26,20,22,40,27,,43,33,30,41,44,35,33,21,29,47,38,45,35,26,25,31,36,28,13,25,21,20,30,13,23,17,13,16,18,29,20,23,25,12,7,31,22,33,14,11,37,48,20,30,4,16,10,16,18,22,13,24,22,,11,15,31,28,16,17,14,31,30,33,47,35,21,20,25,24,24,25,9,13,24,20,18,,11,11,13,12,12,31,18,12,,17,34,13,24,28,9,19,26,29,26,17,24,12,21,34,18,17,26,30,30,32,5,19,26,15,16,22,18,18,9,17,6,6,23,33,20,34,16,19
20231004,4,O3,35,46,34,1,25,35,9,48,65,61,,13,,,51,,88,78,60,,65,,52,39,,40,38,,32,55,40,55,58,75,128,,33,58,,36,,68,33,72,,54,,36,26,42,23,34,32,5,,36,43,,52,48,48,46,14,24,17,41,37,31,,52,61,60,70,55,44,,60,14,40,50,4,,,6,2,5,3,5,,48,42,,,61,65,62,67,,54,60,,39,55,59,55,54,,56,144,148,141,140,150,151,137,126,125,131,33,43,27,37,44,26,,22,8,12,55,53,49,48,57,55,56,50,56,49,48,50,80,78,68,84,73,,86,90,71,78,26,32,37,36,31,24,34,38,26,50,,43,49,53,49,54,48,86,76,71,70,69,9,,,,40,20,,33,26,14,,,,50,,36,38,37,36,35,46,43,40,60,,,,64,57,,41,50,54,43,55,,48,20,36,37,,16,60,50,,52,,49,38,,49,57,,46,42,32,,46,58,48,48,78,78,93,,,79,80,70,41,81,84,66,,36,,,26,,70,66,,80,90,78,77,82,77,,69,69,72,67,59,76,80,16,30,32,36,36,30,40,40,20,35,36,,,84,85,75,90,,59,59,51,56,63,,54,59,63,,59,132,75,100,,74,80,130,84,98,,,75,40,100,96,68,,62,67,72,66,55,67,,69,,57,44,53,60,53,57,51,,52,54,31,44,40,39,38,39,40,36,45,27,35,35,,22,11,51,47,31,19,3,67,38,40,38,48,42,39,,23,24,42,37,59,57,39,45,50,27,40,37,,57,20,4,70,66,60,,51,52,56,54,,,43,24,38,24,16,6,80,49,11,18,53,,35,34,37,37,41,14,26,16,,56,48,46,54,39,,4,13,11,9,6,24,10,,,17,16,18,12,8,,27,41,40,35,,,46,70,83,86,75,76,75,72,77,88,77,,24,37,21,20,23,16,50,51,53,49,57,48,42,22,29,24,37,43,29,14,,25,12,34,23,,6,,12,13,,,,,76,,,,72,53,9,3,50,15,65,,53,31,42,47,45,37,28,26,32,29,29,,25,42,40,65,,64,54,69,56,25,55,40,28,26,,71,71,65,41,53,55,35,60,62,49,59,58,66,67,96,92,83,,,7,,43,29,30,36,75,,62,38,,,40,29,24,21,,35,58,42,,10,22,44,8,43,98,98,110,102,30,,,,,,,33,,24,35,95,10,25,64,27,116,113,120,,53,,,53,,58,39,43,106,112,95,108,108,,44,48,48,64,19,60,37,50,48,22,9,5,4,86,82,66,24,33,27,49,,44,53,50,,77,80,,82,75,73,94,,,13,9,,,62,70,,,,38,40,48,50,44,63,,57,56,,34,36,,47,,2,9,15,,8,123,52,57,53,,58,62,66,50,50,64,,59,45,63,51,49,54,75,61,68,79,65,65,62,40,63,61,61,63,56,44,55,52,,42,44,45,,43,62,67,66,64,74,45,47,46,53,50,52,46,58,,53,61,23,,28,70,64,69,73,,81,65,98,,30,,15,31,8,17,,45,42,,,,34,,34,,12,,,,49,38,30,2,17,,,,11,6,11,10,46,34,,51,36,44,33,33,53,,37,,,27,45,44,24,76,58,58,54,58,31,49,,32,25,16,5,28,13,8,44,39,46,48,55,45,,46,62,51,40,,30,11,27,30,9,20,18,18,,,,,22,26,,28,31,27,31,29,26,29,39,38,30,36,40,26,26,,10,15,,3,3,10,,3,4,,4,22,21,6,12,8,10,15,10,32,32,47,37,,,104,108,68,72,49,46,70,60,,74,60,2,41,55,,,88,,,,,76,,,,,,,,,,,,,,,,102,,,,,,,,,,,,,,,,,,,,,,,,,,,,,,,,,,,,,,32,46,33,26,16,45,40,50,52,,,,29,31,16,14,,,37,14,45,42,39,45,,36,42,50,,,35,26,,13,5,3,,4,,77,71,,,70,55,,,54,62,62,,,66,69,19,36,72,78,99,64,62,61,62,62,57,56,57,52,54,62,57,56,48,54,42,50,,47,37,46,,85,87,81,79,50,43,58,64,52,65,36,75,,,80,43,38,34,36,50,65,42,67,66,60,64,64,59,67,64,76,,,80,72,66,,56,55,,69,28,13,,17,20,25,,47,40,45,33,29,31,24,,37,40,24,38,41,38,43,45,,55,46,39,35,30,37,,33,,5,,,,24,35,35,20,6,15,,41,,40,28,33,98,102,106,100,,13,16,8,,,17,16,8,,22,3,10,,,59,39,37,37,38,31,24,4,10,4,11,34,47,48,49,,36,33,33,31,28,,55,59,61,64,57,59,50,50,,,4,3,4,45,51,47,44,47,27,18,35,,10,63,61,,30,51,38,66,,66,55,48,,17,16,31,36,30,,52,50,54,60,48,,37,,53,44,50,26,17,,7,25,67,6,11,16,10,8,14,26,21,26,,50,68,49,,51,49,,34,34,39,40,,31,26,22,15,22,27,23,27,29,28,27,28,45,47,40,40,35,48,48,41,44,25,22,27,25,26,53,53,52,52,54,51,56,48,50,48,14,39,32,28,33,26,36,34,3,,6,3,21,28,35,2,8,12,52,26,44,45,26,41,37,15,22,25,23,2,21,13,,19,15,19,62,73,,70,28,23,35,28,36,41,33,35,32,39,45,38,27,38,,,,23,20,,22,30,33,32,22,29,,35,37,28,,,,,,36,40,44,42,,,5,,34,30,24,36,33,34,,51,56,53,58,,,,,64,66,42,41,63,60,25,,70,17,15,39,27,,35,37,21,6,8,6,10,2,,50,54,60,51,4,8,33,21,7,,15,8,,22,22,,44,43,39,,45,,83,,34,35,49,66,61,66,3,3,3,3,49,33,30,9,,75,66,,37,49,91,,36,71,6,16,101,104,,57,61,58,36,,,34,45,49,,86,58,68,40,22,66,20,,14,,,44,27,56,43,51,60,34,25,44,,60,32,34,74,79,48,6,28,42,,,27,36,26,9,,77,57,61,40,37,43,66,17,37,42,58,70,37,,2,50,34,59,78,57,62,,16,,40,30,36,29,7,4,106,33,29,52,35,18,62,38,,,45,59,43,82,,71,73,60,34,,28,44,,,9,56,48,65,33,17,53,39,3,55,32,12,27,10,17,,55,49,,32,95,31,48,88,45,66,54,49,3,6,56,80,46,45,73,102,59,3,52,2,34,40,32,,68,69,67,45,,46,73,5,57,18,42,36,42,37,51,57,29,8,5,54,26,7,4,104,32,41,25,26,25,12,9,,,14,10,44,76,46,95,47,46,,97,40,47,38,16,54,46,64,45,,34,5,24,84,91,32,101,,89,77,76,76,80,82,73,80,12,48,39,76,63,45,45,27,58,49,75,66,36,54,38,27,23,31,48,37,44,30,49,57,69,57,53,49,5,45,40,46,78,37,45,69,54,41,54,68,39,41,37,40,42,35,37,68,50,44,18,35,63,72,59,82,3,17,16,17,8,29,27,19,43,23,36,25,,32,49,40,79,20,43,53,95,32,,37,41,20,46,21,29,25,,117,45,26,2,27,34,48,32,24,73,4,47,8,57,48,39,75,48,70,65,59,40,38,36,66,63,29,39,55,63,42,38,46,39,32,45,78,62,58,42,61,28,76,70,45,50,25,105,25,46,33,67,55,44,28,35,51,45,50,47,54,55,11,98,46,38,28,32,40,50,47,15,34,68,53,43,53,54,68,61,8,44,56,9,33,22,14,55,27,6,17,18,,23,10,135,31,53,28,29,76,74,37,92,72,69,,41,42,24,35,57,51,34,37,43,3,78,56,59,89,41,60,46,36,23,28,27,43,67,17,36,31,27,,82,13,23,52,50,4,27,24,22,45,57,45,84,52,80,39,32,46,58,38,12,34,,8,17,30,1,15,,,70,35,7,56,33,29,56,61,34,39,55,39,,18,9,3,44,10,12,16,21,42,33,7,13,5,23,83,58,74,57,23,69,29,4,35,80,36,51,97,54,50,44,36,74,70,,45,28,14,22,84,49,20,53,66,33,12,36,76,33,44,6,3,6,28,31,44,37,73,,41,69,81,67,37,20,49,25,,41,49,45,,50,8,27,89,56,73,34,4,59,29,49,7,71,4,8,61,53,28,29,41,60,70,60,73,81,50,2,33,46,46,8,41,43,73,70
20231004,4,O3_24h,161,148,165,159,161,174,155,164,157,155,145,152,,,152,,142,142,164,,162,,141,151,,142,139,,183,187,180,181,183,182,172,,155,159,,150,,157,153,154,,150,,160,159,158,187,175,175,169,,191,116,,118,119,122,140,135,144,130,130,154,160,,157,150,145,141,155,144,,168,167,179,168,144,,,162,144,143,143,120,,93,87,,,101,100,105,106,,142,138,,148,140,144,144,143,,142,152,153,156,146,154,174,165,151,149,153,129,133,137,140,142,144,,133,145,137,82,70,75,69,73,71,76,70,73,77,68,72,98,106,99,105,103,,105,113,99,101,80,74,82,63,69,68,70,77,76,82,,90,90,87,92,93,94,103,95,89,100,93,110,,,,115,128,,123,125,120,,,,86,,80,78,78,86,78,85,74,80,67,,,,74,86,,87,83,88,91,93,,93,88,92,96,83,101,98,106,,103,,115,96,,154,108,,138,137,132,,142,126,150,119,136,165,142,,,135,145,159,136,132,136,123,,128,,,93,,98,97,,125,129,125,116,127,122,,166,172,157,156,152,134,140,154,81,74,86,92,84,86,82,72,80,86,,,148,137,142,122,,147,131,98,105,107,,102,110,107,,104,140,133,129,,142,139,142,142,112,,,163,167,162,167,156,101,136,138,144,134,134,144,132,131,,60,62,66,70,63,61,67,,72,71,36,48,47,45,40,45,44,39,45,35,185,205,,198,205,224,167,198,138,200,151,186,180,170,183,115,151,,122,127,115,206,143,125,164,139,214,189,183,195,,181,194,180,196,209,181,,178,173,138,159,,,188,201,188,114,118,133,125,137,160,163,144,,99,112,109,96,90,105,81,94,,69,75,71,68,42,,36,27,54,50,35,56,39,,,28,45,39,34,88,,84,89,86,79,,,89,110,91,90,84,84,77,73,79,92,81,,68,66,70,72,73,70,74,75,69,75,71,71,100,94,106,95,97,91,101,91,,114,113,93,107,,53,,41,32,,,,,148,,,,162,151,119,99,131,132,110,,99,43,52,56,56,46,46,39,44,45,45,,42,48,54,117,,133,117,132,135,119,117,127,122,120,,156,165,163,114,113,110,107,172,170,178,170,154,181,169,169,167,171,,,135,,122,136,125,126,152,,147,148,,,154,165,155,148,,131,134,176,,126,129,125,124,138,142,150,151,151,139,,,,,,,143,,145,133,139,140,137,153,145,134,143,139,,188,,,113,,116,104,140,188,197,182,183,173,,84,66,78,76,92,82,102,109,114,111,102,86,97,131,129,118,69,71,72,93,,105,168,162,,159,169,,129,126,128,133,114,,121,60,,,147,144,,,,118,116,120,112,194,204,,198,212,,140,146,,157,,155,151,158,,156,155,123,124,133,,146,143,146,144,143,140,,150,143,152,144,147,147,131,138,130,143,129,127,155,166,164,150,158,134,133,130,129,136,,63,64,66,,65,80,75,75,78,88,72,77,74,92,82,73,65,72,,73,80,81,,73,80,72,76,74,,87,77,98,,122,,124,118,121,123,,177,170,,,,131,,137,,135,,,,145,142,133,93,93,,,,51,54,63,59,65,71,,55,48,49,53,60,71,,69,,,69,74,71,69,80,87,105,112,100,122,80,82,81,110,94,94,101,99,108,54,57,86,82,96,87,,64,65,62,61,,69,78,74,59,63,84,74,66,,,,,86,84,,87,60,64,60,65,67,61,86,91,96,96,84,81,84,,94,100,,58,74,85,,88,95,,90,69,87,77,84,78,80,84,82,116,112,112,106,,,133,120,164,148,153,161,86,93,,123,82,108,106,111,,,138,,,,,158,,,,,,,,,,,,,,,,131,,,,,,,,,,,,,,,,,,,,,,,,,,,,,,,,,,,,,,44,97,83,92,97,119,120,120,119,,,,133,136,135,134,,,138,125,129,132,131,166,,168,165,105,,,102,122,,147,140,93,,94,,140,146,,,122,67,,,134,131,124,,,91,92,84,86,137,134,126,142,132,133,129,137,151,135,140,149,138,157,139,146,136,139,126,131,,135,137,156,,103,103,104,98,139,131,110,112,106,108,113,75,,,80,73,75,76,80,76,80,68,106,77,72,81,75,68,76,68,89,,,97,75,76,,88,89,,77,99,103,,97,101,105,,94,92,98,92,85,110,115,,51,53,60,56,52,56,78,86,,85,106,101,61,81,80,,96,,96,,,,67,73,72,69,112,111,,67,,64,61,58,132,129,137,133,,88,89,87,,,98,93,108,,113,109,110,,,142,83,98,90,82,90,58,41,42,47,44,104,106,120,109,,126,125,123,128,122,,86,101,101,105,108,111,103,109,79,,82,78,86,100,110,105,107,114,119,144,139,,160,150,153,,144,138,136,127,,141,146,131,,129,149,148,145,144,,127,149,122,134,115,72,117,,114,115,111,56,56,,43,48,67,90,87,100,93,91,95,96,50,52,,99,94,101,,78,79,,53,43,54,54,,91,89,86,36,39,44,63,59,65,65,60,45,58,58,53,52,44,54,50,52,48,93,98,97,96,90,113,88,106,98,84,56,59,50,53,51,42,58,56,53,61,46,62,62,162,167,148,136,76,87,75,108,116,88,117,131,124,123,110,127,122,144,142,101,114,81,88,87,,94,85,92,67,73,,73,76,71,65,72,71,75,69,74,90,90,102,91,105,99,,,,43,44,,39,47,34,40,36,31,,72,76,66,,,,,,82,84,86,86,31,,48,,62,64,68,64,62,69,,96,98,95,98,,,,,65,66,98,97,67,66,75,,81,53,54,72,78,,53,53,47,50,40,39,41,37,,60,56,65,64,77,72,44,62,64,,54,46,,48,60,,58,59,56,,69,,118,,46,44,69,77,79,77,132,122,117,119,52,66,57,99,,75,104,,74,76,112,,127,133,82,84,114,121,,93,91,78,74,,,62,76,58,,90,64,77,60,62,91,147,,143,,,107,67,64,58,124,121,117,110,89,,112,95,93,102,104,104,106,105,102,,,89,87,87,61,,86,116,114,87,77,118,180,205,159,147,146,185,168,,100,137,83,81,148,82,88,,96,,162,154,84,77,64,62,116,81,99,143,140,37,79,61,,,158,161,134,152,,151,156,158,55,,89,89,,,108,77,78,104,124,128,132,120,111,74,98,32,44,69,142,,145,139,,121,172,88,82,105,121,92,191,55,95,95,112,126,146,137,73,159,114,128,67,128,66,146,98,,79,78,75,64,,112,151,24,132,86,100,67,69,70,165,140,103,39,81,63,81,89,140,128,128,82,166,73,43,71,68,,,52,117,151,86,119,118,71,78,,116,150,101,79,147,146,133,160,74,,154,50,59,94,94,81,116,72,107,98,124,104,100,99,97,108,128,125,131,143,126,116,85,127,89,93,105,100,79,91,131,167,187,179,236,215,211,133,185,172,109,168,170,158,104,126,175,189,134,118,144,167,147,147,74,98,109,84,114,64,68,140,147,137,141,116,127,133,80,81,81,82,39,37,42,34,73,50,30,37,53,47,38,75,,84,83,103,152,171,132,201,156,164,,124,154,158,131,66,83,82,,160,62,87,90,53,64,78,93,109,104,108,124,142,96,145,132,134,143,131,87,110,164,142,148,129,124,84,79,71,89,86,82,84,71,80,98,98,124,89,109,122,133,110,116,92,122,159,170,107,115,117,128,146,111,156,159,97,206,151,174,174,162,155,152,166,144,120,76,64,71,97,96,63,138,144,143,139,143,146,144,138,73,96,22,42,71,62,142,85,85,93,81,88,94,144,146,130,159,156,126,140,140,140,140,155,170,,154,156,166,147,140,146,67,161,82,94,125,137,146,167,155,102,118,116,100,90,105,84,80,62,60,57,55,,110,85,63,94,75,30,67,62,65,113,114,140,138,95,119,113,119,129,213,207,167,120,,193,158,154,150,142,156,165,157,177,176,182,199,196,191,188,187,184,146,119,124,118,140,164,138,96,29,60,43,131,113,99,96,111,53,102,120,114,117,72,73,156,153,134,141,109,178,142,214,201,201,123,76,72,,76,118,120,128,84,86,86,155,166,151,153,189,148,139,103,96,89,51,48,51,144,143,174,,72,72,131,102,106,136,168,110,,163,174,147,162,118,71,155,138,116,77,140,142,103,158,152,123,165,154,147,106,100,79,116,168,123,70,108,73,153,147,104,63,59,70,198,124,175,160,83
20231004,4,O3_8h,28,50,33,1,19,34,9,44,74,66,4,18,,,56,,80,69,60,,69,,63,52,,22,45,,38,36,32,53,46,52,127,,31,67,,60,,82,33,78,,69,,29,19,34,30,24,36,20,,33,48,,56,41,54,48,23,25,24,58,43,43,,60,60,59,59,62,46,,43,6,38,36,8,,,18,2,7,4,5,,50,44,,,67,70,66,69,,70,68,,62,68,69,69,66,,72,135,136,134,132,144,126,150,118,118,128,37,45,36,48,53,40,,36,24,22,62,57,55,55,62,60,63,56,61,55,56,57,84,83,76,88,82,,89,92,76,78,28,32,38,23,32,27,30,41,27,52,,48,56,56,47,57,54,69,73,65,62,59,35,,,,46,40,,42,32,44,,,,42,,46,38,45,42,38,49,54,34,50,,,,50,53,,45,46,52,43,50,,46,16,20,25,1,14,46,51,,55,,44,48,,51,48,,50,43,36,,44,54,49,47,82,81,84,,,67,78,80,66,88,88,67,,52,,,48,,68,62,,86,93,88,80,86,82,,80,77,77,74,61,65,78,19,30,37,42,40,38,40,44,25,46,40,,,94,92,86,98,,64,53,50,55,62,,52,58,62,,58,134,70,73,,64,69,100,90,104,,,82,41,95,89,88,,71,72,79,69,69,76,80,72,,57,49,55,57,58,48,56,,62,54,32,42,41,40,36,41,40,34,40,28,48,48,,38,32,62,22,53,32,5,86,50,58,52,56,56,42,,28,30,38,58,62,53,46,62,59,46,50,49,,65,38,26,68,69,56,,58,62,58,61,,,57,36,52,23,26,20,84,48,40,32,60,,43,45,45,42,46,33,27,16,,56,22,44,51,32,,4,10,8,7,6,24,12,,,16,15,16,13,6,,40,42,40,36,,,46,72,80,81,74,73,74,70,72,88,78,,22,39,25,22,24,22,51,54,54,47,57,50,31,17,25,18,23,36,15,13,,39,8,24,21,,2,,16,17,,,,,82,,,,60,43,38,15,54,49,76,,59,30,40,44,41,34,32,27,30,30,31,,26,35,40,58,,66,62,68,53,33,45,46,36,41,,110,116,111,49,62,62,32,73,81,63,63,68,76,74,95,90,87,,,24,,45,27,32,48,81,,70,50,,,39,23,20,26,,43,55,52,,24,28,42,12,41,99,92,114,100,48,,,,,,,55,,30,58,96,41,10,58,41,113,108,116,,88,,,57,,65,49,47,114,120,104,119,113,,51,54,56,55,40,60,48,54,54,32,14,7,8,95,94,83,24,38,29,49,,38,49,51,,98,103,,100,97,94,100,54,,13,8,,,58,69,,,,38,44,58,50,53,58,,56,60,,27,32,,43,,3,20,12,,17,127,59,61,52,,95,93,102,95,86,99,,79,66,86,66,80,70,102,68,71,107,91,80,67,52,63,67,66,69,66,55,54,62,,44,48,47,,46,70,70,68,62,69,48,51,51,56,54,58,50,59,,56,65,38,,35,75,67,72,72,,84,71,92,,45,,10,20,30,32,,45,42,,,,49,,47,,21,,,,57,51,53,2,17,,,,11,6,12,10,42,36,,52,38,44,37,32,54,,35,,,21,46,47,24,76,62,64,61,66,30,54,,36,20,24,7,36,15,8,45,42,41,43,46,40,,50,58,56,48,,24,13,20,31,9,23,24,20,,,,,19,30,,34,32,26,32,30,27,29,37,39,31,37,40,32,35,,4,16,,6,9,16,,3,4,,3,31,20,8,11,7,9,15,10,35,34,40,36,,,102,96,50,68,52,52,80,81,,72,72,1,15,44,,,81,,,,,79,,,,,,,,,,,,,,,,92,,,,,,,,,,,,,,,,,,,,,,,,,,,,,,,,,,,,,,29,28,38,26,21,52,55,58,52,,,,36,33,26,29,,,32,18,40,40,30,42,,22,43,48,,,46,24,,11,5,1,,4,,81,77,,,68,53,,,53,62,64,,,65,66,28,31,76,74,87,64,60,60,61,62,88,76,86,75,58,66,60,56,56,59,53,45,,49,41,60,,92,96,81,87,55,46,62,68,52,59,46,72,,,78,42,38,41,34,58,71,48,90,60,54,59,64,47,69,59,72,,,59,74,68,,59,58,,59,28,24,,24,12,27,,47,48,58,44,15,43,24,,42,46,31,45,45,44,46,49,,52,49,44,33,34,45,,20,,5,,,,31,32,34,20,13,34,,40,,43,33,38,98,100,111,106,,16,16,11,,,19,20,14,,23,4,15,,,69,34,32,32,34,28,26,3,11,6,12,46,48,56,54,,38,35,34,34,32,,55,57,60,70,70,70,63,66,2,,10,6,12,44,51,48,45,47,21,22,32,,26,67,67,,37,53,46,71,,70,64,61,,41,22,40,37,33,,62,57,60,62,55,,32,,48,52,46,27,21,,18,22,57,6,12,15,15,15,36,27,22,30,,53,66,55,,52,50,,33,34,40,41,,30,31,26,22,28,27,29,31,33,30,30,40,52,52,47,47,33,47,46,42,45,31,30,34,32,31,52,53,52,51,54,53,58,46,49,50,15,42,36,31,38,22,34,37,8,,13,5,25,28,29,6,4,14,52,34,50,53,32,43,40,22,26,24,13,9,22,15,,20,12,12,61,72,,72,29,30,35,32,40,45,38,41,39,41,50,44,26,36,,,,24,23,,22,31,30,32,25,25,,37,35,21,,,,,,47,50,48,50,,,5,,36,28,28,37,32,34,,57,58,58,60,,,,,63,64,38,38,58,56,24,,69,19,18,40,36,,36,40,18,6,9,7,20,16,,48,52,58,50,5,10,32,24,11,,15,9,,22,24,,46,45,46,,47,,85,,41,39,44,67,66,64,3,3,2,4,35,19,17,12,,36,42,,50,60,86,,56,73,6,12,96,100,,53,56,68,58,,,38,45,50,,84,56,70,44,30,64,26,,27,,,43,14,53,40,56,58,46,36,46,,69,40,29,76,69,53,5,10,16,,,14,24,16,17,,80,52,56,54,38,40,70,44,20,51,60,51,37,,2,53,31,53,78,54,62,,12,,46,42,42,31,7,10,96,35,44,64,56,18,64,37,,,59,73,49,82,,61,59,49,33,,38,45,,,16,53,38,55,53,37,45,75,32,49,54,12,20,5,23,,43,55,,27,111,39,48,85,64,67,87,51,9,8,58,90,48,51,67,102,55,10,52,18,34,54,29,,64,64,67,49,,49,84,4,66,26,40,34,36,31,49,67,36,11,10,52,24,3,13,102,36,45,26,27,31,11,5,,,10,31,40,82,57,98,47,40,,89,51,52,40,14,68,58,76,40,,44,6,15,80,74,34,90,,92,82,83,80,81,69,80,84,14,53,53,80,62,58,45,30,58,50,67,56,34,49,40,26,34,32,54,40,49,46,41,64,72,62,52,54,8,43,53,58,93,38,39,74,52,47,60,65,41,46,51,38,38,34,52,73,60,46,11,50,62,69,62,68,6,19,18,18,13,30,19,18,46,20,36,36,,35,47,44,86,25,58,78,105,41,,37,41,22,46,20,36,30,,127,50,26,8,26,33,54,42,14,74,4,56,18,57,64,43,77,76,48,60,60,48,61,58,66,64,43,41,53,66,32,38,57,28,44,49,64,77,54,47,52,49,76,69,59,60,20,120,29,49,42,63,62,47,32,34,48,54,44,55,44,57,8,100,58,17,44,27,45,60,35,7,37,73,66,49,60,61,82,67,21,47,59,4,37,20,14,56,29,15,32,21,17,27,30,121,39,56,42,42,75,39,45,91,64,63,,41,32,30,21,57,51,40,29,34,3,84,54,64,84,59,66,46,40,19,23,28,44,67,19,32,36,32,,86,20,27,62,49,9,29,29,22,46,58,50,95,54,87,36,32,56,66,37,12,36,,13,13,41,14,12,39,28,93,58,14,53,33,39,57,58,32,34,54,37,52,18,27,15,61,8,13,15,19,50,12,12,10,6,26,95,66,62,41,10,71,42,4,30,84,42,60,112,62,58,54,53,74,68,,59,45,19,15,68,49,29,74,79,27,23,53,77,41,47,16,3,9,34,34,43,45,83,,43,61,83,70,38,12,59,37,,54,43,44,9,50,16,49,80,58,50,30,15,57,66,49,7,80,4,8,64,58,40,49,44,58,66,58,67,82,51,12,36,50,54,50,43,56,113,69
20231004,4,O3_8h_24h,28,51,38,2,20,36,11,51,83,68,8,28,,,61,,83,73,60,,80,,70,63,,22,51,,39,36,32,53,50,52,127,,31,70,,76,,93,48,100,,90,,34,20,37,36,24,43,29,,43,52,,61,41,57,49,33,25,33,74,46,57,,71,60,59,59,65,47,,49,6,56,36,9,,,28,3,13,4,5,,50,45,,,72,73,67,70,,85,77,,77,78,74,81,74,,95,135,138,134,132,144,126,154,118,118,128,49,53,49,56,60,52,,51,46,47,69,60,58,62,66,64,68,62,65,59,59,65,86,93,78,97,94,,91,95,83,83,29,38,51,23,36,40,32,47,28,55,,64,69,61,48,62,65,69,73,65,62,59,45,,,,53,50,,45,43,60,,,,42,,51,48,53,49,49,54,64,34,50,,,,50,53,,47,46,52,43,51,,46,16,20,25,1,14,48,52,,56,,44,63,,56,48,,52,44,43,,44,55,50,47,88,91,84,,,67,80,96,94,101,102,88,,83,,,67,,68,62,,91,94,93,82,91,87,,86,86,82,88,66,65,78,22,32,47,50,45,44,41,50,27,56,48,,,106,103,95,107,,66,53,50,55,63,,54,58,62,,58,135,72,73,,70,69,100,94,107,,,96,97,95,89,110,98,77,76,86,79,75,79,80,82,,58,51,58,57,63,48,60,,68,58,32,42,42,40,36,41,41,34,40,28,58,61,,54,39,73,22,67,47,7,107,70,76,65,62,62,49,,30,36,38,66,67,53,58,71,69,60,64,62,,74,57,56,68,70,67,,63,69,60,69,,,66,52,68,30,35,34,85,49,52,47,62,,50,57,55,49,52,55,30,21,,57,22,44,51,32,,7,10,8,7,9,24,13,,,16,15,16,14,8,,51,42,40,36,,,46,75,80,81,74,73,74,70,72,88,78,,22,41,28,24,25,25,52,55,57,47,58,54,31,17,25,22,23,36,15,13,,44,8,24,21,,2,,21,18,,,,,87,,,,60,43,82,20,73,81,82,,62,30,40,44,41,34,36,30,30,32,33,,27,35,40,59,,72,70,72,53,41,45,55,40,46,,135,148,137,61,69,64,32,99,113,84,66,77,86,85,95,91,88,,,32,,56,27,32,54,86,,76,60,,,39,23,20,28,,48,56,63,,28,48,42,16,42,99,92,116,100,57,,,,,,,73,,34,77,98,59,10,58,52,116,108,116,,124,,,62,,73,59,66,126,130,118,130,124,,56,59,60,55,47,61,59,56,60,38,18,8,10,106,107,98,26,40,31,53,,38,49,59,,116,123,,110,120,113,103,65,,23,8,,,58,69,,,,40,48,73,62,75,60,,70,70,,42,35,,46,,6,30,12,,38,128,69,65,54,,125,118,130,116,111,124,,93,96,96,90,96,79,122,70,85,123,104,96,73,72,68,72,70,76,76,75,61,75,,49,54,53,,53,74,71,69,71,69,50,54,52,59,58,62,52,63,,59,66,62,,40,80,68,74,72,,86,77,94,,54,,10,20,45,40,,56,52,,,,59,,58,,28,,,,62,61,64,2,17,,,,11,6,13,10,42,38,,53,42,45,40,37,55,,37,,,22,46,52,25,76,68,72,70,76,35,61,,38,20,32,7,41,23,14,47,43,41,43,46,40,,54,58,58,52,,28,19,20,32,9,26,28,21,,,,,20,34,,38,33,26,32,30,29,30,39,40,33,39,40,39,44,,6,16,,7,15,28,,3,4,,3,36,20,10,11,8,9,18,13,36,35,40,36,,,102,96,50,68,66,60,86,93,,76,75,1,15,44,,,81,,,,,82,,,,,,,,,,,,,,,,92,,,,,,,,,,,,,,,,,,,,,,,,,,,,,,,,,,,,,,29,28,52,26,23,54,67,60,52,,,,54,35,46,46,,,36,25,52,41,30,42,,22,43,50,,,50,36,,14,5,1,,4,,87,90,,,68,53,,,54,63,65,,,65,68,46,52,83,81,87,64,60,61,62,63,111,92,106,94,70,72,67,60,64,68,60,46,,52,45,78,,97,102,82,94,61,55,67,71,52,59,49,72,,,78,42,38,44,40,68,80,60,101,60,54,59,65,47,69,59,72,,,59,74,68,,62,62,,59,35,51,,34,14,36,,48,64,66,56,15,51,33,,49,52,34,55,49,52,47,52,,53,54,50,33,42,48,,20,,8,,,,36,32,34,22,19,42,,40,,52,41,47,102,103,115,114,,17,17,12,,,24,24,18,,23,4,21,,,88,34,32,32,34,28,28,3,11,7,13,59,55,66,59,,39,37,34,35,34,,59,57,60,77,83,85,80,82,3,,12,7,20,45,53,50,46,50,24,32,36,,58,71,73,,46,60,55,84,,74,71,65,,56,32,51,38,34,,69,70,63,62,62,54,38,,48,54,46,28,28,,27,26,60,6,16,15,20,21,44,27,24,33,,54,66,60,,52,51,,33,35,40,45,,30,36,32,34,36,28,36,33,34,36,31,44,58,55,53,52,33,47,46,43,46,40,39,42,39,37,52,54,52,51,55,56,59,47,49,51,17,43,38,32,45,22,34,39,29,,23,8,29,30,29,15,4,15,60,46,64,66,35,46,44,31,33,26,14,19,27,19,,21,12,12,61,72,,73,31,33,36,33,42,47,42,44,49,50,57,50,26,47,,,,25,26,,23,31,30,32,26,25,,42,35,21,,,,,,54,56,51,54,1,,5,,39,28,30,38,34,34,,62,63,61,63,,,,,63,64,38,38,58,56,26,,69,21,21,40,40,,37,42,18,8,10,8,29,31,,49,53,58,50,8,12,32,25,12,,15,11,,25,28,,46,47,48,,49,,86,,46,44,44,67,71,64,3,3,2,5,35,19,17,15,,36,42,,62,70,86,,81,81,10,12,96,100,,53,56,78,74,,,43,45,50,,84,56,71,48,34,66,30,,45,,,44,15,53,40,58,61,52,43,52,,79,48,29,77,69,58,5,10,16,,,14,30,16,29,,83,52,56,68,38,40,89,68,20,70,72,52,37,,2,66,31,53,80,54,66,,12,,51,58,45,35,8,16,96,36,58,74,76,20,67,38,,,71,86,59,84,,61,59,49,33,,44,46,,,27,53,38,55,72,52,49,97,42,49,68,12,24,5,32,,46,62,,28,131,43,48,85,72,67,118,55,26,10,58,99,49,54,67,104,55,18,52,30,35,64,29,,64,64,67,53,,54,101,4,69,39,50,38,36,31,51,76,51,14,14,54,25,3,25,102,42,48,31,30,34,11,5,,,10,72,40,86,63,102,47,40,,89,62,58,44,19,88,68,98,40,,71,7,15,80,74,36,90,65,95,91,90,88,81,69,82,86,22,57,64,83,62,70,45,45,64,53,67,56,39,49,43,26,44,32,62,45,54,58,41,71,75,67,54,58,10,43,72,68,108,39,39,76,56,62,62,69,45,47,56,38,38,38,67,75,63,55,11,62,62,69,65,68,8,21,22,20,22,31,19,19,48,20,38,45,,41,47,51,96,30,75,110,110,47,,37,50,31,46,22,46,38,,132,52,37,12,26,33,62,50,14,74,4,70,28,58,96,55,80,86,48,60,62,58,75,71,66,65,55,52,56,67,37,39,62,28,61,60,64,92,54,60,52,82,76,84,72,64,20,141,36,50,58,64,69,51,36,34,48,65,46,60,52,60,8,112,69,17,52,27,48,65,35,7,40,77,85,55,64,67,86,69,31,50,60,4,41,20,17,58,39,21,39,33,31,38,81,121,59,57,59,55,75,39,50,94,64,63,,42,33,32,22,57,59,42,29,34,5,90,54,69,84,91,70,46,42,19,23,31,44,71,24,32,40,39,,88,23,31,68,50,14,31,32,23,49,59,62,100,56,91,36,33,67,84,62,12,42,,25,13,52,24,12,61,50,112,72,17,53,36,45,58,65,33,34,54,55,54,18,46,26,70,8,13,15,19,54,12,14,11,9,27,100,78,62,41,10,73,55,4,40,89,46,66,125,71,64,75,70,74,70,,68,61,30,15,68,49,35,100,95,27,42,80,81,47,50,28,3,10,37,36,44,53,88,,47,61,89,88,64,14,74,62,,58,49,46,24,58,19,71,80,60,50,30,22,57,92,49,10,86,12,8,66,60,43,62,48,58,66,58,67,93,54,31,38,54,60,98,44,69,136,69
20231004,4,CO,0.3,0.3,0.4,0.4,0.4,0.2,0.5,0.6,0.5,0.3,0.4,0.6,,,0.8,,0.8,0.8,0.8,,0.9,,0.8,0.6,,0.7,1,,0.9,1,0.8,0.9,1.1,0.9,1.3,,0.7,0.5,,0.5,,1.1,0.5,0.7,,0.3,,0.6,0.2,0.4,0.8,0.7,0.6,0.7,,0.9,0.3,,,0.1,0.2,0.4,0.4,0.5,0.6,0.3,0.3,0.4,,0.4,0.5,0.5,0.3,0.7,0.4,,1,1.4,1.2,1.1,0.9,,,1.3,1.4,0.9,1.1,1.2,,0.4,0.4,,,0.2,0.4,0.2,0.3,,0.4,0.5,,0.4,0.4,0.5,0.4,0.3,,0.3,0.8,0.8,0.8,0.9,0.8,0.8,0.9,0.9,0.7,0.7,0.3,0.4,0.3,0.5,0.3,0.2,,0.4,0.3,0.4,0.6,0.3,0.5,0.3,0.5,0.8,0.5,0.5,0.2,0.3,0.6,0.4,0.5,0.6,0.4,0.6,0.5,,0.3,0.5,0.4,0.6,0.3,0.7,0.2,0.6,0.3,0.4,0.5,0.4,0.6,0.3,,0.6,0.6,0.6,0.6,0.6,0.7,0.2,0.6,0.4,0.5,0.6,0.5,,,,0.4,0.4,,0.5,0.5,0.4,,,,0.4,,1.2,0.6,1,1,1.2,1.2,0.9,0.7,0.5,,,,0.6,0.5,,0.6,0.4,0.4,0.6,0.6,,0.4,0.7,0.5,0.7,0.8,0.6,0.4,0.4,,0.4,,0.6,0.4,,0.5,0.5,,0.4,0.5,0.5,,0.7,0.5,0.6,0.5,0.5,0.5,0.5,,,0.4,0.7,0.5,0.5,0.4,0.5,0.5,,0.6,,,0.5,,0.8,0.5,,0.6,0.5,0.5,0.4,0.4,0.3,,0.5,0.5,0.5,0.5,0.6,0.4,0.5,0.5,0.7,0.5,0.6,0.3,0.6,0.5,0.7,0.7,0.5,0.7,,,0.4,0.4,0.5,0.5,,0.3,0.4,0.7,0.9,0.5,,0.7,0.5,0.4,,0.7,0.4,0.4,0.5,,0.4,0.4,0.4,0.4,0.4,,,0.5,0.7,1.1,0.4,0.6,,0.7,0.8,,0.6,0.5,0.6,0.6,0.7,,0.6,0.5,0.5,0.6,0.5,0.4,0.5,,0.5,0.7,0.4,0.6,0.5,0.6,0.6,0.5,0.6,0.4,0.7,0.3,0.9,0.8,,0.7,0.8,0.8,0.9,0.8,0.7,0.9,0.6,0.9,0.5,1.1,0.7,0.8,0.7,,0.6,0.7,0.9,1,0.8,0.5,0.5,0.7,0.7,0.5,0.5,0.7,,0.7,0.7,0.6,0.4,0.6,0.4,,0.5,0.5,0.6,0.5,,,1,1,0.9,0.8,0.9,0.9,0.8,0.8,0.6,0.6,0.5,,0.8,0.9,1,0.8,0.6,0.9,0.7,0.8,,0.4,0.4,0.4,0.2,0.3,,0.8,0.9,0.6,0.6,0.9,0.8,0.8,,,0.9,0.9,0.8,0.9,1.2,,0.6,0.5,0.5,0.6,,,0.6,0.7,0.4,0.2,0.4,0.4,0.3,0.2,0.3,0.3,0.2,,0.6,0.5,0.6,0.8,0.5,0.6,0.3,0.1,0.2,0.2,0.2,0.2,0.6,0.7,0.8,0.7,0.6,0.7,0.6,0.7,,0.9,0.2,0.6,0.6,,0.6,,0.5,0.7,,,,,0.7,,,,0.7,1,1,1,0.7,0.7,0.4,,0.5,0.5,0.6,0.6,0.4,0.8,0.7,0.7,0.6,0.5,0.7,,0.4,0.8,0.5,0.4,,0.8,0.4,0.5,0.6,0.5,0.4,0.6,0.7,0.5,,0.7,0.8,0.5,1.2,0.6,0.5,0.8,0.3,0.3,0.2,0.2,0.3,0.5,0.5,0.6,0.6,0.5,,,0.7,,0.6,0.7,1,0.7,0.6,,0.5,0.6,,,0.6,0.9,0.9,0.7,,0.5,0.8,2,,0.5,0.6,0.5,0.6,0.6,0.7,0.3,0.6,0.5,0.3,,,,,,,0.4,,0.6,0.3,0.5,0.4,0.8,0.5,0.7,0.3,0.3,0.5,,0.6,,,0.7,,0.8,0.8,0.6,0.7,0.8,0.5,0.5,0.7,,0.6,0.6,0.7,0.5,0.7,0.5,0.5,0.7,0.6,0.7,0.7,0.8,0.7,,0.7,0.7,0.8,0.8,0.8,0.8,,0.5,0.7,0.6,,0.5,0.6,,0.8,0.9,1,0.8,0.8,,0.6,0.7,,,0.5,0.3,,,,0.8,0.5,0.9,0.8,1.1,1.4,,1.1,1,,1.2,1.2,,1.4,,1,0.8,0.8,,0.9,0.7,0.2,0.3,0.3,,1,0.9,0.8,1.5,1.7,0.9,,0.3,0.6,0.7,0.5,0.5,0.4,0.8,0.7,0.8,0.7,0.7,0.8,0.4,0.5,0.5,0.6,0.4,0.4,0.4,0.5,0.5,0.5,,0.2,0.4,0.3,,0.1,0.4,0.2,0.3,0.4,0.4,0.3,0.4,0.3,0.2,0.3,0.4,1.3,0.6,,0.5,0.7,0.8,,0.7,0.6,0.6,0.8,0.5,,0.5,0.8,0.9,,0.7,,1,0.6,0.7,0.8,,1,0.8,,,,0.6,,0.5,,1,,,,0.5,0.6,0.5,0.7,0.6,,,,0.7,0.7,0.6,0.5,0.8,0.7,,0.7,0.6,0.7,0.6,0.5,0.7,,0.6,,,0.4,0.5,0.5,0.5,0.7,0.9,0.8,0.9,0.7,0.5,0.5,0.6,0.6,0.5,0.9,1.1,0.8,0.7,0.4,0.4,0.4,0.6,0.6,0.6,0.7,,0.7,0.7,0.8,0.5,,0.6,0.9,0.6,0.6,0.4,0.6,0.6,0.6,,,,,0.6,0.7,,0.6,0.5,0.4,0.3,0.3,0.2,0.3,0.7,0.6,0.5,0.5,0.8,0.9,0.5,,0.7,0.5,,0.9,0.6,0.8,,0.5,0.6,,0.8,0.5,0.7,0.7,0.6,0.6,0.7,0.7,0.6,0.7,0.6,0.7,0.6,,,0.7,0.1,0.8,0.6,1.5,1.1,0.2,0.2,,0.3,0.2,0.7,0.2,0.2,,,0.5,,,,,0.7,,,,,,,,,,,,,,,,0.6,,,,,,,,,,,,,,,,,,,,,,,,,,,,,,,,,,,,,,0.8,0.8,0.7,0.9,0.9,0.4,0.5,0.4,0.4,,,,1.1,0.9,1,0.9,,,0.6,0.7,0.6,0.6,0.6,0.7,,0.7,0.8,0.8,,,1.1,0.8,,0.6,0.8,0.5,,0.7,,0.6,0.3,,,0.4,0.4,,,0.3,0.3,0.4,,,0.3,0.3,0.2,0.2,0.5,0.5,0.5,0.3,0.2,0.3,0.4,0.4,0.7,0.5,0.8,0.6,0.3,0.2,0.3,0.2,0.4,0.4,0.6,0.4,,0.1,4.2,0.5,,0.1,0.3,0.5,0.4,0.4,0.4,0.3,0.4,0.4,0.5,0.5,0.4,,,0.2,0.1,0.3,0.3,0.2,0.8,0.2,0.4,0.3,0.3,0.5,0.2,0.6,0.6,0.4,0.5,0.2,,,0.7,0.2,0.3,,0.4,0.4,,0.1,0.4,0.4,,0.3,0.4,0.5,,0.4,0.3,0.3,0.3,0.3,0.6,0.5,,0.7,0.7,0.6,1,0.5,0.7,0.8,0.9,,0.6,0.4,0.5,0.5,0.3,0.3,,0.5,,0.6,,,,0.6,0.5,0.5,0.5,0.6,0.3,,0.7,,0.8,0.8,0.8,0.6,0.7,0.6,0.6,,0.7,0.8,0.8,,,0.7,0.7,0.7,,0.6,0.6,0.8,,,0.5,0.3,0.5,0.3,0.4,0.4,0.8,1,0.6,1.4,0.5,0.7,0.6,0.7,0.8,,0.1,0.5,0.4,0.7,0.8,,1.3,0.8,1.5,1.1,1.2,0.5,0.8,1,0.9,,1.7,1.9,1.3,0.8,0.9,0.8,1,0.9,,0.5,0.7,,1.1,0.5,0.6,,0.7,1,0.7,0.4,,0.4,0.4,0.6,,0.6,0.7,0.5,0.5,0.7,,0.6,0.6,0.6,0.6,0.4,,0.4,,0.3,0.3,0.3,0.6,0.7,,1.5,0.7,0.7,0.7,0.8,0.6,0.7,0.7,0.9,0.8,0.6,0.7,,0.6,0.6,0.4,,0.7,0.8,,0.8,0.9,0.8,0.8,,0.5,0.5,0.6,1,1,0.6,0.7,0.8,0.7,0.8,0.7,0.8,0.6,0.8,0.6,0.7,0.5,0.6,0.8,0.7,0.6,0.9,1,1,0.8,0.8,0.6,0.6,0.5,0.6,0.6,0.7,0.7,0.8,0.5,0.6,0.9,0.5,0.8,0.7,0.2,0.7,0.5,0.5,0.9,0.9,0.7,0.7,0.5,0.5,0.4,0.8,0.8,0.7,0.6,0.6,0.6,0.6,0.7,0.5,0.7,0.8,0.6,0.8,0.7,0.5,0.7,0.8,,0.5,0.5,0.5,0.4,0.6,,0.4,0.7,0.4,0.5,0.3,0.6,0.5,0.6,0.5,0.7,0.5,0.5,0.9,0.6,0.6,,,,0.5,0.4,,0.4,,0.3,0.4,0.5,0.5,,0.6,0.5,0.4,,,,,,0.5,0.5,0.6,0.5,0.7,,0.4,,0.3,0.5,0.6,0.6,0.7,1.1,,0.4,0.4,0.5,0.5,,,,,0.2,0.4,0.6,0.6,0.1,0.1,0.6,,0.3,0.6,0.5,0.6,0.6,,0.6,0.5,0.7,0.7,0.4,0.4,0.5,0.5,,0.4,0.5,0.2,0.3,0.4,0.3,0.3,0.1,0.7,,0.5,0.3,,0.4,0.3,,0.3,0.4,0.4,,0.6,,0.3,,0.3,0.2,0.5,0.7,0.5,0.5,0.5,0.6,0.8,0.7,0.7,0.6,0.6,0.4,,0.3,0.5,,0.7,0.6,0.3,,0.3,0.4,0.3,0.4,0.3,0.4,,0.5,0.6,0.2,0.2,,,0.8,0.6,0.4,,0.6,0.5,0.7,0.4,0.6,0.6,0.5,,0.6,,,0.5,0.5,0.5,0.5,0.6,0.6,0.3,0.2,0.6,,0.3,0.3,0.4,0.5,0.6,0.4,1,0.6,0.3,,,0.7,0.7,0.5,0.3,,0.4,0.1,0.3,0.5,0.5,0.5,1.4,0.9,0.7,0.7,1,1.1,0.7,,0.7,0.5,0.8,0.4,0.4,0.4,0.5,,0.6,,0.5,0.7,0.6,0.7,0.7,1.3,0.3,0.5,0.2,0.4,0.5,0.4,0.5,0.4,,,0.3,0.6,0.7,0.9,,0.5,0.5,1,0.7,,0.4,0.8,,,1,0.2,0.9,0.3,0.4,0.5,0.7,0.7,0.6,0.2,0.5,0.5,0.8,0.7,1.2,,0.6,0.5,,0.4,0.6,0.3,0.4,0.6,0.3,0.3,0.6,0.3,0.7,0.5,0.4,0.5,0.7,1.1,0.4,0.2,0.2,1.2,0.2,0.7,0.3,0.5,0.9,,0.5,0.4,0.5,0.3,,0.2,0.9,1.1,0.6,0.7,0.6,0.7,0.6,0.6,0.6,0.7,0.5,0.9,1.3,0.8,0.6,0.7,1.3,0.8,0.4,0.8,0.6,0.5,0.4,0.6,0.5,,,0.6,0.4,0.4,0.8,0.4,0.2,0.5,0.6,,0.4,0.5,0.5,0.3,0.6,0.8,0.6,0.7,0.8,,0.5,1.1,0.6,0.4,0.7,0.5,0.4,,0.7,0.7,0.4,0.4,0.4,0.5,0.6,0.7,0.3,0.4,0.4,0.4,0.3,0.3,0.6,0.5,0.7,0.6,0.3,0.3,0.5,0.5,0.7,0.8,1,1,0.6,0.9,0.7,0.6,0.9,0.8,0.5,0.6,0.6,0.7,0.7,0.5,0.7,1,0.6,,0.4,0.3,0.8,0.8,0.7,0.2,0.4,0.4,0.4,0.8,0.8,1,1.1,0.5,0.7,0.3,0.9,0.9,0.5,0.4,0.6,0.6,0.3,0.9,0.5,0.6,0.8,0.7,0.5,0.5,0.7,0.5,0.4,0.7,,0.6,0.3,0.7,0.6,0.8,0.4,0.6,0.3,0.3,,0.7,0.5,0.4,0.5,0.6,0.5,0.5,,1,0.4,0.7,0.9,0.7,0.7,0.7,1.2,0.5,0.7,0.7,0.6,0.9,0.6,0.7,0.5,0.4,0.7,0.9,0.4,1.1,0.6,0.6,0.5,0.4,0.3,0.7,0.8,0.5,0.6,0.9,0.5,1.1,0.5,0.5,0.5,0.2,0.5,0.8,0.4,0.9,0.5,0.3,0.6,0.5,0.4,0.8,0.7,0.7,0.7,1,0.5,0.6,0.7,0.6,0.8,0.5,0.6,0.6,0.8,0.5,0.7,0.4,0.7,0.6,0.5,0.5,0.4,0.6,0.6,0.5,0.5,0.8,0.7,0.8,0.7,0.5,0.4,0.7,0.7,0.5,0.7,0.3,0.7,0.6,1,1,0.1,0.7,0.8,0.8,0.7,0.7,0.6,0.4,0.4,0.8,1,0.6,0.7,0.4,0.3,0.4,0.4,0.7,0.3,,0.6,0.9,0.7,0.6,1.1,1.4,0.6,0.7,0.5,0.9,0.4,0.2,0.8,0.5,0.8,0.7,0.6,0.6,1.1,0.6,0.6,0.7,0.5,0.4,0.4,0.6,0.5,,0.5,0.6,0.6,0.7,0.7,1.1,0.6,0.4,0.7,0.6,0.5,0.5,0.4,0.4,0.4,0.6,0.5,0.6,1.2,1.2,2,0.6,,1,0.7,0.5,0.7,0.6,0.5,1.1,1.1,0.6,0.8,0.7,0.7,0.5,0.6,0.8,0.7,0.9,0.8,0.8,0.6,0.6,0.7,1.1,0.6,1,0.6,1,0.8,1,0.7,0.7,0.8,0.7,0.7,0.3,0.5,0.4,0.3,0.6,0.7,0.6,1.7,0.8,0.4,0.8,0.7,0.8,0.6,1,0.9,0.5,0.4,0.3,,0.7,0.4,0.4,0.8,0.3,0.3,0.6,0.6,0.4,0.7,0.9,0.8,0.4,0.5,0.5,0.9,0.7,0.8,0.6,0.9,0.5,0.7,0.4,,0.2,0.1,0.4,0.3,0.9,1.1,0.8,0.7,,0.4,0.5,,0.4,0.7,0.5,0.6,0.4,0.4,0.4,0.7,0.6,0.5,0.6,0.7,0.3,0.4,0.4,0.5,0.4,0.3,0.4,0.4,0.7,0.6,0.3,0.2,0.4,0.5,0.1,0.4,0.2,0.4,0.6,0.6,0.8,0.6,0.6,0.4
20231004,4,CO_24h,0.5,0.5,0.6,0.5,0.6,0.5,0.6,0.6,0.6,0.5,0.6,0.7,,,0.6,,0.5,0.6,0.5,,0.6,,0.5,0.5,,0.8,0.7,,0.9,0.9,0.9,0.9,0.9,0.9,1.2,,0.5,0.4,,0.4,,0.6,0.7,0.7,,0.5,,0.8,0.5,0.7,0.7,0.7,0.5,0.5,,0.9,0.4,,0.3,0.3,0.3,0.5,0.7,0.5,0.9,0.5,0.5,0.4,,0.5,0.5,0.5,0.3,0.3,0.4,,1.3,1,1.1,1.2,1,,,1.2,1.2,1.1,1.2,1.3,,0.6,0.7,,,0.4,0.6,0.4,0.5,,0.7,0.7,,0.7,0.6,0.7,0.7,0.6,,0.6,0.7,0.7,0.6,0.7,0.6,0.7,0.7,0.7,0.6,0.6,0.5,0.5,0.4,0.6,0.4,0.3,,0.5,0.4,0.6,0.6,0.6,0.6,0.6,0.8,0.9,0.8,0.6,1.3,0.5,0.8,0.6,0.6,0.6,0.4,0.6,0.5,,0.4,0.5,0.4,0.6,0.4,0.8,0.2,0.7,0.3,0.4,0.4,0.4,0.6,0.3,,0.6,0.6,0.6,0.6,0.6,0.7,0.2,0.6,0.5,0.5,0.7,0.5,,,,0.4,0.5,,0.5,0.4,0.3,,,,0.3,,0.9,0.6,1,0.8,1,0.8,0.9,0.8,0.6,,,,0.7,0.6,,0.6,0.4,0.5,0.5,0.4,,0.4,0.7,0.5,0.6,0.6,0.6,0.4,0.4,,0.3,,0.5,0.5,,0.5,0.5,,0.4,0.5,0.5,,0.6,0.5,0.6,0.5,0.5,0.5,0.6,,,0.5,0.7,0.5,0.5,0.4,0.5,0.4,,0.5,,,0.4,,0.7,0.5,,0.5,0.4,0.5,0.4,0.4,0.4,,0.5,0.5,0.5,0.5,0.6,0.4,0.4,0.4,0.7,0.5,0.6,0.2,0.7,0.5,0.7,0.6,0.5,0.6,,,0.3,0.3,0.4,0.4,,0.3,0.3,0.7,0.9,0.6,,0.7,0.6,0.5,,0.7,0.4,0.4,0.5,,0.4,0.5,0.4,0.4,0.4,,,0.5,0.7,0.7,0.5,0.5,0.6,0.6,0.7,0.3,0.6,0.5,0.6,0.5,0.6,,0.6,0.6,0.5,0.6,0.5,0.4,0.5,,0.5,0.6,0.4,0.6,0.5,0.6,0.6,0.5,0.6,0.5,0.7,0.3,0.9,0.8,,0.7,0.9,0.9,0.9,0.8,0.6,0.8,0.6,0.8,0.5,0.9,0.7,0.7,0.7,,0.4,0.6,0.8,0.9,0.7,0.5,0.6,0.7,0.7,0.6,0.6,0.8,,0.8,0.8,0.6,0.5,0.7,0.5,,0.5,0.6,0.6,0.6,,,0.9,0.8,0.8,0.7,0.8,0.9,0.8,0.8,0.6,0.7,0.5,,0.7,0.7,0.8,0.8,0.5,0.8,0.7,0.7,,0.4,0.4,0.4,0.4,0.3,,0.8,1,0.6,0.6,0.9,0.8,0.8,,,0.9,0.9,0.9,0.9,1.2,,0.6,0.6,0.5,0.6,,,0.7,0.9,0.4,0.2,0.4,0.6,0.4,0.2,0.3,0.3,0.3,,0.6,0.5,0.6,0.6,0.5,0.6,0.4,0.3,0.3,0.4,0.3,0.2,0.7,0.7,0.8,0.7,0.7,0.7,0.6,0.7,,0.9,0.2,0.6,0.6,,0.8,,0.8,0.9,,,,,0.8,,,,0.9,1,0.7,0.7,1,0.6,0.7,,0.4,0.5,0.6,0.5,0.4,0.7,0.7,0.7,0.6,0.6,0.7,,0.4,0.8,0.5,0.8,,0.8,0.8,0.9,0.6,0.7,0.6,0.7,0.8,0.7,,0.7,0.8,0.6,0.8,0.7,0.7,0.7,0.5,0.5,0.5,0.6,0.6,0.8,0.9,0.6,0.6,0.6,,,0.8,,0.3,0.4,0.7,0.5,0.6,,0.5,0.5,,,0.6,0.7,0.9,0.6,,0.4,0.5,1.8,,0.4,0.5,0.5,0.6,0.6,0.6,0.3,0.6,0.4,0.3,,,,,,,0.3,,0.5,0.3,0.5,0.3,0.9,0.6,0.6,0.3,0.3,0.5,,0.5,,,0.8,,0.8,0.8,0.6,0.7,0.8,0.5,0.5,0.7,,0.7,0.8,0.7,0.6,0.7,0.5,0.6,0.7,0.6,0.6,0.8,0.9,0.8,0.7,0.7,0.7,0.9,0.8,0.9,0.8,,0.6,0.7,0.7,,0.5,0.6,,0.8,0.9,1,0.8,0.9,,0.7,0.7,,,0.4,0.3,,,,0.6,0.6,0.8,0.9,1,1.3,,1,0.9,,1.2,1.3,,1.4,,1.1,0.8,1,,0.9,0.7,0.3,0.4,0.4,,0.7,0.8,0.8,1,0.8,0.7,,0.6,0.8,0.8,0.7,0.6,0.6,0.6,1.1,2.2,0.6,0.5,0.7,0.7,0.8,0.8,1,0.7,0.6,0.6,0.6,0.6,0.6,,0.4,0.5,0.3,,0.2,0.5,0.5,0.5,0.6,0.5,0.5,0.5,0.4,0.3,0.4,0.5,0.7,0.6,,0.5,0.8,0.7,,0.7,0.6,0.6,0.8,0.6,,0.6,0.8,0.9,,0.7,,1,0.7,0.5,0.7,,1,0.8,,,,0.6,,0.5,,0.8,,,,0.5,0.6,0.5,0.7,0.5,,,,0.7,0.7,0.7,0.6,0.8,0.7,,0.7,0.6,0.7,0.5,0.5,0.6,,0.6,,,0.4,0.6,0.5,0.6,0.7,0.7,0.7,0.8,0.5,0.7,0.6,0.6,0.6,0.5,0.7,0.9,0.8,0.7,0.4,0.3,0.4,0.7,0.7,0.8,0.8,,0.8,0.8,0.9,0.6,,0.6,1,0.6,0.6,0.5,0.7,0.6,0.6,,,,,0.6,0.7,,0.7,0.5,0.5,0.4,0.3,0.3,0.4,0.7,0.7,0.5,0.5,0.8,0.8,0.5,,0.8,0.5,,1,0.7,0.7,,0.5,0.6,,0.7,0.5,0.7,0.8,0.7,0.7,0.8,0.8,0.7,0.8,0.6,0.7,0.6,,,0.7,0.3,1.8,0.8,1.1,0.7,0.2,0.2,,0.4,0.2,0.6,0.3,0.3,,,0.5,,,,,0.6,,,,,,,,,,,,,,,,0.5,,,,,,,,,,,,,,,,,,,,,,,,,,,,,,,,,,,,,,0.8,0.8,0.6,0.8,0.9,0.4,0.4,0.4,0.4,,,,1.2,0.9,1.1,0.9,,,0.6,0.6,0.6,0.7,0.6,0.9,,1,1,0.7,,,0.6,0.7,,0.8,1,0.6,,0.8,,1.1,0.9,,,0.4,0.5,,,0.5,0.5,0.5,,,0.6,0.5,0.2,0.2,0.6,0.5,0.4,0.6,0.7,0.6,0.9,0.7,0.6,0.7,0.8,1,0.5,0.7,0.5,0.5,0.6,0.5,1,0.6,,0.3,1.1,0.6,,0.4,0.5,0.6,0.6,0.5,0.5,0.4,0.5,0.5,0.6,0.5,0.4,,,0.3,0.2,0.2,0.5,0.2,0.5,0.2,0.2,0.2,0.5,0.7,0.2,0.6,0.6,0.5,0.6,0.2,,,0.7,0.4,0.4,,0.4,0.5,,0.2,0.4,0.4,,0.3,0.3,0.5,,0.3,0.2,0.3,0.2,0.3,0.5,0.4,,0.6,0.6,0.5,0.7,0.4,0.7,0.7,0.7,,0.5,0.4,0.5,0.5,0.3,0.3,,0.6,,0.6,,,,0.6,0.4,0.5,0.4,0.5,0.2,,0.6,,0.6,0.5,0.6,0.6,0.6,0.6,0.6,,0.5,0.7,0.8,,,0.7,0.8,0.6,,0.6,0.6,0.7,,,0.5,0.3,0.4,0.3,0.5,0.4,0.9,1.5,0.8,1.2,0.7,0.8,0.6,0.9,1.1,,,0.5,0.5,0.6,0.7,,1.3,0.9,1.4,1.1,1,0.4,0.8,1,0.8,,1.4,1.7,1,0.9,0.7,0.9,1,1,,0.4,0.6,,0.8,0.6,0.6,,0.7,1,0.7,0.4,,0.4,0.4,0.6,,0.5,0.6,0.5,0.5,0.6,,0.5,0.6,0.5,0.5,0.4,0.6,0.4,,0.5,0.4,0.4,0.5,0.5,,1,0.9,0.7,0.9,0.8,0.6,0.7,0.6,0.8,0.7,0.5,0.7,,0.6,0.5,0.4,,0.6,0.7,,0.8,0.9,1,0.8,,0.5,0.5,0.5,1,1.1,0.7,0.8,0.8,0.8,0.9,0.8,0.9,0.6,0.8,0.7,0.7,0.5,0.6,0.8,0.7,0.6,0.8,1.1,1,0.8,0.9,0.8,0.7,0.7,0.8,0.8,0.7,0.7,0.8,0.6,0.7,0.9,0.5,0.8,0.8,0.3,0.7,0.6,0.5,0.8,0.8,0.7,0.7,0.6,0.6,0.6,0.7,0.8,0.7,0.6,0.5,0.6,0.6,0.6,0.5,0.7,0.7,0.7,0.7,0.7,0.4,0.7,0.8,,0.5,0.5,0.5,0.4,0.6,,0.4,0.6,0.4,0.5,0.3,0.6,0.5,0.6,0.5,0.7,0.6,0.6,0.9,0.6,0.5,,,,0.5,0.5,,0.4,,0.5,0.5,0.6,0.6,,0.6,0.5,0.4,,,,,,0.5,0.5,0.5,0.5,0.8,,0.5,,0.4,0.5,0.6,0.7,0.7,0.9,,0.4,0.4,0.5,0.5,,,,,0.2,0.4,0.6,0.6,0.1,0.1,0.6,,0.3,0.6,0.5,0.6,0.5,,0.7,0.6,0.6,0.6,0.4,0.4,0.4,0.4,,0.3,0.5,0.2,0.2,0.5,0.3,0.2,0.2,0.5,,0.5,0.4,,0.5,0.3,,0.3,0.4,0.5,,0.7,,0.3,,0.3,0.2,0.5,0.7,0.4,0.6,0.5,0.7,0.8,0.7,0.7,0.7,0.6,0.4,,1.2,1.2,,0.6,0.7,0.7,,0.3,0.4,0.5,0.5,0.4,0.5,,0.5,0.6,0.3,0.2,,,0.8,0.7,0.4,,0.5,0.5,0.4,0.4,0.6,0.6,0.5,,0.6,,,0.6,0.5,0.6,0.5,0.5,0.5,0.4,0.4,0.6,,0.5,0.2,0.4,0.5,0.5,0.4,0.8,0.7,0.6,,,0.8,0.8,0.6,0.3,,0.4,0.4,0.5,0.5,0.5,0.5,0.9,0.8,0.6,0.5,0.7,0.9,1.1,,0.8,0.6,0.8,0.5,0.5,0.4,0.5,,0.5,,0.6,0.6,0.7,0.6,0.8,1,0.5,0.5,0.2,0.5,0.7,0.5,0.4,0.4,,,0.5,0.6,0.6,0.7,,0.7,0.7,1.1,0.7,,0.4,0.7,,,0.9,0.4,1,0.3,0.4,0.5,0.6,0.7,0.5,0.3,0.5,0.6,0.8,0.7,1.1,,0.4,0.5,,0.4,0.6,0.4,0.4,0.8,0.4,0.3,0.5,0.3,0.7,0.5,0.5,0.4,0.4,1,0.5,0.2,0.4,1,0.3,0.6,0.4,0.4,0.9,,0.6,0.4,0.5,0.4,,0.4,0.7,1.1,0.6,0.6,0.6,0.6,0.6,0.6,0.7,0.6,0.7,0.7,1.2,0.6,0.5,0.7,1,0.6,0.5,0.7,0.6,0.5,0.4,0.6,0.6,,,0.8,0.4,0.4,0.8,0.4,0.3,0.5,0.5,,0.5,0.6,0.7,0.3,0.8,0.7,0.6,0.7,0.6,,0.6,1,0.6,0.7,1,0.5,0.4,0.5,0.7,0.5,0.4,0.5,0.5,0.6,0.6,0.6,0.4,0.6,0.6,0.9,0.4,0.4,0.7,0.5,0.7,0.5,0.4,0.4,0.4,0.4,0.7,0.8,1,0.8,0.6,1,0.7,0.5,0.9,0.7,0.5,0.7,0.7,0.6,0.8,0.5,0.7,0.9,0.7,,0.3,0.4,0.6,0.5,0.7,0.2,0.4,0.4,0.3,0.6,0.7,0.8,1,0.5,0.7,0.3,0.7,0.9,0.5,0.4,0.6,0.9,0.3,0.8,0.6,0.7,0.7,0.7,0.6,0.5,0.7,0.6,0.4,0.7,,0.6,0.4,0.7,0.6,0.7,0.3,0.5,0.3,0.4,,0.5,0.5,0.4,0.5,0.6,0.5,0.5,,0.8,0.4,0.6,0.8,0.6,0.8,0.7,0.8,0.5,0.7,0.7,0.6,0.9,0.5,0.6,0.4,0.4,0.6,0.8,0.7,1.1,0.6,0.6,0.5,1,0.4,0.7,0.8,0.5,0.6,0.8,0.5,0.8,0.7,0.5,0.5,0.3,0.4,0.6,0.4,0.4,0.7,0.5,0.8,0.5,0.5,0.8,0.7,0.7,0.7,0.9,0.5,0.6,0.7,0.6,0.7,0.6,0.7,0.5,1,0.4,0.7,0.4,0.6,0.6,0.4,0.5,0.3,0.5,0.6,0.5,0.6,0.7,0.6,0.6,0.8,0.5,0.5,0.9,0.7,0.5,1.1,0.4,0.8,0.6,1,1,0.4,0.6,0.7,0.7,0.8,0.6,0.8,0.4,0.4,0.6,0.9,0.5,0.7,0.5,0.4,0.3,0.3,0.8,0.3,,0.5,0.7,0.7,0.5,0.9,0.9,0.6,0.6,0.5,0.8,0.5,0.2,0.8,0.5,0.8,0.6,0.6,0.6,0.9,0.5,0.6,0.6,0.4,0.4,0.4,0.5,0.5,,0.5,0.7,0.6,0.6,0.7,1.1,0.5,0.5,0.7,0.6,0.5,0.4,0.4,0.4,0.4,0.6,0.5,0.8,0.9,1.2,1,0.6,,0.9,0.7,0.4,0.6,0.5,0.4,0.9,0.7,0.7,0.8,0.7,0.7,0.4,0.7,0.8,0.8,1,0.8,0.8,0.6,0.4,0.6,1,0.5,1,0.6,0.8,0.8,0.7,0.7,0.7,0.8,0.6,0.7,0.3,0.7,0.6,0.6,0.6,0.6,1,1.4,0.8,0.9,0.8,0.5,0.8,0.7,0.8,0.9,0.6,0.5,0.4,,0.7,0.4,0.4,0.8,0.5,0.4,0.7,0.5,0.5,0.5,0.8,0.7,0.5,0.6,0.6,0.7,0.7,0.7,0.6,1,0.5,0.6,0.5,,0.3,0.3,0.4,0.3,0.8,1.2,0.9,0.6,,0.6,0.5,0.2,0.4,0.7,0.5,0.5,0.5,0.8,0.4,0.5,0.7,0.5,0.4,0.5,0.4,0.6,0.5,0.6,0.6,0.5,0.4,0.4,1,0.5,0.4,0.4,0.5,0.6,0.3,0.3,0.3,0.4,0.6,0.5,0.6,0.7,0.8,0.5
20231004,5,AQI,20,12,17,13,25,24,18,54,27,17,27,22,,,87,,64,61,63,,69,,79,88,,66,108,,71,82,94,75,80,98,76,,87,83,,78,,66,43,62,,60,,83,77,72,132,132,95,107,,105,15,,15,15,18,39,37,44,52,45,41,44,,44,77,56,75,65,60,,65,61,64,64,66,,,70,102,65,60,72,,14,16,,,20,20,19,21,,31,26,,29,18,19,22,24,,19,73,71,86,75,89,79,58,82,58,58,32,16,27,15,14,14,,26,26,20,18,16,15,25,18,17,17,15,18,15,15,21,25,25,24,27,24,,26,23,21,25,32,34,41,27,24,30,26,32,27,15,,31,29,21,35,19,25,27,26,23,24,20,52,,,,41,48,,43,30,39,,,,33,,36,31,37,29,31,31,24,28,32,,,,31,32,,34,42,32,42,37,,46,49,46,34,55,41,36,49,,42,,32,40,,32,24,,35,25,26,,25,25,28,33,26,27,29,,,21,25,28,37,31,34,31,,41,,,40,,27,26,,23,27,25,24,27,24,,45,32,34,34,34,35,35,30,46,39,35,31,44,34,44,45,54,48,,,44,34,44,38,,52,52,28,35,22,,32,30,21,,30,48,39,55,,51,55,51,55,31,,,31,34,34,28,36,,56,48,37,51,58,53,52,52,,18,25,22,22,20,26,18,,25,22,15,22,19,26,15,23,17,20,33,21,57,60,,60,72,45,44,56,43,55,36,36,48,42,51,38,39,,59,47,48,55,32,28,34,32,41,53,43,32,,30,57,53,26,30,24,,28,31,28,31,,,51,45,48,50,48,51,57,62,46,48,33,,37,31,27,23,19,49,30,61,,30,32,27,23,12,,20,15,22,30,19,15,19,,,18,18,9,22,19,,27,21,22,33,,,28,22,27,28,24,27,27,25,35,28,25,,9,12,9,14,14,17,15,12,16,14,17,15,27,26,26,23,20,20,26,18,,35,25,22,26,,47,,49,45,,,,,29,,,,47,51,52,59,36,46,42,,28,24,23,22,19,27,40,38,30,35,40,,27,29,17,19,,19,20,20,22,39,28,31,34,27,,36,28,,33,25,29,30,19,20,12,19,19,21,21,33,32,33,,,58,,67,74,64,63,74,,67,83,,,77,78,75,70,,57,58,69,,80,58,64,58,52,36,34,34,34,41,,,,,,,70,,79,57,44,69,36,31,34,39,36,37,,83,,,38,,43,30,29,39,44,52,43,45,,39,77,26,29,47,20,44,34,29,45,34,36,34,,33,41,54,62,35,24,,31,32,36,,43,40,,59,58,67,58,23,,30,13,,,75,70,,,,26,28,31,35,58,64,,62,55,,79,88,,105,,70,80,87,,74,65,17,19,18,,29,22,17,34,34,36,,24,20,26,23,21,24,32,43,54,27,25,26,20,25,19,20,20,19,20,20,23,22,,14,14,17,,14,22,30,36,27,28,22,14,15,17,26,28,35,27,,39,27,39,,19,21,20,22,29,,24,20,29,,62,,58,48,49,59,,69,,,,,67,,65,,65,,,,60,40,53,38,46,,,,17,10,22,23,50,46,,22,24,42,21,43,33,,36,,,29,22,17,23,25,52,55,54,58,23,24,,23,39,62,52,30,54,27,15,19,20,19,17,28,,45,49,48,40,,14,31,20,13,31,47,51,45,,,,,58,42,,39,10,29,17,15,18,19,24,21,17,16,18,9,13,,20,23,,35,54,53,,31,41,,52,15,20,19,20,19,26,22,23,35,36,35,41,,,33,34,122,54,66,64,20,19,,21,19,53,70,122,,,49,,,,,41,,,,,,,,,,,,,,,,33,,,,,,,,,,,,,,,,,,,,,,,,,,,,,,,,,,,,,,28,48,43,46,,51,48,56,39,,,,59,64,58,55,,,56,64,61,56,62,63,,75,69,53,,,63,70,,50,51,36,,80,,46,29,,,22,40,,,32,33,23,,,32,22,12,25,40,52,55,24,20,21,20,20,23,20,21,23,17,19,17,16,19,33,18,15,,15,32,19,,26,26,31,23,16,19,20,22,16,19,22,22,,,24,26,25,27,23,23,20,22,26,19,20,19,19,19,20,20,23,,,28,20,20,,17,18,,25,43,33,,24,36,19,,27,32,13,40,22,34,50,,52,54,57,65,46,40,27,29,,30,18,14,29,21,26,,51,,59,,,,27,31,19,38,57,55,,41,,32,29,27,31,28,37,37,,53,29,38,,,35,30,32,,42,42,32,,,30,22,16,20,13,26,13,43,35,35,32,25,45,40,39,,34,36,36,35,38,,59,69,59,52,53,54,51,50,49,,55,52,51,33,34,43,38,35,,52,53,,69,54,70,,65,58,67,55,,59,77,68,,72,49,53,57,55,,34,35,,35,40,,58,,45,46,55,56,47,,51,45,17,29,16,12,33,51,45,43,41,37,,42,40,45,,34,25,,37,15,43,45,,53,40,48,26,16,20,43,,21,33,26,35,43,40,38,29,34,40,53,48,49,24,42,39,35,49,37,37,29,38,33,16,17,22,21,20,26,18,24,20,20,10,14,11,63,,76,66,19,25,18,51,40,49,36,39,35,46,46,40,54,102,46,53,36,42,28,38,,32,38,34,24,23,,22,22,20,19,16,34,28,32,35,33,29,26,28,40,45,,,,22,21,,19,11,10,10,12,19,,26,22,23,,,,,,33,28,19,28,13,,17,,10,13,12,12,16,16,,23,30,25,21,,,,,21,20,15,13,28,25,26,,22,10,13,17,20,,20,12,22,14,12,20,28,15,,35,30,32,39,20,13,19,26,23,,21,18,,13,9,,,11,9,,15,,25,,10,9,16,20,19,21,56,74,71,62,13,21,18,18,,25,24,,20,30,29,,30,26,,40,31,31,,32,32,31,48,,,30,27,15,,27,19,22,33,8,36,55,,57,,,48,34,29,24,49,44,36,42,23,,21,22,30,61,63,79,154,112,103,,,51,33,46,14,,24,29,29,30,12,55,52,67,65,84,70,90,67,,64,24,32,33,27,26,25,,47,,49,84,31,23,16,30,34,19,33,17,22,19,20,14,,,48,41,32,60,,55,42,63,39,,38,28,,,57,34,41,42,49,36,54,53,59,25,36,22,25,26,107,,74,67,,34,51,32,32,28,17,22,83,33,42,21,28,30,74,62,22,42,23,59,30,64,12,72,45,,23,29,22,14,,18,66,18,105,55,53,35,43,29,56,60,48,43,56,25,43,22,70,33,52,26,58,16,20,14,12,,,45,42,67,22,29,33,38,32,,31,51,42,33,38,24,74,59,46,,24,48,45,37,30,14,32,,27,23,23,25,23,25,25,25,24,26,15,55,19,15,52,51,21,32,25,39,40,38,37,,56,68,63,37,45,37,29,43,27,44,38,55,39,30,29,54,51,12,87,49,84,118,30,20,66,23,46,51,42,57,54,59,67,45,53,49,21,26,20,27,11,20,20,22,18,25,12,12,15,12,12,23,,35,32,28,48,64,52,77,29,53,,70,74,77,83,9,11,13,,46,15,29,38,40,18,19,28,38,58,46,41,51,26,41,34,34,36,52,22,45,57,63,42,22,25,32,29,26,20,29,20,40,32,30,30,25,38,40,48,36,53,28,48,28,19,40,43,33,33,53,39,30,31,26,52,26,27,33,82,65,70,65,52,63,60,56,27,27,29,38,52,29,55,62,68,53,63,49,47,57,16,16,30,10,24,40,18,59,54,55,49,37,34,62,46,69,79,73,67,39,59,72,30,31,89,,85,90,85,67,55,78,38,40,18,34,31,62,42,37,56,50,34,40,59,34,22,13,21,30,22,21,20,,24,22,27,34,52,16,15,25,17,23,22,39,26,24,26,22,21,19,74,36,87,46,,140,57,77,84,84,,79,54,89,114,94,73,86,83,79,77,78,50,49,72,32,51,87,55,58,22,31,18,53,27,37,16,25,25,23,19,83,91,15,22,46,91,57,39,47,49,54,29,52,41,33,25,29,,30,53,52,58,26,23,41,37,41,64,73,85,59,50,43,50,35,29,30,31,27,40,27,,15,20,26,70,64,97,65,52,,14,58,19,26,31,23,83,51,19,23,56,64,33,87,73,25,20,18,48,19,16,,43,99,29,20,37,21,27,16,43,10,14,50,89,64,56,36,29
20231004,5,PM2.5,8,7,9,8,9,8,7,34,17,6,6,10,,,64,,43,39,44,,48,,57,65,,45,81,,49,58,70,55,59,73,49,,64,53,,54,,35,26,44,,43,,61,56,52,100,100,71,80,,79,7,,3,10,12,27,16,27,24,25,12,30,,19,56,39,55,43,40,,43,26,40,37,39,,,35,60,37,37,52,,3,3,,,2,2,2,2,,12,11,,14,6,10,6,3,,13,53,48,61,50,66,58,34,48,38,41,13,10,12,9,8,8,,10,11,12,7,8,8,4,8,8,8,8,11,8,5,7,5,7,5,6,5,,8,8,5,7,12,17,9,9,12,11,14,19,17,9,,14,14,9,20,11,17,6,9,1,3,1,36,,,,28,28,,30,21,27,,,,23,,17,14,19,19,17,17,14,19,16,,,,13,15,,21,29,22,29,24,,29,34,32,22,39,28,17,34,,29,,22,27,,13,12,,17,17,18,,17,16,16,11,7,6,5,,,6,6,6,17,15,15,20,,21,,,24,,11,13,,12,8,13,6,6,8,,22,19,19,16,21,17,13,18,31,27,24,14,24,22,24,31,31,33,,,21,18,17,19,,23,22,19,24,7,,18,16,13,,15,29,22,24,,34,27,27,37,17,,,14,19,10,19,17,,29,27,18,31,38,29,28,26,,7,17,15,12,14,18,12,,17,12,9,15,13,18,10,16,9,10,23,7,38,43,,41,52,31,25,39,26,38,25,20,21,19,22,23,21,,42,23,27,19,16,12,22,15,24,31,30,17,,16,26,36,18,21,16,,19,17,11,15,,,26,21,22,32,30,29,35,32,26,33,22,,16,15,18,16,13,29,15,21,,13,14,14,13,5,,14,10,15,13,7,10,13,,,8,12,6,15,10,,14,12,10,10,,,19,2,12,19,14,14,17,17,24,9,12,,4,8,2,7,7,8,7,5,6,5,5,5,11,14,18,14,14,14,14,12,,15,15,14,16,,25,,34,31,,,,,20,,,,31,29,27,33,12,23,14,,13,15,16,15,13,16,17,22,15,17,19,,18,14,9,10,,2,2,3,5,7,19,12,17,9,,15,8,,20,11,13,13,5,9,6,2,9,7,3,16,16,17,,,37,,42,45,46,38,46,,48,61,,,56,57,55,51,,40,36,46,,53,41,31,41,34,19,16,21,13,22,,,,,,,46,,58,40,22,38,23,12,16,12,10,15,,61,,,18,,30,21,20,22,19,19,22,22,,12,56,10,11,19,10,24,19,9,31,22,21,23,24,23,19,38,44,24,14,,21,16,21,,26,28,,31,35,33,23,16,,17,9,,,55,51,,,,11,13,11,10,41,46,,44,30,,58,65,,79,,42,46,49,,53,47,3,2,7,,7,6,7,12,14,13,,4,14,10,6,8,6,17,25,30,17,13,18,2,15,5,14,3,7,12,14,11,11,,7,8,2,,8,14,21,25,14,19,8,8,10,6,18,19,19,16,,27,18,20,,13,11,10,10,20,,12,13,4,,44,,41,33,34,42,,50,,,,,44,,36,,47,,,,28,28,31,22,26,,,,7,7,2,7,17,23,,15,14,29,12,30,15,,25,,,11,9,11,6,5,36,39,38,41,8,7,17,10,22,44,33,21,38,14,10,7,13,11,10,19,,31,34,33,27,,2,11,4,8,16,27,32,17,,,,,33,25,,13,5,20,6,5,5,13,14,14,8,9,11,2,9,,11,14,,24,29,26,,15,15,,19,10,11,13,13,13,18,8,16,24,25,24,19,,,11,12,,15,16,8,7,12,,10,7,18,13,36,,,29,,,,,17,,,,,,,,,,,,,,,,7,,,,,,,,,,,,,,,,,,,,,,,,,,,,,,,,,,,,,,13,33,21,24,21,29,29,26,27,,,,36,29,36,31,,,25,19,28,17,34,36,,55,50,36,,,41,51,,26,31,20,,27,,16,10,,,2,28,,,13,16,11,,,22,6,6,2,23,35,34,7,3,7,2,2,16,14,14,16,4,2,8,7,6,23,8,4,,6,22,13,,,3,9,5,7,8,7,4,9,13,12,7,,,4,18,17,12,16,10,14,7,18,13,14,12,11,13,11,12,10,,,10,9,7,6,2,2,,17,17,11,,16,25,13,,13,17,4,28,15,20,26,,31,26,21,33,29,18,18,20,,21,5,2,8,10,16,,24,,42,,,,13,11,13,14,40,39,,27,,17,18,17,15,15,18,16,,24,20,25,,,24,21,22,,23,22,21,,,19,15,9,14,9,6,9,30,24,23,22,17,22,23,27,,6,25,25,21,23,,42,50,37,36,36,34,34,34,28,,32,33,35,17,23,24,26,22,36,36,34,,50,32,51,,47,41,48,39,,41,56,49,,52,30,35,40,38,,23,24,,24,25,,31,,31,32,39,13,22,,25,10,2,15,8,2,19,20,28,30,14,16,,29,28,31,,20,17,,20,10,24,31,,37,28,33,7,2,14,20,,12,23,18,24,24,28,26,20,6,28,37,33,27,13,29,27,24,34,20,23,20,23,23,6,5,15,8,9,10,12,13,13,14,5,6,4,44,41,48,39,12,13,9,19,16,17,24,27,24,19,20,23,22,76,32,37,13,29,19,26,,20,21,20,5,5,,,12,6,9,6,20,18,22,24,23,20,17,16,18,31,,,,11,10,,11,6,,,8,,,18,15,16,,,,,,14,10,13,19,9,,10,,2,9,6,8,11,7,,16,21,17,14,,,,,8,5,10,5,19,7,18,,7,4,5,8,14,,14,1,8,9,5,14,19,8,,24,21,15,19,14,9,11,18,9,,12,7,,9,6,,,2,,,9,,3,,,2,8,5,5,5,32,27,27,30,9,12,11,6,,14,15,,9,21,6,,21,18,,21,16,20,,20,22,12,33,,,14,14,10,,8,6,15,23,4,17,32,,40,,,23,21,20,14,10,9,18,21,15,,14,15,14,25,33,36,70,50,66,,,17,22,21,9,,4,20,20,16,5,24,36,48,47,62,51,67,48,,29,11,21,23,6,14,16,,27,,34,62,18,16,11,9,14,8,8,6,12,11,11,3,,,16,24,16,38,,21,25,45,27,,26,19,,,27,15,15,29,34,24,28,34,39,14,25,15,4,18,80,,54,48,,22,22,22,22,17,9,14,61,23,19,8,19,18,54,44,15,29,9,41,21,46,8,52,31,,16,20,15,4,,12,35,8,79,39,31,20,30,20,28,41,27,25,29,15,30,11,51,16,34,18,40,8,14,4,5,,,31,20,45,12,19,2,23,22,,7,29,26,23,17,15,54,37,28,,12,33,31,24,20,3,11,,6,7,10,7,6,5,5,6,14,8,10,8,4,3,36,34,8,22,2,24,28,22,23,,37,49,33,21,24,17,14,23,9,26,23,39,27,14,15,36,25,7,64,28,56,89,18,6,42,15,32,33,29,39,29,42,48,31,37,33,9,18,10,7,7,14,7,9,6,17,4,7,10,6,8,14,,24,22,19,18,46,31,56,14,34,,51,48,52,61,6,2,9,,23,9,18,25,28,12,13,19,24,41,19,18,33,16,15,17,17,23,32,8,31,31,45,22,2,17,17,18,12,10,20,14,22,15,20,21,3,26,28,29,19,19,14,18,14,6,28,30,23,22,3,17,14,12,17,36,18,12,19,55,42,46,38,29,43,43,25,12,15,14,22,36,20,33,38,49,36,41,34,31,39,11,10,8,7,10,28,3,42,37,39,34,23,20,27,22,44,58,53,34,19,42,52,11,9,66,,63,67,63,48,13,21,26,18,11,13,12,33,29,15,33,34,14,19,42,15,14,5,12,17,7,9,8,,5,15,4,16,36,5,10,13,10,16,15,22,15,16,8,14,8,5,54,23,64,17,,107,25,56,58,57,71,49,31,66,86,70,47,58,59,50,56,48,24,32,52,22,33,64,30,41,15,12,12,34,13,13,10,12,17,1,,36,63,7,5,26,56,24,2,23,20,38,12,30,24,13,17,20,,20,29,36,41,12,16,27,22,19,46,53,63,42,31,27,25,13,20,16,21,15,18,12,,2,1,12,34,46,72,47,33,,5,33,4,9,7,10,61,32,2,7,36,43,23,64,53,12,12,7,30,2,2,,18,74,20,10,25,4,7,9,18,6,,35,66,45,39,18,16
20231004,5,PM2.5_24h,35,26,32,29,30,33,26,41,36,24,28,26,,,37,,35,32,36,,33,,27,28,,26,44,,36,45,50,42,44,54,33,,34,30,,29,,20,32,33,,39,,38,35,34,74,64,57,55,,62,8,,13,18,17,17,17,24,24,23,29,38,,29,30,30,35,26,24,,34,29,37,34,43,,,70,66,39,51,37,,24,24,,,21,24,22,24,,16,15,,18,14,18,16,16,,18,34,31,32,30,33,31,28,28,28,23,18,18,14,13,11,11,,12,13,15,16,16,15,14,17,17,19,20,20,15,16,15,9,11,8,11,8,,9,9,7,8,8,12,12,8,8,10,11,12,10,12,,11,12,11,12,11,12,6,11,8,8,5,19,,,,26,21,,22,24,22,,,,14,,9,9,12,10,12,12,11,12,18,,,,13,16,,13,17,17,15,13,,13,20,19,16,21,20,15,19,,15,,21,22,,16,19,,21,21,19,,19,18,22,20,11,12,9,,,14,11,11,17,17,15,17,,14,,,17,,9,12,,12,13,17,6,8,8,,24,23,27,23,26,22,19,15,18,17,15,9,21,17,15,19,16,21,,,13,13,15,11,,19,18,22,23,17,,27,21,14,,21,20,18,18,,18,20,18,25,18,,,11,12,10,12,14,15,22,20,16,20,23,22,20,20,,7,8,11,7,13,11,10,,9,10,7,9,7,9,11,9,8,6,7,6,33,37,,35,37,35,29,33,22,31,27,21,22,20,22,19,26,,18,15,18,23,18,14,21,14,27,31,29,24,,22,29,32,24,22,23,,22,21,20,18,,,28,24,24,27,26,26,26,19,26,25,24,,18,18,21,19,18,17,19,21,,11,11,11,12,5,,17,9,16,18,10,10,18,,,13,21,13,14,19,,25,21,21,27,,,24,14,11,19,15,18,13,16,24,17,12,,7,9,8,10,6,8,9,7,7,6,6,5,14,12,14,11,13,14,14,10,,15,15,10,14,,34,,37,36,,,,,28,,,,43,43,25,30,27,26,26,,20,8,7,6,8,12,10,12,13,10,15,,15,11,8,17,,21,19,18,18,16,17,14,18,14,,24,18,13,17,15,14,15,15,14,13,17,21,17,17,14,16,19,,,29,,26,30,29,27,29,,25,34,,,36,41,30,41,,28,32,40,,43,32,31,31,33,12,13,13,11,15,,,,,,,24,,38,32,21,32,18,14,16,10,7,11,,33,,,27,,29,26,26,23,21,20,25,21,,11,15,13,12,16,13,19,18,11,25,24,23,26,19,23,17,34,33,25,13,,14,18,21,,25,29,,25,26,24,25,22,,24,9,,,34,32,,,,19,21,19,19,27,35,,29,24,,44,51,,56,,37,40,40,,39,40,10,12,12,,21,17,22,21,20,17,,13,19,18,15,19,17,14,19,28,15,11,15,23,24,19,23,19,12,13,16,15,15,,15,13,7,,10,16,21,24,17,17,22,11,15,16,16,14,14,12,,14,13,12,,12,14,15,15,18,,15,17,10,,32,,33,28,25,31,,31,23,,,,29,,21,,26,,,,33,29,23,26,25,,,,4,7,3,6,19,19,,13,10,18,9,18,9,,11,,,4,7,9,4,3,27,24,29,29,12,9,14,17,22,33,26,21,23,19,10,10,20,24,22,24,,31,32,30,25,,8,10,8,9,19,28,29,21,,,,,24,26,,22,7,18,8,10,9,16,13,17,16,16,12,7,10,,15,14,,33,33,22,,12,16,,19,10,10,20,15,18,22,14,21,24,24,20,23,,,8,14,33,33,18,17,5,11,,18,8,24,22,28,,,24,,,,,14,,,,,,,,,,,,,,,,9,,,,,,,,,,,,,,,,,,,,,,,,,,,,,,,,,,,,,,10,24,22,20,19,24,27,25,24,,,,20,20,23,21,,,25,25,29,25,28,51,,54,55,30,,,29,38,,36,40,19,,23,,24,21,,,11,23,,,24,21,19,,,21,20,4,3,17,15,17,16,15,16,15,10,17,18,17,19,14,13,14,16,14,17,16,15,,14,19,14,,9,11,11,12,19,17,16,13,13,14,12,13,,,13,17,13,14,13,11,9,10,12,10,9,11,14,14,12,12,7,,,8,11,9,19,9,9,,15,10,9,,12,16,12,,17,18,10,18,16,17,22,,13,17,13,17,20,10,16,17,,19,11,11,13,10,13,,22,,34,,,,6,6,10,10,23,16,,18,,17,17,17,12,12,12,15,,22,21,22,,,17,21,19,,20,20,17,,,13,14,19,23,22,12,20,40,30,33,30,34,38,37,42,,12,26,29,30,29,,32,32,32,31,39,37,35,36,42,,44,48,44,29,32,31,31,29,21,29,24,,38,31,36,,30,26,32,27,,30,32,27,,35,26,28,32,31,,23,21,10,24,25,28,30,,33,34,39,12,16,,17,11,4,15,6,8,17,22,35,27,7,9,,29,22,24,,14,11,,13,9,17,18,,25,20,22,10,6,22,21,,21,28,26,33,27,25,31,32,7,17,18,17,16,32,53,51,55,60,48,50,48,48,53,5,8,12,10,9,7,11,16,11,13,4,6,7,33,32,34,26,12,15,10,16,18,15,21,22,21,16,19,26,25,43,34,22,18,30,19,22,,23,19,18,7,7,,4,12,7,10,5,17,12,18,17,25,22,15,21,15,21,,,,12,10,,10,8,2,4,7,4,,13,11,10,,,,,,11,12,14,14,13,,10,,5,9,9,12,11,9,,18,18,12,16,,,,,6,6,16,16,11,11,21,,8,10,7,13,13,,18,6,9,14,11,14,10,9,,17,20,15,16,10,12,9,9,11,,13,10,,9,7,,2,4,4,,15,,4,,1,4,6,5,5,7,19,23,20,20,9,12,11,8,,28,28,,14,13,18,,25,20,,23,19,22,,18,21,21,25,,,20,15,15,,16,11,18,15,6,14,28,,29,,,32,15,14,10,10,15,18,23,8,,18,15,15,22,26,36,45,51,65,,,26,23,24,12,,6,20,20,17,10,19,28,36,30,30,31,53,66,,24,12,15,16,12,16,15,,24,,29,35,23,17,10,11,17,8,8,15,16,10,13,5,,,32,22,14,31,,28,34,58,16,,19,9,,,15,15,12,14,24,19,20,10,19,15,19,19,14,17,52,,34,35,,20,23,35,33,13,16,17,34,14,23,9,22,14,30,29,18,21,20,31,15,29,5,33,25,,21,22,20,11,,18,28,14,41,18,21,11,12,11,24,24,21,14,45,12,16,14,33,17,32,16,35,7,8,7,6,,,34,16,30,15,20,4,21,14,,18,28,35,18,36,14,30,28,14,,15,31,27,33,30,5,19,9,5,8,10,8,10,11,8,6,19,20,17,13,14,9,22,25,13,14,6,12,15,13,23,30,39,37,33,25,27,18,24,24,17,28,24,28,28,13,21,31,25,10,39,35,31,44,13,12,18,11,21,15,17,37,32,32,30,30,30,28,8,14,8,6,8,20,19,9,17,21,10,12,11,11,13,23,,25,32,22,13,32,27,34,10,32,,25,30,33,30,7,10,11,,27,9,16,23,21,23,14,19,21,34,17,19,35,12,18,14,14,19,26,20,36,30,39,32,18,17,10,12,13,12,16,8,13,16,14,11,8,17,14,11,13,21,26,27,20,15,20,24,22,21,15,19,17,13,19,20,14,19,18,46,35,31,30,27,35,28,20,12,13,13,20,23,20,19,20,33,24,32,34,27,26,10,13,9,9,17,9,11,26,26,25,31,22,28,25,15,25,34,32,22,23,30,34,6,14,36,,30,40,40,29,28,28,15,24,12,16,12,18,22,12,26,23,21,23,23,17,23,22,11,14,9,9,10,,8,10,4,16,27,8,8,10,11,24,19,16,14,15,10,21,19,20,37,28,42,23,,60,29,28,41,29,29,38,29,62,72,63,46,53,49,48,42,36,18,22,23,17,23,40,24,34,16,12,21,22,15,14,12,18,15,6,10,59,85,8,6,71,41,20,20,24,20,31,20,27,26,16,11,20,,14,22,27,32,15,23,23,13,13,35,37,40,28,30,31,27,20,11,6,16,18,14,21,,6,8,10,25,33,54,33,28,,22,30,23,28,17,10,36,21,20,10,22,33,27,27,34,17,32,23,34,23,21,,15,40,19,14,26,14,11,18,16,6,1,27,35,26,34,19,19
20231004,5,PM10,14,12,17,13,19,16,17,57,27,15,14,18,,,106,,78,72,76,,87,,107,110,,82,137,,92,113,120,76,108,98,102,,114,115,,106,,82,43,56,,66,,73,66,74,141,111,133,154,,125,15,,11,2,11,39,37,44,54,45,41,44,,44,86,62,66,80,70,,80,72,77,77,81,,,89,154,79,69,76,,,9,,,6,9,9,6,,31,26,,29,13,11,22,24,,8,88,92,122,100,82,92,66,114,65,43,32,16,27,15,14,14,,26,26,20,7,8,8,25,9,14,4,8,7,6,8,21,14,15,12,14,17,,13,23,18,16,32,34,41,27,24,30,26,32,27,15,,31,29,21,35,19,25,14,10,14,11,8,51,,,,41,48,,42,29,36,,,,31,,36,31,37,29,31,31,24,27,32,,,,31,32,,34,35,28,39,37,,46,31,44,34,42,41,36,33,,28,,31,40,,32,24,,35,25,24,,24,25,28,33,16,22,24,,,21,17,16,37,31,34,31,,41,,,40,,27,26,,23,23,23,17,18,21,,45,32,34,34,34,35,35,30,46,34,34,31,44,34,44,41,58,48,,,44,34,44,38,,53,54,25,24,17,,32,30,16,,30,48,39,59,,51,59,51,59,27,,,31,34,34,27,36,,62,48,37,51,65,56,53,53,,18,22,22,22,18,16,16,,24,22,15,19,10,20,15,11,17,20,28,21,64,65,,70,92,40,44,61,43,60,35,36,48,42,52,38,39,,53,47,48,60,32,28,34,32,41,56,42,32,,30,63,56,18,25,24,,26,31,28,31,,,51,45,48,50,48,51,63,74,46,47,33,,37,31,27,22,17,49,30,72,,30,32,27,23,10,,19,10,13,30,19,13,16,,,18,18,8,12,19,,27,21,22,33,,,22,3,19,14,22,27,27,19,29,24,19,,7,9,6,14,14,17,5,6,6,6,4,5,27,26,22,23,20,18,26,14,,35,25,22,26,,47,,36,38,,,,,29,,,,47,51,54,67,36,46,42,,28,24,22,22,16,27,40,38,30,35,40,,27,29,17,10,,12,13,10,22,39,24,31,34,27,,36,28,35,33,25,29,30,8,10,12,16,7,17,12,33,32,33,,,66,,83,97,68,75,97,,84,106,,,89,85,89,83,,58,66,88,,110,56,78,61,53,36,34,34,24,41,,,,,,,89,,97,63,44,88,36,31,34,12,24,27,,97,,,38,,33,28,25,39,44,54,43,45,,39,47,26,29,47,16,44,34,29,36,34,36,34,42,33,41,42,49,35,24,,31,32,36,,43,35,,68,66,83,65,22,,30,7,,,80,69,,,,26,28,31,35,52,53,,51,60,,97,89,,113,,90,110,123,,97,73,7,4,5,,29,22,13,34,34,36,,24,20,26,23,21,24,32,43,58,27,25,26,13,25,13,13,9,19,20,20,23,22,,14,13,17,,4,17,9,23,27,25,22,11,9,17,11,28,35,27,,22,27,39,,18,19,13,20,16,,16,20,2,,50,,51,46,48,51,,68,57,,,,84,,79,,64,,,,70,40,55,38,46,,,,17,8,22,23,50,46,,21,24,27,21,29,33,,36,,,29,22,17,23,7,50,55,58,50,23,24,21,23,39,50,54,28,43,27,15,19,20,19,10,24,,43,49,40,40,,14,31,20,13,31,47,52,45,,,,,65,42,,39,2,22,17,15,18,15,24,21,17,16,18,8,13,,20,23,,31,57,55,,31,41,,54,15,20,18,20,16,19,22,22,29,29,31,41,,,16,14,193,58,82,77,9,17,,15,6,55,89,193,,,49,,,,,41,,,,,,,,,,,,,,,,17,,,,,,,,,,,,,,,,,,,,,,,,,,,,,,,,,,,,,,28,46,43,46,42,51,48,62,36,,,,67,78,65,60,,,61,77,71,61,73,75,,87,74,55,,,76,83,,50,52,36,,110,,46,29,,,21,34,,,32,33,23,,,17,8,12,25,40,54,60,24,6,3,7,11,16,11,21,10,8,8,12,7,11,22,14,8,,14,25,19,,6,5,31,23,11,19,9,22,16,14,22,12,,,8,15,19,27,19,23,7,22,19,17,15,19,17,13,16,15,13,,,9,8,16,2,4,5,,12,43,33,,24,34,19,,27,32,10,40,21,34,50,,54,58,63,80,46,40,27,23,,18,18,14,29,21,26,,52,,46,,,,27,31,18,38,56,48,,41,,32,29,27,31,28,37,37,,56,22,38,,,29,24,24,,42,42,32,,,30,11,16,17,12,26,11,40,32,35,32,21,45,40,31,,34,31,36,35,38,,49,50,67,45,56,57,51,50,49,,60,53,52,33,34,43,33,35,46,49,55,,71,58,63,,78,58,79,41,,68,81,55,,55,49,55,51,59,,34,34,23,30,40,,66,,41,45,38,61,47,,52,45,8,29,16,12,33,51,45,36,41,37,,41,40,45,,34,22,,37,10,43,32,,51,38,38,26,16,7,43,16,21,31,19,23,43,35,31,24,34,31,51,39,49,24,36,38,34,42,37,37,26,38,31,8,8,16,21,20,26,17,24,20,18,10,14,4,76,98,102,81,19,25,18,51,40,49,36,36,26,46,46,40,58,54,46,37,36,33,24,37,,32,38,34,24,13,,5,22,20,19,16,34,28,24,28,33,24,26,28,40,42,,,,22,21,,19,11,9,5,7,19,,25,19,23,,,,,,33,28,16,27,12,,17,,5,10,12,12,14,16,,18,26,18,21,,,,,11,13,12,7,28,25,22,,17,10,13,17,3,,15,9,22,14,12,16,16,15,,28,26,32,39,19,11,19,9,23,,21,18,,9,4,,,5,2,,15,,7,,2,8,12,6,7,10,62,97,91,73,7,21,18,18,,23,20,,20,22,13,,28,26,22,40,17,24,,32,30,31,34,,,30,27,11,,13,16,9,19,4,36,60,,52,,,48,34,22,24,49,44,36,42,23,,21,21,30,71,75,107,258,173,156,,,51,33,46,14,,24,22,22,30,6,59,45,68,78,116,86,101,80,,77,24,32,29,20,26,25,,47,,41,88,31,22,16,30,22,19,33,17,22,19,20,4,,,48,41,32,70,,59,42,64,34,,30,24,,,63,34,41,31,37,36,57,56,68,25,35,17,25,16,136,,87,51,,34,51,31,27,27,17,22,99,25,42,21,26,30,98,74,20,34,23,68,22,70,3,88,42,,21,23,18,12,,16,81,18,69,48,56,35,35,26,61,70,48,43,61,25,43,22,61,30,53,23,66,16,14,14,12,,,27,42,84,17,29,5,38,31,,23,51,42,29,38,24,70,67,46,,24,46,39,37,27,14,30,,15,14,20,16,14,21,14,20,24,26,15,60,10,10,40,51,14,27,17,39,35,38,37,,61,62,75,37,45,37,29,43,27,44,38,58,29,30,29,58,51,4,73,49,117,147,30,20,81,23,43,52,40,63,58,50,64,42,50,49,14,10,8,4,11,13,20,22,18,21,12,12,13,12,7,23,,24,20,24,48,70,54,90,29,56,,78,97,103,95,8,11,13,,46,12,29,38,32,16,18,26,38,44,46,41,51,26,41,34,34,36,54,9,35,63,67,42,14,21,32,29,26,19,29,10,40,32,30,29,12,36,36,48,36,55,28,48,28,19,40,37,29,33,55,39,30,31,26,39,25,27,33,114,80,90,80,54,76,70,62,27,27,29,38,41,29,60,74,54,56,75,38,47,63,13,12,30,8,24,29,10,55,57,51,43,37,34,73,46,88,88,87,83,39,50,70,27,31,102,,105,101,99,73,59,105,35,40,18,34,31,74,41,37,62,50,34,40,53,34,22,9,12,30,22,21,20,,20,15,27,34,25,16,15,25,17,23,21,39,23,24,17,22,21,19,75,36,85,46,,156,63,97,117,117,103,108,57,98,157,99,96,122,115,107,100,106,50,49,93,30,51,111,59,53,15,31,18,56,27,37,16,25,21,9,19,115,131,15,7,46,132,63,39,47,49,51,29,53,41,33,20,21,,30,56,52,46,7,21,41,37,41,70,75,100,56,50,43,50,35,16,30,31,27,40,27,,15,,23,90,70,84,71,54,,14,66,9,17,31,23,74,51,14,2,61,78,22,120,92,25,20,18,48,5,2,16,43,76,26,9,37,12,23,12,43,8,3,50,124,78,61,36,29
20231004,5,PM10_24h,60,41,61,52,57,57,52,76,63,49,52,53,,,76,,71,64,75,,67,,67,53,,56,64,,83,95,92,80,87,85,74,,63,66,,56,,65,66,60,,65,,54,61,52,110,96,108,125,,109,32,,38,36,26,45,49,47,62,43,61,64,,63,60,55,62,57,62,,76,82,73,77,81,,,110,124,78,84,82,,41,40,,,45,45,42,45,,45,48,,46,53,45,42,39,,47,71,57,62,57,52,45,55,62,38,28,46,42,46,41,40,28,,41,40,47,30,29,33,38,40,33,41,38,36,28,30,38,23,24,21,22,27,,22,22,22,21,19,19,24,19,20,26,21,20,17,23,,27,30,28,27,25,27,16,19,16,19,14,39,,,,42,42,,41,40,31,,,,24,,23,29,26,22,25,24,21,24,36,,,,37,31,,23,25,22,19,18,,25,24,31,33,31,39,30,22,,19,,36,37,,42,31,,36,32,28,,29,33,37,39,19,32,33,,,31,24,22,35,36,29,38,,32,,,32,,30,30,,28,27,31,18,18,19,,51,43,47,47,44,32,36,33,29,24,23,20,33,24,28,28,25,27,,,37,33,39,38,,40,40,46,40,34,,40,41,18,,43,40,42,40,,42,56,41,52,26,,,29,36,34,29,33,41,45,42,37,38,44,40,45,44,,14,14,13,13,13,14,12,,12,13,15,11,11,12,12,13,15,13,18,13,50,51,,48,67,43,45,52,38,46,36,41,44,40,50,36,51,,34,35,37,57,33,30,33,31,44,49,51,39,,38,54,51,40,44,37,,36,39,35,39,,,47,44,42,47,43,44,53,65,43,40,35,,30,30,31,30,30,34,36,63,,23,24,22,22,13,,26,13,23,35,17,17,30,,,18,42,22,27,29,,38,34,37,42,,,38,24,23,24,26,25,27,28,28,25,18,,14,12,17,17,24,15,13,17,8,12,14,8,29,23,25,22,23,19,28,17,,30,30,22,26,,50,,47,45,,,,,50,,,,74,87,59,62,73,62,61,,52,15,15,14,16,16,24,22,25,24,25,,22,21,18,39,,44,33,36,35,41,32,28,29,33,,44,41,58,31,31,27,30,30,30,37,40,55,41,46,40,37,45,,,61,,52,57,53,43,70,,63,64,,,66,70,61,70,,51,53,86,,76,59,68,52,54,32,30,28,23,37,,,,,,,54,,74,59,46,65,35,34,36,16,24,23,,62,,,39,,36,35,41,45,44,48,50,53,,31,41,26,27,36,23,37,36,30,38,35,36,41,44,40,47,41,46,39,26,,31,28,34,,45,43,,52,49,59,55,31,,45,14,,,73,60,,,,57,55,55,61,41,41,,40,49,,76,73,,84,,74,76,94,,75,57,23,28,24,,39,46,47,54,43,76,,54,48,38,42,38,55,35,41,60,30,28,45,43,67,39,46,42,26,28,32,35,29,,27,18,23,,17,35,36,37,41,37,31,26,17,29,26,17,18,17,,16,19,20,,11,29,24,27,27,,29,27,14,,43,,48,42,36,40,,60,58,,,,56,,52,,46,,,,57,40,41,43,43,,,,11,11,16,12,31,32,,17,16,17,13,15,15,,16,,,14,13,9,11,4,37,45,42,46,23,28,25,29,33,38,45,39,42,31,20,22,27,34,26,32,,43,49,43,39,,21,25,19,14,40,46,52,43,,,,,52,47,,45,8,22,26,19,22,20,18,22,24,22,21,21,17,,27,24,,44,47,49,,26,34,,40,16,15,30,25,29,37,28,32,32,33,30,36,,,25,43,93,60,66,55,17,25,,32,24,80,91,94,,,48,,,,,33,,,,,,,,,,,,,,,,28,,,,,,,,,,,,,,,,,,,,,,,,,,,,,,,,,,,,,,20,35,36,37,38,46,42,50,39,,,,48,55,54,45,,,55,70,56,61,68,102,,110,94,45,,,51,60,,66,65,54,,72,,51,42,,,44,24,,,56,54,32,,,25,27,20,20,38,37,35,50,46,44,53,44,41,44,42,55,43,42,57,45,36,35,43,30,,53,42,28,,25,21,35,30,39,31,27,34,27,30,27,31,,,30,22,23,53,12,32,26,24,11,14,17,21,36,29,25,23,10,,,12,29,25,34,17,18,,15,26,26,,19,25,17,,26,23,18,30,24,29,44,,22,28,30,37,26,22,20,19,,19,41,34,26,18,21,,36,,39,,,,15,19,12,22,34,33,,25,,23,19,23,32,36,33,50,,36,29,42,,,29,31,31,,32,37,30,,,31,31,32,34,34,45,29,60,46,50,43,43,68,67,59,,46,49,50,51,51,,47,41,59,45,56,59,56,52,62,,67,67,62,46,54,54,50,49,42,54,49,,54,52,51,,53,42,55,40,,56,60,45,,40,47,45,48,50,,35,31,22,29,46,42,57,,50,46,45,35,34,,31,34,7,30,15,15,33,37,33,32,20,20,,42,37,41,,23,21,,24,13,27,24,,35,27,26,23,15,33,45,34,33,43,39,42,51,42,44,46,19,16,29,23,26,61,61,67,63,73,61,66,60,57,65,10,15,20,21,19,20,17,19,20,20,10,13,13,62,74,76,67,23,29,22,36,44,45,34,42,29,39,48,39,56,60,52,30,32,32,30,37,,42,32,29,17,15,,9,22,19,20,14,23,18,19,20,44,29,30,34,34,29,,,,21,22,,23,18,20,15,18,27,,21,19,18,,,,,,22,22,21,21,23,,14,,8,14,15,19,16,21,,23,26,19,26,,,,,12,14,24,22,21,19,27,,16,11,12,21,15,,24,12,22,12,13,15,11,13,,23,33,24,24,18,13,16,17,25,,22,17,,14,6,,8,11,12,,29,,11,,5,8,13,12,14,12,53,69,64,53,13,23,18,17,,60,46,,21,21,39,,51,45,30,42,47,50,,36,31,37,37,,,45,32,20,,23,32,21,24,6,36,68,,53,,,80,26,17,17,49,55,55,74,18,,43,30,34,81,84,102,150,168,140,,,67,49,59,21,,30,45,48,52,9,43,39,50,61,62,58,86,118,,60,34,25,23,29,36,29,,34,,47,57,37,23,22,20,51,30,22,46,41,21,27,10,,,67,48,31,66,,76,58,99,21,,27,15,,,38,33,34,22,34,33,44,29,39,20,32,34,30,27,91,,63,48,,32,48,48,44,40,27,33,65,20,43,24,44,32,63,48,26,34,44,61,21,57,7,67,39,,24,29,21,30,,40,74,29,43,23,38,17,17,16,56,53,34,39,68,18,23,31,45,35,53,18,68,14,14,16,16,,,37,40,63,21,32,8,31,26,,39,45,65,22,58,30,51,56,28,,42,47,45,49,48,21,42,28,15,23,22,22,26,31,30,21,35,47,29,57,36,33,24,41,24,20,16,22,22,20,33,51,60,50,58,44,52,35,42,44,32,54,45,58,35,31,36,45,51,21,66,72,80,82,19,22,38,18,26,25,23,57,50,40,41,44,38,39,16,22,14,17,15,28,29,23,26,26,19,16,9,19,14,35,,33,36,33,38,60,54,64,26,61,,45,69,72,59,11,15,17,,47,13,20,29,20,31,25,31,37,41,43,39,53,26,36,32,29,29,53,31,54,65,68,64,39,28,18,19,17,25,27,23,31,33,28,24,19,25,18,26,34,61,58,60,49,39,32,53,28,34,46,38,37,28,28,32,29,43,33,91,56,67,83,53,69,58,53,23,19,20,30,35,26,36,51,57,39,54,50,45,47,17,17,19,10,30,25,52,37,37,35,39,40,44,72,32,49,62,62,61,52,49,63,17,32,73,,66,67,80,59,55,67,23,53,21,30,28,43,38,37,54,35,37,43,39,34,33,30,16,26,23,18,21,,24,16,19,22,22,13,14,22,22,37,32,32,30,28,22,62,65,53,58,42,65,55,,89,69,62,73,81,62,82,53,96,128,107,113,119,105,106,100,98,42,43,61,33,33,67,40,49,18,29,24,38,30,27,22,26,28,19,46,190,189,16,12,100,93,51,60,43,45,61,39,41,44,33,22,26,,17,51,44,41,26,33,41,32,36,68,67,68,57,57,79,46,32,18,18,23,32,33,30,,18,15,23,105,50,76,66,45,,47,65,42,50,57,23,53,44,35,27,48,56,40,65,57,30,56,49,62,40,35,22,40,70,40,35,51,43,32,39,33,11,8,43,71,43,66,45,26
20231004,5,SO2,3,1,3,3,3,3,3,3,3,2,3,3,,,8,,6,7,6,,8,,6,8,,14,6,,5,2,1,4,4,5,8,,2,8,,3,,12,9,10,,15,,5,4,6,6,5,5,5,,8,3,,1,2,6,6,5,4,1,1,1,1,,5,13,10,11,7,10,,18,7,8,13,6,,,4,9,8,18,8,,5,5,,,8,5,4,6,,10,9,,7,6,8,7,5,,6,7,11,10,9,9,7,8,12,6,9,6,6,5,5,7,6,,5,6,4,5,6,6,5,3,4,2,6,7,6,6,8,4,9,8,8,8,,4,6,9,5,5,5,6,4,9,6,5,9,5,5,,8,11,9,9,8,11,6,6,6,6,7,7,,,,5,6,,5,5,5,,,,10,,10,8,12,9,8,11,12,8,10,,,,13,10,,8,5,4,10,18,,14,9,11,13,9,12,6,5,,10,,7,6,,9,5,,7,7,8,,9,6,9,7,7,9,5,,,6,9,7,6,5,4,6,,9,,,3,,5,5,,6,4,6,6,5,5,,4,4,3,7,2,6,6,6,5,6,5,5,7,5,5,5,5,5,,,4,3,3,4,,7,5,5,6,7,,9,7,7,,7,7,4,7,,4,4,4,8,5,,,10,10,9,8,10,,6,5,7,7,8,7,6,9,,8,6,6,8,6,7,7,,7,5,4,6,5,4,4,4,3,3,2,6,5,8,,3,5,8,4,4,5,6,5,3,6,9,5,5,6,,2,6,6,8,5,6,6,7,15,8,7,9,,9,5,5,6,6,3,,6,5,4,6,,,5,3,11,6,6,6,4,6,5,7,5,,9,10,12,7,8,18,8,6,,6,8,7,8,6,,5,8,5,6,5,4,6,,,7,6,7,6,5,,2,1,3,2,,,3,6,4,2,3,5,5,7,2,7,4,,7,7,10,7,16,8,6,6,8,9,6,6,6,7,5,6,7,5,4,5,,5,3,4,7,,8,,11,17,,,,,19,,,,13,21,4,3,2,4,8,,13,7,4,7,10,6,5,5,4,5,6,,4,4,5,9,,19,9,9,15,14,73,8,5,6,,6,8,7,15,6,9,5,8,9,6,16,10,10,10,6,6,4,,,8,,11,11,10,6,10,,13,9,,,12,13,12,8,,7,9,21,,7,5,6,7,6,11,4,4,6,2,,,,,,,12,,7,9,8,9,8,4,9,3,6,8,,70,,,13,,10,8,15,6,6,8,10,9,,9,7,5,6,8,4,20,23,30,13,3,6,8,7,6,6,7,9,7,14,,17,9,7,,5,8,,13,9,8,8,5,,13,5,,,20,22,,,,17,10,17,14,8,9,,12,14,,16,19,,17,,23,10,14,,9,15,10,14,11,,3,7,7,26,22,5,,9,5,7,6,6,8,6,12,10,8,8,6,9,13,18,9,10,7,7,8,10,6,,5,2,5,,4,5,5,6,5,5,5,4,4,10,5,8,8,5,,8,8,6,,5,7,9,7,11,,10,8,15,,5,,4,3,3,2,,8,7,,,,5,,5,,13,,,,5,6,5,6,6,,,,6,5,8,6,7,6,,7,6,7,7,4,3,,20,,,4,7,10,3,9,3,11,8,7,7,4,4,5,15,8,9,13,9,10,3,3,4,4,7,7,,6,4,6,7,,8,12,2,5,5,4,4,3,,,,,2,2,,6,3,2,2,2,3,3,4,7,1,1,5,3,5,,2,3,,7,1,7,,7,5,,6,8,5,7,5,6,7,8,5,4,5,3,6,,,12,2,19,46,44,6,9,5,,4,6,9,5,8,,,5,,,,,10,,,,,,,,,,,,,,,,8,,,,,,,,,,,,,,,,,,,,,,,,,,,,,,,,,,,,,,6,2,3,3,4,10,5,11,7,,,,6,5,6,5,,,20,18,26,27,20,8,,8,8,6,,,6,5,,8,8,4,,8,,8,8,,,5,5,,,12,9,6,,,2,3,10,12,12,14,13,2,5,8,5,6,8,7,7,14,6,7,4,12,8,28,9,4,,3,9,6,,8,6,8,8,6,4,5,6,6,6,6,5,,,8,10,8,11,12,11,6,6,4,5,5,7,3,1,4,2,1,,,7,3,2,1,2,6,,5,4,4,,4,4,4,,10,11,6,11,1,7,8,,6,5,7,4,3,6,6,5,,5,4,4,6,7,9,,7,,8,,,,8,10,6,4,18,7,,4,,4,5,5,7,7,6,7,,20,5,12,,,4,4,4,,6,19,5,,,5,3,13,7,6,6,10,24,25,19,18,20,8,10,11,,2,2,31,40,16,,20,18,16,10,4,17,10,13,15,,17,15,25,1,5,2,4,5,,8,3,,10,6,9,,7,6,8,3,,3,3,8,,7,7,3,6,2,,5,4,8,6,5,,8,,6,6,5,5,6,,12,5,9,6,6,6,8,9,6,9,7,4,,7,6,5,,8,7,,9,8,8,6,,6,6,6,10,8,13,29,5,9,11,7,5,7,3,6,8,4,2,4,3,2,3,4,3,5,3,8,6,7,6,6,4,1,3,10,7,4,3,1,3,4,6,5,5,17,13,9,17,10,4,6,16,8,12,6,8,5,12,7,31,55,15,20,9,10,4,7,8,,7,5,4,6,4,,2,5,7,6,7,9,9,6,11,5,11,13,12,7,7,,,,4,7,,8,5,8,8,9,6,,9,6,8,,,,,,6,4,5,9,4,,5,,7,6,11,15,11,24,,5,5,5,5,,,,,1,1,5,4,4,5,5,,3,6,5,9,8,,7,9,5,14,6,5,4,5,,6,7,6,9,7,9,4,5,18,,11,4,,7,7,,9,8,4,,4,,7,,6,8,9,5,7,6,6,11,10,13,7,6,6,5,,30,3,,11,6,3,,8,6,3,4,17,5,,5,6,2,3,,,9,4,3,,7,12,10,11,9,12,7,,9,,,8,12,2,6,6,5,3,4,6,,6,9,7,5,5,4,2,4,5,,,9,11,7,4,,4,6,6,5,8,4,12,5,6,9,5,4,9,,10,6,8,6,7,6,4,,5,,6,10,3,5,9,14,7,10,8,9,6,6,5,5,,,4,6,8,8,,7,11,24,5,,6,8,,,6,8,9,8,8,5,32,8,8,8,10,6,6,7,13,,6,4,,3,5,5,8,2,10,3,70,4,8,2,6,4,7,9,6,5,17,6,1,6,6,6,8,,9,8,7,6,,2,12,6,8,5,6,7,27,7,8,9,7,3,20,7,11,5,11,4,8,8,7,8,8,5,5,,,11,4,7,8,6,6,8,10,,4,6,14,7,10,4,8,6,5,,10,5,11,9,8,4,6,,4,10,8,6,9,4,7,8,3,10,8,10,15,6,9,9,9,10,7,9,11,17,5,,5,8,6,4,4,6,2,5,8,7,22,7,8,13,5,8,2,2,16,7,6,13,9,6,4,11,7,4,4,3,9,11,12,5,2,1,7,5,7,8,10,6,9,12,19,14,6,10,7,9,10,3,,2,10,9,7,3,7,15,7,7,,11,8,9,23,8,4,4,,9,1,10,12,6,7,4,8,16,4,10,12,7,6,5,7,8,7,13,5,10,6,3,3,6,12,5,6,5,11,12,2,13,9,8,11,6,8,12,6,6,2,4,9,12,6,5,9,6,8,8,6,6,31,5,5,17,7,7,3,6,14,10,4,10,7,7,3,6,5,7,9,6,7,9,9,10,7,10,8,6,21,5,34,6,5,15,2,4,8,4,3,6,6,6,4,8,10,12,13,6,7,8,4,8,10,,32,38,14,8,42,38,8,7,8,3,6,5,2,4,6,4,4,9,8,4,2,5,4,4,2,5,3,,7,4,6,12,10,7,7,4,7,6,7,7,6,4,7,21,9,10,7,9,14,14,,7,9,3,1,2,6,9,8,2,6,11,12,9,12,10,11,21,7,15,10,3,5,17,9,10,8,9,5,17,6,4,4,5,4,8,6,5,4,6,4,5,57,3,13,12,7,8,6,9,9,20,7,7,,7,3,3,4,8,7,2,9,9,9,9,17,15,10,9,9,6,7,4,5,8,4,4,,5,5,4,18,7,14,4,5,,3,1,3,3,17,11,7,5,7,12,8,11,6,8,3,3,3,3,3,6,5,8,4,12,12,4,10,5,6,4,4,7,3,7,22,11,17,7,9
20231004,5,SO2_24h,3,2,3,3,3,3,3,3,2,2,3,3,,,10,,6,8,7,,8,,6,7,,8,5,,10,5,7,7,7,10,9,,3,5,,2,,12,12,13,,8,,8,10,12,9,8,8,9,,9,3,,3,3,7,11,11,10,20,9,4,3,,8,8,9,7,4,10,,18,11,10,13,10,,,9,13,10,16,11,,9,9,,,11,10,8,10,,13,24,,10,9,15,13,10,,10,7,10,9,9,8,7,9,11,8,9,7,7,6,6,8,7,,6,8,6,10,7,6,7,4,6,7,8,12,7,6,10,5,9,8,8,8,,4,6,7,5,4,2,4,4,6,4,4,6,2,5,,8,10,9,8,8,9,6,6,7,6,7,7,,,,6,6,,6,7,6,,,,8,,5,7,10,7,5,6,9,7,9,,,,11,11,,3,3,3,6,6,,7,8,8,10,7,8,6,5,,10,,8,7,,8,4,,7,7,9,,9,6,9,7,7,10,5,,,8,8,8,6,5,4,6,,8,,,3,,5,5,,6,4,6,6,5,6,,4,5,4,4,3,6,6,6,5,6,5,5,6,4,4,5,5,5,,,5,4,4,4,,2,3,6,7,7,,9,7,10,,7,6,4,6,,4,5,4,8,5,,,8,7,8,8,8,7,4,4,6,7,6,6,6,8,,8,6,6,8,6,7,6,,7,4,4,6,6,4,4,4,4,3,2,6,4,7,,3,5,8,4,4,5,6,6,3,6,9,6,5,7,,3,6,6,8,6,6,6,7,10,7,6,7,,7,5,6,7,6,3,,6,6,4,5,,,6,4,11,5,6,8,4,6,5,8,5,,6,6,9,6,7,9,7,6,,6,6,5,8,6,,5,8,5,6,5,5,6,,,7,7,7,6,7,,2,2,3,2,,,3,11,5,4,3,6,5,8,5,7,5,,9,8,10,8,16,7,7,7,9,8,7,6,7,6,5,6,7,5,3,5,,5,3,5,7,,4,,8,10,,,,,24,,,,13,20,6,3,4,5,8,,11,7,4,7,9,6,5,5,4,5,7,,4,4,5,18,,26,16,17,17,15,18,6,4,9,,7,7,6,11,8,11,6,8,8,7,14,10,9,13,7,7,4,,,10,,14,14,17,7,10,,13,6,,,10,11,9,12,,8,8,24,,9,6,8,7,9,10,5,5,7,2,,,,,,,11,,8,10,9,10,9,6,10,3,5,7,,19,,,16,,17,9,12,7,7,9,11,9,,8,7,4,5,7,5,9,8,11,9,4,7,8,5,6,7,5,6,5,8,,6,7,7,,6,9,,9,7,6,6,6,,9,5,,,7,7,,,,15,16,19,16,11,11,,14,16,,15,17,,18,,17,14,17,,13,12,10,14,10,,7,10,11,10,12,8,,15,10,11,10,10,12,7,18,30,8,10,7,17,22,15,18,18,8,8,9,10,7,,5,3,6,,4,6,6,7,6,6,6,5,4,10,6,6,5,4,,6,7,5,,5,7,9,7,10,,11,8,11,,5,,2,3,3,2,,14,13,,,,5,,5,,7,,,,9,9,9,10,10,,,,6,4,8,6,5,6,,7,6,8,6,4,3,,7,,,3,7,8,3,9,4,9,8,8,12,5,5,12,11,7,9,8,8,8,3,3,4,8,8,8,,7,5,8,9,,8,13,6,5,6,6,5,6,,,,,5,6,,5,6,2,3,3,3,3,4,7,2,1,6,3,4,,2,3,,8,3,6,,7,5,,5,8,6,8,6,7,8,10,6,5,6,4,6,,,11,7,62,54,24,6,10,5,,8,7,10,7,9,,,6,,,,,8,,,,,,,,,,,,,,,,8,,,,,,,,,,,,,,,,,,,,,,,,,,,,,,,,,,,,,,6,2,3,2,3,8,6,7,8,,,,9,7,9,7,,,14,17,15,17,15,14,,16,16,8,,,6,7,,16,11,3,,6,,16,14,,,6,5,,,8,6,6,,,4,4,10,12,10,11,8,10,12,13,14,11,11,11,11,13,10,10,6,12,12,14,18,6,,6,6,7,,10,7,10,10,8,4,7,8,7,7,7,6,,,7,12,8,12,11,10,6,7,3,13,17,6,3,5,4,3,1,,,8,5,4,2,2,7,,6,5,5,,6,6,4,,6,9,7,8,1,7,7,,5,5,6,2,2,8,6,5,,4,5,5,6,7,6,,6,,7,,,,4,9,6,4,12,6,,4,,4,6,5,7,7,7,7,,9,5,9,,,4,5,5,,6,11,5,,,6,4,6,8,17,10,11,36,30,29,29,26,26,15,19,,9,8,17,16,9,,16,11,14,8,10,14,10,11,17,,18,19,23,4,8,4,5,7,,10,6,,10,8,9,,8,6,8,5,,4,5,6,,6,9,3,8,4,,5,4,7,6,7,10,9,,6,6,6,5,6,,9,6,9,7,6,6,9,9,8,9,4,4,,9,6,6,,7,7,,8,6,8,6,,6,6,6,10,8,14,18,6,8,14,10,7,10,11,7,11,3,2,3,2,2,10,12,12,13,12,9,7,8,7,11,4,1,2,5,2,4,3,2,2,4,6,6,8,13,10,10,10,5,5,6,11,7,8,6,6,4,10,9,27,25,23,30,6,6,5,8,8,,12,6,4,6,3,,2,6,9,8,8,8,7,6,9,5,7,9,10,7,7,,,,4,7,,7,7,11,12,12,9,,9,7,9,,,,,,6,4,4,8,5,,5,,7,6,10,10,10,17,,6,5,6,6,,,,,1,1,5,5,4,5,5,,4,6,5,9,10,,9,10,6,11,7,6,4,4,,6,8,5,9,7,8,4,5,14,,8,4,,9,7,,9,8,4,,6,,7,,6,7,10,6,8,7,8,11,10,12,10,10,8,5,,100,62,,13,10,5,,11,8,4,4,6,11,,5,6,3,3,,,12,7,4,,9,12,12,13,9,10,9,,12,,,10,6,2,6,6,5,4,5,7,,8,8,8,6,6,4,3,5,5,,,11,10,9,5,,4,9,11,3,6,2,12,5,8,6,6,8,17,,6,7,7,4,8,4,4,,4,,9,6,4,6,9,10,14,8,5,10,9,7,5,4,,,7,7,7,8,,7,12,19,4,,6,8,,,6,7,8,8,9,6,7,9,9,7,9,6,6,7,18,,6,5,,4,8,5,6,3,11,4,13,4,12,4,7,5,7,9,8,6,17,9,2,7,7,7,8,,8,8,7,7,,3,13,6,5,5,7,4,8,5,13,8,9,4,22,7,7,5,9,7,9,7,9,8,7,6,5,,,7,5,6,8,7,6,6,7,,6,11,25,6,20,6,8,6,4,,9,7,11,23,52,5,8,11,4,7,8,6,8,5,7,8,3,15,13,17,18,7,6,9,9,8,7,7,7,9,5,5,5,8,6,5,4,6,3,5,8,7,10,7,7,8,5,9,3,3,12,9,8,9,7,2,4,7,6,3,3,9,9,12,8,6,2,2,11,7,11,10,10,6,19,12,16,14,6,8,8,8,10,2,,3,9,9,5,6,7,14,7,8,,15,8,8,14,10,4,6,,8,6,10,9,6,7,5,7,10,13,8,10,20,5,5,5,7,6,14,5,13,8,3,2,17,13,4,4,5,9,8,2,7,8,7,11,6,8,6,6,5,4,5,11,9,9,4,10,6,7,8,6,6,9,6,4,7,7,6,10,7,15,11,5,10,10,5,2,6,4,5,8,5,6,8,10,10,8,11,10,6,35,6,15,7,8,10,7,3,7,5,5,6,6,6,4,12,11,12,11,7,8,10,4,8,8,,11,14,12,8,43,19,6,25,8,3,7,3,3,5,8,5,7,10,8,6,2,6,4,4,2,5,3,,8,4,6,9,7,6,7,4,8,5,7,5,6,4,5,25,13,24,8,13,10,15,,10,11,3,3,2,5,9,11,5,8,13,15,12,14,13,11,16,7,7,8,1,5,14,7,13,8,9,7,12,5,4,4,5,5,8,7,10,11,6,4,10,41,6,30,10,7,8,4,9,9,12,11,8,,6,4,2,2,9,6,5,9,8,10,8,17,9,10,9,7,6,7,5,5,8,4,5,,5,6,5,7,9,14,7,7,,3,3,2,2,16,12,9,7,17,17,6,11,7,7,2,3,2,3,3,10,8,8,4,19,10,6,9,5,7,7,5,7,6,9,11,14,12,8,12
20231004,5,NO2,39,4,34,22,49,48,36,15,8,6,54,43,,,36,,20,22,33,,21,,45,46,,39,37,,72,24,35,32,22,25,22,,52,49,,65,,45,49,27,,24,,18,55,30,59,40,66,73,,64,8,,6,9,6,30,39,39,46,19,32,64,,54,36,25,26,37,34,,9,30,25,13,66,,,65,86,75,76,43,,12,11,,,11,5,9,7,,14,8,,21,7,8,14,13,,5,14,15,16,18,15,16,15,26,18,16,29,21,35,19,19,13,,35,39,19,5,4,8,4,2,9,5,9,7,6,7,9,14,20,24,13,19,,22,23,25,15,22,23,19,23,22,22,18,24,21,21,,21,17,24,29,15,26,12,13,15,12,13,64,,,,33,41,,43,29,50,,,,12,,31,28,30,36,32,32,20,26,16,,,,5,17,,25,15,13,17,18,,21,43,28,28,48,38,10,17,,17,,13,18,,24,17,,27,21,21,,26,18,18,16,16,10,3,,,12,8,6,20,8,18,12,,25,,,48,,13,10,,9,7,10,7,6,8,,18,19,9,12,18,15,14,15,23,16,17,11,14,5,12,22,20,18,,,12,10,12,6,,22,24,11,1,1,,9,6,7,,7,12,23,39,,26,41,35,39,8,,,29,16,21,20,61,,16,19,16,27,22,20,25,19,,16,15,14,13,11,16,14,,18,15,12,4,4,4,6,7,7,8,1,4,50,41,,57,54,23,17,63,19,43,11,17,29,21,20,16,26,,15,31,17,32,6,12,8,9,22,42,30,18,,13,46,36,9,9,9,,10,14,9,12,,,20,20,25,15,33,33,15,23,40,52,15,,12,14,13,13,17,30,17,34,,8,13,9,7,5,,21,12,10,20,12,14,19,,,16,24,8,17,24,,7,9,10,11,,,13,2,4,7,3,5,4,6,6,7,4,,14,7,9,15,12,18,9,14,5,7,5,2,18,14,29,21,15,11,21,13,,13,25,23,28,,23,,27,29,,,,,16,,,,13,15,69,41,47,69,13,,7,10,5,9,5,7,12,15,9,15,12,,6,9,7,14,,18,7,13,18,61,12,20,40,23,,11,11,14,30,12,14,31,15,16,20,15,8,8,9,8,10,11,,,39,,37,44,42,34,24,,34,29,,,44,53,39,62,,34,30,32,,57,56,46,48,27,12,11,9,5,34,,,,,,,38,,40,26,13,64,32,29,43,5,5,8,,74,,,7,,3,9,17,14,11,10,12,7,,31,33,18,12,32,4,15,12,18,17,24,19,17,6,5,6,10,12,12,8,,7,6,12,,8,8,,13,16,17,16,4,,30,12,,,26,21,,,,18,12,16,17,23,30,,31,25,,34,37,,42,,71,80,58,,98,29,14,7,8,,6,7,7,36,33,8,,7,22,7,4,12,9,16,16,21,16,14,16,10,23,8,7,5,11,22,14,11,12,,3,2,2,,3,6,8,8,9,6,5,8,4,5,3,26,28,10,,27,12,37,,11,10,10,11,8,,14,11,1,,22,,17,20,19,19,,26,21,,,,31,,36,,36,,,,46,18,22,31,15,,,,17,20,10,11,15,14,,8,14,9,11,9,4,,14,,,2,9,6,2,2,5,8,8,10,8,6,6,11,15,22,28,24,20,29,4,3,8,7,7,9,,18,13,12,16,,7,22,10,9,16,13,10,13,,,,,14,10,,10,4,10,7,9,8,7,6,5,4,3,3,8,6,,21,20,,18,25,39,,20,22,,32,14,10,17,10,15,27,14,14,23,22,17,17,,,10,2,8,30,37,30,4,11,,4,2,78,19,12,,,52,,,,,22,,,,,,,,,,,,,,,,7,,,,,,,,,,,,,,,,,,,,,,,,,,,,,,,,,,,,,,12,13,10,18,,22,17,23,23,,,,20,24,27,48,,,47,36,46,30,57,29,,41,38,14,,,19,21,,39,38,38,,34,,6,8,,,8,5,,,9,11,7,,,3,3,12,9,12,11,8,9,7,6,2,8,13,8,8,9,6,6,9,6,5,11,8,12,,6,14,6,,4,2,10,6,8,6,13,4,8,17,15,4,,,5,9,7,11,7,10,7,11,3,4,11,4,4,6,3,6,3,,,8,4,3,2,5,4,,3,25,28,,34,24,28,,17,19,20,20,16,19,26,,13,14,34,20,12,11,11,14,,12,3,5,8,12,12,,30,,45,,,,28,15,12,14,32,34,,10,,16,31,21,7,3,5,8,,17,16,16,,,15,14,16,,17,26,15,,,9,2,9,7,8,5,8,21,14,17,13,10,11,14,9,,5,8,10,7,9,,4,5,7,5,22,13,15,19,43,,33,35,38,3,9,7,4,7,12,10,8,,35,24,26,,44,22,36,16,,12,20,29,,31,28,33,20,24,,17,16,16,9,15,,33,,10,11,8,7,5,,24,8,5,12,3,2,24,17,37,48,20,24,,9,10,8,,8,7,,2,4,5,11,,9,14,17,7,8,12,9,5,9,11,9,7,8,10,11,9,5,8,5,5,5,10,13,11,11,14,7,8,9,8,7,4,4,2,5,3,4,7,6,7,3,3,6,4,39,41,43,38,8,13,8,35,20,21,12,15,11,10,7,11,21,20,11,13,18,14,13,21,,20,7,18,5,2,,4,4,8,3,9,9,14,14,22,13,19,19,12,15,24,,,,4,7,,5,11,9,10,16,9,,20,6,7,,,,,,11,9,13,10,5,,2,,9,5,10,8,9,14,,6,2,4,2,,,,,2,3,5,3,4,7,4,,2,7,7,11,9,,5,4,4,13,8,9,10,12,,5,8,6,7,12,7,4,6,11,,5,8,,7,11,,4,5,16,,4,,12,,2,4,5,5,5,5,42,60,60,63,6,9,8,20,,6,5,,12,9,8,,18,16,30,24,9,11,,10,6,13,31,,,10,7,20,,6,6,8,7,15,4,33,,36,,,25,18,11,14,28,19,45,31,9,,15,14,17,5,8,11,43,34,29,,,24,16,14,4,,13,10,14,10,4,29,18,42,46,46,17,22,32,,41,22,16,16,13,20,21,,28,,28,36,14,5,21,25,2,9,40,16,20,5,18,5,,,54,12,21,19,,10,10,17,2,,20,28,,,55,17,26,11,31,36,19,41,62,15,8,19,8,11,55,,35,16,,7,12,16,8,9,14,5,58,10,34,21,5,8,49,27,11,8,9,61,3,57,12,54,11,,4,3,2,6,,7,39,25,29,20,22,11,17,10,20,32,23,13,37,13,45,25,50,9,28,16,38,8,10,11,18,,,23,35,50,12,25,2,16,14,,6,16,10,15,43,5,31,22,13,,8,31,33,8,10,8,5,,6,17,22,18,25,16,18,12,13,14,30,6,4,16,17,34,22,26,5,8,23,15,13,,43,39,50,36,50,12,23,16,6,8,17,24,20,8,12,24,15,3,35,42,60,28,16,11,36,19,36,17,16,30,26,17,25,14,22,16,6,6,8,8,9,12,9,7,15,17,6,10,4,22,5,13,,11,4,13,35,53,31,55,15,29,,53,50,59,24,11,7,7,,17,12,24,22,4,9,5,26,13,5,24,11,24,19,21,25,20,23,12,6,14,33,12,8,11,10,25,12,15,24,12,8,32,18,18,25,9,12,13,17,20,72,7,37,14,10,23,7,9,5,33,9,10,10,7,18,8,13,12,19,35,20,38,15,39,40,19,11,19,28,26,52,20,19,25,29,22,28,25,12,47,14,4,9,2,14,13,4,28,24,24,15,28,17,72,11,52,42,34,42,12,60,52,10,13,34,,35,38,63,57,31,36,27,19,12,12,11,41,10,6,22,3,11,13,9,10,7,4,1,13,6,4,2,,17,9,23,8,14,12,8,10,16,15,14,26,7,24,11,22,16,17,21,27,57,15,,71,38,43,48,50,83,63,25,13,70,28,39,44,54,33,40,39,32,21,41,18,50,51,16,30,15,10,10,26,32,22,26,30,12,7,13,11,14,12,5,26,57,20,6,6,22,9,21,21,20,18,12,11,,24,30,33,21,6,9,16,28,46,34,67,70,23,24,22,34,22,19,15,9,24,32,13,,5,2,5,10,20,25,11,20,,16,43,4,52,19,13,38,34,9,10,9,49,8,58,44,13,5,28,39,10,16,5,27,32,19,5,19,4,9,4,37,4,4,13,104,35,34,10,15
20231004,5,NO2_24h,26,6,29,24,35,30,26,36,20,8,34,29,,,28,,24,30,31,,29,,32,26,,38,25,,38,36,39,32,35,30,19,,27,34,,33,,32,68,29,,22,,30,45,27,45,35,34,52,,68,18,,22,22,15,35,30,33,36,15,24,26,,27,30,22,23,21,30,,24,41,34,30,55,,,54,61,59,66,41,,28,33,,,29,24,23,22,,18,21,,18,13,15,18,21,,7,20,19,19,18,16,21,18,23,20,15,26,18,19,18,16,10,,19,18,20,14,19,18,19,23,26,27,26,25,15,20,27,16,23,25,17,19,,22,15,17,17,20,24,18,21,18,20,20,20,18,19,,19,19,23,29,16,22,19,21,20,18,18,29,,,,26,20,,30,22,25,,,,19,,24,27,27,29,33,26,19,23,30,,,,21,20,,18,19,16,15,14,,18,27,33,30,35,34,14,18,,11,,27,22,,24,20,,23,21,18,,26,19,17,18,19,20,16,,,14,16,15,15,11,15,18,,14,,,26,,19,16,,9,9,9,7,7,7,,22,20,15,16,20,14,16,15,23,19,15,12,15,11,13,30,16,19,,,7,9,8,7,,9,12,14,12,12,,13,10,11,,12,9,25,31,,27,26,32,25,9,,,20,34,22,22,31,30,17,19,18,23,18,20,21,18,,16,17,15,16,13,19,14,,12,14,14,7,6,7,8,10,9,10,5,5,31,22,,32,37,19,29,30,18,33,12,16,16,19,17,20,21,,11,15,12,25,8,9,10,8,17,23,21,14,,11,34,24,13,10,10,,10,13,10,10,,,23,13,19,24,16,15,14,27,22,36,16,,9,9,14,11,13,17,17,27,,7,17,8,8,9,,20,15,16,21,16,22,20,,,19,29,18,19,24,,19,16,20,18,,,22,9,7,14,5,7,6,12,11,8,7,,17,8,11,13,15,14,16,15,12,11,13,6,25,21,25,23,24,19,20,14,,15,25,24,25,,41,,39,44,,,,,20,,,,43,32,53,48,39,45,37,,19,13,9,12,9,10,14,18,13,15,14,,10,12,9,27,,26,22,24,22,41,27,19,24,35,,16,15,15,15,14,15,20,18,17,16,15,21,20,29,11,14,10,,,38,,28,29,31,22,20,,26,24,,,34,43,36,43,,22,25,30,,39,33,29,43,24,15,13,11,7,25,,,,,,,19,,24,21,20,30,34,26,33,10,8,13,,27,,,6,,4,7,9,14,14,12,13,10,,10,10,9,8,14,5,9,9,10,14,17,14,17,7,6,5,17,11,12,6,,8,11,12,,10,10,,9,10,14,13,5,,22,10,,,26,20,,,,29,26,20,29,22,27,,23,22,,24,28,,25,,55,56,43,,53,19,18,23,20,,12,17,16,20,14,15,,19,24,13,13,10,14,13,24,41,12,14,18,20,25,18,17,14,15,15,18,15,15,,13,13,11,,12,24,30,25,19,25,14,16,10,16,18,20,26,11,,17,8,18,,7,14,16,20,12,,19,17,5,,26,,29,26,17,19,,23,19,,,,15,,22,,22,,,,26,17,19,28,16,,,,25,21,13,19,17,16,,9,16,11,13,13,5,,11,,,2,10,14,7,4,5,10,9,12,10,6,6,9,12,17,20,16,19,19,5,4,10,14,16,15,,24,27,26,23,,10,15,12,7,17,17,13,16,,,,,15,14,,12,6,13,10,12,13,11,12,8,7,7,8,9,7,,17,18,,29,34,29,,24,27,,31,13,12,28,18,22,32,24,28,21,29,26,23,,,14,14,34,26,34,26,10,14,,12,10,39,29,16,,,26,,,,,20,,,,,,,,,,,,,,,,14,,,,,,,,,,,,,,,,,,,,,,,,,,,,,,,,,,,,,,15,17,10,18,19,23,16,17,24,,,,21,23,23,29,,,29,35,27,26,32,41,,49,43,14,,,14,19,,44,39,37,,31,,23,20,,,12,13,,,17,15,15,,,11,9,9,12,13,11,7,17,20,15,13,18,16,17,12,18,13,14,18,16,14,15,19,16,,11,12,9,,11,11,12,16,14,10,13,8,16,21,12,20,,,18,15,10,20,9,12,10,16,4,8,13,6,20,19,20,22,4,,,7,20,11,2,10,9,,5,12,16,,19,18,16,,18,14,20,13,13,19,25,,14,18,24,20,15,13,13,15,,13,7,9,9,14,13,,24,,32,,,,15,12,12,10,16,15,,13,,17,28,23,8,4,6,7,,14,18,16,,,9,12,9,,13,16,11,,,11,4,10,9,13,7,8,24,21,25,19,12,16,16,16,,7,7,9,8,9,,7,11,12,9,12,10,12,13,29,,27,23,11,5,12,10,7,10,14,16,14,,25,25,26,,26,20,27,16,,14,19,23,,19,18,22,16,19,,23,17,15,14,14,13,22,,16,11,14,11,10,,17,14,7,20,5,4,22,28,25,24,15,17,,12,11,13,,9,6,,5,5,10,14,,7,10,12,10,15,15,9,10,10,12,12,8,9,11,12,11,6,11,7,8,10,13,14,12,10,14,10,12,12,10,9,4,6,4,6,3,4,9,7,11,6,5,7,10,25,30,25,29,15,12,14,18,19,16,17,13,11,8,6,10,11,16,14,14,14,12,11,18,,14,11,10,6,7,,8,7,13,12,11,10,14,14,19,12,18,17,12,12,24,,,,6,10,,8,14,24,22,25,25,,17,12,9,,,,,,8,9,12,9,10,,5,,8,4,9,6,7,10,,7,3,6,4,,,,,3,4,7,5,5,7,7,,3,6,6,10,10,,10,11,6,10,8,8,5,6,,6,7,6,7,12,10,5,10,10,,7,12,,8,10,,6,7,9,,6,,10,,2,4,8,8,9,11,37,48,54,44,7,14,13,12,,38,27,,10,11,24,,21,17,25,25,19,16,,10,12,14,22,,,18,18,18,,7,12,16,13,9,9,27,,23,,,26,20,13,14,24,24,37,34,8,,27,16,9,12,19,13,34,41,38,,,39,29,33,7,,15,23,28,20,9,18,16,22,44,35,19,33,42,,36,17,18,19,21,25,22,,26,,27,27,22,7,15,14,16,10,21,15,15,7,22,6,,,25,12,15,22,,36,35,34,6,,25,19,,,34,21,38,10,21,22,27,19,24,22,10,25,13,13,31,,24,19,,13,13,16,15,16,8,11,24,7,27,17,9,8,36,19,29,9,17,54,6,42,10,42,13,,5,4,4,11,,20,29,33,19,14,23,10,15,10,23,18,25,16,25,14,28,29,24,9,22,17,31,7,7,13,17,,,39,15,30,17,31,3,14,19,,22,16,15,19,45,9,20,15,14,,17,40,38,23,30,12,19,28,7,18,19,22,24,26,21,13,17,27,22,22,11,17,7,20,26,24,10,11,20,11,11,25,42,28,26,23,29,11,25,15,7,11,16,16,14,11,14,19,10,8,31,23,31,24,14,11,19,15,14,14,16,31,22,18,17,14,19,20,8,10,10,15,14,13,14,6,14,20,11,14,6,26,14,20,,18,16,14,24,43,27,30,9,27,,30,35,38,21,10,7,8,,15,13,22,30,6,12,6,13,13,10,19,12,16,21,15,19,13,14,15,17,16,34,16,15,26,14,17,11,17,32,20,7,33,27,16,15,17,11,11,14,18,55,26,41,27,16,20,9,6,6,21,10,11,7,9,15,7,14,10,24,26,23,42,17,32,49,14,10,19,21,22,30,19,19,16,27,16,19,24,17,21,16,11,15,4,20,19,12,19,18,13,22,21,18,49,12,30,23,22,26,19,30,37,12,24,32,,26,41,52,52,24,35,18,23,15,14,7,16,13,11,13,5,10,12,12,9,8,5,1,10,5,3,3,,15,9,24,13,16,13,7,5,13,20,18,20,9,24,10,28,18,24,21,23,41,25,,44,33,31,41,43,37,34,21,28,48,37,44,35,27,25,32,36,28,14,26,21,22,30,13,24,17,13,16,18,28,20,23,25,12,7,30,22,33,14,11,36,49,20,28,4,16,10,16,18,22,12,23,22,,12,16,31,29,16,16,14,31,31,33,48,37,21,20,25,25,25,26,10,13,24,20,17,,11,10,12,12,13,31,19,13,,16,34,12,26,27,9,20,25,27,26,17,26,12,23,34,18,16,26,31,29,31,5,19,27,15,15,21,17,17,9,18,6,6,22,37,20,35,16,18
20231004,5,O3,29,37,36,6,24,18,10,65,57,52,4,17,,,46,,92,88,67,,91,,53,31,,40,34,,14,68,23,62,68,67,130,,9,34,,12,,62,90,103,,87,,43,15,30,27,29,4,5,,45,41,,47,48,44,35,4,19,10,28,18,6,,24,51,49,60,46,40,,68,39,56,67,5,,,5,2,2,4,5,,44,50,,,63,63,60,65,,47,56,,26,56,58,51,56,,55,148,150,146,140,155,162,148,115,128,137,34,40,22,43,42,23,,21,14,31,56,51,46,47,57,53,54,48,55,46,48,49,77,80,75,84,76,,82,72,65,80,32,38,40,29,31,32,37,38,36,43,,42,50,50,41,53,43,86,81,71,74,62,13,,,,18,,,13,13,6,,,,53,,38,43,40,33,46,45,47,40,58,,,,68,54,,51,52,60,51,56,,52,23,43,46,15,27,64,44,,42,,54,40,,52,51,,45,45,32,,44,57,48,50,81,86,92,,,66,80,89,55,79,61,70,,38,,,15,,67,67,,71,86,79,75,84,75,,67,63,68,63,60,61,80,14,30,32,39,42,35,43,40,30,34,40,,,57,78,59,88,,47,45,52,58,70,,59,62,66,,62,120,74,86,,81,57,98,60,99,,,73,94,89,88,50,,61,65,69,50,52,63,49,61,,51,43,50,52,54,55,48,,44,51,30,40,37,42,36,38,38,34,44,25,23,23,,16,19,46,41,12,19,7,44,34,27,38,47,45,30,,33,22,48,30,60,44,50,56,43,14,27,32,,51,11,3,61,56,41,,47,46,53,46,,,46,20,25,40,5,4,61,41,14,12,52,,34,32,38,34,36,12,26,16,,53,44,45,51,38,,4,10,13,10,9,29,10,,,16,13,20,18,11,,26,40,37,33,,,33,69,84,85,75,77,76,72,74,88,80,,28,36,27,18,28,17,47,38,51,43,52,46,37,26,10,25,31,37,24,17,,25,11,25,12,,38,,23,27,,,,,80,,,,66,54,,3,18,1,62,,51,31,42,46,44,35,30,27,34,29,30,,25,39,44,58,,60,63,62,54,16,55,38,15,35,,52,54,52,32,57,51,25,60,61,36,58,58,65,65,94,90,88,,,24,,43,32,29,30,60,,45,48,,,46,41,37,11,,35,60,42,,5,10,9,8,33,93,99,104,108,34,,,,,,,23,,23,46,85,7,28,42,41,124,113,116,,34,,,48,,51,32,35,99,105,93,102,107,,14,13,33,43,10,63,33,43,35,25,7,7,12,72,69,61,32,30,28,48,,40,51,44,,64,75,,74,59,71,72,34,,18,8,,,56,68,,,,42,46,43,46,38,48,,39,51,,10,27,,30,,2,8,8,,2,108,52,60,57,,50,55,54,27,29,51,,51,26,48,35,40,42,64,60,47,72,49,49,61,38,59,60,61,59,42,44,44,52,,39,43,42,,43,68,68,58,59,65,45,43,45,48,47,43,41,51,,36,50,19,,25,66,62,69,68,,75,63,91,,24,,17,16,11,20,,45,42,,,,27,,28,,9,,,,13,32,39,2,16,,,,10,8,10,14,44,33,,41,35,39,35,47,52,,34,,,26,42,50,21,78,58,55,54,56,28,47,,27,25,18,3,20,19,10,38,30,40,47,52,41,,39,52,50,30,,28,6,26,18,7,19,18,17,,,,,16,35,,36,31,25,29,30,27,29,40,37,31,37,40,24,28,,7,8,,3,2,7,,3,3,,3,29,21,14,15,13,10,20,14,12,25,31,23,,,104,107,70,47,43,48,63,59,,65,59,2,45,62,,,45,,,,,90,,,,,,,,,,,,,,,,103,,,,,,,,,,,,,,,,,,,,,,,,,,,,,,,,,,,,,,31,36,21,27,20,44,47,50,47,,,,43,36,34,15,,,22,30,25,40,3,44,,32,38,47,,,30,13,,18,5,3,,4,,75,76,,,68,56,,,54,58,58,,,65,70,38,44,83,93,102,60,62,65,62,64,47,45,45,40,52,60,54,51,60,52,55,48,,47,37,46,,83,81,65,73,51,50,62,66,31,46,18,68,,,74,47,43,42,34,52,54,40,57,53,48,56,60,60,63,62,73,,,89,64,63,,54,55,,66,24,29,,11,28,17,,43,33,40,36,28,29,31,,35,36,23,31,39,34,47,47,,57,43,36,29,29,37,,36,,14,,,,19,32,34,17,7,8,,41,,28,21,25,94,88,99,91,,11,15,7,,,16,18,9,,23,2,11,,,56,38,32,34,37,31,22,5,14,12,18,42,50,51,55,,33,31,29,30,28,,61,62,65,64,48,50,45,46,,,2,2,1,46,50,47,44,46,48,59,65,,6,54,52,,33,52,34,62,,66,52,39,,23,15,25,29,31,,54,43,49,60,41,,28,,35,39,43,28,20,,9,28,54,6,8,16,21,27,7,9,18,22,,44,55,47,,49,49,,32,33,32,31,,33,28,17,8,16,28,28,32,33,25,27,22,35,41,29,32,31,43,44,40,43,22,21,26,24,23,51,51,49,49,50,50,52,49,51,49,15,41,32,26,33,26,34,35,2,,5,,31,18,39,3,14,14,50,30,48,42,23,33,32,14,23,38,32,3,21,11,,13,25,5,59,71,,69,30,27,39,23,30,30,24,29,28,42,45,38,23,26,,,,21,23,,20,23,30,32,25,32,,19,34,19,,,,,,28,37,38,45,,,5,,32,29,26,30,31,30,,50,54,52,57,,,,,67,62,41,39,69,66,27,,68,15,12,37,37,,34,36,17,6,6,6,13,2,,46,48,57,50,4,6,33,22,9,,13,6,,22,21,,38,35,28,,44,,78,,29,28,51,61,60,65,4,3,4,5,38,30,29,7,,80,76,,39,51,91,,49,57,8,11,98,97,,62,69,43,25,,,50,61,40,,85,59,69,41,19,83,26,,18,,,28,24,45,46,59,58,39,36,48,,53,28,31,72,75,67,16,25,35,,,38,48,46,7,,66,58,61,40,37,34,61,20,35,47,64,74,39,,3,39,45,60,84,54,49,,37,,45,35,26,31,5,5,106,32,25,46,30,17,64,42,,,17,54,42,94,,65,66,61,33,,20,36,,,12,51,46,56,14,8,56,24,2,58,37,11,27,12,,,53,47,,39,90,20,46,88,48,68,46,45,4,2,62,73,45,43,64,102,61,4,55,4,31,34,41,,68,70,64,42,,44,87,8,39,14,34,35,38,29,52,41,28,12,4,52,23,19,2,104,29,44,22,26,18,16,5,,,36,8,25,68,50,104,46,46,,98,37,49,37,24,46,30,50,42,,44,25,26,98,95,34,102,,85,73,72,78,71,78,79,80,11,52,42,78,60,48,44,9,65,44,78,62,41,54,28,,32,20,13,28,31,30,34,51,63,56,42,47,5,43,38,40,62,37,44,44,25,55,45,57,23,39,2,34,38,24,30,56,42,39,24,23,65,74,61,84,5,16,20,16,8,25,24,18,45,17,33,18,,34,52,41,57,11,43,50,84,27,,24,36,16,44,20,29,26,,75,45,24,15,35,36,44,19,23,65,7,46,7,54,49,40,52,46,74,69,61,37,28,49,68,50,36,37,47,64,60,36,51,47,38,35,78,67,58,32,53,15,68,43,46,58,27,108,22,36,30,66,47,49,30,31,49,56,42,44,59,61,15,92,49,39,25,35,42,46,56,11,29,58,53,38,52,42,52,58,5,40,49,8,31,24,13,55,24,7,9,19,,11,36,119,23,46,32,28,78,12,20,94,78,62,,44,52,29,38,39,47,34,26,24,14,76,23,58,91,21,58,40,24,46,23,26,39,66,19,32,24,22,,74,12,17,42,50,3,27,20,19,44,60,46,81,50,82,40,21,39,58,42,15,48,,7,16,20,2,35,,4,60,60,4,44,44,26,32,39,23,35,53,41,31,14,14,6,41,3,11,18,21,54,15,7,15,9,21,72,55,67,64,16,68,39,4,38,83,32,39,97,45,44,48,28,78,68,,32,14,11,20,83,43,23,78,54,21,9,31,76,26,30,6,3,6,28,29,44,37,74,,44,64,82,73,32,19,51,34,,43,44,60,6,44,8,24,76,60,72,68,1,63,8,30,7,62,17,1,60,50,22,23,36,57,64,56,67,84,50,9,31,42,45,9,36,40,55,66
20231004,5,O3_24h,161,148,165,159,161,174,155,164,157,155,145,152,,,152,,142,142,164,,162,,141,151,,142,139,,183,187,180,181,183,182,172,,155,159,,150,,157,153,154,,150,,160,159,158,187,175,175,169,,191,116,,118,119,122,140,135,144,130,130,154,160,,157,150,145,141,155,144,,168,167,179,168,144,,,162,144,143,143,120,,93,87,,,101,100,105,106,,142,138,,148,140,144,144,143,,142,152,153,156,146,155,174,165,151,149,153,129,133,137,140,142,144,,133,145,137,82,70,75,69,73,71,76,70,73,77,68,72,98,106,99,105,103,,105,113,99,101,80,74,82,63,69,68,70,77,76,82,,90,90,87,92,93,94,103,95,89,100,93,110,,,,115,128,,123,125,120,,,,86,,80,78,78,86,78,85,74,80,67,,,,74,86,,87,83,88,91,93,,93,88,92,96,83,101,98,106,,103,,115,96,,154,108,,138,137,132,,142,126,150,119,136,165,142,,,135,145,159,136,132,136,123,,128,,,93,,98,97,,125,129,125,116,127,122,,166,172,157,156,152,134,140,154,81,74,86,92,84,86,82,72,80,86,,,148,137,142,122,,147,131,98,105,107,,102,110,107,,104,140,133,129,,142,139,142,142,112,,,163,167,162,167,156,103,136,138,144,134,134,144,132,131,,60,62,66,70,63,61,67,,72,71,36,48,47,45,40,45,44,39,45,35,185,205,,198,205,224,167,198,138,200,151,186,180,170,183,115,151,,122,127,115,206,143,125,164,139,214,189,183,195,,181,194,180,196,209,181,,178,173,138,159,,,188,201,188,114,118,133,125,137,160,163,144,,99,112,109,96,90,105,81,94,,69,75,71,68,42,,36,27,54,50,35,56,39,,,28,45,39,34,88,,84,89,86,79,,,89,110,91,90,84,84,77,73,79,92,81,,68,66,70,72,73,70,74,75,69,75,71,71,100,94,106,95,97,91,101,91,,114,113,93,107,,53,,41,32,,,,,148,,,,162,151,119,99,131,132,110,,99,43,52,56,56,46,46,39,44,45,45,,42,48,54,117,,133,117,132,135,119,117,127,122,120,,156,165,163,114,113,110,107,172,170,178,170,154,181,169,169,167,171,,,135,,122,136,125,126,152,,147,148,,,154,165,155,148,,131,134,176,,126,129,125,124,138,142,150,151,151,139,,,,,,,143,,145,133,139,140,137,153,145,134,143,139,,188,,,113,,116,104,140,188,197,182,183,173,,84,66,78,76,92,82,102,109,114,111,102,86,97,131,129,118,69,71,72,93,,105,168,162,,159,169,,129,126,128,133,114,,121,60,,,147,144,,,,118,116,120,112,194,204,,198,212,,140,146,,157,,155,151,158,,156,155,113,117,128,,146,143,146,144,143,140,,150,143,152,144,147,147,131,138,130,143,129,127,155,166,164,150,158,134,133,130,129,136,,63,64,66,,65,80,75,75,78,88,72,77,74,92,82,73,63,72,,73,80,81,,73,80,72,76,74,,87,77,98,,122,,124,118,121,123,,177,170,,,,131,,137,,135,,,,145,142,133,93,93,,,,51,54,63,59,65,71,,55,48,49,53,60,71,,69,,,69,74,71,69,80,87,105,112,100,122,80,82,81,110,94,94,101,99,108,54,57,86,82,96,87,,64,65,62,61,,69,78,74,59,63,84,74,66,,,,,86,84,,87,60,64,60,65,67,61,86,91,96,96,84,81,84,,94,100,,58,74,85,,88,95,,90,69,87,77,84,78,80,84,82,116,112,112,106,,,133,120,164,148,153,161,86,93,,123,82,108,106,111,,,138,,,,,158,,,,,,,,,,,,,,,,131,,,,,,,,,,,,,,,,,,,,,,,,,,,,,,,,,,,,,,44,97,83,92,97,119,120,120,119,,,,133,136,135,134,,,138,125,129,132,131,166,,168,165,105,,,102,122,,147,140,93,,94,,140,146,,,122,67,,,134,131,124,,,91,92,84,86,137,134,126,142,132,133,129,137,151,135,140,149,138,157,139,146,136,139,126,131,,135,137,156,,103,103,104,98,139,131,110,112,106,108,113,75,,,80,73,75,76,80,76,80,68,106,77,72,81,75,68,76,68,89,,,97,75,76,,88,89,,77,99,103,,97,101,105,,94,92,98,92,85,110,115,,51,53,60,56,52,56,78,86,,85,106,101,61,81,80,,96,,96,,,,67,73,72,69,112,111,,67,,63,61,57,132,129,137,133,,88,89,87,,,98,93,108,,113,109,110,,,142,83,98,90,82,90,58,41,42,47,44,104,106,120,109,,126,125,123,128,122,,86,101,101,105,108,111,103,109,79,,82,78,86,100,110,105,107,114,119,144,139,,160,150,153,,144,138,136,127,,141,146,131,,129,149,148,145,144,,127,149,122,134,115,76,117,,114,115,111,56,56,,43,48,67,90,87,100,93,91,95,96,46,51,,99,94,101,,78,79,,53,43,54,54,,91,89,86,36,39,44,63,59,65,65,60,45,58,58,53,52,44,54,50,52,48,93,98,97,96,90,113,88,106,98,84,56,59,50,53,51,42,58,56,53,61,46,62,59,162,167,148,136,76,87,75,108,116,88,117,131,124,123,110,127,122,144,142,101,114,81,88,87,,94,85,92,67,73,,73,76,71,65,72,71,75,69,74,90,90,102,91,105,99,,,,43,44,,39,47,34,40,36,32,,72,76,66,,,,,,82,84,86,86,31,,48,,62,64,68,64,62,69,,96,98,95,98,,,,,67,66,98,97,69,66,75,,81,53,54,72,78,,53,53,47,50,40,39,41,37,,60,56,65,64,77,72,44,62,64,,54,46,,48,60,,58,59,56,,69,,118,,46,44,69,77,79,77,132,122,117,119,52,66,57,99,,80,104,,74,76,112,,127,133,82,84,114,121,,93,91,78,74,,,62,76,58,,90,64,77,60,62,91,147,,143,,,107,67,64,58,124,121,117,110,89,,112,95,93,102,104,104,106,105,102,,,89,87,87,61,,86,116,114,87,77,118,180,205,159,147,146,185,168,,100,137,83,81,148,82,88,,96,,162,154,84,77,64,62,116,81,99,143,140,37,79,61,,,158,161,134,152,,151,156,158,52,,89,89,,,108,77,78,104,124,128,132,120,111,74,98,32,44,69,142,,145,139,,121,172,88,82,105,121,92,191,55,95,95,112,126,146,137,73,159,114,128,67,128,66,146,98,,79,78,75,64,,112,151,24,132,86,100,67,69,70,165,140,103,35,81,63,81,89,140,128,128,82,166,73,43,71,68,,,52,117,151,86,119,118,71,78,,116,150,101,79,147,146,133,160,74,,154,50,59,98,95,81,116,74,107,98,124,104,100,99,97,108,128,125,131,143,126,114,85,127,89,93,105,100,79,91,131,81,187,179,236,215,211,133,185,172,109,168,170,158,104,126,175,189,134,118,144,167,147,147,74,98,109,84,114,64,68,140,147,137,141,116,127,133,80,81,81,84,39,37,42,34,73,50,30,37,53,47,38,75,,84,83,103,152,171,132,201,156,164,,124,154,158,131,66,83,82,,160,62,87,90,52,64,78,93,109,104,108,124,142,96,145,132,134,143,131,87,110,164,142,148,129,124,84,79,71,89,86,82,84,71,80,98,98,124,89,109,122,133,110,116,92,122,159,170,107,115,117,128,146,111,156,159,97,206,151,174,174,162,155,152,166,144,120,76,64,71,97,96,63,138,144,143,139,143,146,144,138,73,96,22,42,71,62,142,85,85,93,81,88,94,144,146,130,159,156,126,140,140,140,140,155,170,,154,156,166,147,140,146,67,161,82,94,125,137,146,167,155,102,118,116,100,90,105,84,80,62,60,57,55,,110,85,63,94,75,30,67,62,65,113,114,140,138,95,119,113,119,129,213,207,167,120,,193,158,154,150,142,156,165,157,177,176,182,199,196,191,188,187,184,146,119,124,118,140,164,138,96,29,60,43,131,113,99,96,111,53,102,120,114,117,72,73,156,153,134,141,109,178,142,214,201,201,123,78,72,,76,118,120,128,84,86,86,155,166,151,153,189,148,139,103,96,89,51,48,51,144,143,174,,72,72,131,102,106,136,168,110,,163,174,147,162,118,71,155,138,116,77,140,142,103,158,152,123,165,154,147,106,100,79,116,168,123,70,108,73,153,147,104,63,59,70,198,124,175,160,83
20231004,5,O3_8h,28,47,33,2,20,31,9,48,71,63,4,18,,,54,,82,73,61,,74,,61,48,,26,43,,33,43,30,55,51,55,127,,27,60,,50,,78,44,83,,73,,32,18,33,29,25,30,17,,35,47,,54,43,52,45,19,24,21,52,38,35,,53,58,57,59,59,44,,48,12,42,42,7,,,16,2,6,4,5,,49,45,,,66,68,64,68,,65,65,,55,66,67,66,64,,69,138,139,136,133,146,138,149,117,120,130,37,44,34,47,51,37,,33,22,23,61,56,53,53,61,59,61,55,60,53,54,55,82,83,76,87,81,,88,88,74,78,29,33,39,24,32,28,31,40,29,50,,47,55,55,46,56,52,72,75,66,64,59,31,,,,40,32,,36,28,37,,,,44,,44,39,44,40,40,48,53,35,51,,,,53,53,,46,47,54,45,52,,47,17,24,29,4,16,50,50,,53,,46,46,,51,49,,49,44,35,,44,55,49,48,82,82,86,,,67,79,81,64,86,82,67,,49,,,41,,68,63,,83,92,87,79,86,81,,77,74,75,72,61,64,78,18,30,36,41,40,37,40,43,26,43,40,,,87,90,81,96,,61,51,50,55,63,,54,58,63,,58,131,71,75,,68,66,99,84,103,,,80,52,94,89,81,,69,71,77,65,66,73,64,70,,56,48,54,56,57,49,54,,59,53,31,42,40,40,36,40,40,34,41,27,43,43,,33,29,59,26,45,29,6,78,47,52,49,54,54,40,,29,28,40,52,61,51,47,61,56,40,45,46,,62,33,21,67,66,53,,56,59,57,58,,,55,33,46,26,22,17,79,47,35,28,58,,41,42,43,40,44,29,27,16,,56,26,44,51,33,,4,10,9,8,7,25,12,,,16,14,17,14,7,,37,41,40,35,,,43,72,81,82,74,74,74,70,73,88,78,,23,38,26,22,25,21,50,51,53,46,56,49,32,19,22,20,25,36,17,14,,36,9,24,19,,9,,18,19,,,,,82,,,,61,45,30,13,47,40,73,,57,30,40,44,41,34,31,27,31,30,31,,25,36,40,58,,64,62,67,53,29,47,45,31,40,,98,104,99,46,61,60,31,70,77,58,62,66,73,73,95,90,87,,,24,,45,28,31,44,77,,65,50,,,41,26,23,23,,41,56,50,,20,25,35,11,39,98,93,112,102,45,,,,,,,49,,28,55,94,34,14,55,41,115,109,116,,77,,,55,,62,46,45,111,117,102,116,112,,44,46,51,53,34,61,45,52,50,30,13,7,8,90,89,79,25,36,29,49,,39,49,50,,91,98,,95,89,89,94,49,,14,8,,,57,69,,,,39,44,55,49,50,56,,53,58,,24,31,,41,,3,17,11,,14,123,58,61,53,,86,86,92,82,75,89,,73,58,78,60,72,65,95,66,66,100,83,74,66,49,62,65,65,67,61,53,52,60,,43,47,46,,45,70,69,66,62,68,47,49,50,55,53,55,48,57,,52,62,34,,33,73,66,72,71,,83,69,92,,41,,12,20,26,30,,45,42,,,,45,,43,,19,,,,48,47,50,2,17,,,,11,6,12,11,43,35,,50,38,43,36,35,54,,35,,,22,45,48,23,76,61,62,60,64,29,53,,34,21,23,6,33,16,9,43,40,41,44,47,40,,48,57,55,44,,25,12,21,29,9,22,23,19,,,,,18,31,,34,32,26,31,30,27,29,38,39,31,37,40,30,34,,5,14,,5,8,14,,3,4,,3,30,20,9,12,8,9,16,10,30,33,38,34,,,102,98,54,64,50,52,77,77,,71,69,1,21,48,,,74,,,,,81,,,,,,,,,,,,,,,,94,,,,,,,,,,,,,,,,,,,,,,,,,,,,,,,,,,,,,,30,30,35,26,21,50,53,56,51,,,,38,34,27,26,,,30,20,37,40,25,42,,24,42,47,,,43,22,,13,5,1,,4,,80,77,,,68,53,,,53,62,63,,,65,67,30,34,77,78,90,63,61,61,61,63,80,70,78,68,57,64,59,55,57,58,53,46,,48,40,57,,90,93,78,84,54,46,62,67,48,56,40,71,,,77,43,39,41,34,56,68,46,83,58,53,59,63,50,68,60,73,,,65,72,67,,58,57,,60,27,25,,21,15,25,,46,45,55,42,18,40,26,,41,44,29,42,44,42,46,48,,53,48,43,32,33,43,,23,,7,,,,29,32,34,20,12,29,,40,,40,31,35,98,97,109,103,,15,16,10,,,18,20,13,,23,4,14,,,66,34,32,33,35,29,25,3,12,7,14,46,48,55,54,,37,34,33,33,31,,56,58,61,68,65,66,60,62,2,,8,5,10,45,51,47,45,47,27,29,38,,22,64,64,,36,53,43,69,,69,61,57,,37,21,37,35,32,,60,54,58,61,52,,31,,45,49,45,27,21,,16,23,56,6,12,15,16,17,31,23,21,28,,51,64,53,,51,50,,33,34,38,39,,31,31,24,20,26,27,29,31,33,29,29,36,49,50,44,44,33,46,46,42,45,29,28,33,30,30,51,53,51,51,54,52,57,47,49,50,15,42,35,30,37,22,34,37,7,,11,4,26,26,31,6,6,14,52,33,50,51,30,41,38,21,26,26,17,8,22,14,,19,14,10,61,72,,71,29,30,36,30,38,42,36,39,37,41,49,43,25,34,,,,24,23,,22,29,30,32,25,27,,34,35,21,,,,,,43,47,46,49,,,5,,35,29,27,35,32,33,,55,58,56,60,,,,,64,64,39,38,60,58,25,,69,18,17,39,36,,36,39,18,6,8,7,18,14,,47,51,58,50,5,9,32,24,10,,15,8,,22,24,,44,43,42,,46,,84,,39,37,46,66,65,64,3,3,2,4,36,21,20,11,,45,49,,48,58,87,,55,70,6,12,96,99,,55,58,63,51,,,40,48,48,,84,57,70,44,28,68,26,,25,,,40,16,51,42,57,58,45,36,46,,66,38,29,75,70,56,7,13,20,,,19,29,22,15,,77,53,57,52,38,39,68,40,23,50,60,56,37,,2,50,34,54,79,54,59,,17,,45,41,39,31,7,9,98,35,40,60,51,18,64,38,,,50,69,47,85,,62,60,51,33,,34,43,,,15,52,40,55,45,31,47,65,26,51,50,12,22,7,19,,45,53,,30,107,35,47,86,60,67,79,50,8,7,59,86,48,50,67,102,56,9,52,15,34,50,32,,65,66,66,48,,48,85,5,60,24,39,34,36,30,50,62,34,11,9,52,23,6,11,102,34,45,25,27,28,12,5,,,15,27,37,79,56,99,47,41,,91,48,52,39,16,63,52,71,41,,44,10,17,84,78,34,92,,91,81,81,79,79,71,79,84,14,53,51,79,61,56,45,25,59,49,69,57,36,50,37,,34,30,45,38,45,43,40,61,70,61,50,53,8,43,50,54,87,38,40,68,46,49,57,63,37,44,41,38,38,32,48,70,56,45,14,44,62,70,62,71,5,18,19,17,12,29,20,18,46,19,35,33,,35,48,43,80,22,55,73,101,38,,35,40,21,46,20,35,30,,116,49,25,9,28,34,52,37,15,72,5,54,15,56,61,43,72,70,53,62,61,46,55,56,66,61,41,40,52,65,38,38,56,31,43,46,67,75,55,44,52,42,74,64,56,60,22,117,28,46,40,64,59,48,32,34,48,54,43,53,47,58,9,98,56,21,40,29,45,57,39,8,35,70,64,47,59,57,76,65,18,45,56,5,36,21,13,55,28,13,27,20,13,24,31,120,36,54,40,40,76,34,40,92,67,63,,42,36,30,24,54,50,38,29,32,5,83,47,63,86,51,65,45,37,24,23,27,43,67,19,32,34,30,,83,18,25,58,49,8,29,27,22,46,59,49,92,54,86,37,30,52,65,38,13,38,,12,14,37,12,17,39,24,86,59,12,51,35,36,52,54,31,34,54,38,47,17,24,13,57,7,12,16,20,50,13,11,11,7,25,90,64,63,46,11,70,42,4,32,83,40,56,109,58,55,53,48,75,68,,53,39,17,16,71,48,28,75,74,26,20,49,77,38,43,14,3,8,33,33,43,44,81,,43,62,83,71,37,14,58,37,,51,43,47,8,49,15,44,79,59,54,37,12,58,54,45,7,77,7,7,63,56,36,44,42,58,66,57,67,83,51,11,35,48,53,41,42,53,102,68
20231004,5,O3_8h_24h,28,51,38,2,20,36,11,51,83,68,8,28,,,61,,83,73,61,,80,,70,63,,26,51,,39,43,32,55,51,55,127,,31,70,,76,,93,48,100,,90,,34,20,37,36,25,43,29,,43,52,,61,43,57,49,33,25,33,74,46,57,,71,60,59,59,65,47,,49,12,56,42,9,,,28,3,13,4,5,,50,45,,,72,73,67,70,,85,77,,77,78,74,81,74,,95,138,139,136,133,146,138,154,118,120,130,49,53,49,56,60,52,,51,46,47,69,60,58,62,66,64,68,62,65,59,59,65,86,93,78,97,94,,91,95,83,83,29,38,51,24,36,40,32,47,29,55,,64,69,61,48,62,65,72,75,66,64,59,45,,,,53,50,,45,43,60,,,,44,,51,48,53,49,49,54,64,35,51,,,,53,53,,47,47,54,45,52,,47,17,24,29,4,16,50,52,,56,,46,63,,56,49,,52,44,43,,44,55,50,48,88,91,86,,,67,80,96,94,101,102,88,,83,,,67,,68,63,,91,94,93,82,91,87,,86,86,82,88,66,65,78,22,32,47,50,45,44,41,50,27,56,48,,,106,103,95,107,,66,53,50,55,63,,54,58,63,,58,135,72,75,,70,69,100,94,107,,,96,97,95,89,110,99,77,76,86,79,75,79,80,82,,58,51,58,57,63,49,60,,68,58,32,42,42,40,36,41,41,34,41,28,58,61,,54,39,73,26,67,47,7,107,70,76,65,62,62,49,,30,36,40,66,67,53,58,71,69,60,64,62,,74,57,56,68,70,67,,63,69,60,69,,,66,52,68,30,35,34,85,49,52,47,62,,50,57,55,49,52,55,30,21,,57,26,44,51,33,,7,10,9,8,9,25,13,,,16,15,17,14,8,,51,42,40,36,,,46,75,81,82,74,74,74,70,73,88,78,,23,41,28,24,25,25,52,55,57,47,58,54,32,19,25,22,25,36,17,14,,44,9,24,21,,9,,21,19,,,,,87,,,,61,45,82,20,73,81,82,,62,30,40,44,41,34,36,30,31,32,33,,27,36,40,59,,72,70,72,53,41,47,55,40,46,,135,148,137,61,69,64,32,99,113,84,66,77,86,85,95,91,88,,,32,,56,28,32,54,86,,76,60,,,41,26,23,28,,48,56,63,,28,48,42,16,42,99,93,116,102,57,,,,,,,73,,34,77,98,59,14,58,52,116,109,116,,124,,,62,,73,59,66,126,130,118,130,124,,56,59,60,55,47,61,59,56,60,38,18,8,10,106,107,98,26,40,31,53,,39,49,59,,116,123,,110,120,113,103,65,,23,8,,,58,69,,,,40,48,73,62,75,60,,70,70,,42,35,,46,,6,30,12,,38,128,69,65,54,,125,118,130,116,111,124,,93,96,96,90,96,79,122,70,85,123,104,96,73,72,68,72,70,76,76,75,61,75,,49,54,53,,53,74,71,69,71,69,50,54,52,59,58,62,52,63,,59,66,62,,40,80,68,74,72,,86,77,94,,54,,12,20,45,40,,56,52,,,,59,,58,,28,,,,62,61,64,2,17,,,,11,6,13,11,43,38,,53,42,45,40,37,55,,37,,,22,46,52,25,76,68,72,70,76,35,61,,38,21,32,7,41,23,14,47,43,41,44,47,40,,54,58,58,52,,28,19,21,32,9,26,28,21,,,,,20,34,,38,33,26,32,30,29,30,39,40,33,39,40,39,44,,6,16,,7,15,28,,3,4,,3,36,20,10,12,8,9,18,13,36,35,40,36,,,102,98,54,68,66,60,86,93,,76,75,1,21,48,,,81,,,,,82,,,,,,,,,,,,,,,,94,,,,,,,,,,,,,,,,,,,,,,,,,,,,,,,,,,,,,,30,30,52,26,23,54,67,60,52,,,,54,35,46,46,,,36,25,52,41,30,42,,24,43,50,,,50,36,,14,5,1,,4,,87,90,,,68,53,,,54,63,65,,,65,68,46,52,83,81,90,64,61,61,62,63,111,92,106,94,70,72,67,60,64,68,60,46,,52,45,78,,97,102,82,94,61,55,67,71,52,59,49,72,,,78,43,39,44,40,68,80,60,101,60,54,59,65,50,69,60,73,,,65,74,68,,62,62,,60,35,51,,34,15,36,,48,64,66,56,18,51,33,,49,52,34,55,49,52,47,52,,53,54,50,33,42,48,,23,,8,,,,36,32,34,22,19,42,,40,,52,41,47,102,103,115,114,,17,17,12,,,24,24,18,,23,4,21,,,88,34,32,33,35,29,28,3,12,7,14,59,55,66,59,,39,37,34,35,34,,59,58,61,77,83,85,80,82,3,,12,7,20,45,53,50,46,50,27,32,38,,58,71,73,,46,60,55,84,,74,71,65,,56,32,51,38,34,,69,70,63,62,62,56,38,,48,54,46,28,28,,27,26,60,6,16,15,20,21,44,27,24,33,,54,66,60,,52,51,,33,35,40,45,,31,36,32,34,36,28,36,33,34,36,31,44,58,55,53,52,33,47,46,43,46,40,39,42,39,37,52,54,52,51,55,56,59,47,49,51,17,43,38,32,45,22,34,39,29,,23,8,29,30,31,15,6,15,60,46,64,66,35,46,44,31,33,26,17,19,27,19,,21,14,12,61,72,,73,31,33,36,33,42,47,42,44,49,50,57,50,26,47,,,,25,26,,23,31,30,32,26,27,,42,35,21,,,,,,54,56,51,54,1,,5,,39,29,30,38,34,34,,62,63,61,63,,,,,64,64,39,38,60,58,26,,69,21,21,40,40,,37,42,18,8,10,8,29,31,,49,53,58,50,8,12,32,25,12,,15,11,,25,28,,46,47,48,,49,,86,,46,44,46,67,71,64,3,3,2,5,36,21,20,15,,45,49,,62,70,87,,81,81,10,12,96,100,,55,58,78,74,,,43,48,50,,84,57,71,48,34,68,30,,45,,,44,16,53,42,58,61,52,43,52,,79,48,29,77,70,58,7,13,20,,,19,30,22,29,,83,53,57,68,38,40,89,68,23,70,72,56,37,,2,66,34,54,80,54,66,,17,,51,58,45,35,8,16,98,36,58,74,76,20,67,38,,,71,86,59,85,,62,60,51,33,,44,46,,,27,53,40,55,72,52,49,97,42,51,68,12,24,7,32,,46,62,,30,131,43,48,86,72,67,118,55,26,10,59,99,49,54,67,104,56,18,52,30,35,64,32,,65,66,67,53,,54,101,5,69,39,50,38,36,31,51,76,51,14,14,54,25,6,25,102,42,48,31,30,34,12,5,,,15,72,40,86,63,102,47,41,,91,62,58,44,19,88,68,98,41,,71,10,17,84,78,36,92,65,95,91,90,88,81,71,82,86,22,57,64,83,62,70,45,45,64,53,69,57,39,50,43,73,44,32,62,45,54,58,41,71,75,67,54,58,10,43,72,68,108,39,40,76,56,62,62,69,45,47,56,38,38,38,67,75,63,55,14,62,62,70,65,71,8,21,22,20,22,31,20,19,48,20,38,45,,41,48,51,96,30,75,110,110,47,,37,50,31,46,22,46,38,,132,52,37,12,28,34,62,50,15,74,5,70,28,58,96,55,80,86,53,62,62,58,75,71,66,65,55,52,56,67,38,39,62,31,61,60,67,92,55,60,52,82,76,84,72,64,22,141,36,50,58,64,69,51,36,34,48,65,46,60,52,60,9,112,69,21,52,29,48,65,39,8,40,77,85,55,64,67,86,69,31,50,60,5,41,21,17,58,39,21,39,33,31,38,81,121,59,57,59,55,76,39,50,94,67,63,,42,36,32,24,57,59,42,29,34,5,90,54,69,86,91,70,46,42,24,23,31,44,71,24,32,40,39,,88,23,31,68,50,14,31,32,23,49,59,62,100,56,91,37,33,67,84,62,13,42,,25,14,52,24,17,61,50,112,72,17,53,36,45,58,65,33,34,54,55,54,18,46,26,70,8,13,16,20,54,13,14,11,9,27,100,78,63,46,11,73,55,4,40,89,46,66,125,71,64,75,70,75,70,,68,61,30,16,71,49,35,100,95,27,42,80,81,47,50,28,3,10,37,36,44,53,88,,47,62,89,88,64,14,74,62,,58,49,47,24,58,19,71,80,60,54,37,22,58,92,49,10,86,12,8,66,60,43,62,48,58,66,58,67,93,54,31,38,54,60,98,44,69,136,69
20231004,5,CO,0.3,0.3,0.3,0.4,0.4,0.2,0.4,0.4,0.4,0.3,0.3,0.6,,,0.7,,0.6,0.7,0.7,,0.8,,0.7,0.7,,0.7,1,,1,1,0.8,1,1,0.9,1.3,,0.8,0.7,,0.7,,0.9,0.4,0.6,,0.3,,0.6,0.2,0.5,0.8,0.7,0.6,0.7,,0.9,0.3,,0.1,0.1,0.1,0.4,0.4,0.5,0.6,0.3,0.4,0.4,,0.4,0.5,0.5,0.3,0.7,0.4,,0.9,0.9,1.1,0.9,0.9,,,1,1.3,1.1,1.3,1.1,,0.4,0.3,,,0.2,0.4,0.2,0.3,,0.4,0.5,,0.4,0.4,0.5,0.4,0.3,,0.3,0.7,0.8,0.7,0.9,0.7,0.7,0.7,0.9,0.7,0.7,0.3,0.3,0.3,0.5,0.4,0.2,,0.4,0.3,0.4,0.6,0.3,0.5,0.3,0.5,0.8,0.5,0.5,0.2,0.4,0.6,0.4,0.5,0.6,0.4,0.6,0.5,,0.3,0.5,0.4,0.6,0.4,0.7,0.2,0.6,0.3,0.3,0.5,0.4,0.6,0.4,,0.6,0.6,0.6,0.7,0.6,0.7,0.2,0.6,0.4,0.5,0.6,0.5,,,,0.5,0.5,,0.5,0.5,0.4,,,,0.3,,1.4,0.6,1,1,1.3,1.2,1.1,0.6,0.4,,,,0.6,0.6,,0.6,0.4,0.4,0.6,0.5,,0.4,0.7,0.6,0.6,0.8,0.5,0.4,0.4,,0.4,,0.6,0.4,,0.4,0.5,,0.4,0.5,0.5,,0.7,0.5,0.6,0.4,0.5,0.5,0.5,,,0.4,0.7,0.5,0.5,0.4,0.5,0.5,,0.6,,,0.6,,0.8,0.4,,0.6,0.5,0.6,0.4,0.4,0.3,,0.5,0.5,0.5,0.5,0.6,0.6,0.5,0.5,0.7,0.5,0.6,0.3,0.6,0.5,0.8,0.7,0.5,0.7,,,0.4,0.4,0.5,0.4,,0.3,0.4,0.7,0.9,0.5,,0.7,0.6,0.4,,0.7,0.4,0.4,0.5,,0.4,0.4,0.4,0.4,0.4,,,0.6,0.7,1,0.4,0.6,,0.7,0.8,,0.6,0.5,0.6,0.6,0.7,,0.6,0.5,0.5,0.6,0.5,0.4,0.5,,0.5,0.7,0.4,0.6,0.5,0.6,0.7,0.5,0.6,0.4,0.7,0.3,0.9,0.9,,0.9,0.9,0.9,0.9,0.9,0.7,0.9,0.6,0.9,0.6,1.1,0.7,0.8,0.7,,0.6,0.7,0.9,1.1,0.7,0.5,0.5,0.8,0.6,0.5,0.5,0.7,,0.7,0.8,0.6,0.4,0.7,0.4,,0.5,0.5,0.6,0.5,,,0.9,1,0.9,0.7,0.9,0.9,0.9,0.8,0.7,0.7,0.5,,0.8,0.9,0.9,1,0.8,0.9,0.7,0.7,,0.5,0.4,0.4,0.2,0.3,,0.8,0.9,0.6,0.6,0.9,0.8,0.8,,,0.9,0.9,0.8,0.9,1.2,,0.5,0.5,0.5,0.5,,,0.6,0.7,0.4,0.2,0.4,0.4,0.3,0.2,0.3,0.3,0.2,,0.6,0.5,0.6,0.8,0.5,0.6,0.3,0.2,0.2,0.2,0.2,0.3,0.6,0.6,0.8,0.7,0.6,0.7,0.6,0.7,,0.8,0.2,0.6,0.6,,0.6,,0.6,0.7,,,,,0.7,,,,0.6,0.7,1,0.9,0.7,0.9,0.4,,0.4,0.5,0.6,0.5,0.4,0.8,0.7,0.7,0.6,0.5,0.6,,0.4,0.8,0.5,0.4,,0.6,0.4,0.6,0.6,0.5,0.3,0.6,0.6,0.5,,0.8,0.7,0.4,1.1,0.6,0.6,0.8,0.3,0.3,0.2,0.2,0.3,0.5,0.5,0.6,0.6,0.5,,,0.8,,0.6,0.9,1,0.8,0.7,,0.6,0.6,,,0.6,0.9,1,0.9,,0.5,0.7,2.1,,0.6,0.6,0.6,0.6,0.7,0.7,0.3,0.7,0.5,0.3,,,,,,,0.4,,0.6,0.3,0.5,0.4,0.8,0.5,0.6,0.3,0.3,0.5,,0.7,,,0.7,,0.8,0.8,0.6,0.7,0.8,0.5,0.6,0.7,,0.7,0.7,0.7,0.6,0.8,0.5,0.5,0.7,0.9,0.7,0.7,0.8,0.7,,0.7,0.7,0.8,0.8,0.8,0.7,,0.5,0.7,0.6,,0.5,0.6,,1,1,1.2,0.8,0.8,,0.6,0.7,,,0.5,0.4,,,,1.2,0.4,0.8,0.8,1.2,1.4,,1,0.9,,1.6,1.2,,1.5,,1.3,0.8,0.9,,0.9,0.7,0.2,0.3,0.2,,0.5,0.5,0.5,2.8,1.7,0.5,,0.2,0.6,0.5,0.4,0.4,0.3,0.8,0.7,0.9,0.8,0.7,0.8,0.3,0.5,0.5,0.6,0.3,0.4,0.5,0.5,0.5,0.5,,0.2,0.1,0.3,,0.1,0.4,0.3,0.4,0.4,0.4,0.3,0.3,0.3,0.2,0.2,0.9,1,0.7,,0.5,0.8,0.8,,0.7,0.6,0.6,0.6,0.6,,0.6,0.8,0.6,,0.7,,0.9,0.7,0.7,0.8,,0.9,0.7,,,,0.6,,0.6,,1,,,,0.6,0.6,0.5,0.7,0.6,,,,0.7,0.7,0.6,0.5,0.8,0.7,,0.7,0.6,0.7,0.6,0.4,0.7,,0.7,,,0.5,0.5,0.5,0.5,0.7,0.9,0.8,0.9,0.7,0.5,0.5,0.6,0.6,0.5,0.8,1.1,0.9,0.7,0.4,0.4,0.4,0.6,0.6,0.6,0.7,,0.7,0.7,0.8,0.6,,0.6,1.6,0.6,0.5,0.4,0.7,0.6,0.6,,,,,0.7,0.7,,0.6,0.5,0.4,0.4,0.3,0.2,0.4,0.7,0.6,0.5,0.5,0.8,0.9,0.5,,0.8,0.5,,0.9,0.5,0.8,,0.4,0.5,,0.7,0.5,0.7,0.7,0.6,0.6,0.7,0.7,0.6,0.7,0.6,0.7,0.6,,,0.5,0.2,0.7,1.2,0.6,0.5,0.2,0.2,,0.3,0.2,0.5,0.2,0.2,,,0.5,,,,,0.7,,,,,,,,,,,,,,,,0.6,,,,,,,,,,,,,,,,,,,,,,,,,,,,,,,,,,,,,,0.8,0.8,0.7,0.9,0.9,0.4,0.5,0.5,0.4,,,,1.1,0.8,1,0.9,,,0.5,0.6,0.6,0.6,0.6,0.7,,0.7,0.8,0.9,,,1.1,0.8,,0.6,0.7,0.5,,0.6,,0.6,0.3,,,0.4,0.4,,,0.3,0.4,0.4,,,0.3,0.2,0.2,0.1,0.6,0.6,0.6,0.4,0.2,0.3,0.5,0.4,0.5,0.4,0.6,0.8,0.3,0.2,0.3,0.3,0.3,0.5,0.5,0.4,,0.1,2.7,0.5,,0.1,0.3,0.5,0.4,0.4,0.4,0.4,0.4,0.4,0.5,0.5,0.4,,,0.2,0.2,0.3,0.3,0.2,0.5,0.2,0.3,0.2,0.3,0.5,0.2,0.6,0.6,0.4,0.5,0.2,,,0.7,0.3,0.3,,0.3,0.4,,0.1,0.4,0.4,,0.3,0.3,0.5,,0.5,0.3,0.3,0.4,0.3,0.5,0.5,,0.7,0.7,0.6,1.3,0.5,0.8,0.8,0.9,,0.7,0.4,0.5,0.6,0.3,0.3,,0.5,,0.6,,,,0.7,0.5,0.5,0.5,0.6,0.3,,0.8,,0.8,0.7,0.8,0.7,0.7,0.6,0.7,,0.6,0.8,0.7,,,0.7,0.7,0.7,,0.6,0.6,0.7,,,0.5,0.3,0.5,0.4,0.5,0.4,0.7,0.7,0.6,0.6,0.5,0.7,0.5,0.7,0.8,,0.1,0.5,0.5,0.7,0.7,,1.3,0.8,1.5,1.1,1,0.3,0.8,0.9,1,,1.8,2.3,1.6,0.8,0.9,0.8,1,0.9,,0.4,0.5,,0.8,0.5,0.6,,0.8,1,0.7,0.4,,0.4,0.4,0.7,,0.7,0.6,0.5,0.5,0.8,,0.6,0.7,0.6,0.6,0.4,,0.4,,0.3,0.3,0.3,0.5,0.7,,1.4,0.6,0.7,0.7,0.8,0.6,0.6,0.5,0.8,0.8,0.6,0.7,,0.6,0.6,0.4,,0.6,0.8,,0.8,0.8,0.9,0.8,,0.5,0.5,0.6,1,1,0.6,0.8,0.7,0.7,0.8,0.7,0.8,0.6,0.8,0.7,0.7,0.5,0.6,0.8,0.7,0.6,0.9,1,1,0.8,0.9,0.6,0.6,0.5,0.6,0.6,0.7,0.7,0.8,0.6,0.6,0.9,0.5,0.8,0.7,0.2,0.7,0.5,0.5,0.9,0.8,0.7,0.7,0.5,0.5,0.4,0.8,0.8,0.8,0.6,0.6,0.6,0.7,0.7,0.5,0.7,0.7,0.6,1,0.9,0.5,0.7,0.8,,0.5,0.5,0.5,0.4,0.7,,0.4,0.7,0.4,0.5,0.3,0.7,0.5,0.6,0.5,0.7,0.5,0.5,0.8,0.6,0.6,,,,0.5,0.4,,0.4,,0.3,0.4,0.5,0.5,,0.7,0.5,0.4,,,,,,0.5,0.5,0.6,0.5,0.7,,0.4,,0.3,0.5,0.6,0.7,0.7,1.6,,0.4,0.4,0.4,0.5,,,,,0.2,0.4,0.6,0.6,0.1,0.1,0.6,,0.3,0.6,0.5,0.6,0.5,,0.6,0.5,0.7,0.7,0.4,0.4,0.5,0.5,,0.4,0.5,0.2,0.3,0.4,0.3,0.3,0.1,0.7,,0.5,0.3,,0.4,0.3,,0.3,0.4,0.5,,0.7,,0.2,,0.3,0.2,0.4,0.7,0.5,0.5,0.5,0.6,0.7,0.6,0.7,0.6,0.6,0.4,,0.6,0.5,,0.7,0.6,0.3,,0.3,0.4,0.3,0.4,0.3,0.4,,0.5,0.6,0.2,0.2,,,0.7,0.6,0.4,,0.6,0.5,0.6,0.4,0.6,0.6,0.5,,0.6,,,0.5,0.6,0.5,0.4,0.5,0.6,0.3,0.2,0.6,,0.3,0.2,0.3,0.5,0.6,0.4,0.6,0.6,0.4,,,0.6,0.6,0.5,0.2,,0.4,0.2,0.3,0.4,0.5,0.6,1.9,0.9,0.6,0.8,0.9,1,0.7,,0.7,0.5,0.8,0.4,0.4,0.4,0.5,,0.5,,0.5,0.7,0.7,0.7,0.8,1.4,0.4,0.5,0.3,0.4,0.4,0.4,0.5,0.4,,,0.4,0.6,0.7,0.7,,0.4,0.4,0.7,0.7,,0.4,0.8,,,1,0.4,0.9,0.3,0.4,0.5,0.7,0.7,0.6,0.2,0.5,0.5,0.8,0.7,1.3,,0.6,0.5,,0.4,0.6,0.4,0.4,0.6,0.3,0.3,0.6,0.3,0.7,0.5,0.5,0.5,0.6,1,0.4,0.2,0.2,1.2,0.2,0.7,0.3,0.5,0.9,,0.5,0.4,0.5,0.4,,0.2,0.6,1.1,0.7,0.7,0.6,0.7,0.8,0.6,0.6,0.7,0.5,1,1.6,0.7,0.6,0.7,1.3,0.7,0.4,0.8,0.6,0.5,0.4,0.5,0.5,,,0.6,0.5,0.4,0.8,0.4,0.2,0.6,0.6,,0.4,0.6,0.5,0.3,0.5,0.8,0.7,0.7,0.8,,0.6,0.9,0.5,0.5,0.7,0.5,0.3,,0.7,0.6,0.4,0.4,0.5,0.5,0.6,0.6,0.3,0.3,0.3,0.3,0.3,0.3,0.6,0.5,0.7,0.6,0.3,0.4,0.5,0.6,0.7,,0.9,0.9,0.7,0.9,0.7,0.7,0.9,0.8,0.5,0.7,0.6,0.7,0.7,0.5,0.7,1,0.6,,0.4,0.3,0.8,0.8,1.1,0.2,0.4,0.4,0.4,0.9,0.9,1,1.1,0.5,0.8,0.3,0.8,1,0.5,0.4,0.5,0.7,0.2,0.9,0.6,0.6,0.7,0.7,0.5,0.5,0.7,0.5,0.4,0.6,,0.6,0.3,0.6,0.6,0.8,0.3,0.6,0.4,0.3,,0.8,0.5,0.4,0.6,0.6,0.5,0.5,,1.1,0.4,0.6,0.8,0.6,0.7,0.7,1,0.5,0.7,0.7,0.7,0.9,0.5,0.8,0.4,0.5,0.7,0.9,0.4,1.1,0.6,0.6,0.4,0.4,0.3,0.7,0.8,0.6,0.6,0.8,0.5,1.5,0.5,0.5,0.6,0.2,0.4,0.7,0.4,0.8,0.5,0.2,0.7,0.4,0.4,0.8,0.7,0.7,0.7,1,0.5,0.6,0.7,0.6,0.8,0.5,0.6,0.6,0.9,0.4,0.6,0.4,0.7,0.6,0.5,0.5,0.4,0.6,0.6,0.5,0.6,0.8,0.7,0.8,0.7,0.4,0.4,0.8,0.7,0.6,0.5,0.3,0.8,0.6,1,1,0.2,0.6,0.7,0.8,0.7,0.7,0.6,0.3,0.4,0.8,1,0.6,0.7,0.4,0.4,0.3,0.3,0.6,0.4,,0.6,0.9,0.6,0.5,1.3,0.5,0.6,0.5,0.5,0.8,0.4,0.3,0.8,0.5,0.9,0.7,0.6,0.6,1.2,0.6,0.6,0.6,0.5,0.4,0.4,0.6,0.5,,0.5,0.6,0.6,0.7,0.7,1.1,0.7,0.7,0.7,0.6,0.5,0.5,0.4,0.4,0.4,0.6,0.4,0.6,1.1,1.2,2,0.5,,1.1,0.7,0.6,0.6,0.7,0.6,1.9,1,0.6,0.8,0.7,0.6,0.5,0.7,0.7,0.7,0.9,0.8,0.9,0.6,0.6,0.7,1.1,0.6,1,0.5,0.8,0.8,0.7,0.7,0.7,0.8,0.6,0.6,0.3,0.5,0.4,0.2,0.6,0.7,0.5,2.2,0.8,0.3,0.8,0.6,0.8,0.7,0.9,0.9,0.6,0.4,0.3,,0.7,0.4,0.5,0.8,0.4,0.3,0.6,0.7,0.5,0.7,0.9,0.7,0.4,0.5,0.6,0.9,0.6,0.8,0.8,0.9,0.5,0.7,0.4,,0.2,0.1,0.4,0.3,0.9,1.1,0.8,0.7,,0.4,0.5,,0.4,1,0.5,0.6,0.5,0.4,0.4,0.4,0.6,0.5,0.8,0.8,0.3,0.3,0.4,0.5,0.4,0.3,0.4,0.4,0.9,0.6,0.3,0.3,0.5,0.5,0.1,0.5,0.2,0.4,0.6,0.7,0.9,0.7,1,0.4
20231004,5,CO_24h,0.5,0.5,0.6,0.5,0.6,0.5,0.6,0.6,0.6,0.5,0.6,0.7,,,0.6,,0.5,0.6,0.5,,0.6,,0.5,0.5,,0.8,0.7,,0.9,0.9,0.9,0.9,0.9,0.9,1.2,,0.5,0.5,,0.5,,0.6,0.6,0.7,,0.5,,0.8,0.5,0.7,0.7,0.7,0.5,0.5,,0.9,0.4,,0.3,0.3,0.3,0.5,0.7,0.5,0.9,0.5,0.5,0.4,,0.5,0.5,0.5,0.3,0.3,0.4,,1.3,1,1.1,1.2,1,,,1.2,1.2,1.1,1.2,1.3,,0.6,0.7,,,0.4,0.6,0.4,0.5,,0.6,0.7,,0.6,0.6,0.7,0.6,0.5,,0.6,0.7,0.8,0.7,0.7,0.6,0.7,0.8,0.8,0.7,0.6,0.4,0.5,0.4,0.6,0.4,0.3,,0.5,0.4,0.6,0.6,0.6,0.6,0.6,0.8,0.9,0.8,0.6,1.2,0.5,0.8,0.6,0.6,0.6,0.4,0.6,0.5,,0.4,0.5,0.4,0.6,0.4,0.8,0.2,0.7,0.3,0.4,0.4,0.4,0.6,0.3,,0.6,0.6,0.6,0.6,0.6,0.7,0.2,0.6,0.5,0.5,0.7,0.5,,,,0.4,0.5,,0.5,0.4,0.3,,,,0.3,,0.9,0.6,1,0.8,1,0.8,0.9,0.8,0.6,,,,0.7,0.6,,0.6,0.4,0.5,0.5,0.4,,0.4,0.7,0.5,0.6,0.6,0.6,0.4,0.4,,0.3,,0.5,0.5,,0.5,0.5,,0.4,0.5,0.5,,0.7,0.5,0.6,0.5,0.5,0.5,0.6,,,0.5,0.7,0.5,0.5,0.4,0.5,0.4,,0.5,,,0.4,,0.7,0.5,,0.5,0.4,0.5,0.4,0.4,0.3,,0.5,0.5,0.5,0.5,0.6,0.4,0.5,0.4,0.7,0.5,0.6,0.2,0.7,0.5,0.7,0.6,0.5,0.6,,,0.3,0.3,0.4,0.4,,0.3,0.3,0.7,0.9,0.5,,0.7,0.6,0.5,,0.7,0.4,0.4,0.5,,0.4,0.5,0.4,0.4,0.4,,,0.5,0.7,0.8,0.5,0.5,0.6,0.6,0.7,0.2,0.6,0.5,0.6,0.5,0.6,,0.6,0.6,0.5,0.6,0.5,0.4,0.5,,0.5,0.6,0.4,0.6,0.5,0.6,0.6,0.5,0.6,0.5,0.7,0.3,0.9,0.8,,0.7,0.9,0.9,0.9,0.9,0.7,0.8,0.6,0.8,0.5,1,0.7,0.7,0.7,,0.5,0.6,0.8,0.9,0.7,0.5,0.6,0.7,0.7,0.6,0.6,0.8,,0.8,0.8,0.6,0.5,0.7,0.5,,0.5,0.6,0.6,0.6,,,0.9,0.9,0.8,0.7,0.8,0.9,0.8,0.8,0.6,0.7,0.5,,0.7,0.7,0.8,0.8,0.5,0.8,0.7,0.7,,0.4,0.4,0.4,0.4,0.3,,0.8,1,0.6,0.6,0.9,0.8,0.8,,,0.9,0.9,0.9,0.9,1.2,,0.6,0.6,0.5,0.6,,,0.7,0.9,0.4,0.2,0.4,0.6,0.4,0.2,0.3,0.3,0.3,,0.6,0.5,0.6,0.6,0.5,0.6,0.4,0.3,0.3,0.4,0.3,0.2,0.7,0.7,0.8,0.7,0.7,0.7,0.6,0.7,,0.9,0.2,0.6,0.6,,0.8,,0.8,1,,,,,0.8,,,,0.8,1,0.7,0.7,0.9,0.6,0.7,,0.4,0.5,0.6,0.5,0.4,0.7,0.7,0.7,0.6,0.6,0.7,,0.4,0.8,0.5,0.8,,0.8,0.7,0.9,0.6,0.7,0.6,0.7,0.8,0.7,,0.7,0.8,0.6,0.8,0.7,0.7,0.7,0.5,0.5,0.5,0.6,0.6,0.8,0.8,0.6,0.6,0.5,,,0.7,,0.3,0.4,0.7,0.5,0.6,,0.5,0.5,,,0.6,0.7,0.9,0.6,,0.4,0.5,1.7,,0.4,0.5,0.5,0.6,0.6,0.6,0.3,0.6,0.4,0.3,,,,,,,0.3,,0.5,0.3,0.5,0.3,0.9,0.6,0.6,0.3,0.3,0.5,,0.5,,,0.8,,0.8,0.8,0.6,0.7,0.8,0.6,0.5,0.8,,0.7,0.8,0.7,0.6,0.7,0.5,0.6,0.7,0.6,0.6,0.8,0.9,0.8,0.7,0.7,0.7,0.9,0.8,0.9,0.8,,0.6,0.7,0.7,,0.5,0.6,,0.8,0.9,1,0.8,0.9,,0.7,0.7,,,0.5,0.3,,,,0.7,0.6,0.8,0.9,1,1.4,,1,0.9,,1.2,1.3,,1.4,,1.1,0.8,1,,0.9,0.7,0.3,0.4,0.4,,0.7,0.8,0.8,1,0.8,0.7,,0.6,0.8,0.8,0.7,0.6,0.5,0.6,1.1,2.1,0.6,0.5,0.7,0.7,0.8,0.8,1,0.7,0.6,0.5,0.6,0.6,0.6,,0.4,0.5,0.3,,0.2,0.5,0.5,0.5,0.6,0.5,0.5,0.5,0.4,0.3,0.4,0.5,0.7,0.6,,0.5,0.8,0.7,,0.7,0.6,0.6,0.8,0.6,,0.6,0.8,0.9,,0.7,,1,0.7,0.5,0.7,,1,0.8,,,,0.6,,0.5,,0.8,,,,0.5,0.6,0.5,0.7,0.5,,,,0.7,0.7,0.7,0.6,0.8,0.7,,0.7,0.6,0.7,0.5,0.5,0.6,,0.6,,,0.4,0.6,0.5,0.6,0.7,0.7,0.7,0.8,0.5,0.7,0.6,0.6,0.6,0.5,0.7,0.9,0.8,0.7,0.4,0.3,0.4,0.7,0.7,0.7,0.8,,0.8,0.8,0.9,0.6,,0.6,1,0.6,0.6,0.5,0.7,0.6,0.6,,,,,0.6,0.7,,0.7,0.5,0.5,0.4,0.3,0.3,0.4,0.7,0.7,0.5,0.5,0.8,0.8,0.5,,0.8,0.5,,1,0.7,0.7,,0.5,0.6,,0.7,0.5,0.7,0.8,0.7,0.7,0.8,0.8,0.7,0.8,0.6,0.7,0.6,,,0.7,0.3,1.8,0.9,1.1,0.7,0.2,0.2,,0.4,0.2,0.6,0.3,0.3,,,0.5,,,,,0.6,,,,,,,,,,,,,,,,0.6,,,,,,,,,,,,,,,,,,,,,,,,,,,,,,,,,,,,,,0.8,0.8,0.6,0.8,0.9,0.4,0.4,0.4,0.4,,,,1.2,0.9,1.1,0.9,,,0.6,0.6,0.6,0.7,0.6,0.9,,1,1,0.7,,,0.6,0.7,,0.8,1,0.6,,0.8,,1,0.8,,,0.4,0.4,,,0.5,0.5,0.5,,,0.4,0.5,0.2,0.2,0.6,0.5,0.5,0.6,0.7,0.6,0.9,0.6,0.6,0.7,0.8,1,0.5,0.6,0.5,0.5,0.6,0.5,0.9,0.6,,0.3,1.2,0.6,,0.4,0.5,0.6,0.5,0.5,0.5,0.4,0.5,0.5,0.6,0.5,0.4,,,0.3,0.2,0.2,0.5,0.2,0.4,0.2,0.2,0.2,0.5,0.7,0.2,0.6,0.6,0.5,0.6,0.2,,,0.7,0.4,0.4,,0.4,0.5,,0.2,0.4,0.4,,0.3,0.3,0.5,,0.4,0.2,0.3,0.3,0.3,0.5,0.4,,0.6,0.6,0.5,0.7,0.4,0.7,0.7,0.7,,0.5,0.4,0.5,0.5,0.3,0.3,,0.6,,0.6,,,,0.6,0.4,0.5,0.5,0.5,0.2,,0.6,,0.7,0.6,0.6,0.6,0.6,0.6,0.6,,0.5,0.7,0.8,,,0.7,0.8,0.6,,0.6,0.6,0.7,,,0.5,0.3,0.4,0.3,0.5,0.4,0.9,1.5,0.8,1.2,0.7,0.8,0.6,0.9,1,,,0.5,0.5,0.6,0.7,,1.3,0.9,1.4,1.1,1,0.4,0.8,0.9,0.8,,1.4,1.7,1,0.9,0.8,0.9,1,1,,0.4,0.6,,0.8,0.6,0.6,,0.7,1,0.7,0.4,,0.4,0.4,0.6,,0.5,0.6,0.5,0.5,0.6,,0.6,0.6,0.6,0.5,0.4,0.5,0.4,,0.5,0.4,0.4,0.5,0.5,,1,0.9,0.7,0.9,0.8,0.6,0.7,0.6,0.8,0.7,0.5,0.7,,0.6,0.6,0.4,,0.6,0.7,,0.8,0.9,1,0.8,,0.5,0.5,0.5,1,1.1,0.7,0.8,0.8,0.8,0.9,0.8,0.9,0.6,0.8,0.7,0.7,0.5,0.6,0.8,0.7,0.6,0.8,1.1,1,0.8,0.9,0.8,0.7,0.7,0.8,0.8,0.7,0.7,0.8,0.6,0.7,0.9,0.5,0.8,0.8,0.3,0.7,0.6,0.5,0.9,0.8,0.7,0.7,0.6,0.6,0.6,0.7,0.8,0.7,0.6,0.5,0.6,0.6,0.6,0.5,0.7,0.7,0.7,0.7,0.7,0.4,0.7,0.8,,0.5,0.5,0.5,0.4,0.6,,0.4,0.7,0.4,0.5,0.3,0.6,0.5,0.6,0.5,0.7,0.6,0.6,0.9,0.6,0.5,,,,0.5,0.5,,0.4,,0.5,0.5,0.6,0.6,,0.6,0.5,0.4,,,,,,0.5,0.5,0.5,0.5,0.8,,0.5,,0.4,0.5,0.6,0.7,0.7,0.9,,0.4,0.4,0.5,0.5,,,,,0.2,0.4,0.6,0.6,0.1,0.1,0.6,,0.3,0.6,0.5,0.6,0.5,,0.7,0.6,0.6,0.6,0.4,0.4,0.4,0.5,,0.3,0.5,0.2,0.2,0.5,0.3,0.3,0.2,0.5,,0.5,0.4,,0.5,0.3,,0.3,0.4,0.5,,0.7,,0.3,,0.3,0.2,0.5,0.7,0.5,0.6,0.5,0.7,0.8,0.7,0.7,0.7,0.6,0.4,,1.1,1.2,,0.6,0.6,0.7,,0.3,0.4,0.4,0.5,0.4,0.5,,0.5,0.6,0.3,0.2,,,0.8,0.7,0.4,,0.5,0.5,0.4,0.4,0.6,0.6,0.5,,0.6,,,0.6,0.5,0.6,0.5,0.5,0.5,0.4,0.3,0.6,,0.5,0.2,0.4,0.6,0.6,0.4,0.7,0.7,0.6,,,0.8,0.8,0.5,0.3,,0.4,0.4,0.5,0.5,0.5,0.5,0.9,0.8,0.6,0.5,0.7,0.9,1.1,,0.8,0.6,0.8,0.5,0.5,0.4,0.5,,0.5,,0.6,0.6,0.7,0.6,0.8,1,0.5,0.5,0.2,0.5,0.6,0.5,0.4,0.4,,,0.5,0.6,0.6,0.7,,0.7,0.7,1,0.7,,0.4,0.7,,,0.9,0.4,1,0.3,0.4,0.5,0.6,0.6,0.5,0.3,0.5,0.6,0.8,0.7,1.1,,0.5,0.5,,0.4,0.6,0.4,0.4,0.8,0.4,0.3,0.5,0.3,0.8,0.5,0.5,0.4,0.4,1,0.5,0.2,0.3,1,0.3,0.6,0.4,0.4,0.9,,0.6,0.4,0.5,0.4,,0.4,0.7,1.1,0.6,0.6,0.6,0.6,0.6,0.6,0.7,0.6,0.6,0.7,1.2,0.7,0.5,0.7,1,0.6,0.5,0.7,0.6,0.5,0.4,0.6,0.6,,,0.8,0.4,0.4,0.8,0.4,0.3,0.5,0.5,,0.5,0.6,0.7,0.3,0.8,0.7,0.6,0.7,0.6,,0.6,1,0.6,0.7,1,0.5,0.4,0.5,0.7,0.5,0.4,0.5,0.5,0.6,0.6,0.6,0.4,0.6,0.5,0.8,0.4,0.4,0.7,0.5,0.7,0.6,0.4,0.3,0.4,0.4,0.7,0.8,1,0.8,0.6,1,0.7,0.5,0.9,0.7,0.5,0.7,0.7,0.6,0.8,0.5,0.7,0.9,0.7,,0.3,0.4,0.6,0.5,0.7,0.2,0.4,0.4,0.3,0.6,0.7,0.8,1,0.5,0.7,0.3,0.8,0.9,0.5,0.4,0.6,0.9,0.3,0.8,0.6,0.7,0.7,0.7,0.6,0.5,0.7,0.6,0.4,0.7,,0.6,0.4,0.7,0.6,0.7,0.3,0.5,0.3,0.4,,0.5,0.5,0.4,0.5,0.6,0.5,0.5,,0.8,0.4,0.6,0.8,0.6,0.8,0.7,0.8,0.5,0.7,0.7,0.6,0.9,0.5,0.6,0.4,0.4,0.6,0.8,0.7,1.1,0.6,0.6,0.5,1,0.4,0.7,0.8,0.5,0.6,0.8,0.5,0.8,0.7,0.5,0.5,0.3,0.4,0.6,0.4,0.4,0.7,0.5,0.8,0.5,0.5,0.8,0.7,0.7,0.7,0.9,0.5,0.6,0.7,0.6,0.7,0.5,0.7,0.6,1,0.4,0.7,0.4,0.6,0.6,0.4,0.5,0.4,0.6,0.6,0.5,0.6,0.7,0.6,0.6,0.8,0.5,0.5,0.8,0.7,0.5,1.1,0.4,0.8,0.6,1,1,0.3,0.6,0.7,0.7,0.8,0.6,0.7,0.4,0.4,0.6,0.9,0.5,0.7,0.5,0.4,0.3,0.3,0.8,0.3,,0.5,0.7,0.7,0.5,0.9,0.9,0.6,0.6,0.5,0.8,0.5,0.2,0.8,0.5,0.8,0.6,0.6,0.6,1,0.5,0.6,0.6,0.4,0.4,0.4,0.5,0.5,,0.5,0.7,0.6,0.6,0.7,1.1,0.5,0.5,0.7,0.6,0.5,0.4,0.4,0.4,0.4,0.6,0.5,0.8,0.9,1.2,1.1,0.6,,0.9,0.7,0.4,0.6,0.5,0.4,0.9,0.8,0.7,0.8,0.7,0.7,0.4,0.7,0.8,0.8,1,0.8,0.8,0.6,0.4,0.6,1,0.5,1,0.6,0.8,0.8,0.7,0.7,0.7,0.8,0.6,0.7,0.3,0.7,0.6,0.6,0.6,0.6,1,1.3,0.8,0.8,0.8,0.5,0.8,0.7,0.8,0.9,0.6,0.5,0.4,,0.7,0.4,0.4,0.8,0.5,0.4,0.7,0.5,0.5,0.5,0.8,0.7,0.4,0.6,0.6,0.7,0.7,0.7,0.6,1,0.5,0.6,0.5,,0.3,0.2,0.4,0.3,0.8,1.2,1,0.6,,0.6,0.5,0.1,0.4,0.7,0.5,0.5,0.5,0.8,0.4,0.5,0.7,0.5,0.4,0.5,0.4,0.5,0.5,0.6,0.6,0.5,0.4,0.4,1,0.5,0.4,0.4,0.5,0.6,0.3,0.4,0.3,0.4,0.6,0.5,0.6,0.7,0.8,0.5
20231004,6,AQI,18,12,16,14,20,16,19,47,16,16,15,20,,,54,,45,36,60,,38,,57,100,,60,102,,70,75,89,74,79,94,74,,90,79,,77,,48,39,54,,52,,83,82,75,129,125,93,108,,110,17,,15,20,15,50,35,44,51,32,29,44,,41,72,79,70,64,67,,73,64,66,70,59,,,69,83,59,59,72,,13,11,,,21,21,20,19,,32,24,,18,16,17,20,27,,18,59,55,75,71,74,65,44,73,55,51,20,24,25,16,16,17,,18,20,22,17,15,15,18,17,16,17,15,16,15,15,20,23,25,23,26,23,,26,23,21,24,27,27,29,22,22,22,23,32,20,17,,37,34,23,37,19,30,25,24,21,22,19,52,,,,48,39,,44,51,49,,,,36,,34,21,35,31,31,29,20,19,31,,,,30,30,,38,42,33,45,37,,42,43,36,32,54,38,34,43,,40,,32,40,,31,24,,34,24,26,,25,24,28,31,24,28,27,,,25,25,28,43,30,45,31,,43,,,32,,22,22,,23,26,25,24,27,25,,45,34,29,28,29,36,36,29,41,41,34,34,46,34,39,45,49,44,,,41,35,37,40,,54,57,25,22,22,,31,27,22,,29,48,42,52,,48,58,52,53,31,,,36,31,39,34,46,,51,53,52,53,52,52,51,51,,24,24,22,19,25,23,18,,26,27,18,25,18,29,16,25,20,19,36,26,58,63,,58,68,46,43,51,41,52,33,41,51,44,52,39,45,,70,52,48,55,31,29,35,33,39,42,44,38,,36,48,52,29,37,25,,29,32,23,31,,,44,41,51,49,49,50,58,56,44,46,34,,27,40,26,24,18,52,23,42,,28,31,27,25,8,,26,16,22,22,18,20,16,,,20,16,9,23,13,,14,30,28,27,,,49,23,26,30,25,24,29,27,39,27,25,,13,11,16,12,12,13,14,11,14,13,15,14,22,22,29,23,25,20,22,18,,31,23,22,26,,43,,49,53,,,,,34,,,,47,41,52,65,53,44,34,,25,28,23,26,32,28,41,39,35,38,44,,21,29,24,17,,22,20,20,20,31,38,22,31,24,,31,31,,33,29,24,30,16,16,10,16,19,21,20,40,31,34,,,59,,65,74,74,59,79,,83,80,,,73,72,84,79,,60,64,64,,71,58,65,62,55,36,39,32,35,51,,,,,,,67,,73,48,48,68,39,31,41,39,35,32,,94,,,41,,49,34,44,39,49,48,53,38,,46,79,32,51,47,19,41,34,34,46,37,35,37,,38,29,54,64,36,26,,28,31,34,,37,42,,63,61,67,61,25,,30,12,,,84,,,,,23,23,30,32,64,70,,62,59,,99,105,,114,,78,93,87,,77,72,17,20,17,,24,27,15,40,29,31,,29,18,20,18,21,19,33,28,43,24,19,32,19,26,18,32,19,19,24,26,31,22,,12,14,14,,13,20,23,40,29,29,19,16,15,20,18,33,32,30,,38,33,35,,29,24,18,20,28,,19,26,26,,67,,58,49,54,59,,59,,,,,72,,59,,65,,,,54,40,55,35,47,,,,12,18,22,19,38,47,,23,24,39,23,52,28,,30,,,25,22,19,22,22,45,52,50,55,27,27,,25,38,60,53,32,49,29,21,19,19,17,18,26,,45,48,46,41,,13,26,15,13,35,45,50,43,,,,,57,39,,37,16,19,18,15,20,16,20,35,13,12,18,16,17,,21,27,,30,50,55,,27,32,,34,14,16,20,21,15,25,18,22,39,36,32,38,,,34,31,51,69,68,60,17,17,,18,15,62,61,68,,,52,,,,,44,,,,,,,,,,,,,,,,29,,,,,,,,,,,,,,,,,,,,,,,,,,,,,,,,,,,,,,28,45,45,43,,47,46,55,39,,,,71,57,61,60,,,53,60,58,56,58,63,,78,65,54,,,57,72,,46,51,51,,70,,48,30,,,25,38,,,35,32,24,,,21,20,13,25,46,51,51,24,21,21,20,20,20,19,20,23,15,19,17,16,19,19,17,12,,25,26,23,,23,23,19,20,20,16,18,24,18,20,19,19,,,23,30,25,31,25,30,16,20,21,20,16,20,19,18,23,20,22,,,25,19,18,,16,17,,25,51,46,,25,35,34,,27,32,22,32,24,30,47,,53,51,57,58,55,50,26,29,,28,20,16,30,18,22,,39,,80,,,,26,40,20,32,53,50,,48,,32,27,29,29,27,38,34,,40,29,38,,,33,29,32,,32,46,33,,,23,18,14,30,12,17,23,43,33,28,28,25,42,41,32,,32,30,40,32,32,,57,59,64,72,51,52,50,45,47,,49,50,48,28,33,41,37,32,,49,51,,75,56,65,,65,58,68,54,,62,77,69,,75,51,47,54,55,,36,31,,33,32,,57,,49,45,52,52,43,,50,44,15,23,15,11,32,40,38,38,40,35,,47,42,45,,26,33,,31,12,38,28,,50,48,43,29,19,20,36,,19,40,35,33,28,38,28,23,34,45,52,50,52,20,29,30,35,32,34,38,28,36,35,16,17,20,18,18,21,13,17,18,17,14,16,12,65,,67,60,18,32,17,39,37,32,35,39,35,39,47,43,49,89,44,64,44,40,32,38,,48,36,39,20,22,,22,24,20,20,21,35,30,35,35,32,32,24,27,40,42,,,,19,19,,20,13,,9,10,19,,28,20,20,,,,,,34,29,26,32,10,,23,,9,13,12,14,16,17,,20,28,21,23,,,,,26,19,15,12,29,29,23,,22,22,11,20,22,,22,11,28,15,14,20,20,10,,36,33,33,32,23,25,20,13,24,,20,12,,13,11,,10,11,8,,12,,29,,8,9,15,18,17,15,58,65,59,59,13,20,17,19,,28,28,,16,32,27,,28,35,,34,31,34,,34,33,32,45,,,29,27,13,,26,22,33,29,9,37,52,,53,,,50,32,32,26,44,39,35,26,24,,22,29,28,63,56,61,133,101,102,,,38,29,30,30,,26,28,24,28,12,60,55,55,62,77,47,87,64,,59,25,34,35,24,27,28,,48,,49,79,41,23,23,25,32,20,38,16,23,18,21,12,,,51,48,33,40,,51,33,53,32,,38,22,,,58,32,46,39,52,36,59,53,58,26,35,22,17,19,105,,51,65,,33,39,58,33,27,20,25,92,29,29,22,25,32,54,63,23,48,20,58,27,58,13,77,52,,25,30,23,15,,28,59,16,100,49,55,28,42,31,52,64,44,50,51,23,40,21,69,34,51,25,59,12,15,13,11,,,39,53,77,21,31,32,38,41,,27,44,40,30,48,23,79,70,50,,22,46,40,44,36,18,32,,25,23,23,23,19,20,26,25,29,16,15,68,18,18,57,42,23,35,25,40,38,60,39,45,52,62,70,40,41,42,27,42,26,38,35,54,38,29,30,39,51,11,90,52,76,77,36,29,61,27,46,45,49,69,56,51,65,45,58,50,22,23,21,23,14,18,21,17,13,25,11,15,15,15,11,30,,39,32,26,40,64,53,73,31,57,,85,79,79,67,9,21,18,,18,15,28,38,35,23,24,28,39,55,48,31,56,23,42,34,38,39,53,21,42,53,48,22,21,23,32,31,21,22,52,15,35,29,30,35,22,38,33,,44,53,24,47,30,19,42,42,32,36,55,42,26,34,25,54,23,24,32,79,73,70,60,31,57,58,62,27,25,24,35,54,33,59,63,72,55,65,58,52,62,15,15,28,18,30,40,17,58,56,63,55,36,31,66,49,73,73,64,69,29,58,60,30,31,98,,77,78,84,65,59,72,38,30,20,25,30,59,43,34,63,58,32,42,63,27,22,13,21,30,21,22,23,,24,23,28,,48,17,13,35,16,20,29,42,25,21,27,29,24,20,68,36,85,42,,117,60,78,80,76,90,83,65,89,125,85,74,74,80,79,75,72,48,56,69,40,57,88,54,63,20,23,20,56,28,22,20,18,26,22,17,92,96,11,22,43,90,59,46,43,52,50,27,41,36,32,26,30,,32,52,55,59,23,31,42,36,34,67,83,73,59,53,48,51,33,20,30,33,27,44,27,,14,19,37,76,65,90,67,54,,18,52,21,26,29,22,83,51,20,21,53,71,30,87,76,29,18,15,41,19,16,,42,90,25,19,39,19,26,17,51,10,13,48,89,74,58,22,32
20231004,6,PM2.5,7,7,7,8,9,7,7,28,10,7,5,7,,,34,,25,20,42,,19,,34,75,,39,76,,46,45,66,51,57,70,54,,67,58,,52,,24,19,38,,33,,61,60,55,98,95,60,77,,83,10,,10,14,6,25,14,26,23,22,12,29,,19,52,58,51,40,38,,53,31,42,46,34,,,44,46,30,37,52,,3,3,,,2,2,2,3,,12,11,,12,6,10,7,4,,12,37,30,47,42,54,38,20,36,30,31,14,11,11,8,8,9,,8,9,11,5,7,8,2,7,7,4,6,8,6,4,5,1,7,5,10,6,,4,9,7,6,12,14,14,12,12,11,16,22,14,9,,17,16,10,22,11,21,7,8,2,4,7,36,,,,32,20,,28,33,34,,,,23,,17,12,19,14,19,17,14,12,16,,,,9,12,,26,29,23,31,22,,27,30,25,22,38,26,14,30,,28,,22,28,,13,10,,16,15,18,,17,15,17,11,7,7,5,,,5,6,6,21,14,16,21,,22,,,19,,10,10,,11,7,12,8,5,6,,22,18,16,14,18,18,14,18,22,22,17,17,24,19,16,31,34,28,,,21,18,16,21,,27,26,17,14,5,,14,17,12,,13,29,24,20,,29,27,29,37,17,,,14,17,15,17,17,,30,29,17,32,34,29,28,26,,12,12,15,12,17,16,10,,12,13,12,17,12,20,11,17,12,10,25,10,40,45,,37,47,32,25,35,26,35,23,22,22,22,23,25,22,,51,27,29,20,19,13,20,16,25,29,29,22,,17,24,36,20,25,17,,19,16,11,16,,,22,20,24,33,34,30,38,32,25,32,22,,16,16,18,16,12,27,16,22,,14,12,13,13,5,,10,11,15,9,12,9,9,,,5,9,5,16,7,,7,21,19,13,,,33,2,14,21,17,12,14,12,24,17,12,,4,4,3,8,7,7,5,5,5,6,5,5,11,14,20,14,17,14,14,12,,15,13,14,15,,24,,34,37,,,,,18,,,,31,28,20,32,16,24,14,,9,18,16,18,14,19,18,22,17,18,21,,14,14,13,9,,2,2,3,2,5,19,11,14,7,,9,12,,9,7,9,10,6,8,6,2,5,6,4,19,16,16,,,42,,42,48,54,42,56,,61,59,,,53,52,62,58,,40,46,39,,51,41,41,44,39,24,20,22,17,19,,,,,,,41,,53,30,26,40,23,15,25,15,15,12,,70,,,20,,34,22,20,26,24,21,25,26,,15,58,16,17,26,13,24,17,14,27,22,20,23,26,26,20,38,46,25,16,,18,16,22,,16,29,,32,34,34,24,17,,16,8,,,62,62,,,,3,13,3,7,46,51,,44,31,,74,79,,86,,48,50,47,,56,52,3,2,7,,4,9,6,15,9,9,,4,8,6,6,7,6,18,12,22,16,13,22,3,18,9,22,3,7,13,16,14,11,,7,8,2,,8,11,16,28,13,20,10,6,7,6,12,18,17,18,,26,23,20,,20,13,12,10,19,,9,18,5,,48,,41,34,38,42,,42,,,,,52,,37,,46,,,,31,28,34,21,26,,,,5,12,2,5,26,24,,14,14,27,16,36,18,,18,,,12,12,13,6,4,31,35,35,39,6,5,14,10,26,43,27,22,34,16,9,7,7,8,12,18,,31,33,32,27,,2,10,6,7,17,25,35,19,,,,,23,23,,18,6,11,7,1,7,9,14,24,5,7,11,6,10,,10,16,,21,26,25,,16,14,,17,9,11,14,12,10,17,11,15,27,25,22,19,,,8,14,1,12,16,6,8,11,,9,2,20,21,24,,,22,,,,,19,,,,,,,,,,,,,,,,17,,,,,,,,,,,,,,,,,,,,,,,,,,,,,,,,,,,,,,14,31,24,23,21,26,29,24,25,,,,29,27,39,34,,,19,20,24,15,26,41,,57,47,33,,,37,52,,18,34,21,,24,,18,9,,,2,26,,,18,15,11,,,13,7,3,4,32,28,26,7,3,7,3,2,14,13,14,16,5,5,8,7,6,5,8,6,,7,9,11,,6,3,4,5,6,6,8,3,9,14,10,8,,,8,21,17,15,17,12,9,8,11,11,10,10,12,12,12,14,11,,,7,6,6,6,3,3,,17,16,15,,17,24,15,,14,17,8,18,14,17,30,,28,29,16,26,39,17,18,20,,19,4,3,17,10,14,,26,,59,,,,13,10,14,16,37,35,,33,,17,18,18,15,16,26,17,,24,20,26,,,23,20,22,,22,22,20,,,16,12,6,21,7,4,16,30,21,19,19,17,24,20,22,,8,16,20,21,22,,38,42,46,52,34,32,32,30,28,,27,29,32,17,23,27,25,22,26,34,33,,55,38,47,,47,41,43,38,,43,56,50,,55,29,30,37,39,,24,21,,23,22,,28,,29,31,36,12,17,,28,12,7,16,10,2,18,22,26,26,12,16,,27,29,30,,18,23,,20,8,22,19,,35,33,30,12,4,14,15,,13,28,24,23,19,25,19,16,7,31,33,35,27,12,20,21,24,22,18,23,19,21,24,6,2,7,6,5,9,6,6,12,10,,5,2,40,37,48,40,12,13,10,19,20,17,15,25,24,19,21,22,21,66,30,46,19,28,22,23,,22,21,21,8,9,,,12,6,9,6,24,21,24,24,22,22,16,15,22,29,,,,10,12,,10,6,,,5,,,19,14,13,,,,,,22,18,18,22,7,,12,,3,9,6,9,11,8,,14,19,9,6,,,,,8,7,10,6,15,9,16,,7,15,5,14,15,,15,5,9,6,4,13,14,7,,25,23,23,19,13,17,8,9,12,,11,7,,9,6,,,2,,,6,,3,,,4,8,4,4,6,41,38,33,39,8,13,10,6,,15,18,,11,20,7,,19,22,,19,14,19,,20,23,18,31,,,15,12,7,,10,4,23,20,3,13,18,,22,,,24,20,22,18,11,9,17,18,14,,15,14,17,21,30,25,50,52,56,,,22,20,21,6,,,19,8,15,4,28,39,39,44,56,28,64,44,,29,11,22,24,6,14,18,,30,,34,58,24,16,10,8,14,5,14,5,11,12,9,3,,,32,33,18,21,,16,21,36,22,,26,12,,,34,11,11,27,36,25,34,31,41,18,24,11,4,13,79,,32,47,,20,24,41,23,12,6,17,68,20,18,6,17,19,31,43,15,33,9,41,17,39,4,56,26,,17,21,16,3,,2,31,11,75,34,39,18,24,18,28,40,27,26,24,15,28,12,50,14,31,17,36,8,8,4,4,,,27,22,56,11,21,4,22,25,,8,27,24,21,26,16,58,51,33,,14,32,28,23,25,6,13,,6,1,9,8,10,8,5,7,18,10,3,5,5,4,40,29,8,24,5,26,26,42,24,31,33,44,43,22,23,20,8,24,15,22,24,38,26,12,17,27,25,4,67,29,51,56,17,10,39,14,31,28,34,50,36,35,47,31,41,35,9,12,3,7,9,12,10,9,9,17,5,6,9,10,7,19,,27,22,18,16,46,34,53,17,40,,63,58,57,48,6,6,12,,12,6,18,26,24,16,10,19,23,39,20,20,32,14,22,16,19,26,31,12,29,35,31,11,3,15,22,15,10,8,28,8,19,13,21,24,3,26,23,22,24,13,9,20,10,10,29,19,22,23,3,19,14,19,17,38,16,9,19,57,53,48,43,16,37,41,26,11,16,15,24,38,20,36,35,52,34,44,41,36,34,10,2,11,12,21,28,2,41,37,45,39,22,16,34,27,41,53,46,37,14,41,39,10,19,73,,56,57,61,47,15,18,26,11,14,12,13,32,30,13,45,41,15,20,45,17,14,5,12,16,7,11,9,,5,5,9,,33,6,8,14,10,14,20,25,16,14,7,13,11,8,49,18,63,19,,88,27,57,59,49,67,47,40,66,95,63,43,54,57,53,48,50,24,31,49,28,40,65,33,45,14,16,14,34,14,11,9,12,14,1,,41,54,4,7,22,56,27,2,22,22,35,9,23,22,11,12,21,,22,29,35,42,16,20,23,17,14,48,61,53,42,28,28,26,19,14,10,23,14,22,10,,2,2,20,13,47,67,48,36,,6,27,2,10,8,12,61,29,2,6,32,43,21,61,55,15,5,6,25,2,3,,22,67,17,7,27,11,7,8,23,5,,33,66,54,36,9,10
20231004,6,PM2.5_24h,34,25,30,28,29,32,25,40,35,23,27,26,,,37,,35,32,37,,32,,28,31,,27,46,,37,45,51,43,45,55,34,,36,31,,30,,20,31,33,,38,,40,37,35,76,66,58,56,,64,8,,13,18,17,18,17,24,24,23,29,38,,29,31,31,35,26,25,,35,30,38,35,43,,,69,65,39,50,38,,22,23,,,20,22,20,23,,16,15,,18,13,17,16,16,,18,35,32,34,32,35,32,28,29,29,24,17,17,13,12,10,10,,11,13,15,16,16,15,13,17,17,18,19,20,14,15,14,8,11,8,11,8,,8,9,7,8,8,12,12,9,9,10,12,13,10,12,,11,12,11,12,12,12,6,11,7,8,6,21,,,,26,21,,23,24,23,,,,15,,9,9,13,10,12,13,12,12,18,,,,14,16,,14,17,17,15,13,,14,21,20,17,21,20,16,20,,16,,21,22,,16,19,,21,21,19,,19,18,22,20,11,12,9,,,14,11,11,18,17,15,17,,15,,,17,,9,12,,12,13,17,6,8,8,,24,23,27,23,25,22,19,15,19,17,15,9,21,18,15,20,17,21,,,14,13,15,12,,19,18,22,22,16,,26,21,14,,20,20,19,18,,19,20,19,26,18,,,11,12,10,13,14,15,22,20,16,20,24,22,21,20,,7,8,11,7,13,11,10,,10,10,7,10,8,9,11,9,8,6,8,6,34,38,,37,39,35,29,34,23,32,28,21,22,20,22,19,27,,19,16,19,24,18,14,21,15,27,31,29,24,,22,29,32,24,23,23,,22,22,20,19,,,28,24,25,28,27,26,27,20,26,25,24,,18,18,20,19,18,18,19,21,,11,11,11,12,5,,17,10,16,18,10,11,18,,,13,21,13,15,18,,25,21,22,26,,,25,14,11,19,15,18,13,16,24,17,12,,7,9,8,10,6,8,9,7,7,6,6,5,13,12,14,11,13,14,14,10,,15,14,10,14,,34,,37,36,,,,,28,,,,43,44,25,30,27,26,25,,20,9,8,6,8,13,10,12,13,9,15,,15,11,8,16,,20,18,18,17,16,17,14,18,14,,24,18,13,16,14,14,15,15,14,13,16,20,16,16,14,17,19,,,29,,27,30,30,27,30,,26,35,,,37,43,32,41,,29,33,40,,43,32,31,32,34,13,14,13,11,16,,,,,,,25,,39,31,21,32,18,14,17,10,7,11,,35,,,26,,29,26,26,24,21,20,26,21,,11,18,13,13,16,13,20,18,12,25,24,23,26,19,23,17,34,34,25,13,,14,18,21,,25,29,,25,27,24,25,22,,24,8,,,36,34,,,,19,21,18,18,29,36,,30,25,,47,53,,58,,36,39,40,,38,39,9,11,11,,21,17,21,21,20,17,,13,18,18,14,19,17,14,19,28,15,11,15,21,23,18,22,17,12,13,16,15,14,,15,13,6,,10,17,21,24,17,18,22,10,14,16,16,15,14,12,,15,13,12,,12,14,15,15,18,,14,17,10,,33,,33,28,26,32,,32,23,,,,30,,22,,27,,,,33,29,23,26,25,,,,4,7,3,6,20,20,,13,10,18,9,19,10,,12,,,5,7,9,5,3,28,25,29,30,12,9,14,17,23,34,25,21,24,19,10,10,19,22,21,24,,30,32,30,25,,8,10,8,9,19,28,29,21,,,,,25,25,,22,7,18,8,10,9,16,14,18,16,16,12,7,10,,14,14,,32,33,22,,12,16,,19,10,10,19,15,18,22,14,20,24,25,21,24,,,8,14,30,32,18,17,5,11,,18,7,23,22,29,,,24,,,,,14,,,,,,,,,,,,,,,,10,,,,,,,,,,,,,,,,,,,,,,,,,,,,,,,,,,,,,,10,25,23,21,20,24,27,25,25,,,,21,21,24,22,,,25,24,29,25,28,50,,54,54,30,,,29,39,,36,40,19,,23,,23,20,,,10,23,,,23,20,18,,,21,20,4,3,17,15,17,15,14,15,14,9,17,18,17,19,14,12,14,15,13,16,15,13,,14,18,14,,9,10,11,12,18,16,16,13,13,14,12,13,,,12,17,13,14,13,10,9,10,12,11,9,11,14,14,12,12,7,,,8,11,9,19,8,9,,15,10,9,,11,17,12,,17,18,11,18,16,17,23,,14,18,13,18,21,11,16,17,,19,11,11,13,10,13,,23,,35,,,,6,6,11,10,24,17,,19,,17,17,18,13,12,13,16,,22,22,22,,,17,21,19,,20,20,17,,,13,14,19,23,21,12,20,39,29,32,28,33,38,37,41,,13,26,28,29,29,,32,33,33,32,38,37,35,35,41,,43,47,44,28,32,31,31,29,22,29,24,,38,31,36,,31,27,32,27,,30,33,28,,35,26,28,32,32,,24,22,11,24,24,26,29,,32,33,39,12,16,,17,11,4,15,6,7,17,22,35,27,7,9,,29,23,25,,14,12,,14,9,18,19,,26,20,23,10,6,22,21,,20,28,25,32,27,25,30,31,7,18,19,18,17,32,51,50,54,58,46,48,46,46,52,5,8,12,10,9,7,11,16,11,12,4,6,7,33,33,35,27,12,15,10,16,18,16,21,22,21,16,19,26,25,45,34,23,18,30,19,22,,22,19,18,7,7,,4,12,7,10,5,17,13,18,17,25,22,15,20,15,21,,,,12,10,,10,8,2,4,6,4,,13,11,10,,,,,,12,12,14,14,13,,10,,5,9,9,12,11,9,,18,19,12,15,,,,,6,6,16,16,11,11,21,,8,10,7,13,14,,18,5,9,14,11,14,10,9,,17,21,15,16,11,13,9,9,12,,13,10,,9,7,,2,4,4,,15,,4,,1,4,6,5,5,7,20,23,21,20,9,12,11,8,,28,27,,14,14,17,,25,20,,23,18,22,,18,22,21,25,,,20,15,14,,15,11,18,15,6,14,27,,29,,,32,16,15,10,10,16,18,23,9,,17,15,15,22,27,35,45,52,64,,,25,23,24,12,,6,20,20,17,10,20,28,38,31,31,31,53,65,,24,12,15,16,12,16,15,,24,,29,35,24,17,10,10,17,8,8,15,16,10,13,5,,,32,22,14,31,,28,34,58,16,,19,9,,,16,15,12,15,24,19,21,11,20,15,20,19,13,17,54,,35,36,,21,24,35,32,13,16,18,36,14,23,9,21,14,31,30,17,21,19,31,15,30,5,34,26,,21,23,20,11,,17,28,14,42,19,22,11,13,12,25,25,21,14,45,13,17,14,34,17,31,17,35,7,8,7,6,,,34,16,30,15,20,4,21,15,,18,28,35,18,35,14,31,29,15,,15,32,28,33,30,5,19,9,5,8,10,8,10,11,8,6,18,19,16,12,14,8,22,25,13,15,6,13,15,14,23,30,40,38,35,25,28,18,24,24,17,28,25,29,28,13,21,31,25,10,40,35,32,44,13,12,19,11,22,15,18,37,32,32,31,30,30,28,7,14,8,6,9,20,19,9,17,21,10,12,11,11,12,23,,25,31,22,13,33,27,35,11,32,,27,31,34,31,7,9,11,,27,9,16,24,21,23,14,19,21,34,17,20,35,12,18,14,14,19,27,19,36,30,39,31,17,17,11,12,12,12,17,8,14,16,15,11,8,17,15,12,14,21,25,28,20,15,20,25,23,22,14,19,17,14,20,21,14,19,19,47,36,33,30,27,36,29,21,12,14,13,20,23,20,20,20,34,25,33,33,27,26,10,13,9,9,17,10,10,27,27,26,31,22,28,25,16,25,35,33,22,23,31,34,6,14,37,,31,41,42,30,28,28,16,23,12,16,12,18,23,12,27,24,21,23,24,17,24,22,11,14,9,9,10,,8,10,4,17,28,9,8,10,11,24,19,17,14,15,10,21,18,19,37,29,43,22,,62,29,29,42,30,32,38,29,63,73,64,45,53,50,49,43,37,18,23,24,17,24,42,24,34,16,12,21,23,15,14,11,18,15,6,9,58,82,8,6,70,41,20,19,24,20,32,20,27,26,15,12,21,,15,22,27,33,15,22,23,13,13,35,38,41,29,30,31,27,20,12,7,17,18,14,20,,6,7,10,25,34,56,34,28,,22,30,22,27,17,11,37,21,19,10,23,33,27,28,36,17,31,22,34,22,20,,16,42,18,14,26,14,10,18,16,6,1,27,36,27,34,19,18
20231004,6,PM10,13,12,14,14,20,13,16,47,16,16,12,14,,,57,,45,36,70,,38,,63,122,,69,128,,90,99,92,97,107,111,85,,117,108,,103,,48,39,50,,54,,74,66,86,132,118,135,165,,122,17,,9,12,15,50,35,44,51,32,29,44,,41,91,71,82,78,83,,95,78,82,90,68,,,87,116,67,68,80,,9,7,,,5,11,8,7,,32,24,,18,16,12,20,27,,13,67,59,99,92,64,80,41,96,60,52,17,24,25,16,16,17,,18,20,22,7,3,6,18,7,11,9,6,10,,,20,16,15,14,15,18,,14,23,18,18,27,27,29,22,22,22,23,26,19,15,,37,34,23,37,19,30,13,12,16,19,13,53,,,,48,39,,44,51,39,,,,36,,34,21,35,31,31,29,19,19,31,,,,30,30,,36,33,29,36,37,,42,31,34,29,49,36,34,31,,34,,31,38,,31,24,,34,24,24,,23,24,28,31,15,20,24,,,20,17,18,43,30,45,31,,43,,,32,,21,22,,19,23,23,18,21,18,,45,34,29,28,29,36,36,29,41,41,34,34,46,34,39,39,39,44,,,41,35,37,40,,58,63,25,22,17,,31,27,17,,29,48,42,54,,48,66,54,56,24,,,36,31,39,34,46,,52,56,54,56,54,54,51,52,,24,24,18,19,20,21,18,,26,27,14,23,12,23,13,14,20,19,35,26,65,68,,65,86,40,43,52,41,53,33,41,52,44,54,39,45,,57,53,48,60,31,29,35,33,39,41,44,38,,36,48,50,25,37,22,,29,32,23,31,,,44,41,51,49,49,50,65,62,44,45,34,,27,40,24,24,13,54,22,42,,28,31,27,25,7,,26,7,10,22,12,20,16,,,20,16,6,16,13,,14,27,28,27,,,49,3,24,17,24,17,29,27,39,22,17,,13,9,16,12,12,13,6,7,6,6,8,6,22,22,27,23,24,20,22,12,,31,23,22,26,,43,,35,36,,,,,34,,,,47,41,54,79,56,44,34,,25,28,22,24,32,27,41,39,35,38,44,,21,29,24,17,,17,6,7,18,31,27,22,31,24,,31,31,31,23,16,19,21,15,15,9,14,7,13,9,40,31,34,,,68,,80,97,85,68,107,,101,105,,,92,78,103,90,,69,75,78,,92,56,80,61,53,36,39,31,29,51,,,,,,,83,,96,48,48,85,39,31,41,19,34,32,,105,,,41,,45,34,44,39,49,48,55,38,,46,62,32,52,47,19,41,34,34,46,37,35,37,26,18,21,34,61,36,26,,28,31,34,,37,30,,75,71,83,72,18,,30,6,,,90,,,,,23,23,30,32,55,44,,50,67,,108,129,,138,,105,136,123,,84,79,5,3,6,,24,27,11,40,29,31,,29,18,20,18,21,19,33,28,43,24,19,20,8,20,7,16,9,19,24,26,31,22,,9,14,14,,9,19,9,16,29,17,19,16,10,20,14,33,32,30,,28,32,35,,19,24,13,17,18,,16,22,2,,48,,58,45,50,44,,56,48,,,,79,,68,,80,,,,58,35,60,35,47,,,,12,12,22,19,38,47,,23,24,25,18,26,28,,30,,,25,22,17,22,10,38,53,47,48,27,27,21,25,37,44,55,32,45,29,21,19,19,17,9,22,,41,46,38,41,,13,26,15,13,35,45,50,43,,,,,63,39,,37,16,19,18,15,20,16,14,18,13,12,18,16,17,,21,27,,30,50,59,,27,32,,34,14,11,13,21,14,18,18,14,31,29,27,38,,,11,17,52,87,86,69,8,17,,15,9,73,71,86,,,54,,,,,44,,,,,,,,,,,,,,,,27,,,,,,,,,,,,,,,,,,,,,,,,,,,,,,,,,,,,,,28,33,45,43,47,47,46,60,39,,,,91,64,72,70,,,56,69,66,61,66,75,,92,72,58,,,63,79,,46,51,51,,89,,48,30,,,25,33,,,35,32,24,,,21,12,7,25,43,52,52,24,9,5,6,7,4,10,13,6,4,8,15,10,11,8,13,8,,25,26,23,,7,12,16,20,20,12,9,24,18,18,19,12,,,11,20,17,31,20,30,7,20,17,18,14,20,18,16,23,17,15,,,12,6,12,10,5,5,,10,52,46,,24,31,34,,27,32,22,32,24,30,47,,56,52,64,66,48,50,19,22,,23,20,16,30,18,22,,39,,66,,,,26,40,18,32,51,44,,48,,32,27,29,26,27,32,34,,40,22,37,,,29,23,16,,32,46,33,,,21,17,14,14,12,17,18,38,33,28,26,19,42,41,30,,32,30,40,32,27,,63,57,73,51,52,54,50,45,47,,49,50,48,28,32,41,37,32,41,47,51,,89,61,64,,67,55,86,45,,74,84,60,,57,51,47,58,54,,36,31,21,30,32,,64,,49,45,37,53,43,,50,44,10,23,13,11,32,40,38,34,40,35,,47,40,45,,25,30,,31,12,38,28,,50,43,36,29,19,19,36,18,19,37,33,23,16,38,17,22,34,35,54,45,53,20,21,24,25,31,34,38,26,36,32,9,11,20,18,18,21,13,17,18,17,14,16,4,80,102,73,69,9,32,17,39,37,32,35,39,23,39,47,43,49,54,44,54,44,29,24,38,,48,36,39,12,12,,7,24,20,20,21,34,25,27,28,30,25,24,27,40,42,,,,19,19,,20,13,8,7,7,19,,26,19,20,,,,,,34,29,23,30,8,,23,,4,10,12,14,15,17,,20,28,21,23,,,,,14,11,12,10,29,29,21,,14,8,11,17,10,,20,5,28,15,14,20,12,10,,27,32,32,32,23,7,20,10,24,,20,12,,10,11,,2,6,5,,11,,4,,1,6,14,13,9,7,53,79,68,68,13,20,17,19,,23,24,,15,32,12,,28,35,31,34,31,34,,34,27,32,32,,,29,27,10,,11,22,14,19,4,37,54,,56,,,50,32,22,24,44,39,35,22,24,,20,29,28,76,62,71,216,152,154,,,38,28,29,30,,26,24,24,28,6,69,48,54,73,101,47,102,78,,68,25,34,31,19,27,28,,48,,48,91,41,22,23,25,19,20,38,16,23,14,14,5,,,51,48,33,40,,51,33,56,29,,30,22,,,66,32,46,36,42,29,67,56,61,20,35,22,17,15,144,,51,42,,33,39,57,29,24,20,23,105,25,29,22,25,32,57,75,18,34,18,66,27,66,13,90,53,,22,23,19,6,,28,68,15,72,48,53,28,42,31,53,77,44,50,52,23,28,21,61,26,52,18,68,12,15,13,11,,,19,56,100,21,31,5,38,41,,12,44,40,26,48,23,81,55,50,,22,39,28,44,34,18,32,,17,12,19,18,19,19,16,22,29,16,6,85,15,10,44,42,14,29,9,40,29,70,39,41,54,53,90,40,41,42,27,42,26,38,35,56,29,29,30,37,52,4,83,53,101,93,36,29,72,27,46,45,46,76,61,51,62,44,46,42,15,7,9,6,14,14,21,17,13,21,11,15,8,14,5,30,,29,31,22,40,73,56,83,31,58,,85,97,108,78,9,21,14,,8,4,28,32,30,21,24,25,39,48,48,31,61,23,42,34,38,39,55,12,26,56,48,22,14,23,32,31,21,18,54,15,35,29,28,34,12,35,31,44,44,55,24,47,30,19,42,42,30,36,60,42,26,34,25,33,22,24,32,108,72,90,69,31,64,66,73,27,25,24,32,48,33,68,75,56,59,80,42,45,74,10,13,28,7,10,22,8,54,61,58,47,36,31,81,49,95,90,68,87,29,50,70,22,31,112,,97,91,118,79,67,93,34,30,18,25,30,67,42,34,76,50,32,42,73,27,22,8,19,30,21,22,23,,20,23,28,,23,17,13,35,16,20,28,42,25,21,14,29,24,20,82,36,79,42,,116,69,100,96,102,109,116,80,98,170,93,97,96,109,107,100,94,48,62,88,40,46,103,58,55,13,21,17,61,28,22,20,16,26,16,17,134,142,11,9,43,129,67,46,43,53,45,27,41,36,32,16,24,,29,53,59,56,8,31,42,36,34,72,83,91,59,55,48,51,33,16,30,27,27,44,27,,11,,37,101,69,83,63,58,,18,53,6,20,29,22,67,51,11,2,56,92,26,124,101,29,10,15,41,5,5,17,42,82,24,9,33,11,23,14,51,7,3,45,114,83,66,22,32
20231004,6,PM10_24h,57,39,58,50,55,55,51,75,61,47,50,51,,,76,,70,64,76,,66,,69,57,,58,67,,84,96,92,81,88,88,73,,67,68,,58,,65,64,60,,65,,55,61,54,111,98,111,128,,110,32,,37,35,26,46,48,48,62,43,60,64,,63,62,56,64,58,63,,78,84,74,79,81,,,110,122,79,82,82,,40,39,,,43,43,40,43,,44,48,,44,52,44,41,38,,46,72,58,66,60,54,48,56,65,40,29,45,42,46,41,39,28,,40,40,46,30,27,32,38,38,32,38,37,35,27,28,37,23,24,21,22,26,,22,22,22,21,20,20,25,20,21,26,21,21,18,23,,28,30,28,27,25,27,17,18,16,19,14,40,,,,42,38,,41,41,31,,,,25,,23,28,26,22,25,25,21,24,36,,,,37,31,,23,25,22,20,19,,26,25,32,34,32,39,31,23,,20,,35,37,,41,31,,36,32,28,,29,32,37,40,19,31,31,,,31,24,21,35,35,30,38,,33,,,32,,30,30,,28,27,31,18,18,19,,50,42,47,46,43,33,37,34,30,25,24,21,34,24,29,28,26,28,,,38,33,39,38,,41,41,45,39,33,,38,40,18,,42,41,42,41,,42,57,42,52,26,,,30,35,34,29,33,41,46,43,39,39,45,41,46,45,,15,15,14,14,13,15,13,,13,13,15,12,11,12,12,13,15,13,18,13,51,53,,50,70,43,46,54,38,47,36,42,44,40,50,36,52,,35,36,37,58,33,30,33,31,45,49,52,39,,38,54,51,41,44,37,,36,39,35,39,,,47,45,43,47,43,44,54,66,43,40,36,,30,30,32,29,30,35,36,63,,24,24,22,22,13,,26,13,22,34,16,17,29,,,18,42,22,26,28,,38,34,37,41,,,39,24,23,24,26,25,27,28,28,24,18,,15,12,17,17,22,15,12,16,8,12,13,8,28,24,25,22,23,19,28,17,,30,30,22,26,,49,,46,45,,,,,50,,,,72,86,59,63,72,62,61,,50,16,16,14,17,16,24,22,24,23,25,,22,21,19,38,,43,32,35,35,42,32,29,30,33,,44,41,58,31,31,28,30,30,30,36,39,53,39,44,40,38,45,,,61,,53,59,55,44,71,,64,65,,,68,71,64,71,,52,54,84,,76,59,68,53,55,33,30,28,24,38,,,,,,,56,,75,57,46,66,35,34,36,16,25,24,,65,,,39,,36,35,41,46,45,48,50,53,,31,42,26,28,37,23,37,36,30,38,35,36,41,43,40,46,41,46,39,26,,31,28,34,,45,43,,53,51,61,57,30,,44,14,,,74,61,,,,55,52,53,59,42,42,,41,50,,78,77,,87,,75,78,93,,73,56,21,26,23,,39,46,46,54,43,77,,54,47,38,41,38,54,35,41,60,30,28,44,42,65,37,45,40,26,27,32,35,29,,27,18,23,,16,35,35,36,41,37,30,26,17,28,26,18,19,17,,16,20,21,,12,29,23,26,26,,28,26,14,,44,,49,43,37,41,,60,58,,,,58,,53,,47,,,,57,40,42,42,44,,,,12,11,16,12,32,33,,17,16,18,14,16,16,,17,,,15,13,10,12,5,38,45,42,46,23,28,25,28,34,39,43,39,42,31,20,22,27,33,25,32,,43,49,43,39,,21,25,19,14,40,45,51,43,,,,,53,47,,45,8,23,24,19,22,20,18,22,23,22,21,21,16,,27,24,,44,46,49,,26,34,,41,16,15,29,25,28,37,28,32,33,33,31,37,,,24,42,93,62,69,58,17,25,,31,23,79,89,95,,,47,,,,,33,,,,,,,,,,,,,,,,29,,,,,,,,,,,,,,,,,,,,,,,,,,,,,,,,,,,,,,20,36,36,38,39,46,42,50,39,,,,50,56,55,47,,,55,69,57,61,68,100,,109,92,46,,,51,61,,66,65,55,,72,,51,42,,,43,24,,,55,54,31,,,25,27,19,20,39,38,35,49,44,42,51,42,40,43,42,54,42,41,56,44,34,34,40,28,,52,42,28,,24,20,34,29,38,31,26,34,27,30,28,30,,,29,22,23,52,13,29,26,25,12,15,17,21,35,28,25,22,11,,,13,29,24,34,16,17,,15,27,28,,19,25,18,,26,24,18,30,24,30,44,,23,29,31,38,27,23,20,19,,19,40,34,26,17,20,,37,,41,,,,16,20,12,23,35,34,,26,,23,20,23,32,36,34,51,,37,29,42,,,29,31,30,,31,37,30,,,31,31,30,33,34,44,29,58,45,48,42,42,67,66,59,,46,48,49,50,50,,48,42,60,45,56,59,56,52,62,,66,67,61,45,53,53,49,49,42,54,50,,55,53,51,,54,43,57,41,,57,61,46,,41,47,45,49,50,,35,32,23,30,44,40,56,,50,46,44,36,34,,31,34,7,30,15,15,34,37,34,33,21,21,,43,38,43,,23,21,,25,13,28,25,,36,28,27,24,16,33,44,33,32,43,39,41,50,41,43,45,21,17,31,24,28,60,59,65,61,71,60,65,58,55,63,10,15,20,21,20,20,17,19,20,20,10,13,13,63,75,76,68,23,30,22,36,44,45,35,42,29,39,48,40,56,60,53,31,33,32,30,37,,41,32,29,17,15,,10,22,20,20,14,23,18,19,20,43,28,29,33,34,30,,,,22,22,,23,18,20,15,18,26,,22,19,18,,,,,,23,22,20,21,23,,15,,8,14,15,19,16,22,,23,26,19,26,,,,,12,14,24,22,22,19,26,,16,11,12,21,15,,23,12,22,13,13,15,11,13,,24,33,24,24,19,13,16,17,25,,22,17,,14,7,,8,11,12,,29,,11,,5,8,14,12,14,12,53,68,63,54,13,23,18,17,,58,46,,21,21,38,,49,44,30,42,47,49,,36,31,36,37,,,44,32,20,,22,32,20,24,6,36,68,,54,,,79,26,18,18,49,55,53,71,18,,43,29,33,82,86,102,154,172,144,,,65,49,58,22,,31,44,48,51,9,45,40,52,62,64,58,87,115,,61,34,25,23,28,36,29,,35,,47,58,38,23,22,20,50,29,22,46,40,21,27,9,,,66,49,31,65,,75,59,97,22,,27,16,,,39,33,35,23,33,33,45,30,40,20,33,33,29,27,94,,64,48,,32,48,48,43,40,27,32,67,20,42,24,43,32,64,50,26,34,41,61,21,57,7,67,40,,24,29,21,30,,40,74,28,44,24,39,18,19,17,57,55,35,40,68,18,23,31,46,35,51,18,68,14,14,16,16,,,37,40,64,21,32,8,32,27,,37,46,65,22,58,30,52,57,29,,42,46,45,48,46,21,42,28,15,23,22,21,25,30,30,21,33,44,28,59,35,31,25,41,24,20,16,23,22,22,34,51,61,51,61,44,52,36,42,44,32,53,45,59,34,31,36,45,52,20,67,72,81,83,20,23,39,18,28,26,23,58,50,40,42,44,39,39,15,21,14,16,16,27,29,23,25,26,18,16,9,19,14,35,,33,35,33,38,61,53,66,26,61,,46,70,73,61,11,15,17,,46,13,21,30,20,30,25,31,37,41,43,39,54,26,37,32,29,30,53,30,53,65,68,62,38,28,19,19,18,25,29,23,31,33,28,24,19,26,18,27,35,61,58,60,48,39,32,53,28,35,47,39,37,28,28,32,28,43,33,92,57,69,83,52,70,59,54,23,19,20,31,36,26,38,53,57,40,56,46,46,49,16,17,19,9,29,25,51,38,38,36,40,38,42,72,32,52,64,63,62,51,49,63,17,32,75,,66,68,83,61,57,69,23,52,21,30,28,44,38,38,56,36,37,43,40,33,33,30,16,26,24,18,21,,23,17,19,22,23,13,14,23,22,37,32,33,30,28,22,61,56,50,60,43,67,54,,91,69,64,74,82,65,84,55,97,131,108,113,119,107,107,101,100,42,45,63,34,34,69,41,49,17,28,24,39,30,27,21,25,28,18,46,188,188,16,12,98,93,52,60,42,46,62,39,42,45,33,21,26,,18,51,45,42,25,32,41,32,36,68,67,70,58,57,78,46,33,18,18,24,32,34,30,,18,15,24,106,50,78,66,45,,45,64,40,49,55,23,54,44,34,26,48,58,39,68,59,30,54,47,61,38,33,22,40,72,38,34,50,43,32,38,34,11,8,43,74,45,67,45,26
20231004,6,SO2,3,1,1,3,3,1,3,3,3,2,3,3,,,8,,4,6,6,,7,,6,8,,10,5,,5,2,1,4,4,4,7,,3,13,,7,,9,8,9,,9,,4,2,7,5,5,5,6,,7,3,,1,1,6,6,5,4,1,1,2,2,,6,10,10,11,6,10,,15,9,9,12,6,,,3,20,8,27,7,,4,5,,,8,6,4,6,,10,9,,8,6,8,8,5,,6,7,12,9,8,8,7,7,13,6,10,5,6,5,5,7,6,,5,6,4,5,6,6,5,2,4,3,6,6,6,6,8,4,8,7,8,8,,4,6,8,5,4,7,10,5,11,8,4,10,6,5,,8,11,10,9,8,11,6,6,6,6,6,14,,,,5,7,,5,6,6,,,,15,,11,7,12,11,8,11,12,8,9,,,,11,10,,8,5,4,11,22,,11,8,10,9,8,7,6,5,,12,,8,7,,9,4,,7,7,8,,9,6,9,7,6,8,5,,,7,9,6,6,4,4,6,,8,,,4,,4,5,,6,4,6,6,5,5,,4,4,3,5,2,6,6,6,6,6,5,5,7,5,5,5,5,5,,,5,3,3,4,,9,4,4,5,7,,9,6,7,,7,6,4,6,,4,3,4,8,5,,,11,10,10,8,11,,6,5,7,7,7,8,6,8,,8,6,6,7,7,7,7,,7,4,4,6,5,4,4,4,3,3,3,6,4,7,,4,5,8,4,4,5,6,5,3,6,9,5,5,6,,2,6,6,8,5,6,6,7,16,8,6,9,,9,5,5,7,6,3,,6,6,4,6,,,5,3,11,6,11,8,4,7,6,7,5,,8,8,12,8,8,17,8,7,,7,7,6,8,6,,5,8,5,6,5,5,6,,,7,6,6,6,5,,1,2,2,2,,,4,6,4,2,3,5,5,7,2,7,4,,6,7,10,7,16,7,6,6,9,8,6,6,7,6,4,6,7,5,3,5,,5,3,5,7,,7,,10,20,,,,,57,,,,12,10,5,3,2,4,6,,11,7,4,6,10,6,5,5,4,5,8,,3,4,5,10,,12,8,10,12,20,113,7,4,6,,6,8,5,9,7,9,5,12,18,6,14,8,8,10,6,6,3,,,8,,11,12,13,5,11,,13,9,,,23,18,21,8,,8,14,16,,7,6,7,7,6,11,4,5,7,2,,,,,,,10,,8,8,7,9,8,5,9,4,7,8,,62,,,14,,13,7,15,12,8,9,12,8,,13,16,14,38,16,5,18,21,21,21,3,7,12,8,6,7,6,9,7,13,,16,9,6,,5,8,,14,9,9,7,6,,8,5,,,23,24,,,,13,7,16,11,8,9,,10,12,,15,14,,13,,25,11,14,,9,15,10,14,11,,3,10,8,37,14,5,,10,5,8,5,6,8,6,12,10,8,8,6,6,13,12,7,8,7,7,8,8,7,,5,3,6,,4,5,5,6,6,5,5,4,4,12,5,9,6,6,,8,10,8,,6,7,8,7,10,,10,8,6,,5,,5,3,2,2,,7,7,,,,5,,5,,9,,,,5,6,5,6,6,,,,6,4,8,6,7,7,,7,6,7,6,4,3,,13,,,4,8,10,3,9,4,12,11,10,6,4,4,5,14,8,9,15,8,19,3,3,4,4,7,7,,6,4,6,7,,8,12,1,5,4,5,14,4,,,,,1,1,,1,3,2,3,2,3,4,4,7,1,2,5,4,4,,2,3,,7,1,6,,7,5,,4,8,5,7,6,6,7,8,5,4,5,2,6,,,13,3,21,55,41,5,9,5,,4,6,11,6,9,,,5,,,,,10,,,,,,,,,,,,,,,,8,,,,,,,,,,,,,,,,,,,,,,,,,,,,,,,,,,,,,,6,2,3,3,4,10,4,9,7,,,,6,5,7,5,,,16,30,25,32,23,8,,8,8,5,,,6,6,,9,8,5,,11,,9,8,,,5,5,,,9,6,8,,,2,3,10,12,15,17,14,2,5,8,5,6,9,7,7,25,7,7,4,15,8,7,8,4,,3,3,7,,7,6,9,8,8,2,6,6,6,6,7,4,,,8,10,8,10,12,10,6,6,4,6,5,6,2,1,4,2,1,,,8,3,3,1,2,6,,6,4,4,,6,5,5,,8,12,7,7,1,7,7,,6,6,7,4,3,6,6,5,,5,4,4,6,8,11,,7,,8,,,,4,9,6,5,11,7,,4,,4,7,4,7,6,7,7,,34,4,24,,,4,4,4,,6,16,5,,,5,3,9,7,10,11,10,23,19,15,21,33,13,10,11,,4,8,55,39,9,,21,17,19,10,4,18,9,14,13,,18,15,23,1,5,2,4,5,,8,4,,8,6,8,,7,7,8,3,,3,3,10,,6,7,2,6,2,,5,4,8,6,5,,8,,6,5,5,4,5,,13,5,9,6,6,6,10,12,7,9,3,5,,10,7,5,,8,6,,8,7,7,6,,6,6,6,10,8,13,14,6,8,9,10,4,5,3,5,8,4,3,5,5,1,3,4,3,5,3,8,7,7,6,6,4,1,4,7,3,3,2,1,3,5,6,6,5,15,9,9,18,6,4,6,13,15,13,6,6,6,12,8,28,15,12,14,8,9,4,7,8,,10,5,3,6,4,,2,5,7,6,8,10,8,6,10,4,13,14,12,7,7,,,,4,7,,7,5,8,8,9,8,,9,6,8,,,,,,5,4,5,8,4,,4,,7,6,10,18,12,26,,5,4,4,5,,,,,1,2,5,4,3,5,5,,3,6,5,10,6,,8,9,5,12,6,5,6,5,,6,7,5,9,7,9,4,5,19,,12,5,,7,7,,9,8,4,,5,,7,,6,7,6,5,6,6,6,11,9,12,7,6,6,5,,32,3,,11,5,3,,8,6,3,4,13,7,,5,6,2,3,,,9,3,3,,7,12,11,11,9,11,11,,12,,,9,8,3,7,7,5,3,4,6,,6,10,7,5,5,6,2,4,4,,,9,10,8,4,,4,7,7,4,9,3,11,5,6,7,5,4,9,,13,6,12,6,7,5,4,,5,,6,9,3,5,9,12,6,10,11,9,6,6,5,5,,,5,7,8,8,,8,12,13,5,,6,8,,,6,6,8,8,8,5,14,9,11,9,10,6,6,7,12,,5,4,,3,7,5,7,2,16,2,49,3,8,3,6,5,5,10,6,6,17,5,2,5,6,6,8,,8,8,7,6,,2,10,6,7,5,7,8,26,6,9,9,6,3,17,7,15,4,10,4,9,8,7,9,8,6,5,,,9,5,7,9,7,6,8,14,,4,6,14,8,11,4,8,8,5,,6,4,13,10,5,5,6,,4,8,9,7,14,6,6,8,3,8,8,9,14,6,10,8,9,10,7,8,10,14,5,5,5,8,6,4,4,6,2,6,8,7,11,8,8,10,5,8,1,2,13,7,6,12,9,6,3,10,7,4,4,4,9,9,9,5,2,2,7,4,7,8,10,6,9,12,19,14,7,9,7,10,9,3,,2,10,8,7,4,6,16,7,6,,12,8,10,24,8,5,4,,10,1,12,13,6,7,4,7,12,4,10,11,8,7,5,7,9,7,12,4,11,6,3,3,7,11,6,6,5,8,15,1,15,7,8,12,7,10,12,7,5,2,3,9,11,6,7,9,7,8,8,6,6,61,5,4,10,6,8,4,7,8,10,4,8,7,4,3,7,6,6,9,6,7,9,9,9,6,9,8,6,16,5,24,6,6,8,2,4,7,4,3,6,6,7,4,8,10,12,13,6,7,9,3,8,13,,20,16,29,12,33,38,9,7,8,3,6,5,2,4,10,4,6,7,8,4,2,5,4,4,3,7,3,,7,3,7,,9,7,8,4,9,6,7,7,6,4,8,17,9,9,6,10,10,11,,6,10,3,1,2,5,7,16,2,6,10,13,8,11,9,11,18,8,15,9,1,5,19,7,10,9,8,5,18,5,3,4,5,4,8,6,9,10,6,4,5,42,3,12,11,7,8,7,8,8,13,8,7,,8,3,3,4,8,6,2,9,9,9,11,16,20,10,8,7,5,6,5,5,8,4,4,,6,9,5,7,6,11,4,5,,3,1,1,1,12,16,9,6,7,12,5,12,6,8,3,3,3,3,3,6,5,8,4,9,10,4,10,5,6,4,4,7,4,7,13,11,15,7,9
20231004,6,SO2_24h,3,2,3,3,3,3,3,3,2,2,3,3,,,10,,6,8,7,,8,,6,7,,8,5,,10,5,7,7,7,10,9,,3,5,,2,,12,12,13,,9,,8,10,12,9,8,8,9,,9,3,,3,3,7,11,11,10,20,9,4,3,,8,8,9,8,4,10,,18,11,10,13,10,,,9,14,10,17,11,,9,8,,,11,10,8,10,,12,21,,10,8,15,12,10,,10,7,11,9,9,9,7,9,11,8,9,6,7,6,6,8,7,,6,7,6,10,7,6,7,4,6,6,8,11,7,6,9,5,9,8,8,8,,4,6,7,5,4,2,4,4,6,4,4,6,2,5,,8,10,9,8,8,10,6,6,7,6,7,8,,,,6,6,,6,7,6,,,,8,,6,7,10,7,6,6,9,7,9,,,,11,11,,3,3,3,6,7,,8,8,8,10,7,8,6,5,,10,,8,7,,8,4,,6,7,9,,9,6,9,7,7,9,5,,,8,8,8,6,5,4,6,,8,,,3,,5,5,,6,4,6,6,5,6,,4,5,3,4,3,6,6,6,5,6,5,5,6,4,4,5,5,5,,,5,4,3,4,,3,3,6,7,7,,9,7,10,,7,6,4,6,,4,5,4,8,5,,,8,7,8,8,8,7,4,4,6,7,6,6,6,8,,8,6,6,8,6,7,6,,7,4,4,6,6,4,4,4,4,3,2,6,4,7,,3,5,8,4,4,5,6,6,3,6,9,6,5,7,,3,6,6,8,6,6,6,7,10,7,6,7,,7,5,6,7,6,3,,6,6,4,5,,,6,4,11,5,6,8,4,6,5,8,5,,6,6,9,6,7,9,7,6,,6,6,5,8,6,,5,8,5,6,5,5,6,,,7,7,7,6,6,,2,2,3,2,,,3,9,5,4,3,6,5,8,4,7,5,,8,7,10,7,16,7,7,7,9,8,7,6,7,6,5,6,7,5,3,5,,5,3,5,7,,4,,8,11,,,,,26,,,,13,20,6,3,4,5,8,,11,7,4,7,9,6,5,5,4,5,7,,4,4,5,18,,25,16,17,17,16,23,6,4,9,,7,7,6,11,8,11,6,9,9,7,14,10,9,12,7,7,4,,,10,,13,13,16,7,10,,13,7,,,11,11,9,11,,8,8,23,,8,6,8,7,9,10,5,5,7,2,,,,,,,11,,8,10,9,10,9,6,10,3,5,7,,21,,,17,,18,9,12,7,7,9,11,9,,8,8,5,7,7,5,10,9,12,9,4,7,8,5,6,7,5,6,5,8,,6,7,7,,6,9,,9,7,6,6,6,,9,5,,,8,8,,,,16,15,19,16,11,11,,14,16,,15,17,,18,,17,13,16,,13,12,10,14,10,,7,10,11,11,12,8,,14,10,11,10,10,12,7,18,30,8,10,7,16,22,15,17,17,8,8,9,10,7,,5,3,6,,4,6,6,7,6,6,6,5,4,10,6,6,5,4,,6,7,5,,5,7,9,7,10,,11,8,11,,5,,2,3,3,2,,13,12,,,,5,,5,,7,,,,9,9,9,9,10,,,,6,4,8,6,5,6,,7,6,8,6,4,3,,7,,,4,7,8,3,9,4,9,8,7,12,5,5,11,11,7,9,9,8,9,3,3,4,7,8,8,,7,5,8,9,,8,13,5,5,6,6,5,6,,,,,4,6,,5,6,2,3,3,3,3,4,7,2,1,6,3,4,,2,3,,8,3,6,,7,5,,5,8,6,8,6,7,8,10,6,5,6,4,6,,,12,7,63,55,25,6,10,5,,8,7,10,7,9,,,6,,,,,8,,,,,,,,,,,,,,,,8,,,,,,,,,,,,,,,,,,,,,,,,,,,,,,,,,,,,,,6,2,3,2,4,8,6,7,8,,,,9,7,9,7,,,14,18,16,18,15,14,,16,15,8,,,6,7,,16,11,3,,6,,15,13,,,6,5,,,8,6,6,,,4,4,10,12,10,11,8,8,11,12,13,10,11,11,11,14,10,10,6,13,12,14,16,6,,6,6,7,,10,7,10,10,8,4,7,8,7,7,8,6,,,7,12,8,12,11,10,6,7,3,13,17,6,2,5,4,3,1,,,8,4,4,2,2,7,,6,5,5,,6,6,4,,6,9,7,8,1,7,7,,5,5,6,2,2,8,6,5,,4,5,5,6,7,6,,6,,7,,,,4,9,6,4,12,6,,4,,4,6,5,7,7,7,7,,10,5,10,,,4,5,5,,6,11,5,,,6,4,6,8,17,10,11,34,29,28,29,27,22,15,19,,9,8,18,18,9,,16,12,15,8,10,14,10,12,17,,18,20,23,4,8,3,5,7,,10,5,,10,8,9,,8,6,8,5,,4,5,6,,5,9,3,7,3,,5,4,7,6,7,9,9,,6,6,6,5,6,,9,6,9,7,6,6,9,9,8,9,4,4,,9,6,6,,7,7,,8,6,8,6,,6,6,6,10,8,14,18,6,8,13,10,7,10,10,7,10,3,2,3,3,2,9,12,11,12,11,9,7,8,7,10,4,1,2,5,2,4,3,2,2,4,6,6,8,12,10,10,10,5,5,6,12,7,8,6,6,5,10,9,28,25,23,31,6,7,5,8,8,,11,6,4,6,3,,2,6,9,8,8,8,7,6,9,5,8,9,10,7,7,,,,4,7,,7,7,11,12,12,9,,9,7,9,,,,,,6,4,5,8,5,,5,,7,6,10,10,10,17,,6,5,6,6,,,,,1,1,5,5,4,5,5,,4,6,5,9,9,,9,10,6,11,7,6,4,4,,6,8,5,9,7,8,4,5,15,,8,4,,9,7,,9,8,4,,6,,7,,6,7,10,6,7,7,8,11,10,12,10,9,8,5,,91,62,,12,9,4,,10,8,4,4,6,11,,5,6,3,3,,,12,7,4,,9,12,12,13,9,10,9,,12,,,10,6,2,6,6,5,4,5,7,,8,8,8,6,6,4,3,5,5,,,11,10,9,4,,4,9,11,3,6,2,12,5,7,6,6,8,16,,6,7,7,4,8,4,4,,4,,9,7,4,6,9,10,14,9,5,10,8,7,5,4,,,7,7,7,8,,7,12,19,4,,6,8,,,6,7,8,8,9,6,8,9,9,7,9,6,6,7,18,,6,5,,3,7,5,6,3,12,4,15,3,12,3,7,5,7,9,8,6,17,9,2,7,7,6,8,,8,8,7,7,,3,13,6,5,5,7,4,9,5,13,8,8,4,22,7,8,5,9,7,9,7,9,8,7,6,5,,,7,5,6,8,7,6,6,7,,5,11,25,6,20,6,8,6,4,,9,7,12,23,52,5,8,10,4,7,8,6,8,5,7,8,3,15,13,16,18,7,6,9,9,8,7,7,8,9,5,5,5,8,6,5,4,6,3,5,8,7,10,7,7,8,5,9,3,3,12,9,8,9,8,2,4,7,6,3,3,9,8,12,9,6,2,2,11,7,11,10,10,6,19,12,16,14,6,8,8,8,10,2,,3,9,9,5,6,7,14,6,8,,14,8,9,14,9,4,6,,8,6,10,10,6,7,5,7,10,13,8,10,19,5,5,5,7,6,14,5,13,8,3,2,17,13,4,5,5,9,9,2,8,8,7,11,6,8,7,6,5,4,4,11,10,9,4,10,6,7,8,6,6,11,6,4,7,7,6,10,7,15,11,5,10,10,5,2,6,4,5,8,5,6,8,10,10,7,11,10,6,35,5,15,7,8,10,7,3,7,5,5,6,6,6,4,11,11,12,11,7,8,9,4,8,8,,12,15,12,9,44,20,6,24,8,3,7,3,3,5,8,5,7,10,8,6,2,6,4,4,2,5,3,,8,4,6,9,8,6,7,4,8,5,7,6,6,4,5,24,13,22,8,13,11,15,,10,11,3,3,2,5,9,12,5,8,13,15,12,14,13,11,16,7,8,8,1,5,14,7,13,8,9,7,12,5,4,4,5,5,8,7,9,11,6,4,10,41,6,27,10,7,8,4,9,9,12,10,8,,6,4,3,2,9,6,5,9,8,10,8,17,10,10,9,7,6,7,5,5,8,4,5,,5,6,5,7,8,14,7,7,,3,3,2,2,15,12,9,7,16,17,6,11,6,7,2,3,2,3,3,10,8,8,4,19,9,6,9,5,7,7,5,7,6,9,11,13,12,8,12
20231004,6,NO2,36,5,17,22,36,19,37,13,8,5,14,39,,,28,,23,21,36,,18,,32,50,,37,38,,62,29,33,52,26,39,20,,53,56,,63,,43,55,25,,15,,45,44,51,61,42,69,70,,74,10,,7,8,8,30,29,37,42,17,42,66,,59,40,39,39,46,49,,14,36,23,16,56,,,61,80,63,69,35,,13,18,,,9,4,8,10,,12,12,,18,10,9,17,19,,6,14,18,12,21,16,15,18,23,18,14,28,30,17,16,16,21,,18,8,14,5,6,9,4,4,19,8,11,9,6,7,10,17,20,26,14,23,,21,25,25,17,22,25,19,22,18,21,19,22,16,17,,27,19,26,33,15,30,14,16,16,16,12,72,,,,50,28,,47,46,47,,,,15,,31,32,30,37,37,33,20,29,18,,,,5,18,,24,17,13,16,16,,19,36,22,21,33,29,10,24,,25,,15,20,,24,19,,28,20,20,,28,20,18,15,15,9,4,,,9,6,6,40,8,31,12,,27,,,36,,13,10,,9,8,11,7,7,6,,17,22,9,12,18,14,13,14,18,19,16,8,11,6,10,22,17,20,,,12,11,10,9,,26,31,11,6,4,,10,6,7,,7,42,28,39,,33,50,39,43,7,,,22,20,26,26,52,,18,20,16,32,25,23,30,19,,15,19,14,17,13,15,12,,14,14,12,5,5,4,6,6,7,6,2,4,65,53,,52,71,30,16,49,14,40,10,17,32,22,25,12,24,,17,29,12,34,7,13,7,12,26,45,33,24,,14,32,26,12,14,10,,11,15,9,11,,,14,18,26,24,20,17,19,21,38,49,14,,11,15,11,13,21,28,18,36,,17,12,12,15,10,,20,12,9,16,13,16,20,,,15,25,18,19,23,,8,9,21,11,,,14,3,3,8,3,4,4,6,4,7,4,,15,6,12,14,11,11,8,17,8,6,7,3,39,14,29,18,25,16,35,11,,20,14,16,27,,15,,18,18,,,,,23,,,,14,11,64,36,56,70,12,,8,9,5,9,5,7,13,13,10,15,12,,6,9,7,17,,12,6,13,13,56,17,26,33,35,,10,11,13,9,10,10,10,19,22,20,16,7,6,11,14,11,13,,,45,,42,49,56,33,30,,37,32,,,36,39,40,61,,36,41,23,,58,55,52,44,26,20,12,11,4,37,,,,,,,43,,34,13,18,48,50,32,66,6,7,16,,80,,,6,,6,9,13,18,16,10,14,9,,32,26,14,12,36,15,16,12,14,22,26,19,24,6,5,5,10,10,14,7,,8,6,9,,8,8,,13,15,18,19,4,,32,13,,,28,24,,,,17,10,16,15,29,32,,23,29,,38,55,,51,,82,74,50,,90,46,16,8,14,,8,10,12,45,16,10,,8,19,11,11,6,9,15,9,40,23,13,14,12,28,10,9,8,13,42,32,19,18,,4,4,6,,4,7,11,6,23,9,6,9,6,6,5,30,25,18,,32,20,30,,15,10,11,11,8,,19,12,2,,23,,30,19,16,16,,23,21,,,,31,,35,,34,,,,47,25,20,28,25,,,,17,20,10,12,16,15,,9,14,10,12,10,3,,13,,,2,8,7,3,2,5,9,7,11,7,4,6,11,12,20,24,22,20,25,5,4,8,9,6,12,,15,15,15,16,,8,22,11,10,13,12,10,10,,,,,10,10,,20,4,12,8,9,9,7,6,4,4,2,4,14,10,,14,20,,17,23,35,,18,22,,31,9,10,16,7,15,22,13,12,25,24,26,28,,,9,4,12,29,29,16,5,11,,4,2,48,30,9,,,31,,,,,22,,,,,,,,,,,,,,,,13,,,,,,,,,,,,,,,,,,,,,,,,,,,,,,,,,,,,,,11,25,11,20,,21,23,17,37,,,,19,22,22,44,,,37,52,55,51,47,32,,46,36,14,,,18,17,,38,40,38,,35,,7,7,,,10,8,,,6,7,7,,,6,5,6,9,13,9,7,12,6,7,2,11,13,10,13,13,8,8,11,8,6,7,10,23,,10,7,6,,7,7,9,11,13,6,13,6,18,23,14,12,,,6,9,13,12,5,8,9,12,5,4,11,4,6,6,6,7,3,,,14,4,4,1,7,4,,3,21,19,,40,27,42,,16,18,19,15,12,21,22,,15,15,28,28,13,13,12,16,,12,5,6,8,14,16,,25,,31,,,,16,14,15,10,33,30,,15,,16,30,20,7,4,9,10,,20,14,18,,,13,14,15,,18,24,16,,,9,5,7,7,9,7,8,18,14,18,14,11,13,13,10,,7,11,11,10,8,,4,3,7,6,14,6,14,26,35,,30,30,33,2,8,7,4,8,12,10,8,,42,25,27,,40,22,30,17,,14,23,31,,24,25,29,24,25,,18,16,18,9,16,,40,,11,10,8,82,5,,29,8,5,10,2,2,21,18,35,34,25,24,,13,10,9,,8,6,,14,3,7,11,,6,13,14,7,6,13,8,6,7,8,11,6,8,10,12,10,5,9,6,5,6,10,13,11,10,11,7,9,9,9,7,4,4,2,5,2,5,6,5,7,3,4,6,10,38,37,33,35,8,16,9,26,20,24,23,16,10,10,8,11,14,19,11,10,11,12,13,20,,24,8,19,5,3,,5,7,9,4,13,8,16,15,21,12,20,18,12,16,23,,,,4,7,,5,12,13,12,20,10,,26,6,7,,,,,,13,7,11,8,4,,2,,11,5,10,9,11,14,,5,2,3,2,,,,,2,3,5,3,4,6,3,,2,6,6,11,11,,6,6,4,12,8,9,13,12,,8,4,8,6,13,7,4,5,12,,5,8,,7,12,,7,6,14,,6,,9,,2,4,6,5,6,13,36,53,52,58,6,10,8,18,,6,7,,9,7,9,,15,11,30,24,15,13,,6,5,10,21,,,11,6,16,,7,10,10,5,17,4,19,,24,,,19,21,11,18,22,26,56,25,8,,15,16,12,5,6,5,38,44,44,,,17,12,13,4,,2,11,16,10,4,38,15,24,47,47,16,34,32,,41,24,20,18,18,21,26,,24,,31,29,15,5,21,24,4,12,32,18,20,5,15,5,,,67,18,22,18,,11,11,12,9,,21,28,,,57,16,27,12,45,24,27,27,59,18,11,23,10,9,52,,34,15,,7,16,18,12,8,16,7,76,12,34,22,6,9,34,28,17,10,11,52,4,43,16,56,8,,4,3,3,4,,9,22,26,29,19,23,12,18,11,18,32,20,16,33,14,31,24,43,7,28,17,40,7,7,10,15,,,17,33,69,12,27,2,17,18,,8,19,11,18,43,7,33,34,17,,15,16,14,8,11,6,9,,7,19,22,21,30,23,15,12,19,12,24,5,5,22,18,37,20,26,6,11,21,29,22,25,40,36,58,41,57,12,32,35,6,18,17,22,18,8,13,13,18,4,52,45,68,22,18,13,23,21,39,19,22,47,23,43,24,16,20,14,6,6,6,12,8,11,9,7,14,18,7,10,5,19,6,24,,15,11,12,28,57,38,55,15,34,,58,52,45,24,14,14,9,,23,10,19,15,6,8,6,23,14,5,26,11,22,20,22,26,23,25,12,5,13,38,9,5,9,12,19,18,15,22,24,10,30,17,18,24,12,11,11,22,18,63,4,46,14,8,27,8,6,7,30,10,13,13,8,12,7,13,11,21,36,19,44,11,26,24,21,8,23,31,24,41,24,34,22,30,24,42,35,17,58,20,5,11,3,14,12,6,32,24,22,17,29,14,91,13,59,38,27,31,10,67,51,10,17,36,,30,43,43,43,28,28,21,14,11,10,15,35,11,9,36,2,17,14,8,10,6,4,1,13,7,5,4,,18,10,22,,14,12,6,12,9,16,19,27,11,26,12,20,13,14,30,19,46,30,,54,39,60,45,34,83,62,36,23,62,29,51,30,57,49,39,52,41,23,42,29,25,50,17,23,13,8,11,25,40,14,22,21,9,10,15,10,15,7,5,36,52,19,7,6,24,8,19,11,19,23,11,9,,25,37,29,29,12,14,13,43,37,44,75,56,21,22,16,36,19,20,18,12,27,29,13,,9,4,6,13,28,21,10,22,,26,31,2,52,18,15,36,41,8,11,10,53,9,64,64,16,4,22,36,10,17,5,32,29,15,8,20,9,8,5,38,4,4,14,81,41,34,12,7
20231004,6,NO2_24h,26,6,27,24,34,28,26,34,19,8,32,29,,,28,,24,30,31,,27,,32,28,,38,26,,38,35,39,32,35,31,18,,29,35,,35,,32,67,29,,22,,31,45,28,45,36,35,53,,71,18,,22,21,15,34,30,32,36,14,25,27,,28,30,23,24,22,30,,23,41,34,29,56,,,55,62,59,66,41,,27,32,,,28,22,21,21,,17,20,,18,13,14,18,21,,7,20,20,19,18,16,21,18,23,20,15,25,18,19,18,16,10,,18,18,20,14,17,17,18,22,25,26,24,24,14,19,24,15,22,25,17,19,,22,15,18,17,20,24,19,22,19,20,20,20,18,18,,19,19,23,29,16,23,19,20,20,18,18,31,,,,26,21,,31,23,25,,,,19,,25,27,27,29,33,27,19,24,30,,,,21,19,,18,19,16,15,14,,19,28,33,31,36,34,14,18,,12,,26,22,,24,20,,23,21,18,,26,18,17,17,18,19,14,,,14,15,14,16,10,15,18,,15,,,26,,19,16,,9,8,9,7,7,7,,21,20,14,16,19,14,15,15,23,19,15,12,15,11,13,29,16,19,,,7,9,8,7,,10,13,14,11,11,,13,10,11,,11,11,24,30,,26,26,31,25,9,,,20,32,22,22,32,30,18,19,18,23,18,20,21,18,,17,17,15,17,14,19,14,,13,14,15,7,6,7,8,10,9,10,5,5,33,24,,33,38,20,28,32,18,34,12,17,17,20,17,20,22,,11,15,12,26,8,9,10,8,17,24,22,14,,11,33,24,13,10,10,,10,13,10,10,,,22,14,20,24,16,15,14,28,23,36,16,,9,10,14,11,13,17,17,27,,8,17,9,8,9,,21,15,16,21,16,22,20,,,19,29,17,19,24,,19,15,20,18,,,21,9,7,14,5,7,6,12,11,8,7,,17,8,12,13,15,14,16,14,12,11,13,6,25,21,25,22,24,18,21,14,,16,24,23,25,,40,,38,43,,,,,20,,,,41,31,54,49,39,46,37,,18,13,9,12,9,10,14,17,12,15,14,,10,12,9,26,,24,20,23,20,42,27,20,24,35,,15,15,15,14,13,15,19,18,17,16,15,20,19,28,11,14,10,,,38,,28,30,32,22,20,,26,24,,,34,43,36,43,,22,26,29,,40,34,30,44,24,16,13,11,7,25,,,,,,,20,,25,21,20,30,34,26,34,10,8,13,,30,,,6,,4,7,9,14,14,12,13,10,,11,11,9,9,15,5,10,9,10,14,17,14,17,7,6,5,17,11,12,6,,7,10,12,,10,10,,9,10,15,13,5,,22,10,,,26,21,,,,28,24,19,27,22,27,,23,22,,24,29,,26,,56,56,43,,54,21,18,23,20,,12,17,16,21,14,15,,19,23,12,12,10,14,12,23,40,13,14,18,19,25,17,17,13,15,16,18,15,14,,13,12,11,,11,23,30,24,19,25,14,15,10,16,17,21,26,11,,18,9,19,,7,14,16,20,11,,19,17,5,,27,,29,27,17,19,,23,20,,,,16,,23,,23,,,,27,17,19,28,16,,,,26,21,13,19,17,16,,9,16,11,13,13,5,,11,,,2,10,14,7,4,5,10,9,12,10,6,6,9,12,18,20,16,19,19,5,4,10,13,15,15,,24,26,26,23,,10,16,13,8,17,17,13,16,,,,,15,14,,12,6,13,10,12,13,11,12,8,7,7,8,9,8,,16,17,,29,34,30,,24,28,,32,12,12,28,18,22,32,24,28,22,29,26,24,,,14,13,33,25,35,26,10,13,,12,10,40,29,16,,,25,,,,,20,,,,,,,,,,,,,,,,14,,,,,,,,,,,,,,,,,,,,,,,,,,,,,,,,,,,,,,15,18,10,18,20,23,16,18,25,,,,21,22,23,30,,,29,35,28,26,33,41,,49,42,14,,,14,19,,44,40,38,,31,,21,18,,,12,11,,,16,14,14,,,10,8,9,12,13,11,7,16,19,14,12,17,16,17,12,17,12,13,17,15,14,15,18,16,,11,11,8,,11,10,12,15,14,9,13,8,16,21,13,19,,,17,15,11,20,9,12,10,15,4,8,13,6,20,18,19,21,4,,,7,19,11,2,10,8,,5,13,16,,18,19,17,,17,14,20,14,13,19,25,,14,18,24,20,15,13,13,16,,13,7,9,9,15,13,,24,,33,,,,16,13,12,11,17,15,,13,,17,28,23,8,5,6,7,,14,18,16,,,10,12,10,,13,16,11,,,11,4,9,9,13,7,8,24,20,24,19,12,16,16,16,,7,7,9,8,9,,6,11,12,9,12,10,12,13,29,,28,24,12,4,12,10,7,10,14,16,13,,26,25,26,,27,20,28,16,,14,19,23,,20,18,23,16,19,,23,17,15,15,13,11,22,,16,11,14,14,10,,17,14,7,20,5,4,23,28,26,25,15,18,,12,11,13,,9,7,,6,5,10,14,,7,11,12,10,15,15,9,10,9,12,12,8,9,11,12,11,6,12,7,8,10,13,13,11,10,13,10,12,11,10,9,4,6,4,6,3,4,9,7,11,6,5,7,11,26,30,25,29,14,12,13,18,19,17,17,12,11,8,6,10,12,16,14,14,14,12,11,18,,14,11,10,6,7,,8,6,13,12,11,11,14,14,19,12,18,17,12,12,24,,,,6,10,,8,14,24,22,25,25,,18,12,9,,,,,,9,9,12,9,10,,5,,8,4,9,6,7,10,,7,3,6,4,,,,,3,4,7,5,5,7,7,,2,6,6,10,10,,9,10,6,10,8,8,6,6,,6,7,6,7,12,9,5,10,10,,7,12,,8,11,,6,7,10,,6,,10,,2,4,8,8,9,11,37,48,54,45,7,14,12,12,,37,27,,10,11,23,,19,16,26,25,18,16,,10,12,13,22,,,18,17,18,,7,13,16,12,9,9,27,,24,,,25,20,13,14,24,24,37,33,8,,27,17,9,12,20,13,34,41,38,,,38,28,32,7,,15,22,27,19,9,19,16,22,45,35,19,33,41,,37,17,18,19,19,25,22,,27,,28,26,22,6,16,15,15,10,21,16,15,7,22,6,,,27,13,15,22,,34,35,34,7,,25,20,,,35,21,37,10,22,22,26,19,26,22,10,25,13,13,31,,25,19,,12,13,16,15,16,9,10,26,7,27,17,9,8,36,20,29,9,17,53,6,42,10,42,13,,5,4,4,11,,20,29,33,19,14,23,11,15,11,23,19,25,16,26,15,29,29,25,9,22,18,31,7,7,13,17,,,38,16,31,17,31,3,14,19,,20,16,15,19,45,8,20,16,14,,17,39,37,22,28,11,17,27,7,18,19,21,24,26,20,13,16,25,21,20,11,17,8,21,25,25,9,11,21,12,11,25,42,29,28,24,31,11,26,16,6,11,16,17,15,10,14,19,11,8,31,24,33,24,14,11,19,16,15,14,16,31,22,19,17,14,19,20,8,9,10,14,14,13,14,7,14,20,11,14,6,26,14,20,,18,16,14,24,43,27,32,9,28,,30,35,38,21,10,8,9,,16,12,22,30,7,12,6,13,12,9,20,12,16,21,15,19,13,14,15,16,16,35,16,15,24,13,17,11,16,32,20,7,33,27,16,16,17,12,11,14,19,56,25,42,26,16,20,9,6,6,22,10,11,7,9,15,7,14,10,23,27,23,42,17,30,48,15,10,20,21,23,31,20,19,16,27,17,20,24,17,23,17,11,15,4,20,19,12,20,19,14,22,21,18,50,12,31,24,22,26,18,31,37,12,24,31,,25,41,50,51,24,35,18,23,14,14,7,18,14,11,14,4,10,12,12,9,8,5,1,10,5,3,3,,15,9,24,13,16,14,7,5,13,20,18,20,8,24,10,27,18,23,21,23,43,24,,44,33,31,40,43,39,35,22,28,49,36,44,35,28,26,32,37,28,15,27,21,22,31,13,24,17,13,16,19,28,20,22,25,12,7,29,22,32,14,11,36,49,20,27,4,17,10,17,18,21,12,23,21,,12,17,31,29,15,16,13,30,32,34,48,39,21,21,24,25,25,26,10,13,23,21,17,,11,9,12,12,14,31,19,13,,16,32,12,27,25,9,21,25,25,25,17,27,12,25,35,18,16,25,31,27,29,5,20,27,15,14,21,17,16,9,19,6,6,22,39,19,35,16,18
20231004,6,O3,30,29,51,23,34,49,13,61,48,44,45,28,,,54,,71,73,56,,81,,63,30,,30,31,,18,50,17,28,57,40,137,,15,35,,24,,81,54,94,,90,,15,18,10,14,18,2,6,,33,39,,46,45,40,24,4,14,7,22,35,11,,27,46,26,35,21,25,,58,28,62,62,9,,,4,2,7,8,5,,40,35,,,67,66,61,58,,54,53,,30,43,54,47,47,,47,138,135,140,126,153,157,140,102,133,151,28,22,35,41,40,19,,37,45,34,53,45,45,46,54,49,52,46,51,46,48,46,73,80,72,83,72,,83,66,65,75,36,38,43,33,44,33,28,42,40,53,,34,47,49,35,55,37,77,75,65,69,60,4,,,,,5,,12,2,4,,,,50,,38,42,43,36,40,46,51,40,56,,,,66,53,,50,48,57,54,60,,53,29,52,54,31,38,64,41,,39,,51,34,,51,38,,44,40,34,,41,54,49,49,75,87,86,,,78,80,88,14,77,47,68,,34,,,35,,68,67,,73,83,77,76,85,79,,62,55,65,63,55,65,82,15,40,30,42,50,39,45,44,29,39,35,,,51,67,61,71,,38,29,56,60,69,,60,63,68,,63,64,61,72,,66,45,77,50,97,,,76,76,78,72,54,,57,54,60,37,44,55,38,50,,52,33,54,47,52,54,54,,52,53,30,36,36,42,34,39,39,37,40,25,6,13,,16,5,35,42,26,28,13,33,35,20,34,35,40,29,,44,27,58,20,51,38,49,45,33,9,22,22,,46,19,6,52,45,33,,44,39,50,46,,,48,17,28,20,23,20,39,32,17,12,49,,33,25,37,32,31,8,23,6,,41,43,40,42,17,,3,8,13,13,7,28,11,,,14,10,8,16,11,,23,38,18,26,,,30,73,83,84,77,75,74,72,75,86,80,,27,34,24,20,27,24,44,33,44,41,46,43,8,26,7,26,16,35,1,26,,15,24,27,8,,58,,41,51,,,,,66,,,,60,56,,3,6,,57,,46,31,41,46,43,34,30,29,32,29,31,,24,39,42,54,,68,62,62,62,20,52,27,16,28,,48,51,47,104,91,76,96,51,51,32,51,60,67,62,78,89,83,,,17,,37,23,14,25,48,,36,37,,,52,60,38,15,,32,43,62,,4,9,6,8,34,73,98,98,110,26,,,,,,,14,,29,63,70,13,6,33,13,124,110,100,,28,,,41,,40,29,35,91,95,97,87,90,,12,21,40,45,5,32,32,44,40,18,3,6,4,66,63,53,36,29,21,45,,37,51,50,,56,68,,69,62,72,62,36,,14,6,,,46,56,,,,42,46,42,47,28,35,,38,37,,3,6,,15,,2,8,13,,3,77,54,61,54,,40,51,47,20,46,50,,49,32,38,23,41,38,49,59,26,53,47,36,60,32,56,67,58,56,14,15,26,40,,38,39,38,,41,62,57,59,39,60,46,40,47,44,46,37,45,38,,24,32,30,,29,60,54,63,60,,59,56,82,,21,,3,16,16,19,,47,40,,,,23,,23,,13,,,,9,20,42,3,4,,,,11,12,10,12,42,31,,40,37,38,36,48,54,,27,,,24,44,48,20,68,58,53,51,54,30,48,,25,26,19,5,18,21,13,35,28,44,43,52,35,,40,42,42,26,,24,6,21,17,10,23,18,24,,,,,30,38,,30,28,18,26,28,25,28,38,38,29,36,39,16,21,,19,9,,3,2,7,,3,3,,3,38,26,17,23,18,15,25,20,5,19,20,10,,,106,98,67,50,51,63,52,53,,56,46,31,41,70,,,69,,,,,84,,,,,,,,,,,,,,,,90,,,,,,,,,,,,,,,,,,,,,,,,,,,,,,,,,,,,,,32,18,23,25,15,40,26,54,20,,,,40,36,36,20,,,23,10,21,21,9,33,,23,31,45,,,32,25,,18,4,,,5,,74,75,,,63,61,,,60,64,56,,,61,64,41,43,87,93,95,60,65,65,64,63,45,43,37,40,47,59,52,50,60,60,54,29,,44,41,46,,72,71,58,61,48,51,55,63,16,27,10,58,,,72,46,38,45,44,61,49,45,67,62,51,56,58,56,58,58,69,,,78,59,56,,50,52,,61,37,41,,9,21,5,,32,30,39,31,29,33,32,,32,34,26,25,37,33,48,48,,58,39,31,23,29,35,,32,,23,,,,26,33,28,15,5,12,,34,,27,25,21,90,82,89,85,,8,15,6,,,19,17,6,,16,2,8,,,51,35,34,32,35,30,18,8,13,11,16,40,46,51,54,,29,27,27,30,30,,64,63,69,67,48,47,43,36,,,3,4,3,46,49,45,43,47,52,61,67,,1,44,41,,32,48,40,57,,54,45,29,,23,18,24,19,26,,48,38,39,53,40,,15,,34,37,39,25,20,,4,27,48,8,10,16,18,28,12,19,12,19,,32,53,36,,48,46,,16,28,27,25,,33,25,22,14,19,29,31,33,36,34,22,22,32,35,26,27,26,40,40,38,42,20,16,22,22,23,49,46,46,40,48,50,52,49,54,46,13,39,38,27,40,26,37,38,1,,7,1,35,9,37,11,13,12,33,32,44,42,22,36,36,12,18,51,53,3,18,8,,3,21,7,62,69,,68,22,23,37,18,36,27,27,26,30,40,50,43,16,26,,,,25,24,,22,19,24,27,18,31,,8,32,15,,,,,,25,38,33,43,,,4,,26,26,25,26,25,28,,49,52,50,57,,,,,81,60,36,37,71,70,26,,68,16,13,36,36,,32,35,16,5,6,6,3,2,,46,52,53,48,2,6,32,23,8,,11,6,,21,19,,32,35,23,,36,,91,,24,26,46,56,54,47,5,3,4,5,35,30,26,8,,89,88,,48,56,84,,53,67,13,15,85,90,,54,58,50,40,,,50,63,41,,83,57,70,43,16,81,55,,41,,,31,21,39,30,63,49,23,35,47,,49,26,32,61,71,79,19,11,14,,,50,56,49,8,,77,52,52,38,37,23,58,38,29,47,59,50,31,,3,33,42,51,74,52,42,,42,,41,40,20,30,5,4,102,31,34,46,30,18,66,37,,,17,40,40,77,,58,59,62,23,,12,22,,,8,55,45,50,4,12,36,42,4,54,39,6,23,13,,,49,43,,41,79,16,30,86,43,64,33,43,3,4,63,73,48,40,72,97,62,5,62,12,25,19,56,,68,69,64,48,,40,101,7,34,13,34,30,26,21,52,33,35,6,5,50,37,26,9,106,24,46,22,27,21,11,8,,,56,11,4,62,45,102,41,40,,86,30,49,34,21,39,21,16,34,,38,71,77,108,102,42,88,,80,71,72,73,60,64,81,80,8,51,46,76,56,56,39,3,73,44,78,60,39,38,12,20,19,19,12,20,22,28,14,25,59,41,35,34,4,39,37,42,54,35,21,49,14,61,42,55,23,44,8,28,29,18,33,8,34,31,24,28,68,72,67,72,6,16,19,19,10,25,22,16,46,22,33,5,,27,35,43,66,7,30,47,83,25,,10,26,28,44,17,21,24,,52,46,22,29,23,39,36,19,14,61,2,46,5,54,45,39,42,38,74,66,58,29,51,48,67,45,40,34,41,70,44,31,54,49,38,32,68,60,62,,36,15,66,37,44,54,24,97,18,28,31,61,40,39,32,40,49,48,40,46,44,56,3,85,69,47,13,33,37,42,46,17,24,31,54,28,42,16,38,46,6,26,46,6,27,23,13,53,14,2,10,17,2,19,8,102,17,46,42,32,84,5,20,96,64,54,,46,30,52,38,41,54,40,44,24,17,62,24,57,86,5,55,23,20,55,17,27,39,67,18,23,22,22,,74,15,19,,49,12,27,18,28,43,34,44,77,50,84,39,28,41,44,43,15,26,,19,15,2,2,55,,5,39,40,4,43,21,35,30,25,21,14,39,29,18,7,34,3,30,13,14,19,18,45,,17,21,17,19,68,50,72,63,26,68,33,4,38,80,26,35,94,44,54,38,18,82,76,,28,6,10,7,70,28,26,56,58,17,5,38,73,38,35,6,3,4,23,26,40,39,73,,42,58,76,73,14,12,46,20,,19,50,67,12,43,6,26,58,62,66,64,1,62,6,11,5,57,19,1,60,49,28,22,37,59,59,52,59,83,52,1,29,41,45,30,22,43,49,94
20231004,6,O3_24h,161,148,165,159,161,174,155,164,157,155,145,152,,,152,,142,142,164,,162,,141,151,,142,139,,183,187,180,181,183,182,172,,155,159,,150,,157,153,154,,150,,160,159,158,187,175,175,169,,191,116,,118,119,122,140,135,144,130,130,154,160,,157,150,145,141,155,144,,168,167,179,168,144,,,162,144,143,143,120,,93,87,,,101,100,105,106,,142,138,,148,140,144,144,143,,142,152,153,156,146,155,174,165,151,149,153,129,133,137,140,142,144,,133,145,137,82,70,75,69,73,71,76,70,73,77,68,72,98,106,99,105,103,,105,113,99,101,80,74,82,63,69,60,70,77,76,82,,90,90,87,92,93,94,103,95,89,100,93,110,,,,115,128,,123,125,120,,,,86,,80,78,78,86,78,85,74,80,67,,,,74,86,,87,83,88,91,93,,93,88,92,96,83,101,98,106,,103,,115,96,,154,108,,138,137,132,,142,126,150,119,136,165,142,,,135,145,159,136,132,136,123,,128,,,93,,98,97,,125,129,125,116,127,122,,166,172,157,156,152,134,140,154,81,74,86,92,84,86,82,72,80,86,,,148,137,142,122,,147,131,98,105,107,,102,110,107,,104,140,133,129,,142,139,142,142,112,,,163,167,162,167,156,105,136,138,144,134,134,144,132,131,,60,62,61,63,63,58,65,,72,71,36,48,47,45,40,45,44,39,45,35,185,205,,198,205,224,167,198,138,200,151,186,180,170,183,115,151,,122,127,115,206,143,125,164,139,214,189,183,195,,181,194,180,196,209,181,,178,173,138,159,,,188,201,188,114,118,133,125,137,160,163,144,,99,112,109,96,90,105,81,94,,69,75,71,68,42,,36,27,54,50,35,56,39,,,28,45,39,34,88,,84,89,86,79,,,89,110,91,90,84,84,77,73,79,92,81,,68,66,70,72,73,70,74,75,69,75,71,71,100,94,106,95,97,91,101,91,,114,113,93,107,,58,,41,51,,,,,148,,,,162,151,119,99,131,132,110,,99,43,52,56,56,46,46,39,44,45,45,,42,48,54,117,,133,117,132,135,119,117,127,122,120,,156,165,163,114,113,110,107,172,170,178,170,154,181,169,169,167,171,,,135,,122,136,125,126,152,,147,148,,,154,165,155,148,,131,134,176,,126,129,125,124,138,142,150,151,151,139,,,,,,,143,,145,133,139,140,137,153,145,134,143,139,,188,,,113,,116,104,140,188,197,182,183,173,,84,66,78,76,92,82,102,109,114,111,102,86,97,131,129,118,69,71,72,93,,105,168,162,,159,169,,129,126,128,133,114,,121,60,,,147,144,,,,118,116,120,112,194,204,,198,212,,140,146,,157,,155,151,158,,156,155,110,103,116,,146,143,146,144,143,140,,150,143,152,144,147,147,131,138,130,143,129,127,155,166,164,150,158,134,133,130,129,136,,63,64,66,,65,80,75,75,78,88,72,77,74,92,82,73,63,72,,73,80,81,,73,80,72,76,74,,87,77,98,,122,,124,118,121,123,,177,170,,,,131,,137,,135,,,,145,142,133,93,93,,,,50,54,63,59,65,71,,55,48,49,53,60,71,,69,,,69,74,71,69,80,87,105,112,100,122,80,82,81,110,94,94,101,99,108,54,57,86,82,96,87,,64,65,62,61,,69,78,74,59,63,84,74,66,,,,,86,84,,87,60,64,60,65,67,61,86,91,96,96,84,81,84,,94,100,,58,74,85,,88,95,,90,69,87,77,84,78,80,84,82,116,112,112,106,,,133,120,164,148,153,161,86,93,,123,82,108,106,111,,,138,,,,,158,,,,,,,,,,,,,,,,131,,,,,,,,,,,,,,,,,,,,,,,,,,,,,,,,,,,,,,44,91,81,88,89,119,120,120,119,,,,133,136,135,134,,,138,125,129,132,131,166,,168,165,105,,,102,122,,147,140,93,,94,,140,146,,,122,67,,,134,131,124,,,91,92,84,86,137,134,126,142,132,133,129,137,151,135,140,149,138,157,139,146,136,139,126,131,,135,137,156,,103,103,104,98,139,131,110,112,106,108,113,75,,,80,73,75,76,80,76,80,68,106,77,72,81,75,68,76,68,89,,,97,75,76,,88,89,,77,99,103,,97,101,105,,94,92,98,92,85,110,115,,51,53,60,56,52,56,78,86,,85,106,101,61,81,80,,96,,96,,,,67,73,72,69,112,111,,67,,63,61,57,132,129,137,133,,88,89,87,,,98,93,108,,113,109,110,,,142,83,98,90,82,90,58,41,42,47,44,104,106,120,109,,126,125,123,128,122,,86,101,101,105,108,111,103,109,79,,82,78,86,100,110,105,107,114,119,144,139,,160,150,153,,144,138,136,127,,141,146,131,,129,149,148,145,144,,127,149,122,134,115,82,117,,114,115,111,50,54,,43,48,67,90,87,100,93,91,95,96,44,47,,99,94,101,,78,79,,53,43,54,54,,91,89,86,36,39,44,63,59,65,65,60,45,58,58,53,52,44,54,50,52,48,93,98,97,96,90,113,88,106,98,84,56,59,49,54,51,42,58,56,53,61,46,62,59,162,167,148,136,76,87,75,108,116,88,117,131,124,123,110,127,122,144,142,101,114,81,88,87,,94,85,92,67,73,,73,76,71,65,72,71,75,69,74,90,90,102,91,105,99,,,,43,44,,39,47,34,40,36,32,,72,76,66,,,,,,82,84,86,86,31,,48,,62,64,68,64,62,69,,96,98,95,98,,,,,81,66,98,97,71,70,75,,81,53,54,72,78,,53,53,47,50,40,39,41,37,,60,56,65,64,77,72,44,62,64,,54,46,,48,60,,58,59,56,,69,,118,,46,44,69,77,79,77,132,122,117,119,52,66,57,99,,89,104,,74,76,112,,127,133,82,84,114,121,,93,91,78,74,,,62,76,58,,90,64,77,60,62,91,147,,143,,,107,67,64,58,124,121,117,110,89,,112,95,93,102,103,104,106,105,102,,,89,87,87,61,,86,116,114,87,77,118,180,205,159,147,146,185,168,,100,137,83,81,148,82,88,,96,,162,154,84,77,64,62,116,81,99,143,140,37,79,61,,,158,161,134,152,,151,156,158,52,,89,89,,,108,77,78,104,124,128,132,120,111,74,98,32,44,69,142,,145,139,,121,172,88,82,105,121,92,191,55,95,95,112,126,146,137,73,159,114,128,67,128,66,146,98,,79,78,75,64,,112,151,24,132,86,100,67,69,70,165,140,103,35,81,63,81,89,140,128,128,82,166,73,43,71,68,,,56,117,151,86,119,118,71,78,,116,150,101,79,147,146,133,160,74,,154,71,77,108,102,81,116,75,107,98,124,104,100,99,97,108,128,125,131,143,126,114,85,127,89,93,105,100,79,91,131,167,187,179,236,215,211,133,185,172,109,168,170,158,104,126,175,189,134,118,144,167,147,147,74,98,109,84,114,64,68,140,147,137,141,116,127,133,80,81,81,84,39,37,42,34,73,50,30,37,53,47,38,75,,84,83,103,152,171,132,201,156,164,,124,154,158,131,66,83,82,,160,62,87,90,52,64,78,93,109,104,108,124,142,96,145,132,134,143,131,87,110,164,142,148,129,124,84,79,71,89,86,82,84,71,80,98,98,124,88,109,122,133,110,116,92,122,159,170,107,115,117,128,146,111,156,159,97,206,151,174,174,162,155,152,166,144,120,76,64,71,97,96,63,138,144,143,139,143,146,144,138,73,96,22,42,71,62,142,85,85,93,81,88,94,144,146,130,159,156,126,140,140,140,140,155,170,,154,156,166,147,140,146,67,161,82,94,125,137,146,167,155,102,118,116,100,90,105,84,80,62,60,57,55,,110,85,63,76,75,30,67,62,65,113,114,140,138,95,119,113,119,129,213,207,167,120,,193,158,154,150,142,156,165,157,177,176,182,199,196,191,188,187,184,146,119,124,118,140,164,138,96,29,60,43,131,113,99,96,111,53,102,120,114,117,72,73,156,153,134,141,109,178,142,214,201,201,123,82,76,,76,118,120,128,84,86,86,155,166,151,153,189,148,139,103,96,89,51,48,51,144,143,174,,72,72,131,102,106,136,168,110,,163,174,147,162,118,71,155,138,116,77,140,142,103,158,152,123,165,154,147,106,100,79,116,168,123,70,108,73,153,147,104,63,59,70,198,124,175,160,94
20231004,6,O3_8h,28,44,36,6,22,34,10,50,67,60,11,20,,,54,,80,73,60,,75,,61,45,,26,41,,30,44,28,50,52,53,129,,25,56,,46,,79,46,85,,76,,29,18,29,27,24,25,15,,35,45,,53,43,50,42,17,22,19,47,38,31,,48,56,52,55,53,41,,50,15,45,45,8,,,14,2,6,4,5,,47,44,,,66,68,64,67,,63,63,,51,62,65,62,61,,65,138,138,137,132,147,143,148,114,122,133,35,40,34,46,49,34,,34,26,25,60,54,52,52,60,57,60,53,58,52,53,54,81,82,75,86,79,,87,85,72,78,30,34,40,26,34,29,31,40,31,50,,45,54,54,44,56,49,73,75,66,65,60,26,,,,34,27,,32,24,31,,,,45,,43,40,44,40,40,48,52,36,52,,,,56,53,,47,47,54,46,53,,48,19,29,33,8,20,52,48,,50,,47,44,,51,47,,48,43,35,,44,55,49,48,81,83,86,,,68,79,82,56,84,76,68,,46,,,40,,68,64,,81,90,85,79,86,80,,74,71,74,71,60,64,79,17,32,35,41,42,38,41,43,27,42,39,,,81,86,78,92,,57,48,51,56,64,,55,59,64,,59,120,70,75,,67,63,96,78,102,,,79,56,91,86,76,,67,68,74,60,62,70,56,67,,55,45,54,55,56,50,54,,58,53,31,41,40,40,36,40,40,35,41,27,37,38,,30,25,55,29,42,29,7,70,45,47,47,51,52,38,,32,28,43,47,60,49,48,58,52,34,41,42,,59,30,19,64,63,49,,54,56,56,56,,,54,30,43,25,22,18,72,44,32,26,56,,40,40,42,39,42,25,26,15,,53,29,43,49,30,,4,10,9,8,7,26,12,,,15,14,15,14,8,,34,41,36,34,,,41,72,82,82,74,74,74,70,73,88,78,,24,38,25,21,25,22,49,48,52,45,54,48,28,20,20,21,23,36,14,16,,33,12,25,17,,18,,22,24,,,,,79,,,,61,47,25,11,40,33,70,,55,30,40,45,42,34,31,28,31,30,31,,25,36,41,57,,65,62,66,55,28,48,42,29,38,,90,95,90,55,66,62,42,67,72,54,60,65,72,71,92,90,86,,,23,,43,27,28,41,72,,60,48,,,42,32,26,22,,40,54,52,,17,22,30,11,38,94,94,109,103,42,,,,,,,43,,28,57,90,31,12,51,35,116,110,114,,69,,,53,,58,43,43,108,113,101,111,108,,38,42,49,51,29,56,43,51,48,28,11,7,8,86,85,74,27,35,28,48,,38,50,50,,85,93,,91,85,86,89,47,,14,8,,,56,66,,,,40,44,53,48,46,52,,50,55,,20,27,,36,,3,16,12,,12,115,57,61,54,,78,80,84,71,70,83,,69,54,71,54,67,60,87,65,60,92,77,68,65,46,61,66,64,65,53,46,48,57,,42,45,45,,44,68,67,65,58,67,47,48,49,53,52,52,48,54,,47,57,34,,32,71,64,70,69,,79,67,90,,38,,10,19,24,28,,46,42,,,,41,,40,,18,,,,42,42,49,2,15,,,,11,7,12,11,43,35,,48,38,42,36,37,54,,33,,,22,45,48,23,75,60,61,58,63,29,52,,33,22,22,6,30,16,10,42,38,41,44,48,39,,47,54,52,41,,25,11,21,27,9,22,22,20,,,,,20,32,,34,32,25,30,30,27,29,38,38,31,37,40,28,32,,7,13,,5,7,13,,3,4,,3,32,21,10,14,10,10,18,12,26,30,35,30,,,103,98,56,62,50,54,73,73,,68,65,6,24,52,,,73,,,,,82,,,,,,,,,,,,,,,,93,,,,,,,,,,,,,,,,,,,,,,,,,,,,,,,,,,,,,,30,28,33,26,20,48,49,56,46,,,,38,34,29,25,,,29,19,34,37,22,40,,24,40,47,,,41,22,,14,5,1,,4,,79,76,,,67,55,,,54,62,62,,,64,66,32,35,79,81,91,63,61,62,62,63,74,66,71,63,56,64,58,54,58,58,53,43,,48,40,56,,87,89,75,80,53,47,61,66,42,51,35,69,,,76,44,39,42,36,57,65,46,80,59,53,58,62,51,66,59,72,,,67,70,65,,57,56,,60,28,28,,19,16,22,,44,43,52,40,20,39,27,,40,42,29,39,43,41,46,48,,54,46,41,30,32,42,,25,,10,,,,28,32,33,19,11,26,,39,,38,30,33,96,95,106,100,,14,16,9,,,18,19,12,,22,3,13,,,64,34,33,33,35,29,24,4,12,8,14,45,48,54,54,,36,33,32,32,31,,57,59,62,68,62,63,57,58,1,,7,5,9,45,50,47,44,47,31,35,43,,19,61,60,,35,52,43,67,,66,58,52,,35,20,34,32,31,,58,51,55,60,50,,28,,43,47,44,27,21,,14,24,55,6,11,16,16,19,28,23,20,26,,48,62,50,,51,50,,30,33,36,37,,31,30,24,19,25,28,29,31,33,30,28,34,46,47,41,41,32,45,45,41,44,28,26,31,29,28,51,52,50,49,53,52,56,47,50,49,15,41,35,30,37,23,35,37,6,,10,3,28,23,32,7,8,14,49,33,49,50,29,40,38,19,24,30,23,7,21,13,,16,16,10,61,71,,70,28,28,36,28,38,40,34,36,36,41,49,43,24,33,,,,24,23,,22,28,29,31,24,27,,29,34,20,,,,,,40,46,44,48,,,5,,34,28,27,34,31,32,,54,57,55,59,,,,,66,63,38,38,62,60,25,,69,18,16,39,36,,35,38,18,6,8,7,16,12,,47,51,57,50,4,9,32,24,10,,14,8,,22,23,,42,42,39,,45,,85,,36,35,46,64,63,61,4,3,3,4,36,23,21,10,,52,55,,48,58,86,,55,69,8,12,94,98,,55,58,61,50,,,42,50,46,,84,57,70,44,26,70,31,,28,,,38,16,49,40,58,56,41,36,46,,63,36,30,73,70,60,9,13,19,,,24,34,26,14,,77,53,56,49,38,36,66,39,24,50,60,55,36,,2,48,35,54,78,54,56,,21,,45,41,36,31,6,8,99,34,39,58,48,18,65,38,,,45,64,46,84,,61,60,53,31,,30,40,,,14,53,41,54,38,28,45,61,22,52,48,11,22,8,16,,46,52,,32,102,32,44,86,58,67,71,49,7,7,59,84,48,48,68,101,57,8,54,15,32,44,36,,65,66,66,48,,47,87,5,56,22,38,34,34,29,50,57,34,10,8,52,26,10,10,103,33,45,24,27,27,12,6,,,22,24,32,76,54,100,46,41,,90,45,51,38,16,59,47,62,40,,43,20,27,88,82,35,91,,89,79,79,78,76,70,80,83,13,52,50,79,60,56,44,22,62,48,70,57,36,48,33,25,31,28,40,35,42,40,35,55,68,58,47,50,7,42,48,52,81,37,37,65,41,51,54,62,35,44,36,36,37,30,45,60,53,42,16,42,63,70,63,71,6,18,19,18,12,28,20,18,46,20,35,28,,34,46,43,78,20,51,68,98,36,,30,38,22,46,19,33,29,,106,48,25,12,27,35,50,34,15,70,4,53,14,56,58,42,67,64,56,62,60,43,54,55,66,59,41,39,50,66,39,37,56,34,42,44,67,72,56,44,49,38,73,59,54,59,22,114,26,43,38,63,56,46,32,35,48,53,43,52,47,58,8,96,58,26,36,29,43,55,40,10,34,63,62,44,56,50,70,62,16,42,54,5,34,22,13,55,26,11,24,20,12,23,27,117,33,53,40,38,77,29,36,92,66,62,,42,35,34,26,52,51,39,31,31,7,79,44,62,86,44,63,41,34,29,22,27,42,67,19,30,32,29,,82,18,24,,49,9,28,26,23,45,54,48,90,53,86,38,29,50,61,39,13,36,,13,14,31,10,23,31,20,78,56,11,50,33,36,48,49,29,31,52,36,41,16,26,12,52,8,13,16,19,50,11,12,12,8,24,87,62,65,49,14,70,40,4,33,83,38,52,106,56,55,50,43,76,70,,49,34,16,15,71,44,27,72,71,24,18,47,76,38,42,13,3,8,31,32,42,43,80,,43,61,82,71,33,13,56,34,,46,44,51,9,48,13,41,76,59,56,42,10,59,46,40,7,73,9,6,62,55,35,40,41,58,64,56,66,83,51,10,34,47,51,40,38,51,93,72
20231004,6,O3_8h_24h,28,51,38,6,22,36,11,51,83,68,11,28,,,61,,83,73,61,,80,,70,63,,26,51,,39,44,32,55,52,55,129,,31,70,,76,,93,48,100,,90,,34,20,37,36,25,43,29,,43,52,,61,43,57,49,33,25,33,74,46,57,,71,60,59,59,65,47,,50,15,56,45,9,,,28,3,13,4,5,,50,45,,,72,73,67,70,,85,77,,77,78,74,81,74,,95,138,139,137,133,147,143,154,118,122,133,49,53,49,56,60,52,,51,46,47,69,60,58,62,66,64,68,62,65,59,59,65,86,93,78,97,94,,91,95,83,83,30,38,51,26,36,40,32,47,31,55,,64,69,61,48,62,65,73,75,66,65,60,45,,,,53,50,,45,43,60,,,,45,,51,48,53,49,49,54,64,36,52,,,,56,53,,47,47,54,46,53,,48,19,29,33,8,20,52,52,,56,,47,63,,56,49,,52,44,43,,44,55,50,48,88,91,86,,,68,80,96,94,101,102,88,,83,,,67,,68,64,,91,94,93,82,91,87,,86,86,82,88,66,65,79,22,32,47,50,45,44,41,50,27,56,48,,,106,103,95,107,,66,53,51,56,64,,55,59,64,,59,135,72,75,,70,69,100,94,107,,,96,97,95,89,110,100,77,76,86,79,75,79,80,82,,58,51,58,57,63,50,60,,68,58,32,42,42,40,36,41,41,35,41,28,58,61,,54,39,73,29,67,47,7,107,70,76,65,62,62,49,,32,36,43,66,67,53,58,71,69,60,64,62,,74,57,56,68,70,67,,63,69,60,69,,,66,52,68,30,35,34,85,49,52,47,62,,50,57,55,49,52,55,30,21,,57,29,44,51,33,,7,10,9,8,9,26,13,,,16,15,17,14,8,,51,42,40,36,,,46,75,82,82,74,74,74,70,73,88,78,,24,41,28,24,25,25,52,55,57,47,58,54,32,20,25,22,25,36,17,16,,44,12,25,21,,18,,22,24,,,,,87,,,,61,47,82,20,73,81,82,,62,30,40,45,42,34,36,30,31,32,33,,27,36,41,59,,72,70,72,55,41,48,55,40,46,,135,148,137,61,69,64,42,99,113,84,66,77,86,85,95,91,88,,,32,,56,28,32,54,86,,76,60,,,42,32,26,28,,48,56,63,,28,48,42,16,42,99,94,116,103,57,,,,,,,73,,34,77,98,59,14,58,52,116,110,116,,124,,,62,,73,59,66,126,130,118,130,124,,56,59,60,55,47,61,59,56,60,38,18,8,10,106,107,98,27,40,31,53,,39,50,59,,116,123,,110,120,113,103,65,,23,8,,,58,69,,,,40,48,73,62,75,60,,70,70,,42,35,,46,,6,30,12,,38,128,69,65,54,,125,118,130,116,111,124,,93,96,96,90,96,79,122,70,85,123,104,96,73,72,68,72,70,76,76,75,61,75,,49,54,53,,53,74,71,69,71,69,50,54,52,59,58,62,52,63,,59,66,62,,40,80,68,74,72,,86,77,94,,54,,12,20,45,40,,56,52,,,,59,,58,,28,,,,62,61,64,2,17,,,,11,7,13,11,43,38,,53,42,45,40,37,55,,37,,,22,46,52,25,76,68,72,70,76,35,61,,38,22,32,7,41,23,14,47,43,41,44,48,40,,54,58,58,52,,28,19,21,32,9,26,28,21,,,,,20,34,,38,33,26,32,30,29,30,39,40,33,39,40,39,44,,7,16,,7,15,28,,3,4,,3,36,21,10,14,10,10,18,13,36,35,40,36,,,103,98,56,68,66,60,86,93,,76,75,6,24,52,,,81,,,,,82,,,,,,,,,,,,,,,,94,,,,,,,,,,,,,,,,,,,,,,,,,,,,,,,,,,,,,,30,30,52,26,23,54,67,60,52,,,,54,35,46,46,,,36,25,52,41,30,42,,24,43,50,,,50,36,,14,5,1,,4,,87,90,,,68,55,,,54,63,65,,,65,68,46,52,83,81,91,64,61,62,62,63,111,92,106,94,70,72,67,60,64,68,60,46,,52,45,78,,97,102,82,94,61,55,67,71,52,59,49,72,,,78,44,39,44,40,68,80,60,101,60,54,59,65,51,69,60,73,,,67,74,68,,62,62,,60,35,51,,34,16,36,,48,64,66,56,20,51,33,,49,52,34,55,49,52,47,52,,54,54,50,33,42,48,,25,,10,,,,36,32,34,22,19,42,,40,,52,41,47,102,103,115,114,,17,17,12,,,24,24,18,,23,4,21,,,88,34,33,33,35,29,28,4,12,8,14,59,55,66,59,,39,37,34,35,34,,59,59,62,77,83,85,80,82,3,,12,7,20,45,53,50,46,50,31,35,43,,58,71,73,,46,60,55,84,,74,71,65,,56,32,51,38,34,,69,70,63,62,62,58,38,,48,54,46,28,28,,27,26,60,6,16,16,20,21,44,27,24,33,,54,66,60,,52,51,,33,35,40,45,,31,36,32,34,36,28,36,33,34,36,31,44,58,55,53,52,33,47,46,43,46,40,39,42,39,37,52,54,52,51,55,56,59,47,50,51,17,43,38,32,45,23,35,39,29,,23,8,29,30,32,15,8,15,60,46,64,66,35,46,44,31,33,30,23,19,27,19,,21,16,12,61,72,,73,31,33,36,33,42,47,42,44,49,50,57,50,26,47,,,,25,26,,23,31,30,32,26,27,,42,35,21,,,,,,54,56,51,54,1,,5,,39,29,30,38,34,34,,62,63,61,63,,,,,66,64,39,38,62,60,26,,69,21,21,40,40,,37,42,18,8,10,8,29,31,,49,53,58,50,8,12,32,25,12,,15,11,,25,28,,46,47,48,,49,,86,,46,44,46,67,71,64,4,3,3,5,36,23,21,15,,52,55,,62,70,87,,81,81,10,12,96,100,,55,58,78,74,,,43,50,50,,84,57,71,48,34,70,31,,45,,,44,16,53,42,58,61,52,43,52,,79,48,30,77,70,60,9,13,20,,,24,34,26,29,,83,53,57,68,38,40,89,68,24,70,72,56,37,,2,66,35,54,80,54,66,,21,,51,58,45,35,8,16,99,36,58,74,76,20,67,38,,,71,86,59,85,,62,60,53,33,,44,46,,,27,53,41,55,72,52,49,97,42,52,68,12,24,8,32,,46,62,,32,131,43,48,86,72,67,118,55,26,10,59,99,49,54,68,104,57,18,54,30,35,64,36,,65,66,67,53,,54,101,5,69,39,50,38,36,31,51,76,51,14,14,54,26,10,25,103,42,48,31,30,34,12,6,,,22,72,40,86,63,102,47,41,,91,62,58,44,19,88,68,98,41,,71,20,27,88,82,36,92,66,95,91,90,88,81,71,82,86,22,57,64,83,62,70,45,45,64,53,70,57,39,50,43,26,44,32,62,45,54,58,41,71,75,67,54,58,10,43,72,68,108,39,40,76,56,62,62,69,45,47,56,38,38,38,67,75,63,55,16,62,63,70,65,71,8,21,22,20,22,31,20,19,48,20,38,45,,41,48,51,96,30,75,110,110,47,,37,50,31,46,22,46,38,,132,52,37,12,28,35,62,50,15,74,5,70,28,58,96,55,80,86,56,62,62,58,75,71,66,65,55,52,56,67,39,39,62,34,61,60,67,92,56,60,52,82,76,84,72,64,22,141,36,50,58,64,69,51,36,35,48,65,46,60,52,60,9,112,69,26,52,29,48,65,40,10,40,77,85,55,64,67,86,69,31,50,60,5,41,22,17,58,39,21,39,33,31,38,81,121,59,57,59,55,77,39,50,94,67,63,,42,36,34,26,57,59,42,31,34,7,90,54,69,86,91,70,46,42,29,23,31,44,71,24,32,40,39,,88,23,31,78,50,14,31,32,23,49,59,62,100,56,91,38,33,67,84,62,13,42,,25,14,52,24,23,61,50,112,72,17,53,36,45,58,65,33,34,54,55,54,18,46,26,70,8,13,16,20,54,13,14,12,9,27,100,78,65,49,14,73,55,4,40,89,46,66,125,71,64,75,70,76,70,,68,61,30,16,71,49,35,100,95,27,42,80,81,47,50,28,3,10,37,36,44,53,88,,47,62,89,88,64,14,74,62,,58,49,51,24,58,19,71,80,60,56,42,22,59,92,49,10,86,12,8,66,60,43,62,48,58,66,58,67,93,54,31,38,54,60,98,44,69,136,72
20231004,6,CO,0.3,0.3,0.3,0.3,0.3,0.2,0.4,0.4,0.3,0.2,0.3,0.6,,,0.6,,0.5,0.5,0.6,,0.6,,0.6,0.8,,0.6,1,,1.1,1,0.8,1.1,1,0.9,1.2,,0.9,0.9,,0.8,,0.3,0.2,0.5,,0.2,,1,0.3,1.2,0.8,0.7,0.6,0.6,,0.9,0.3,,0.1,0.1,0.1,0.4,0.4,0.5,0.6,0.2,0.3,0.4,,0.4,0.5,0.5,0.4,0.7,0.4,,0.9,1,1,0.9,0.8,,,1.1,1.8,0.8,1.6,1.1,,0.4,0.4,,,0.2,0.4,0.2,0.3,,0.4,0.5,,0.3,0.4,0.5,0.4,0.3,,0.3,0.7,0.7,0.7,0.9,0.7,0.6,0.6,0.9,0.6,0.6,0.3,0.4,0.3,0.4,0.2,0.2,,0.3,0.3,0.4,0.5,0.3,0.6,0.3,0.5,0.9,0.5,0.5,0.2,0.3,0.6,0.5,0.5,0.5,0.4,0.6,0.5,,0.4,0.5,0.4,0.6,0.4,0.7,0.2,0.6,0.3,0.3,0.5,0.4,0.6,0.4,,0.7,0.6,0.6,0.6,0.6,0.7,0.2,0.6,0.5,0.5,0.7,0.6,,,,0.5,0.5,,0.5,0.5,0.4,,,,0.4,,1.6,0.6,1,1.3,1.4,1.4,1.2,0.6,0.5,,,,0.5,0.6,,0.6,0.4,0.4,0.6,0.4,,0.4,0.6,0.5,0.6,0.7,0.5,0.4,0.5,,0.4,,0.6,0.5,,0.4,0.5,,0.4,0.5,0.5,,0.7,0.5,0.6,0.5,0.5,0.5,0.5,,,0.4,0.6,0.5,0.6,0.4,0.5,0.5,,0.6,,,0.6,,0.7,0.4,,0.6,0.5,0.6,0.4,0.4,0.3,,0.6,0.5,0.5,0.5,0.6,0.5,0.5,0.4,0.7,0.5,0.7,0.3,0.7,0.5,0.7,0.6,0.5,0.6,,,0.3,0.4,0.4,0.5,,0.4,0.4,0.6,0.8,0.4,,0.6,0.5,0.4,,0.6,0.5,0.4,0.5,,0.5,0.5,0.4,0.4,0.4,,,0.6,0.7,1.2,0.5,0.6,,0.7,0.8,,0.6,0.5,0.6,0.6,0.7,,0.6,0.6,0.4,0.6,0.4,0.4,0.5,,0.5,0.7,0.4,0.6,0.5,0.6,0.7,0.5,0.6,0.4,0.7,0.3,1,1,,0.8,0.9,0.9,0.9,0.9,0.7,0.8,0.6,1,0.7,1.1,0.8,0.8,0.7,,0.6,0.7,1,1.1,0.8,0.6,0.4,0.7,0.7,0.5,0.6,0.7,,0.8,0.8,0.7,0.4,0.7,0.4,,0.5,0.5,0.6,0.5,,,0.9,1,0.9,0.8,0.9,0.9,1,0.8,0.6,0.7,0.5,,0.9,0.8,0.9,1,0.7,0.9,0.8,0.8,,0.5,0.4,0.4,0.2,0.4,,0.8,1,0.6,0.6,0.9,0.8,0.8,,,0.9,0.9,0.9,0.9,1.2,,0.6,0.5,0.5,0.6,,,0.6,0.7,0.4,0.2,0.4,0.4,0.3,0.2,0.3,0.3,0.2,,0.6,0.5,0.6,0.8,0.4,0.5,0.3,0.2,0.2,1.2,0.3,0.2,0.7,0.6,0.8,0.7,0.7,0.7,0.6,0.7,,0.9,0.2,0.7,0.7,,0.5,,0.6,0.7,,,,,0.9,,,,0.6,0.4,0.8,0.7,0.8,0.9,0.3,,0.5,0.5,0.6,0.6,0.4,0.8,0.7,0.7,0.7,0.5,0.7,,0.4,0.8,0.5,0.4,,0.4,0.4,0.5,0.4,0.5,0.4,0.6,0.6,0.5,,0.6,0.8,0.4,0.5,0.6,0.5,0.5,0.3,0.3,0.2,0.3,0.3,0.5,0.5,0.7,0.6,0.5,,,0.9,,0.6,0.9,1.1,0.8,0.7,,0.6,0.6,,,0.8,0.9,1.1,0.9,,0.6,0.6,1.7,,0.5,1.1,0.6,0.8,0.7,0.8,0.3,0.7,0.5,0.3,,,,,,,0.4,,0.6,0.2,0.5,0.5,0.8,0.5,0.6,0.3,0.4,0.5,,0.7,,,0.7,,0.8,0.8,0.6,0.8,1,0.5,0.6,0.8,,0.8,0.7,0.7,0.6,0.9,0.6,0.6,0.7,0.7,0.7,0.7,0.8,0.7,,0.7,0.7,0.8,0.9,0.9,0.7,,0.6,0.7,0.6,,0.5,0.6,,1,1,1.2,0.8,0.8,,0.6,0.8,,,0.5,0.4,,,,0.7,0.4,0.6,0.7,1.2,1.3,,0.9,0.8,,1.7,1.4,,1.5,,1.3,0.8,0.9,,0.9,0.7,0.2,0.3,0.3,,0.5,0.9,0.5,3.8,0.8,0.5,,0.2,0.5,0.5,0.4,0.3,0.3,0.7,0.6,1,0.8,0.7,0.8,0.4,0.7,0.5,0.7,0.3,0.5,0.5,0.5,0.6,0.5,,0.2,0.1,0.3,,0.1,0.4,0.3,0.3,0.5,0.4,0.3,0.3,0.3,0.2,0.3,0.9,0.5,1.2,,0.5,0.8,0.7,,0.7,0.6,0.7,0.7,0.7,,0.5,0.9,0.6,,0.8,,1,0.7,0.7,0.8,,0.8,0.6,,,,0.7,,0.6,,1,,,,0.6,0.7,0.5,0.8,0.6,,,,0.7,0.7,0.6,0.5,0.9,0.8,,0.7,0.6,0.8,0.6,0.5,0.7,,0.7,,,0.5,0.5,0.5,0.6,0.7,0.9,0.8,0.9,0.7,0.5,0.5,0.6,0.6,0.5,0.8,1.1,0.9,0.7,0.5,0.4,0.4,0.6,0.6,0.7,0.7,,0.7,0.7,0.8,0.5,,0.6,1.4,0.6,0.5,0.4,0.7,0.6,0.6,,,,,0.6,0.7,,0.6,0.5,0.5,0.4,0.3,0.3,0.4,0.7,0.6,0.5,0.5,0.8,0.9,0.6,,0.7,0.5,,0.8,0.5,0.9,,0.4,0.5,,0.5,0.5,0.7,0.7,0.5,0.6,0.7,0.6,0.6,0.8,0.6,0.7,0.7,,,0.5,0.2,0.8,1.3,0.5,0.3,0.2,0.2,,0.3,0.2,0.4,0.3,0.3,,,0.5,,,,,0.6,,,,,,,,,,,,,,,,0.6,,,,,,,,,,,,,,,,,,,,,,,,,,,,,,,,,,,,,,0.8,0.8,0.7,0.9,1,0.4,0.5,0.5,0.4,,,,1.1,0.9,1,0.9,,,0.5,0.6,0.6,0.6,0.7,0.7,,0.7,0.7,0.8,,,1.1,0.8,,0.6,0.8,0.5,,0.6,,0.6,0.3,,,0.4,0.4,,,0.3,0.3,0.4,,,0.3,0.2,0.2,0.1,0.8,0.6,0.5,0.4,0.2,0.3,0.4,0.4,0.4,0.3,0.6,0.9,0.3,0.2,0.3,0.3,0.3,0.3,0.5,0.5,,0.1,0.4,0.6,,0.1,0.3,0.5,0.5,0.4,0.4,0.4,0.3,0.5,0.6,0.5,0.4,,,0.2,0.2,0.4,0.3,0.2,0.4,0.3,0.3,0.3,0.3,0.4,0.2,0.6,0.6,0.4,0.5,0.3,,,0.7,0.3,0.3,,0.3,0.4,,0.1,0.4,0.4,,0.3,0.4,0.5,,0.4,0.3,0.3,0.3,0.3,0.5,0.5,,0.7,0.8,0.6,1,0.6,0.8,0.8,0.9,,0.6,0.4,0.5,0.5,0.3,0.3,,0.5,,0.6,,,,0.7,0.5,0.6,0.5,0.6,0.3,,0.7,,0.8,0.7,0.7,0.7,0.8,0.7,0.7,,0.8,0.7,0.8,,,0.7,0.7,0.7,,0.6,0.6,0.7,,,0.5,0.3,0.5,0.3,0.4,0.4,0.7,0.7,0.6,0.6,0.5,0.7,0.5,0.6,0.7,,0.1,0.5,0.4,0.7,0.7,,1.3,0.8,1.5,1.1,0.9,0.3,0.7,0.9,1,,1.7,2.2,1.6,0.8,0.8,0.8,1,0.8,,0.3,0.5,,0.9,0.5,0.5,,0.8,1,0.7,0.4,,0.4,0.4,0.8,,0.6,0.7,0.5,0.6,0.9,,0.6,0.7,0.6,0.6,0.4,,0.4,,0.4,0.3,0.3,0.6,0.7,,1.6,0.6,0.7,0.7,0.8,0.6,0.6,0.5,0.8,0.7,0.5,0.6,,0.6,0.6,0.4,,0.7,0.8,,0.8,0.9,1,0.8,,0.5,0.5,0.6,1,1,0.6,0.7,0.7,0.7,0.8,0.7,0.8,0.7,0.8,0.6,0.7,0.5,0.6,0.8,0.7,0.6,0.8,1,0.9,0.8,0.9,0.6,0.6,0.5,0.6,0.6,0.7,0.7,0.8,0.5,0.6,0.9,0.5,0.8,0.7,0.2,0.7,0.4,0.5,0.9,0.8,0.7,0.8,0.5,0.5,0.4,0.7,0.7,0.8,0.5,0.6,0.7,0.6,0.7,0.5,0.6,0.7,0.5,1,1,0.4,0.7,0.8,,0.5,0.5,0.5,0.4,0.7,,0.5,0.7,0.4,0.5,0.3,0.7,0.5,0.6,0.5,0.6,0.5,0.5,0.8,0.6,0.6,,,,0.5,0.4,,0.4,,0.4,0.4,0.5,0.5,,0.7,0.5,0.4,,,,,,0.6,0.5,0.6,0.5,0.7,,0.4,,0.3,0.5,0.6,0.7,0.8,1.1,,0.4,0.4,0.4,0.5,,,,,0.2,0.4,0.6,0.6,0.1,0.2,0.6,,0.3,0.6,0.5,0.6,0.5,,0.7,0.5,0.7,0.7,0.4,0.4,0.5,0.5,,0.4,0.5,0.2,0.3,0.4,0.3,0.4,0.1,0.7,,0.5,0.3,,0.4,0.3,,0.3,0.4,0.5,,0.9,,0.3,,0.4,0.2,0.4,0.7,0.5,0.5,0.5,0.6,0.6,0.6,0.7,0.6,0.6,0.4,,0.6,0.5,,0.7,0.7,0.4,,0.3,0.4,0.3,0.4,0.4,0.4,,0.5,0.5,0.2,0.2,,,0.7,0.5,0.4,,0.5,0.5,0.7,0.4,0.7,0.6,0.5,,0.6,,,0.5,0.5,0.5,0.5,0.5,0.6,0.4,0.6,0.6,,0.3,0.3,0.3,0.5,0.6,0.3,0.6,0.7,0.6,,,0.6,0.7,0.6,0.2,,0.4,0.2,0.3,0.4,0.5,0.6,1.4,0.8,0.6,0.7,0.7,1,0.7,,0.7,0.5,0.9,0.4,0.4,0.4,0.5,,0.5,,0.5,0.7,0.7,0.7,0.8,1.2,0.4,0.6,0.4,0.4,0.3,0.4,0.4,0.4,,,0.4,0.6,0.6,0.6,,0.4,0.5,0.4,0.7,,0.4,0.8,,,1,0.2,0.9,0.3,0.4,0.5,0.7,0.7,0.6,0.2,0.5,0.5,0.8,0.7,1.2,,0.4,0.5,,0.4,0.6,0.4,0.4,0.6,0.3,0.3,0.7,0.3,0.8,0.5,0.4,0.6,0.5,1,0.4,0.3,0.2,1.2,0.2,0.7,0.3,0.5,0.9,,0.5,0.4,0.5,0.4,,0.2,0.5,1.1,0.7,0.7,0.6,0.7,0.7,0.6,0.6,0.8,0.5,1.1,1.7,0.7,0.6,0.7,1.2,0.7,0.4,0.8,0.6,0.5,0.4,0.5,0.5,,,0.6,0.5,0.5,0.9,0.4,0.2,0.6,0.6,,0.4,0.6,0.5,0.3,0.7,0.8,0.7,0.8,0.9,,0.5,0.7,0.4,0.5,0.7,0.4,0.4,,0.7,0.5,0.4,0.5,0.8,0.6,0.6,0.6,0.3,0.3,0.3,0.3,0.3,0.3,0.6,0.5,0.6,0.6,0.3,0.4,0.5,0.9,0.8,0.8,0.9,0.9,0.8,0.9,0.6,0.7,0.9,0.9,0.5,0.7,0.6,0.7,0.7,0.5,0.7,0.8,0.7,,0.4,0.3,0.8,0.6,0.9,0.3,0.4,0.5,0.5,0.9,1,0.8,1.1,0.5,0.8,0.3,0.8,1,0.5,0.4,0.5,0.7,0.3,0.9,0.5,0.7,0.7,0.7,0.6,0.5,0.7,0.6,0.4,0.6,,0.6,0.3,0.6,0.6,0.8,0.4,0.6,0.4,0.3,,0.8,0.5,0.5,0.6,0.6,0.6,0.5,,1.2,0.4,0.6,0.7,0.6,0.7,0.7,1,0.6,0.7,0.8,0.7,0.9,0.5,0.7,0.4,0.5,0.7,0.8,0.4,1.1,0.6,0.5,0.3,0.4,0.3,0.6,0.8,0.6,0.6,0.9,0.5,1.5,0.5,0.5,0.6,0.3,0.4,0.7,0.4,0.7,0.4,0.2,0.6,0.4,0.3,0.8,0.7,0.7,0.7,1,0.5,0.6,0.8,0.6,0.8,0.5,0.6,0.6,1,0.7,0.6,0.4,0.5,0.6,0.5,0.6,0.4,0.8,1,0.5,0.6,0.9,0.8,0.7,0.7,0.4,0.4,0.7,0.7,0.6,0.6,0.3,0.8,0.6,1,1,0.2,0.6,0.9,0.8,0.8,0.6,0.7,0.4,0.4,0.8,1,0.5,0.7,0.4,0.4,0.4,0.3,0.6,0.5,,0.6,0.8,0.8,0.6,1.1,0.5,0.6,0.3,0.5,0.8,0.5,0.3,0.8,0.5,1.1,0.7,0.6,0.7,1.2,0.6,0.6,0.6,0.5,0.5,0.4,0.7,0.6,,0.5,0.6,0.6,,0.8,1.1,0.6,0.8,0.6,0.6,0.5,0.5,0.4,0.4,0.4,0.5,0.4,0.6,1.2,1.1,1.6,0.6,,1.1,0.8,0.6,0.6,0.6,0.7,1.7,1.4,0.6,0.8,0.6,0.7,0.5,0.6,0.7,0.7,0.9,0.8,1,0.6,0.6,0.7,1.2,0.6,1,0.5,0.9,0.8,0.8,0.8,0.7,0.8,0.6,0.6,0.3,0.5,0.4,0.2,0.6,0.7,0.5,3.5,0.8,0.3,0.8,0.6,0.8,0.7,0.8,0.8,0.6,0.4,0.3,,0.7,0.5,0.5,0.8,0.4,0.4,0.6,0.6,0.5,1,1,0.7,0.4,0.6,0.5,0.9,0.6,0.7,0.7,0.8,0.5,0.7,0.4,,0.3,0.1,0.5,0.2,0.9,1.1,0.8,0.7,,0.4,0.4,0.1,0.4,0.6,0.5,0.6,0.7,0.4,0.4,0.4,0.6,0.5,0.9,0.9,0.3,0.2,0.3,0.5,0.4,0.3,0.4,0.4,1,0.4,0.3,0.3,0.5,0.5,0.1,0.4,0.2,0.4,0.6,0.7,0.9,0.7,0.5,0.4
20231004,6,CO_24h,0.5,0.5,0.6,0.5,0.6,0.5,0.6,0.6,0.6,0.5,0.5,0.7,,,0.6,,0.5,0.6,0.5,,0.6,,0.6,0.5,,0.7,0.7,,0.9,0.9,0.9,0.9,0.9,0.9,1.2,,0.5,0.5,,0.5,,0.6,0.6,0.7,,0.5,,0.8,0.5,0.7,0.8,0.7,0.5,0.6,,0.9,0.4,,0.3,0.3,0.3,0.5,0.7,0.5,0.9,0.5,0.5,0.4,,0.5,0.5,0.5,0.3,0.3,0.4,,1.3,1,1.1,1.2,1,,,1.2,1.2,1.1,1.3,1.3,,0.6,0.7,,,0.4,0.6,0.4,0.5,,0.6,0.7,,0.6,0.6,0.7,0.6,0.5,,0.5,0.7,0.8,0.7,0.7,0.7,0.7,0.8,0.8,0.7,0.6,0.4,0.5,0.4,0.6,0.4,0.3,,0.5,0.4,0.6,0.6,0.5,0.6,0.6,0.7,0.9,0.8,0.6,1.1,0.5,0.8,0.6,0.6,0.6,0.4,0.6,0.5,,0.4,0.5,0.4,0.6,0.4,0.8,0.2,0.7,0.3,0.4,0.4,0.4,0.6,0.3,,0.6,0.6,0.6,0.6,0.6,0.7,0.2,0.6,0.5,0.5,0.7,0.5,,,,0.4,0.5,,0.5,0.4,0.3,,,,0.3,,0.9,0.6,1,0.9,1,0.9,0.9,0.8,0.6,,,,0.7,0.6,,0.6,0.4,0.5,0.5,0.4,,0.4,0.7,0.5,0.6,0.6,0.6,0.4,0.4,,0.3,,0.5,0.5,,0.5,0.5,,0.4,0.5,0.5,,0.7,0.5,0.6,0.5,0.5,0.5,0.6,,,0.5,0.7,0.5,0.5,0.4,0.5,0.4,,0.5,,,0.5,,0.7,0.5,,0.5,0.4,0.5,0.4,0.4,0.3,,0.5,0.5,0.5,0.5,0.6,0.4,0.5,0.4,0.7,0.5,0.6,0.3,0.7,0.5,0.7,0.6,0.5,0.6,,,0.3,0.3,0.4,0.4,,0.3,0.4,0.7,0.9,0.5,,0.7,0.6,0.5,,0.7,0.4,0.4,0.5,,0.4,0.5,0.4,0.4,0.4,,,0.5,0.7,0.8,0.5,0.5,0.6,0.7,0.7,0.2,0.6,0.5,0.6,0.5,0.6,,0.6,0.6,0.5,0.6,0.5,0.4,0.5,,0.5,0.6,0.4,0.6,0.5,0.6,0.6,0.5,0.6,0.5,0.7,0.3,0.9,0.8,,0.7,0.9,0.9,0.9,0.9,0.7,0.8,0.6,0.9,0.5,1,0.7,0.7,0.7,,0.5,0.6,0.8,0.9,0.7,0.5,0.6,0.7,0.7,0.5,0.6,0.8,,0.8,0.8,0.6,0.5,0.7,0.5,,0.5,0.6,0.6,0.6,,,0.9,0.9,0.8,0.7,0.8,0.9,0.8,0.8,0.6,0.7,0.5,,0.7,0.7,0.8,0.8,0.5,0.8,0.7,0.7,,0.4,0.4,0.4,0.4,0.3,,0.8,1,0.6,0.6,0.9,0.8,0.8,,,0.9,0.9,0.9,0.9,1.2,,0.6,0.6,0.5,0.6,,,0.7,0.8,0.4,0.2,0.4,0.6,0.4,0.2,0.3,0.3,0.3,,0.6,0.5,0.6,0.6,0.5,0.6,0.4,0.3,0.3,0.4,0.3,0.2,0.7,0.7,0.8,0.7,0.7,0.7,0.6,0.7,,0.9,0.2,0.6,0.7,,0.7,,0.8,0.9,,,,,0.8,,,,0.8,1,0.7,0.7,0.9,0.7,0.7,,0.4,0.5,0.6,0.6,0.4,0.7,0.7,0.7,0.6,0.6,0.7,,0.4,0.8,0.5,0.8,,0.8,0.7,0.9,0.6,0.7,0.6,0.7,0.7,0.7,,0.7,0.8,0.6,0.8,0.7,0.7,0.7,0.5,0.5,0.5,0.6,0.6,0.8,0.8,0.6,0.6,0.5,,,0.7,,0.3,0.5,0.7,0.5,0.6,,0.5,0.5,,,0.6,0.7,0.9,0.6,,0.4,0.5,1.6,,0.4,0.5,0.5,0.6,0.6,0.6,0.3,0.6,0.4,0.3,,,,,,,0.3,,0.5,0.3,0.5,0.3,0.8,0.6,0.6,0.3,0.3,0.5,,0.5,,,0.8,,0.8,0.8,0.6,0.7,0.8,0.6,0.5,0.8,,0.7,0.8,0.7,0.6,0.7,0.5,0.6,0.7,0.6,0.7,0.8,0.9,0.8,0.7,0.7,0.7,0.9,0.8,0.9,0.8,,0.6,0.7,0.7,,0.6,0.6,,0.9,0.9,1,0.9,0.9,,0.7,0.7,,,0.5,0.3,,,,0.7,0.6,0.8,0.8,1,1.4,,1,0.9,,1.3,1.3,,1.4,,1,0.8,0.9,,0.9,0.7,0.3,0.4,0.3,,0.7,0.8,0.8,1.1,0.8,0.7,,0.5,0.7,0.8,0.7,0.6,0.5,0.6,1.1,2.1,0.6,0.5,0.7,0.7,0.8,0.8,1,0.6,0.6,0.6,0.6,0.6,0.6,,0.3,0.4,0.3,,0.2,0.5,0.5,0.5,0.6,0.5,0.5,0.5,0.4,0.3,0.4,0.5,0.7,0.7,,0.5,0.8,0.8,,0.7,0.6,0.6,0.8,0.6,,0.6,0.8,0.9,,0.7,,1,0.7,0.6,0.7,,1,0.9,,,,0.6,,0.5,,0.8,,,,0.5,0.6,0.5,0.7,0.6,,,,0.7,0.7,0.7,0.6,0.8,0.7,,0.7,0.6,0.7,0.5,0.5,0.6,,0.6,,,0.4,0.6,0.5,0.6,0.7,0.7,0.7,0.8,0.5,0.7,0.6,0.6,0.6,0.5,0.7,0.9,0.8,0.7,0.4,0.3,0.4,0.7,0.7,0.7,0.8,,0.8,0.8,0.9,0.6,,0.6,1,0.6,0.6,0.5,0.7,0.6,0.6,,,,,0.6,0.7,,0.7,0.5,0.5,0.4,0.3,0.3,0.4,0.7,0.7,0.5,0.5,0.8,0.8,0.5,,0.8,0.5,,1,0.7,0.7,,0.5,0.6,,0.7,0.5,0.7,0.8,0.7,0.7,0.8,0.8,0.7,0.8,0.6,0.7,0.6,,,0.8,0.3,1.8,0.8,1.1,0.7,0.2,0.2,,0.4,0.2,0.6,0.3,0.2,,,0.5,,,,,0.6,,,,,,,,,,,,,,,,0.6,,,,,,,,,,,,,,,,,,,,,,,,,,,,,,,,,,,,,,0.8,0.8,0.6,0.8,0.9,0.4,0.5,0.4,0.4,,,,1.3,0.9,1.1,0.9,,,0.6,0.6,0.6,0.7,0.6,0.9,,0.9,1,0.8,,,0.6,0.7,,0.8,0.9,0.6,,0.7,,1,0.8,,,0.4,0.4,,,0.5,0.4,0.5,,,0.4,0.4,0.2,0.2,0.6,0.5,0.5,0.5,0.6,0.6,0.8,0.6,0.6,0.7,0.8,1,0.5,0.6,0.5,0.5,0.6,0.5,0.9,0.6,,0.3,1.2,0.6,,0.3,0.4,0.6,0.5,0.5,0.5,0.4,0.5,0.5,0.6,0.5,0.4,,,0.3,0.2,0.2,0.4,0.2,0.3,0.2,0.3,0.2,0.5,0.7,0.2,0.6,0.6,0.5,0.6,0.2,,,0.7,0.3,0.4,,0.4,0.5,,0.2,0.4,0.4,,0.3,0.3,0.5,,0.4,0.3,0.3,0.3,0.3,0.5,0.4,,0.6,0.6,0.5,0.7,0.4,0.7,0.7,0.8,,0.5,0.4,0.5,0.5,0.3,0.3,,0.6,,0.6,,,,0.6,0.4,0.5,0.5,0.5,0.2,,0.6,,0.7,0.6,0.6,0.6,0.6,0.6,0.6,,0.6,0.7,0.8,,,0.7,0.8,0.7,,0.6,0.6,0.7,,,0.5,0.3,0.5,0.3,0.5,0.4,0.9,1.4,0.7,1.2,0.6,0.8,0.6,0.9,1,,0.1,0.5,0.5,0.6,0.7,,1.3,0.9,1.4,1.1,1,0.4,0.8,0.9,0.8,,1.5,1.8,1,0.8,0.8,0.9,1,0.9,,0.4,0.6,,0.9,0.6,0.6,,0.7,1,0.7,0.4,,0.4,0.4,0.6,,0.5,0.6,0.5,0.5,0.7,,0.6,0.6,0.6,0.5,0.4,0.5,0.4,,0.4,0.4,0.4,0.5,0.5,,1,0.8,0.7,0.9,0.8,0.6,0.7,0.6,0.8,0.7,0.5,0.7,,0.6,0.6,0.4,,0.6,0.7,,0.8,0.9,1,0.8,,0.5,0.5,0.6,1,1.1,0.7,0.8,0.8,0.8,0.9,0.8,0.9,0.6,0.8,0.7,0.7,0.5,0.6,0.8,0.7,0.6,0.8,1.1,1,0.8,0.9,0.8,0.7,0.6,0.8,0.7,0.7,0.7,0.8,0.6,0.7,0.9,0.5,0.8,0.8,0.3,0.7,0.6,0.5,0.9,0.8,0.7,0.7,0.6,0.6,0.5,0.7,0.8,0.7,0.6,0.5,0.6,0.6,0.6,0.5,0.7,0.7,0.7,0.7,0.7,0.4,0.7,0.8,,0.5,0.5,0.5,0.4,0.6,,0.4,0.7,0.4,0.5,0.3,0.6,0.5,0.6,0.5,0.7,0.6,0.6,0.9,0.6,0.5,,,,0.5,0.5,,0.4,,0.5,0.5,0.6,0.6,,0.6,0.5,0.4,,,,,,0.5,0.5,0.5,0.5,0.8,,0.5,,0.4,0.5,0.6,0.7,0.7,0.9,,0.4,0.4,0.5,0.5,,,,,0.2,0.4,0.6,0.6,0.1,0.1,0.6,,0.3,0.6,0.5,0.6,0.5,,0.7,0.5,0.6,0.6,0.4,0.4,0.4,0.5,,0.4,0.5,0.2,0.2,0.5,0.3,0.3,0.2,0.5,,0.5,0.4,,0.5,0.3,,0.3,0.4,0.4,,0.7,,0.3,,0.3,0.2,0.5,0.7,0.5,0.6,0.5,0.7,0.8,0.7,0.7,0.7,0.6,0.4,,1,1.1,,0.6,0.6,0.7,,0.3,0.4,0.4,0.5,0.4,0.5,,0.5,0.6,0.3,0.2,,,0.8,0.7,0.4,,0.5,0.5,0.4,0.4,0.6,0.6,0.5,,0.6,,,0.6,0.5,0.6,0.5,0.5,0.6,0.4,0.3,0.6,,0.5,0.2,0.4,0.6,0.6,0.4,0.7,0.7,0.6,,,0.8,0.7,0.5,0.3,,0.4,0.4,0.5,0.5,0.5,0.5,1,0.8,0.6,0.5,0.7,0.9,1.1,,0.8,0.6,0.8,0.5,0.5,0.4,0.5,,0.5,,0.6,0.6,0.7,0.6,0.8,1,0.5,0.5,0.2,0.5,0.6,0.5,0.4,0.4,,,0.5,0.6,0.6,0.7,,0.7,0.7,1,0.7,,0.4,0.7,,,0.9,0.4,1,0.3,0.4,0.5,0.6,0.6,0.5,0.3,0.5,0.6,0.8,0.7,1.2,,0.5,0.5,,0.4,0.6,0.4,0.4,0.8,0.4,0.3,0.5,0.3,0.8,0.5,0.5,0.4,0.4,1,0.5,0.2,0.3,1,0.3,0.6,0.4,0.4,0.9,,0.6,0.4,0.5,0.4,,0.4,0.7,1.1,0.6,0.6,0.6,0.6,0.6,0.6,0.7,0.6,0.6,0.7,1.2,0.7,0.5,0.7,1.1,0.6,0.5,0.7,0.6,0.5,0.4,0.6,0.6,,,0.8,0.4,0.4,0.8,0.4,0.3,0.5,0.5,,0.5,0.6,0.7,0.3,0.8,0.7,0.6,0.7,0.6,,0.6,1,0.6,0.7,1,0.5,0.4,0.5,0.7,0.5,0.4,0.5,0.5,0.6,0.6,0.6,0.4,0.6,0.5,0.8,0.4,0.4,0.7,0.5,0.7,0.6,0.3,0.4,0.4,0.4,0.7,0.8,1,0.8,0.7,1,0.7,0.6,0.9,0.7,0.5,0.7,0.7,0.6,0.8,0.5,0.7,0.9,0.7,,0.3,0.4,0.6,0.6,0.7,0.2,0.4,0.4,0.3,0.6,0.7,0.8,1,0.5,0.7,0.3,0.8,0.9,0.5,0.4,0.6,0.9,0.3,0.8,0.6,0.7,0.7,0.7,0.6,0.5,0.7,0.6,0.4,0.7,,0.6,0.4,0.7,0.6,0.7,0.3,0.5,0.3,0.4,,0.5,0.5,0.4,0.5,0.6,0.5,0.5,,0.9,0.4,0.6,0.8,0.6,0.8,0.7,0.8,0.5,0.7,0.7,0.6,0.9,0.5,0.6,0.4,0.4,0.6,0.8,0.6,1.1,0.6,0.6,0.5,0.9,0.4,0.7,0.8,0.5,0.6,0.8,0.5,0.9,0.7,0.5,0.5,0.3,0.4,0.6,0.4,0.4,0.7,0.5,0.8,0.5,0.5,0.8,0.7,0.7,0.7,0.9,0.5,0.6,0.7,0.6,0.7,0.5,0.7,0.6,1,0.4,0.8,0.4,0.6,0.6,0.4,0.5,0.4,0.6,0.6,0.5,0.6,0.7,0.7,0.6,0.8,0.5,0.5,0.8,0.7,0.5,1.1,0.4,0.8,0.6,1,1,0.3,0.6,0.7,0.7,0.8,0.6,0.7,0.4,0.4,0.6,0.9,0.5,0.7,0.5,0.4,0.3,0.3,0.7,0.3,,0.5,0.7,0.7,0.5,0.9,0.9,0.6,0.6,0.5,0.8,0.4,0.2,0.8,0.5,0.8,0.6,0.6,0.6,1,0.5,0.6,0.6,0.4,0.4,0.4,0.5,0.5,,0.5,0.7,0.6,0.6,0.7,1.1,0.5,0.5,0.7,0.6,0.5,0.4,0.4,0.4,0.4,0.6,0.5,0.8,0.9,1.2,1.1,0.6,,0.9,0.8,0.5,0.6,0.5,0.4,1,0.8,0.7,0.8,0.7,0.7,0.4,0.7,0.8,0.8,1,0.8,0.8,0.6,0.5,0.6,1,0.6,1,0.6,0.8,0.8,0.7,0.7,0.7,0.8,0.6,0.7,0.3,0.7,0.6,0.6,0.6,0.6,0.9,1.4,0.8,0.8,0.8,0.5,0.8,0.7,0.8,0.9,0.6,0.5,0.4,,0.7,0.4,0.5,0.8,0.5,0.4,0.7,0.5,0.5,0.5,0.8,0.7,0.5,0.6,0.6,0.7,0.7,0.7,0.6,1,0.5,0.6,0.5,,0.3,0.2,0.4,0.3,0.8,1.2,1,0.6,,0.5,0.5,0.1,0.4,0.7,0.5,0.5,0.5,0.8,0.4,0.5,0.7,0.5,0.4,0.5,0.4,0.5,0.5,0.6,0.5,0.5,0.4,0.4,1,0.5,0.4,0.3,0.5,0.6,0.3,0.4,0.3,0.4,0.6,0.5,0.6,0.7,0.8,0.5
20231004,7,AQI,15,9,18,17,14,17,15,26,15,15,15,17,,,47,,51,37,54,,48,,60,94,,65,70,,72,62,85,69,87,77,86,,70,74,,67,,29,48,52,,43,,94,74,80,122,122,133,97,,125,20,,21,26,19,38,35,46,49,40,60,35,,27,72,73,99,63,69,,92,77,79,85,65,,,73,89,61,52,69,,12,27,,,20,20,19,20,,32,21,,18,20,17,20,30,,18,44,37,51,48,40,56,33,51,52,53,18,20,16,16,19,13,,16,15,15,16,12,13,,15,15,15,13,14,14,14,13,23,25,23,26,24,,25,33,22,24,24,25,27,24,22,28,26,25,22,16,,36,34,24,35,21,29,21,23,20,23,17,62,,,,54,40,,46,52,49,,,,39,,31,24,32,32,24,29,29,22,30,,,,30,34,,40,46,33,52,45,,42,48,39,44,54,48,39,39,,36,,36,43,,30,23,,33,24,25,,25,26,28,31,19,26,28,,,25,23,26,45,33,43,39,,43,,,27,,21,21,,24,26,24,25,27,25,,44,32,29,25,25,40,37,30,39,36,39,34,46,34,34,42,44,48,,,38,40,45,40,,55,61,30,25,21,,32,24,22,,33,56,53,51,,57,64,56,53,36,,,46,34,46,44,51,,53,52,52,57,54,53,53,51,,24,22,22,19,35,26,22,,29,28,19,29,23,35,18,36,30,23,43,30,53,52,,56,61,48,42,49,44,46,33,44,53,43,54,46,48,,67,53,45,59,33,33,33,34,48,51,47,36,,31,41,53,33,,28,,32,32,26,35,,,46,39,52,49,53,51,54,51,44,46,33,,28,30,31,22,20,43,28,53,,28,29,26,26,9,,21,16,18,18,18,13,15,,,19,14,11,19,13,,19,28,46,42,,,45,19,26,32,32,27,27,28,42,28,25,,12,19,15,12,45,12,11,15,10,13,15,12,19,24,30,23,26,19,22,19,,29,18,20,23,,39,,49,46,,,,,36,,,,49,49,51,63,65,43,29,,25,26,28,30,34,35,37,38,37,35,38,,20,34,23,16,,22,16,17,18,58,24,29,36,27,,30,27,,27,24,22,26,16,17,10,18,27,20,19,38,33,35,,,70,,67,73,80,64,84,,85,97,,,83,79,78,77,,64,64,69,,62,67,63,58,64,51,46,44,33,48,,,,,,,60,,70,58,52,67,48,39,46,37,34,37,,83,,,53,,45,35,44,46,42,48,48,45,,46,90,36,35,52,42,51,41,31,46,34,35,34,,42,33,54,62,46,24,,38,34,37,,35,46,,62,59,69,61,25,,28,12,,,87,75,,,,20,22,27,25,55,70,,67,61,,90,103,,109,,,75,94,,80,78,13,17,16,,24,27,25,34,26,30,,27,16,22,13,21,20,30,21,38,20,19,30,19,23,16,53,19,18,26,35,36,22,,13,14,22,,14,25,23,39,21,28,20,14,20,23,29,32,30,30,,32,31,28,,36,26,21,24,28,,25,25,22,,70,,63,54,58,62,,63,,,,,72,,61,,68,,,,69,46,55,33,45,,,,14,11,22,21,44,42,,22,26,43,20,50,35,,26,,,22,23,20,21,20,42,45,46,49,19,24,,24,35,58,54,38,52,36,19,18,16,22,19,25,,42,46,43,38,,26,36,19,15,32,41,47,43,,,,,53,36,,29,35,33,20,28,20,20,22,38,12,12,23,18,23,,19,20,,29,35,51,,31,41,,42,13,18,20,18,20,20,16,21,39,38,31,31,,,33,28,62,60,66,42,17,18,,18,15,70,62,82,,,49,,,,,44,,,,,,,,,,,,,,,,44,,,,,,,,,,,,,,,,,,,,,,,,,,,,,,,,,,,,,,28,45,45,45,,44,49,53,45,,,,63,73,61,57,,,56,71,58,67,61,59,,75,63,54,,,62,70,,55,52,55,,74,,75,39,,,27,39,,,30,31,24,,,25,26,17,16,38,47,44,18,19,19,20,17,20,18,23,23,25,18,18,16,15,20,35,18,,22,21,18,,20,19,18,25,27,16,17,28,16,28,15,18,,,21,29,26,33,23,26,20,22,29,20,20,16,20,19,22,20,24,,,24,18,16,,17,16,,25,34,38,,31,26,34,,36,32,23,39,23,32,53,,52,55,56,63,57,40,35,26,,36,21,18,20,24,23,,44,,77,,,,22,21,22,41,59,50,,44,,30,28,30,32,27,52,36,,36,30,38,,,35,32,33,,55,,30,,,22,20,15,10,18,16,10,38,26,26,26,26,33,36,35,,30,33,44,30,26,,68,59,63,64,45,50,44,43,49,,52,53,52,35,36,45,36,35,,42,49,,83,65,79,,78,61,68,58,,67,75,62,,72,52,44,63,55,,36,35,,32,46,32,58,,45,55,52,34,50,,47,47,14,20,13,9,34,35,36,43,38,37,,37,46,43,,39,33,,28,15,36,32,,52,46,52,31,12,20,26,,19,33,46,30,26,35,25,23,34,45,63,46,53,18,18,16,22,19,29,38,25,38,30,16,18,16,18,18,26,18,21,,12,10,18,14,67,,63,59,21,63,16,34,31,51,35,46,35,34,47,39,52,82,43,70,58,39,30,32,,66,35,32,24,22,,22,22,21,20,18,35,32,36,32,29,29,19,22,40,38,,,,17,19,,19,8,11,9,19,9,,30,20,21,,,,,,29,26,40,32,12,,17,,12,20,13,17,19,17,,32,27,21,28,,,,,34,19,13,13,25,28,23,,20,12,9,19,26,,22,10,30,21,15,19,23,14,,26,,38,36,25,19,18,12,29,,20,13,,11,9,,9,11,12,,31,,27,,8,8,21,15,16,14,52,61,54,58,12,21,19,16,,33,30,,25,25,25,,30,30,,35,29,33,,32,28,30,33,,,39,27,18,,25,14,32,22,7,34,52,,39,,,46,28,40,28,44,39,77,38,22,,22,33,28,56,55,61,116,94,94,,,33,26,32,23,,25,28,32,28,10,61,55,46,73,50,48,83,62,,60,26,34,33,22,22,22,,49,,49,80,54,22,19,23,30,25,34,15,23,18,20,10,,,48,54,34,41,,52,58,49,33,,39,35,,,59,32,37,36,55,33,63,51,63,19,35,19,12,19,100,,46,64,,33,41,64,35,26,18,28,83,25,36,16,27,37,52,64,22,53,21,69,24,67,12,80,57,,25,32,25,18,,27,56,25,88,62,52,29,36,27,50,63,41,51,50,23,40,27,74,34,48,23,62,10,14,12,10,,,43,53,75,29,39,30,44,41,,24,53,32,30,45,24,90,88,47,,18,45,36,40,33,16,35,,25,22,25,23,22,21,25,26,31,21,15,95,17,17,60,38,24,32,22,34,40,72,40,45,49,57,67,36,39,41,19,55,28,43,38,48,38,32,32,40,55,12,85,52,57,69,33,31,59,26,50,40,42,66,66,55,60,55,64,46,18,20,19,22,10,18,23,23,17,26,13,16,16,19,13,20,,42,32,22,47,62,55,70,41,56,,94,79,84,79,13,26,13,,16,15,24,32,33,20,25,31,42,52,46,34,46,23,47,34,30,38,50,20,35,57,18,19,20,22,25,34,26,23,41,25,47,28,29,32,15,36,36,,44,51,22,50,29,18,39,39,30,37,58,47,37,39,26,53,28,22,34,82,94,73,64,23,54,70,67,24,25,28,46,52,33,58,58,72,56,76,48,52,65,15,13,33,18,20,25,12,45,77,60,52,37,38,70,44,80,79,67,70,44,58,56,26,31,100,,79,69,93,78,59,69,42,21,19,16,36,54,43,38,58,46,33,43,63,27,22,13,21,30,19,21,23,,26,20,26,,49,13,14,26,18,19,25,43,32,21,27,24,24,23,74,49,98,42,,89,66,79,77,57,72,79,75,84,148,70,73,75,83,89,63,69,53,63,72,41,39,84,54,64,21,30,25,64,20,16,15,18,21,22,19,99,100,13,21,47,90,59,68,42,53,60,36,41,34,29,26,33,,29,56,53,69,22,37,40,38,51,70,100,79,72,56,51,40,33,14,26,33,26,42,27,,15,17,31,62,68,103,67,55,,17,39,20,13,18,31,58,54,19,18,51,70,35,81,73,35,18,14,33,17,13,,52,87,25,16,32,18,25,,40,9,13,46,73,82,63,20,32
20231004,7,PM2.5,5,5,5,10,6,5,6,16,6,7,4,7,,,28,,29,19,34,,24,,40,70,,42,51,,46,44,63,50,50,56,52,,51,51,,48,,19,18,32,,30,,70,54,59,92,92,101,72,,95,5,,8,8,12,13,17,27,19,22,16,20,,12,51,53,74,43,44,,68,49,58,56,42,,,44,52,34,28,50,,4,5,,,2,2,2,2,,11,11,,12,7,11,8,6,,12,22,15,20,18,28,20,14,18,21,29,11,11,11,7,8,7,,8,10,10,6,6,9,,6,7,4,6,6,4,4,6,5,9,8,8,6,,6,10,7,8,12,17,12,12,9,19,18,17,14,9,,17,18,11,20,12,20,5,7,9,9,4,44,,,,38,28,,30,28,34,,,,24,,14,12,22,22,12,17,14,9,14,,,,10,16,,28,32,23,36,31,,28,33,26,19,38,29,24,27,,25,,25,30,,13,9,,17,16,17,,17,13,17,10,7,7,5,,,7,6,7,23,16,15,23,,23,,,17,,9,10,,12,6,11,9,4,6,,22,17,16,13,15,21,14,18,24,22,19,12,26,22,22,29,29,33,,,21,21,21,20,,30,33,14,17,9,,12,15,8,,14,34,32,22,,27,32,29,37,24,,,19,17,22,22,20,,31,30,21,33,35,31,28,27,,15,12,15,12,24,18,10,,20,12,13,18,16,24,12,25,17,13,29,10,35,36,,36,39,33,25,33,28,31,23,24,24,23,24,32,24,,48,30,28,22,23,13,17,17,27,31,30,19,,18,24,36,22,24,18,,22,16,12,18,,,24,20,26,33,37,31,35,27,26,32,23,,17,18,18,15,14,26,15,20,,13,12,12,13,6,,10,11,12,6,12,9,8,,,6,6,4,11,5,,12,13,32,29,,,28,3,14,22,22,9,17,19,29,19,14,,4,13,3,8,6,6,5,6,5,7,5,5,11,12,21,15,18,13,15,13,,16,12,14,16,,27,,34,32,,,,,25,,,,29,30,15,30,28,17,8,,14,18,19,20,16,24,17,21,18,17,18,,13,15,11,11,,2,3,2,6,19,7,10,7,5,,8,8,,13,8,10,9,6,7,7,12,12,5,5,18,18,18,,,45,,44,48,59,45,61,,63,72,,,61,58,57,56,,44,46,44,,44,47,34,41,46,24,25,25,13,27,,,,,,,41,,48,38,24,39,28,20,25,17,22,12,,61,,,20,,31,24,21,32,23,23,26,26,,18,67,23,16,32,15,27,22,14,29,22,19,22,28,29,23,38,44,26,16,,26,17,25,,24,32,,33,42,34,26,16,,16,8,,,64,55,,,,13,8,15,11,39,51,,48,31,,64,77,,82,,51,52,47,,59,57,2,5,11,,6,9,12,13,7,10,,5,8,7,5,8,10,16,8,18,14,13,21,4,16,9,21,4,6,14,19,17,11,,8,8,3,,6,17,16,27,14,19,3,8,14,6,20,17,18,16,,22,20,19,,25,16,14,13,19,,17,17,6,,51,,45,38,41,44,,45,,,,,52,,38,,48,,,,40,32,31,19,25,,,,2,7,5,5,27,22,,8,16,30,14,35,24,,17,,,4,13,14,8,9,29,31,32,34,5,5,12,15,24,41,29,21,27,17,10,8,8,15,13,17,,29,32,30,24,,3,15,7,9,22,23,32,19,,,,,27,20,,15,11,23,7,19,7,12,10,26,5,5,16,12,7,,10,12,,20,23,24,,15,13,,22,8,12,14,12,14,14,11,12,27,26,20,19,,,7,7,2,9,15,6,5,10,,12,3,33,38,27,,,29,,,,,22,,,,,,,,,,,,,,,,17,,,,,,,,,,,,,,,,,,,,,,,,,,,,,,,,,,,,,,16,31,25,23,22,24,34,25,25,,,,39,29,36,34,,,21,31,27,28,26,40,,55,45,33,,,31,51,,24,36,19,,25,,21,13,,,1,27,,,19,15,11,,,17,18,2,7,22,20,20,6,4,9,3,3,14,12,16,16,17,7,7,8,10,5,15,10,,5,7,9,,1,5,9,6,8,7,9,6,11,19,10,8,,,7,20,18,16,16,11,12,9,10,9,10,8,12,11,11,12,8,,,9,10,6,15,4,4,,17,12,16,,20,18,19,,16,22,16,20,16,22,30,,29,27,23,32,40,12,24,18,,25,8,4,3,9,16,,27,,56,,,,14,12,15,19,42,35,,30,,17,19,18,17,16,36,18,,25,21,26,,,24,22,23,,39,23,21,,,15,8,3,7,12,4,4,22,14,17,18,18,23,19,24,,10,21,26,19,17,,49,42,45,46,30,32,28,30,24,,28,30,33,18,25,30,24,24,24,27,29,,61,42,58,,57,39,43,41,,45,55,44,,52,30,30,45,38,,25,21,,22,22,22,28,,28,39,36,17,26,,28,14,8,14,2,6,18,23,25,30,11,15,,21,30,30,,27,23,,19,6,21,22,,35,32,36,10,4,14,14,,12,22,26,21,18,24,17,16,9,31,45,32,29,9,12,11,15,13,16,22,17,22,21,6,6,11,6,7,7,6,5,,8,2,5,2,40,38,42,42,11,17,11,17,21,18,20,26,24,17,21,19,30,60,30,51,41,27,21,21,,34,24,22,5,12,,,11,6,9,5,24,22,25,22,20,20,13,12,22,24,,,,9,12,,8,5,,,13,,,21,14,14,,,,,,17,17,28,22,6,,11,,8,14,7,11,12,9,,22,14,14,19,,,,,6,9,9,4,11,11,16,,9,8,6,11,18,,15,5,10,9,4,11,16,8,,18,22,26,25,12,13,12,8,9,,8,7,,6,6,,5,5,4,,20,,3,,,5,9,4,5,6,36,38,31,38,8,12,11,6,,14,18,,17,17,8,,21,19,,17,10,23,,19,19,14,23,,,25,17,12,,7,4,22,15,4,8,12,,9,,,26,19,28,19,11,13,23,17,13,,15,20,16,19,28,23,43,47,51,,,20,18,14,16,,1,16,22,15,4,31,39,32,53,26,27,61,41,,28,13,22,23,6,10,14,,34,,34,59,38,15,8,7,12,5,10,4,11,12,10,3,,,22,31,18,21,,18,20,24,23,,27,24,,,36,12,7,19,39,23,42,31,44,13,24,12,3,13,75,,28,46,,21,24,46,24,7,11,19,61,17,17,7,17,20,29,46,15,37,13,44,13,48,2,59,40,,17,22,17,9,,3,26,17,65,44,34,17,19,17,28,41,24,17,27,16,28,13,54,13,33,16,35,7,7,3,5,,,30,23,55,20,26,2,24,26,,10,30,21,21,27,16,67,65,29,,12,31,25,28,22,6,9,,6,2,10,8,8,8,5,4,18,13,4,4,6,7,43,26,8,22,7,22,28,52,25,31,31,40,40,23,23,20,4,32,17,28,25,33,26,10,19,28,29,5,63,29,29,50,15,12,23,13,35,24,29,46,44,36,43,39,46,32,6,14,6,5,7,12,11,6,7,18,5,6,7,13,6,2,,29,22,15,18,44,39,51,22,33,,70,56,61,58,7,7,9,,10,4,16,22,23,14,17,19,22,36,25,18,30,13,20,17,14,24,29,12,24,38,11,9,4,9,17,14,15,8,22,17,26,12,20,22,3,25,25,24,22,11,7,20,11,10,27,22,21,24,6,22,16,22,18,37,19,12,22,57,70,53,46,4,35,51,23,11,15,15,32,36,21,39,33,52,32,51,33,34,43,5,3,10,12,8,17,2,31,56,43,36,20,22,32,29,48,58,48,42,24,41,34,11,17,75,,58,48,69,57,16,15,29,5,13,9,16,29,30,13,40,29,18,23,45,17,15,6,9,16,7,9,12,,6,14,9,,34,6,9,18,11,13,17,25,21,13,8,9,8,7,54,33,73,21,,66,26,58,56,21,52,56,54,62,113,51,47,50,54,66,39,34,26,36,45,28,23,62,32,46,14,18,17,46,14,8,9,12,10,2,2,45,51,6,7,24,54,31,8,22,24,36,22,24,22,9,8,23,,20,35,32,50,13,23,24,22,17,51,75,58,52,22,35,26,18,8,11,23,14,21,6,,2,3,17,11,49,77,48,36,,5,20,3,5,5,12,41,29,2,9,25,42,24,54,53,17,4,6,20,2,3,,21,64,17,6,22,7,7,2,21,5,,32,51,60,44,8,12
20231004,7,PM2.5_24h,32,24,29,27,28,31,24,40,33,22,25,25,,,37,,35,31,37,,32,,29,33,,28,47,,38,46,52,44,46,56,34,,36,32,,31,,20,30,33,,38,,41,38,37,77,68,60,57,,65,8,,13,18,17,18,17,25,23,23,28,38,,28,32,32,37,26,25,,37,32,39,36,44,,,68,63,40,49,38,,21,22,,,19,21,19,21,,16,15,,17,13,17,15,15,,17,36,32,34,32,36,33,28,29,30,25,17,17,13,12,10,10,,11,13,14,16,15,14,13,16,16,17,19,19,14,15,14,8,11,8,11,8,,8,9,7,8,9,13,12,9,9,11,12,14,11,12,,12,12,11,13,12,12,6,10,7,8,6,22,,,,26,21,,22,24,23,,,,15,,10,10,13,11,12,13,12,12,18,,,,14,15,,14,18,17,16,14,,15,21,20,17,22,20,16,20,,16,,21,22,,16,18,,20,21,19,,19,17,22,19,10,11,9,,,13,11,10,18,17,16,18,,15,,,17,,9,12,,12,12,17,6,8,8,,24,23,26,23,25,22,19,16,19,18,16,9,22,18,15,21,18,22,,,14,14,16,12,,20,19,21,22,16,,25,20,14,,19,21,19,18,,19,21,19,26,19,,,12,12,10,13,14,15,22,21,15,21,24,22,21,20,,8,9,12,7,14,12,10,,10,10,7,10,8,10,11,10,9,6,10,6,34,39,,38,40,36,29,35,24,33,28,22,22,20,22,20,27,,21,16,19,24,18,14,21,15,28,31,30,24,,22,29,32,24,23,23,,22,22,20,19,,,28,24,25,28,27,26,28,20,26,25,24,,18,18,20,19,18,18,19,21,,11,11,11,12,5,,17,10,16,17,10,11,17,,,12,20,13,15,18,,25,21,22,26,,,25,14,11,20,15,18,13,16,24,17,12,,7,9,8,9,6,8,9,7,7,6,6,5,13,12,14,12,13,14,14,10,,16,14,11,14,,33,,37,36,,,,,29,,,,43,44,25,30,27,26,24,,19,9,8,7,8,14,10,12,13,9,15,,15,11,8,16,,18,17,17,16,16,17,14,18,14,,24,18,13,15,14,14,15,15,13,13,15,19,16,15,15,17,19,,,30,,27,29,31,27,30,,27,36,,,38,44,33,42,,29,34,40,,43,33,31,32,35,13,14,14,11,16,,,,,,,26,,40,31,21,32,18,14,17,10,8,12,,36,,,26,,29,26,26,25,22,21,26,22,,12,22,14,13,16,13,20,18,12,25,24,23,25,20,24,18,34,34,26,13,,15,18,22,,25,30,,26,28,25,25,22,,23,8,,,37,35,,,,19,20,18,17,30,37,,31,26,,48,55,,60,,36,38,40,,37,39,8,10,11,,21,17,21,21,19,17,,13,18,17,14,18,16,14,18,27,15,11,15,20,22,17,22,16,12,13,16,14,14,,15,12,6,,10,17,21,24,17,18,22,10,15,15,17,15,14,13,,15,14,13,,13,14,14,15,18,,14,17,9,,35,,34,29,27,32,,33,23,,,,31,,23,,28,,,,33,29,23,26,25,,,,4,7,3,6,20,20,,13,10,20,10,19,11,,12,,,5,8,9,5,3,28,26,29,30,11,9,14,16,23,34,26,21,24,19,10,10,19,22,20,24,,30,32,30,25,,8,10,8,9,20,27,29,20,,,,,25,25,,22,8,18,7,10,9,16,14,18,16,16,12,7,9,,14,14,,31,32,23,,13,16,,19,10,10,19,15,18,21,14,20,24,26,21,24,,,8,13,29,30,18,16,5,11,,18,7,24,23,29,,,24,,,,,14,,,,,,,,,,,,,,,,10,,,,,,,,,,,,,,,,,,,,,,,,,,,,,,,,,,,,,,10,26,23,22,20,24,28,25,25,,,,22,21,25,23,,,25,25,29,25,28,50,,53,54,30,,,29,39,,36,40,19,,24,,23,19,,,8,23,,,23,19,17,,,22,19,4,3,17,15,17,14,13,14,12,8,18,18,17,19,14,12,14,15,12,15,14,12,,13,17,14,,8,9,11,11,17,16,16,13,13,14,13,13,,,12,17,13,14,14,10,9,10,12,11,9,11,14,13,12,12,7,,,8,11,9,19,8,8,,16,10,10,,11,17,12,,17,19,11,18,16,18,23,,15,18,13,18,22,11,17,18,,20,11,11,13,10,12,,23,,36,,,,7,6,11,11,25,18,,19,,17,17,18,13,13,14,16,,22,22,23,,,18,22,20,,20,20,18,,,13,14,18,23,20,12,19,38,28,30,27,32,37,36,41,,13,26,28,29,29,,33,33,34,33,38,37,35,35,41,,43,47,44,28,31,31,31,28,22,30,24,,39,30,36,,33,28,33,28,,31,34,29,,36,26,28,32,32,,24,22,11,24,24,26,29,,32,33,38,11,16,,17,10,4,16,6,7,17,22,36,27,8,10,,30,24,25,,15,13,,14,9,18,19,,27,21,24,10,6,21,20,,20,27,25,32,26,25,30,30,7,19,21,19,18,30,49,48,52,56,44,46,44,44,50,5,8,12,10,9,8,11,16,11,12,4,6,6,34,34,35,27,12,15,11,16,19,16,21,22,21,17,19,26,26,47,34,25,19,29,19,22,,22,20,19,7,7,,4,12,7,10,5,17,13,19,18,25,22,15,20,15,22,,,,12,10,,10,8,2,4,6,4,,14,12,11,,,,,,12,13,14,14,13,,10,,5,9,9,11,11,9,,18,19,12,15,,,,,6,6,17,16,11,11,20,,8,9,7,13,14,,17,5,9,13,10,13,10,9,,17,20,15,17,11,13,9,9,12,,12,10,,9,7,,2,4,3,,15,,4,,1,4,7,5,5,7,21,23,21,21,9,12,11,8,,27,27,,14,14,17,,24,20,,23,18,22,,19,22,20,25,,,20,15,14,,14,11,18,15,6,13,26,,28,,,31,16,15,10,11,16,18,22,9,,17,15,15,23,28,35,46,53,63,,,25,23,23,12,,6,20,19,16,10,20,29,38,33,31,31,55,63,,25,12,16,16,11,16,16,,25,,30,36,25,17,9,10,17,7,8,15,16,10,13,5,,,31,23,15,31,,28,34,57,17,,19,10,,,17,15,12,15,25,20,22,12,22,15,20,18,13,16,56,,35,36,,22,24,35,31,13,15,18,37,14,23,9,21,14,31,31,17,22,18,32,15,31,5,34,26,,21,23,20,10,,17,28,15,42,20,23,12,14,12,25,25,22,14,44,13,17,13,34,16,30,17,35,7,8,7,6,,,34,17,30,15,19,4,22,15,,17,28,35,18,35,14,33,32,16,,15,32,28,33,29,5,18,10,5,7,10,8,10,11,8,6,17,19,16,11,13,7,23,26,13,15,6,14,16,16,24,31,40,39,36,26,28,19,23,25,16,28,25,29,28,12,21,31,26,9,42,35,31,45,13,11,19,11,22,16,18,37,33,31,31,31,31,28,7,14,8,6,9,19,19,9,16,21,10,12,11,11,12,22,,25,30,21,13,34,28,36,11,33,,28,32,35,32,7,9,10,,27,8,16,24,21,22,13,19,21,34,17,19,35,12,19,15,14,19,27,18,36,31,38,30,16,16,11,12,13,12,17,9,14,16,15,12,8,18,15,12,14,21,25,27,19,15,21,25,23,22,14,19,17,14,20,22,14,19,20,47,38,34,30,26,36,30,21,12,14,14,21,24,21,21,21,34,26,34,33,28,27,10,12,9,9,16,11,10,27,29,27,31,22,27,25,16,26,37,33,23,22,31,34,6,14,38,,32,41,44,31,28,28,17,22,12,15,13,19,23,13,27,25,21,24,25,17,24,22,11,14,9,9,10,,7,10,4,17,28,9,8,10,11,23,19,17,15,14,10,20,17,18,38,30,44,21,,63,29,30,42,30,33,39,30,64,76,64,46,54,50,50,43,38,19,24,26,18,24,43,25,34,16,12,21,24,15,14,11,17,15,6,9,59,81,8,7,68,40,21,18,24,21,33,20,27,26,15,12,20,,15,23,28,34,15,22,24,13,13,36,40,43,30,30,31,27,20,11,7,18,18,14,20,,6,6,11,24,34,58,34,28,,21,30,20,26,16,11,37,22,18,10,23,33,27,30,37,16,30,21,33,20,18,,16,43,18,14,25,13,10,17,17,6,1,27,37,29,35,19,17
20231004,7,PM10,10,8,11,17,14,11,15,26,10,15,11,15,,,47,,52,37,57,,48,,69,113,,79,85,,94,74,79,69,123,98,121,,87,98,,82,,29,48,53,,39,,93,79,85,147,107,144,135,,132,20,,21,26,19,38,35,46,49,40,70,35,,27,94,93,102,75,88,,112,103,106,120,79,,,95,127,72,54,72,,7,27,,,6,7,7,6,,32,21,,13,20,15,20,30,,12,44,37,51,48,36,61,25,51,53,56,18,20,14,16,19,13,,16,15,15,8,1,6,20,5,8,4,13,8,2,,11,23,18,17,19,19,,17,33,22,21,24,22,27,24,22,23,21,20,22,15,,36,34,24,35,21,29,15,14,17,10,13,66,,,,44,36,,46,53,48,,,,39,,31,24,31,29,24,29,29,22,30,,,,30,34,,37,35,28,39,39,,42,39,39,44,46,48,39,37,,31,,34,38,,30,23,,33,24,24,,23,26,28,31,15,19,28,,,25,17,18,45,33,43,39,,43,,,27,,20,21,,24,22,23,17,23,19,,44,32,29,25,25,40,37,30,39,36,39,34,46,34,34,36,44,44,,,38,40,45,40,,59,71,30,24,14,,32,24,17,,33,61,56,51,,63,78,61,54,36,,,46,34,46,44,51,,56,53,53,63,58,56,55,51,,24,22,18,19,24,21,22,,27,28,15,29,19,34,14,9,30,23,43,30,56,53,,61,71,42,42,49,44,46,32,44,56,43,57,36,48,,54,55,45,67,31,33,33,34,48,51,47,36,,31,41,56,33,45,28,,25,32,26,35,,,46,39,53,49,53,52,58,52,44,46,33,,28,30,31,22,18,43,28,55,,28,29,26,26,5,,21,8,13,18,9,12,15,,,19,14,9,19,11,,19,28,43,40,,,45,5,22,22,29,27,27,24,31,27,24,,12,10,15,12,45,12,7,15,6,7,8,7,19,24,27,23,21,19,18,16,,29,18,10,20,,34,,33,37,,,,,32,,,,49,49,51,75,80,43,29,,25,24,27,30,34,30,37,38,37,35,38,,20,34,23,11,,17,14,12,16,46,24,29,36,27,,30,27,30,24,18,18,21,7,10,4,18,27,12,10,38,33,35,,,90,,83,95,97,78,117,,103,106,,,94,88,94,92,,77,75,88,,70,83,75,63,53,51,46,44,29,48,,,,,,,69,,90,66,53,83,48,39,46,24,32,37,,90,,,55,,42,29,44,41,42,48,48,45,,46,53,36,35,53,42,51,41,31,46,34,35,34,11,25,4,33,37,46,24,,32,34,37,,35,34,,74,65,88,72,25,,28,6,,,99,81,,,,20,22,27,25,57,53,,51,72,,129,140,,140,,92,100,137,,97,77,8,17,6,,24,27,25,34,26,30,,27,16,22,13,21,20,30,21,38,18,16,21,9,22,14,55,10,18,26,35,36,22,,13,13,22,,14,16,12,19,21,24,20,14,10,23,14,32,30,30,,25,31,21,,22,26,21,24,25,,20,23,4,,53,,66,46,50,46,,52,52,,,,83,,71,,85,,,,87,36,60,33,45,,,,14,9,22,21,44,42,,22,26,26,20,25,31,,26,,,22,23,18,21,12,38,43,41,43,19,24,22,24,31,44,58,38,54,36,19,18,16,15,16,20,,38,45,35,38,,26,36,19,15,31,41,47,43,,,,,56,36,,29,35,18,20,17,20,20,22,15,12,11,18,18,23,,19,20,,25,35,52,,31,41,,42,13,14,14,13,14,19,13,21,29,29,31,31,,,5,27,74,70,81,42,9,11,,18,10,90,74,114,,,49,,,,,44,,,,,,,,,,,,,,,,44,,,,,,,,,,,,,,,,,,,,,,,,,,,,,,,,,,,,,,28,42,45,45,47,44,49,55,45,,,,75,96,72,64,,,61,92,66,83,71,68,,74,68,57,,,74,81,,60,48,60,,97,,100,39,,,27,26,,,30,31,24,,,22,19,17,16,38,47,44,18,9,11,9,12,6,8,14,11,9,6,18,8,15,5,35,9,,22,21,18,,7,14,18,25,27,16,11,28,16,17,15,13,,,19,18,19,33,15,26,7,22,16,11,11,15,18,16,22,17,14,,,14,6,13,3,7,8,,13,34,38,,31,24,34,,36,30,23,39,23,26,55,,53,60,62,75,58,40,21,26,,24,21,18,20,24,23,,44,,54,,,,22,21,17,41,55,48,,44,,30,24,30,32,27,45,36,,32,27,37,,,30,29,26,,44,45,30,,,19,20,15,7,12,16,10,38,26,26,17,20,33,36,29,,30,33,44,30,26,,69,56,69,59,45,50,44,42,49,,53,56,54,35,33,45,36,34,38,42,49,,100,80,66,,83,71,85,46,,84,86,61,,56,54,44,63,59,,36,35,22,28,46,30,66,,45,47,43,34,50,,47,47,6,14,13,5,34,35,31,34,38,37,,37,46,42,,30,32,,28,15,36,31,,54,43,43,31,12,15,26,23,19,33,46,16,19,32,21,19,34,37,69,43,55,18,14,15,18,18,29,38,23,38,30,6,12,15,18,18,26,18,21,,12,10,18,9,84,100,76,55,21,75,16,34,31,51,35,46,32,34,47,39,53,52,36,60,61,26,28,32,,82,32,32,12,10,,6,22,21,20,18,30,24,18,31,25,22,17,22,40,38,,,,17,19,,19,2,10,5,5,2,,28,18,21,,,,,,29,26,38,24,12,,17,,3,16,13,17,19,17,,17,27,21,23,,,,,22,11,11,8,25,28,20,,12,6,9,19,8,,20,4,30,21,15,19,14,14,,22,41,32,26,25,12,18,10,29,,20,13,,11,8,,3,11,12,,31,,3,,4,6,21,8,13,5,49,72,58,66,10,21,19,16,,27,22,,17,24,13,,26,30,31,35,24,19,,32,27,30,28,,,39,27,7,,8,14,16,19,5,34,54,,39,,,46,26,27,24,44,39,104,38,22,,22,33,28,61,59,72,182,137,138,,,33,26,32,9,,18,28,24,28,8,72,42,42,88,50,48,93,73,,70,26,34,30,20,22,22,,47,,44,90,37,20,19,23,14,25,34,15,23,15,18,3,,,48,58,34,41,,54,66,49,29,,29,24,,,68,32,37,36,46,24,75,51,75,18,32,19,12,17,121,,46,43,,33,41,59,32,19,17,18,95,23,36,16,27,37,54,78,17,46,21,88,24,75,12,95,50,,21,23,20,18,,27,62,18,71,53,53,29,36,27,50,76,41,51,50,20,22,27,77,23,44,21,73,10,14,12,10,,,24,56,91,22,39,7,44,41,,13,56,32,29,45,24,84,79,47,,18,35,23,37,31,16,35,,17,18,25,23,22,21,24,26,31,21,15,139,12,17,47,37,14,27,22,34,28,85,40,41,49,48,83,36,39,41,19,60,28,43,38,41,31,32,32,37,59,12,83,53,63,82,33,31,68,26,46,40,42,82,81,59,54,54,53,39,9,15,5,6,9,17,23,23,17,23,13,16,10,7,11,20,,31,29,20,47,68,56,85,41,61,,97,107,118,80,13,26,12,,11,4,24,32,26,18,19,31,42,39,46,34,46,23,47,34,30,38,50,17,31,63,18,19,14,22,25,34,26,17,41,23,47,28,22,31,14,34,35,46,44,52,17,50,29,16,39,39,28,37,66,47,37,39,26,30,27,22,34,113,104,96,76,9,58,81,83,24,25,28,38,45,33,66,66,63,62,102,45,53,80,12,11,33,13,20,23,12,41,56,55,47,37,38,90,44,110,85,62,89,44,50,61,22,31,112,,103,88,129,98,67,87,37,21,10,16,36,58,42,38,66,46,33,43,56,27,22,10,9,30,19,21,23,,26,17,26,,29,13,14,20,18,19,22,43,32,21,15,24,24,23,70,49,79,42,,90,81,104,103,63,86,107,100,78,180,73,96,100,116,111,75,87,56,76,94,41,39,91,58,63,21,30,16,75,20,16,15,17,21,14,19,148,150,13,9,47,130,67,85,42,55,70,36,41,34,29,13,24,,28,62,55,63,14,37,40,38,51,82,109,75,78,61,51,40,33,14,26,32,26,42,27,,15,,31,73,71,103,77,60,,16,39,7,11,18,31,63,58,9,5,52,90,25,111,76,35,8,14,33,5,7,15,53,92,25,12,26,13,23,15,40,6,6,46,95,85,75,20,28
20231004,7,PM10_24h,54,37,56,48,53,52,49,74,59,45,47,49,,,75,,70,63,75,,65,,70,60,,60,69,,85,96,93,81,91,90,74,,69,70,,60,,64,63,60,,64,,57,62,55,114,99,113,129,,112,31,,36,34,26,46,48,48,62,43,61,64,,61,64,58,66,59,64,,80,86,76,82,82,,,111,122,79,81,82,,38,39,,,41,41,38,40,,43,47,,43,52,42,40,37,,45,73,59,67,61,55,49,56,65,41,31,44,41,45,39,38,27,,38,39,45,29,26,29,36,36,30,34,34,33,26,26,36,23,24,21,22,25,,21,22,22,21,21,20,26,20,21,27,21,21,18,23,,28,31,28,28,25,27,17,18,16,18,14,42,,,,41,38,,41,40,31,,,,26,,24,28,26,22,25,25,21,24,36,,,,37,30,,24,25,22,21,21,,27,26,33,35,33,39,31,24,,21,,35,37,,40,31,,36,32,27,,29,32,36,40,19,30,30,,,30,23,21,36,35,31,39,,34,,,32,,30,30,,28,27,31,18,18,19,,50,42,46,45,42,34,38,34,31,26,25,22,35,25,30,29,27,29,,,38,34,40,38,,42,43,44,38,32,,37,39,18,,41,42,42,41,,42,57,42,52,27,,,30,35,34,30,32,41,47,44,40,41,46,43,47,45,,16,16,14,15,14,16,14,,14,14,15,13,11,13,12,13,15,14,20,14,53,54,,52,72,44,46,55,39,48,36,42,45,41,51,37,53,,36,37,38,58,33,30,33,32,46,49,52,39,,38,53,51,41,44,37,,35,39,35,39,,,48,45,44,47,44,44,54,67,43,40,36,,30,30,32,29,30,36,35,63,,24,24,22,23,13,,26,13,22,34,16,17,29,,,18,41,21,26,27,,37,34,37,41,,,39,24,23,24,26,25,28,27,28,25,18,,15,12,17,17,23,15,12,14,8,11,13,8,28,24,26,22,23,19,27,17,,31,29,22,26,,48,,45,44,,,,,50,,,,71,85,60,64,73,62,60,,49,16,16,16,18,17,23,22,24,23,25,,21,22,20,37,,41,31,33,34,43,33,29,31,34,,44,41,57,29,31,27,30,29,29,35,38,52,38,43,41,38,45,,,62,,55,60,57,46,72,,64,66,,,70,73,65,71,,52,55,82,,75,60,68,53,55,34,31,29,24,38,,,,,,,56,,76,57,46,66,36,34,37,16,25,25,,66,,,39,,36,34,41,46,45,49,51,53,,32,43,26,28,37,23,38,36,31,39,34,36,41,42,39,44,40,45,39,26,,31,29,35,,44,43,,55,52,63,58,30,,42,14,,,76,63,,,,53,50,52,56,44,44,,43,52,,81,80,,91,,74,77,93,,72,55,20,24,21,,39,46,46,54,42,77,,53,46,37,40,37,53,34,40,58,29,28,42,41,64,36,46,39,26,27,32,34,28,,26,18,22,,15,35,34,36,40,36,29,25,17,27,26,19,20,18,,17,20,21,,12,29,23,26,26,,27,26,13,,45,,51,44,38,42,,61,58,,,,60,,55,,49,,,,59,40,43,42,43,,,,12,11,16,13,33,34,,18,17,19,14,17,17,,18,,,15,14,10,12,5,39,46,42,46,22,28,25,27,34,39,44,39,42,32,20,22,26,31,24,31,,43,49,42,39,,21,26,19,14,39,44,50,42,,,,,54,46,,44,9,22,23,19,22,20,19,22,23,22,22,21,16,,26,23,,42,46,49,,27,35,,41,16,15,28,24,28,36,28,31,33,34,32,37,,,24,41,94,63,71,59,16,24,,31,23,79,89,98,,,46,,,,,34,,,,,,,,,,,,,,,,29,,,,,,,,,,,,,,,,,,,,,,,,,,,,,,,,,,,,,,20,38,37,39,41,46,43,50,40,,,,51,58,56,48,,,55,70,57,62,67,99,,106,90,46,,,52,62,,67,65,55,,73,,53,41,,,41,24,,,54,53,30,,,25,27,20,20,39,38,36,47,42,40,49,40,39,42,41,52,41,40,54,42,33,32,39,27,,51,41,27,,23,18,32,29,37,30,25,34,27,30,28,30,,,29,22,23,50,13,26,24,24,12,14,17,21,33,27,25,22,11,,,13,28,24,33,15,17,,15,28,28,,19,25,18,,27,24,19,31,24,30,46,,24,31,33,40,28,24,21,20,,20,39,34,25,17,20,,37,,43,,,,16,21,13,25,37,35,,26,,23,20,23,33,36,34,51,,38,29,43,,,29,31,30,,32,37,30,,,31,31,30,32,33,43,28,56,43,46,41,41,66,66,58,,46,47,49,49,49,,49,43,61,46,56,58,56,52,61,,66,67,62,45,51,53,48,48,43,55,50,,57,53,51,,56,44,60,42,,59,63,46,,42,48,45,50,50,,36,33,23,30,43,38,56,,50,46,45,36,34,,32,35,7,30,15,15,34,37,34,34,22,22,,43,39,44,,24,22,,25,14,29,27,,38,30,28,24,16,32,43,33,31,43,40,40,48,41,42,44,22,19,33,26,30,58,57,63,59,69,58,63,56,53,61,10,15,20,21,20,21,18,20,21,20,10,13,12,64,77,77,68,24,32,22,37,44,46,35,42,29,39,48,39,56,61,53,32,34,32,30,37,,42,32,30,17,14,,10,22,20,20,15,24,18,19,20,42,28,28,33,34,31,,,,22,23,,23,18,20,14,17,26,,23,19,19,,,,,,23,22,21,21,24,,15,,8,14,15,19,16,22,,23,26,19,25,,,,,12,14,24,23,22,20,26,,16,11,12,21,15,,23,11,22,13,13,16,12,14,,24,33,25,24,19,13,16,16,25,,21,17,,14,7,,7,11,12,,30,,11,,5,8,14,12,14,12,54,68,63,53,13,23,17,17,,56,45,,21,21,36,,47,43,30,42,45,48,,36,31,36,36,,,43,32,19,,21,31,20,23,6,37,68,,55,,,78,27,18,18,49,55,54,69,19,,42,30,33,83,87,102,156,174,147,,,64,48,57,22,,31,44,47,49,9,46,41,53,64,64,58,89,113,,63,33,26,23,27,37,29,,36,,47,58,38,23,21,19,49,29,23,44,39,21,26,9,,,65,49,31,64,,75,61,96,23,,27,16,,,41,33,35,24,34,33,46,32,42,20,34,33,28,26,96,,63,49,,33,48,47,41,39,26,32,69,20,42,24,41,32,64,52,25,34,39,62,21,58,7,68,40,,24,29,22,30,,40,74,28,45,25,40,19,20,18,58,57,35,40,67,19,23,31,47,35,49,19,69,14,14,16,16,,,36,41,65,21,32,8,33,28,,36,46,64,22,58,31,55,59,30,,41,46,45,47,45,21,41,29,15,22,22,21,25,30,29,21,32,41,28,62,34,30,26,40,24,21,16,24,22,25,34,51,61,52,63,44,53,36,41,45,32,53,45,59,34,30,36,45,53,20,68,71,80,83,21,23,40,18,29,27,24,58,52,41,42,44,40,40,15,20,14,16,16,27,29,23,25,27,18,16,9,19,14,35,,33,34,32,38,61,53,68,27,61,,48,70,75,62,11,15,16,,46,12,21,30,21,30,25,31,37,41,44,39,54,27,37,32,29,30,54,29,52,65,67,61,37,27,19,20,18,25,30,23,32,33,28,24,18,26,20,28,36,61,58,60,47,39,33,53,28,36,48,39,37,28,29,32,28,43,34,92,60,71,83,51,70,60,56,23,19,20,32,37,26,40,54,56,42,59,46,46,50,16,17,20,9,29,26,50,38,39,37,40,38,41,72,33,54,66,62,63,50,48,63,18,32,76,,67,70,86,63,58,71,24,52,21,30,28,45,39,38,56,37,37,44,42,33,34,30,16,27,24,19,22,,23,16,20,23,23,13,14,23,22,37,31,33,30,27,22,59,51,47,61,44,68,52,,92,69,66,75,82,67,87,57,98,135,108,113,120,109,109,101,101,43,47,66,34,35,70,42,49,17,28,24,42,30,26,21,25,28,19,44,186,188,16,12,96,94,53,61,42,47,63,40,42,45,33,21,26,,18,52,46,44,24,32,41,32,36,69,69,72,60,58,78,46,33,18,19,25,32,34,30,,18,14,24,106,51,80,68,46,,44,63,37,47,52,23,54,44,33,25,49,59,38,69,61,30,52,46,60,36,32,22,41,74,37,32,48,42,31,37,35,11,8,43,76,47,68,44,25
20231004,7,SO2,3,1,1,1,3,1,3,3,3,2,3,3,,,8,,4,6,6,,7,,6,6,,6,4,,7,2,1,5,4,5,6,,6,9,,5,,8,9,9,,10,,10,7,12,4,5,5,6,,7,3,,2,3,6,6,5,4,1,1,2,2,,4,9,10,11,5,8,,14,11,9,12,10,,,3,11,9,24,7,,5,6,,,8,6,4,6,,10,9,,8,6,8,8,5,,7,8,12,11,12,10,9,8,11,8,10,5,6,5,5,7,6,,5,6,4,5,6,6,5,2,4,3,6,6,6,6,8,4,8,7,8,8,,4,6,8,5,5,8,10,6,10,8,5,10,6,4,,8,10,9,9,8,11,6,6,6,6,7,17,,,,5,7,,6,6,6,,,,12,,12,7,12,12,8,13,11,7,9,,,,11,10,,8,6,3,12,17,,13,7,7,9,8,7,6,5,,10,,8,7,,9,4,,7,9,8,,9,6,9,7,7,8,5,,,7,7,6,7,5,4,6,,9,,,4,,5,5,,6,5,7,6,5,5,,4,4,3,4,2,6,6,6,6,6,5,5,7,5,5,5,6,5,,,5,3,3,4,,6,4,4,4,6,,9,6,7,,6,5,4,5,,4,4,3,7,4,,,12,11,11,10,9,,6,5,7,7,6,8,7,8,,8,6,6,8,7,7,7,,7,5,4,6,5,5,4,4,3,3,3,6,4,7,,3,5,10,4,3,5,5,5,3,6,9,5,5,7,,2,6,6,8,5,6,6,7,15,8,7,10,,9,4,5,6,,4,,6,8,4,7,,,6,3,11,8,13,9,4,7,7,8,4,,8,8,12,6,7,13,7,6,,6,7,6,8,6,,5,8,5,6,5,5,6,,,7,6,7,6,5,,2,2,2,2,,,5,12,4,2,4,5,7,8,2,6,5,,5,8,9,7,15,7,6,7,9,8,6,5,6,6,5,6,7,5,3,5,,5,2,5,6,,6,,7,13,,,,,66,,,,10,19,5,2,2,4,6,,10,7,4,6,9,6,5,5,4,5,7,,3,4,5,10,,11,10,9,14,206,38,6,4,47,,5,7,4,10,6,8,5,41,33,6,33,16,14,20,6,6,4,,,9,,10,11,17,5,12,,13,8,,,13,18,10,8,,10,16,17,,7,7,6,7,6,12,5,4,7,2,,,,,,,10,,7,8,7,8,8,6,10,4,7,8,,28,,,13,,10,7,13,11,9,9,14,8,,16,14,23,18,14,8,12,23,18,17,3,7,14,8,6,8,5,8,6,14,,14,10,8,,4,8,,11,12,10,7,5,,7,6,,,23,32,,,,11,9,14,10,7,8,,11,14,,13,12,,12,,,12,13,,10,13,16,19,10,,8,12,17,42,25,9,,13,6,8,6,6,8,6,13,10,8,8,6,6,11,8,5,7,7,7,9,9,7,,5,2,6,,4,5,5,5,5,5,5,4,4,12,5,8,8,6,,9,10,8,,6,7,6,6,9,,11,8,6,,4,,5,3,2,1,,7,6,,,,5,,5,,8,,,,6,6,4,6,5,,,,6,4,8,6,7,7,,7,6,7,6,4,3,,8,,,4,8,10,3,9,4,10,7,7,6,4,4,5,10,9,10,14,9,15,3,3,4,4,7,8,,6,4,6,7,,9,9,8,5,5,4,22,5,,,,,1,3,,1,3,2,3,3,3,3,5,7,2,2,5,8,6,,2,3,,7,1,5,,7,5,,6,8,5,7,5,6,7,8,5,4,5,2,6,,,10,4,44,41,42,4,9,5,,4,7,14,7,9,,,5,,,,,9,,,,,,,,,,,,,,,,8,,,,,,,,,,,,,,,,,,,,,,,,,,,,,,,,,,,,,,6,2,4,2,4,8,4,7,8,,,,6,5,7,5,,,21,38,20,25,25,9,,9,9,5,,,5,8,,10,8,2,,9,,9,8,,,6,5,,,6,5,11,,,1,4,10,12,14,16,13,3,5,8,6,6,9,10,8,16,12,7,4,16,9,7,22,6,,3,4,6,,7,5,10,10,8,2,5,6,6,6,7,5,,,6,11,8,11,11,8,6,6,4,6,5,7,3,1,4,3,1,,,8,2,3,1,2,6,,6,3,4,,4,4,5,,6,10,9,8,3,7,6,,6,6,7,2,3,7,6,5,,5,4,4,6,8,8,,7,,8,,,,7,12,7,5,12,14,,5,,4,7,5,7,7,7,7,,13,4,47,,,4,4,4,,8,,6,,,5,3,4,6,10,15,11,21,18,15,12,31,26,10,17,,5,26,111,19,4,,16,16,14,7,4,20,10,16,10,,16,12,19,1,5,2,4,5,,9,2,,9,6,8,,7,6,7,4,,3,4,6,,5,7,3,7,3,,5,4,8,7,5,6,8,,6,6,6,4,5,,8,6,9,7,6,6,11,12,7,8,3,4,,8,9,5,,8,7,,8,7,8,6,,7,6,6,10,8,14,19,6,8,17,10,4,6,6,5,8,4,6,8,6,4,3,4,3,5,3,8,7,6,6,6,4,1,2,5,5,3,3,1,,5,6,6,5,27,12,10,16,8,4,11,15,14,10,7,7,5,12,7,14,16,9,11,8,10,3,7,8,,20,5,4,6,3,,2,5,7,6,7,8,8,6,9,4,8,8,10,7,6,,,,4,7,,7,5,8,8,10,7,,9,6,8,,,,,,5,4,5,8,4,,5,,7,6,12,13,14,31,,5,4,5,5,,,,,1,1,5,4,3,5,5,,3,6,5,9,11,,7,9,5,12,6,5,4,5,,5,,6,9,7,9,4,5,14,,8,5,,7,7,,9,9,3,,6,,6,,6,7,5,5,7,7,5,11,10,14,7,6,6,5,,50,11,,11,6,3,,8,7,3,4,11,24,,5,5,2,3,,,6,4,2,,7,12,11,12,9,11,9,,9,,,9,8,3,6,6,5,3,4,6,,6,10,8,5,5,10,2,4,4,,,8,10,7,5,,4,6,7,4,8,2,10,5,7,5,4,4,10,,8,6,10,6,7,5,5,,5,,7,7,4,5,9,13,7,10,7,7,6,6,5,4,,,4,12,8,8,,7,11,20,4,,6,10,,,15,6,8,8,10,6,16,16,15,8,10,6,6,7,12,,5,4,,3,5,6,6,2,16,3,29,3,8,2,6,5,6,9,6,6,17,6,1,6,7,6,8,,8,8,7,6,,2,10,6,6,5,6,7,14,7,9,9,6,3,14,8,16,4,9,4,9,7,8,10,7,5,5,,,8,5,7,8,7,8,8,12,,4,6,16,8,12,5,8,10,5,,6,2,9,13,4,5,6,,4,9,11,7,12,7,7,8,3,12,8,10,12,10,11,7,9,10,7,7,12,14,5,5,5,8,6,4,4,6,3,6,8,8,21,9,10,18,5,8,2,2,15,6,6,9,9,6,3,8,13,4,4,5,9,9,8,9,2,2,7,5,7,8,10,6,9,13,22,13,6,7,7,10,10,3,,2,10,7,7,3,6,17,7,6,,15,8,10,23,10,11,4,,9,4,17,11,6,7,4,7,10,4,11,11,7,6,6,8,8,7,12,5,8,8,3,3,6,11,6,6,5,8,17,2,15,7,8,12,6,26,14,8,4,2,4,10,10,6,6,9,7,8,8,7,6,62,5,4,14,6,10,4,7,8,10,4,9,7,5,3,6,6,7,9,5,7,9,9,9,7,8,9,7,10,5,32,6,7,8,4,5,8,4,4,7,7,8,3,8,12,10,14,6,7,8,4,8,13,,14,12,26,17,30,35,7,6,8,2,8,4,2,4,9,4,6,6,8,4,2,6,4,4,2,13,4,,8,4,7,,8,6,8,4,9,6,6,7,6,4,7,16,9,9,8,11,7,9,,5,10,3,1,7,7,7,27,2,5,9,16,9,13,11,11,16,11,13,9,1,5,14,7,11,8,8,6,18,5,4,3,4,5,8,6,15,13,6,4,6,27,4,13,10,7,8,7,8,8,9,9,7,,8,4,3,20,8,6,2,10,11,12,27,17,23,8,12,7,6,7,5,5,8,4,4,,6,7,5,8,7,11,4,6,,3,3,3,1,11,14,7,7,8,12,5,12,6,8,3,3,3,3,3,7,5,8,4,9,10,5,9,4,6,4,4,6,3,7,12,14,14,8,8
20231004,7,SO2_24h,3,2,3,3,3,3,3,3,2,2,3,3,,,9,,6,8,7,,8,,6,7,,8,5,,10,5,7,8,7,10,9,,3,6,,2,,12,12,13,,9,,9,10,12,9,8,8,9,,9,3,,3,3,7,11,11,10,20,9,4,3,,7,8,9,8,4,10,,18,11,10,14,10,,,9,14,10,17,11,,8,8,,,11,10,8,10,,12,18,,10,8,14,12,9,,9,7,11,9,9,9,7,9,11,8,9,6,7,6,6,8,7,,6,7,5,9,7,6,6,4,6,6,8,11,7,6,9,5,9,8,8,8,,4,6,7,5,4,2,5,4,7,4,4,6,2,5,,8,10,9,8,8,10,6,6,7,6,7,8,,,,5,6,,6,6,6,,,,9,,6,7,10,8,6,7,9,7,9,,,,11,11,,3,3,3,7,7,,8,8,8,10,7,8,6,5,,10,,8,7,,8,4,,6,7,8,,9,6,9,7,7,9,5,,,8,8,8,6,5,4,6,,8,,,3,,5,5,,6,4,6,6,5,6,,4,4,3,4,3,6,6,6,5,6,5,5,6,4,4,5,5,5,,,5,4,3,4,,3,3,5,6,7,,9,7,10,,7,6,4,6,,4,5,4,8,5,,,8,8,8,8,8,7,4,4,6,7,6,6,6,8,,8,6,6,8,6,7,6,,7,4,4,6,6,4,4,4,4,3,2,6,4,7,,3,5,8,4,4,5,6,6,3,6,9,6,5,7,,3,6,6,8,6,6,6,7,11,7,6,8,,7,5,6,7,6,3,,6,6,4,5,,,6,4,11,5,7,8,4,6,5,8,5,,6,6,9,6,7,9,7,6,,6,6,5,8,6,,5,8,5,6,5,5,6,,,7,7,7,6,6,,2,2,3,2,,,3,9,5,4,3,6,5,8,4,7,5,,8,7,9,7,16,7,7,7,9,8,7,6,7,6,5,6,7,5,3,5,,5,3,5,7,,4,,8,11,,,,,28,,,,13,21,6,3,4,5,8,,11,7,4,7,9,6,5,5,4,5,7,,4,4,5,18,,25,16,16,17,24,24,6,4,10,,6,7,6,11,8,11,6,10,10,7,15,10,10,13,7,7,4,,,10,,12,12,16,7,10,,13,7,,,11,11,10,11,,8,8,21,,8,6,8,7,9,11,5,5,7,2,,,,,,,11,,8,10,9,9,9,6,10,3,5,7,,21,,,17,,17,9,12,7,8,9,11,9,,8,8,6,7,7,5,10,10,12,9,3,7,8,5,6,7,5,6,5,9,,7,8,7,,6,9,,9,8,6,6,6,,9,5,,,8,9,,,,16,15,19,15,11,11,,14,16,,15,17,,18,,17,13,16,,12,12,10,14,10,,7,10,11,12,13,8,,14,10,11,10,10,12,7,18,28,8,10,7,16,18,15,17,17,8,8,9,10,7,,5,3,6,,4,6,6,7,6,6,6,5,4,10,6,7,6,4,,6,8,5,,5,7,8,7,10,,11,8,11,,5,,2,3,3,1,,13,12,,,,5,,5,,7,,,,9,9,8,9,9,,,,6,4,8,6,5,6,,7,6,7,6,4,3,,7,,,4,7,9,3,9,4,9,8,7,11,5,5,11,11,7,9,9,8,9,3,3,4,7,8,8,,7,5,8,9,,8,12,5,5,6,6,6,5,,,,,4,6,,5,6,2,3,3,3,3,4,7,2,1,6,3,4,,2,3,,8,3,6,,7,5,,5,8,6,8,6,7,8,10,6,5,6,4,6,,,12,7,63,56,27,6,10,5,,8,7,10,7,9,,,6,,,,,8,,,,,,,,,,,,,,,,8,,,,,,,,,,,,,,,,,,,,,,,,,,,,,,,,,,,,,,6,2,3,2,4,8,6,7,8,,,,9,7,9,7,,,14,18,16,17,16,14,,15,15,8,,,6,7,,16,11,3,,6,,14,13,,,6,5,,,8,6,7,,,4,4,10,12,11,11,9,7,11,12,12,10,11,11,11,14,10,10,6,13,12,14,16,6,,5,6,7,,10,7,10,10,8,4,7,8,7,7,8,6,,,7,12,8,12,11,10,6,7,3,13,17,6,2,5,4,3,1,,,8,4,4,2,2,6,,6,5,5,,5,6,4,,6,9,7,8,1,7,7,,5,5,6,2,2,7,6,5,,4,5,5,6,7,7,,6,,7,,,,4,9,6,4,12,6,,4,,4,6,5,7,7,7,7,,10,5,11,,,4,5,5,,6,11,5,,,6,4,6,8,17,10,11,33,27,27,27,27,20,14,20,,9,8,22,17,9,,17,12,15,8,10,14,10,12,18,,19,20,24,4,8,3,5,7,,10,5,,11,7,9,,8,6,8,4,,4,5,6,,5,9,3,7,3,,5,4,7,6,6,8,9,,6,6,6,5,6,,9,6,9,7,6,6,9,10,8,9,4,4,,9,7,6,,7,7,,8,6,8,6,,6,6,6,10,8,14,18,6,8,14,10,7,9,10,7,10,3,2,4,3,2,9,11,10,11,10,9,7,7,7,9,4,1,2,5,3,4,3,2,2,4,6,6,8,13,10,10,10,5,5,7,12,7,9,6,6,5,11,9,27,25,23,31,6,7,5,8,8,,12,6,4,6,3,,2,6,9,8,8,8,7,6,9,5,7,9,10,7,7,,,,4,7,,7,7,11,12,12,9,,10,7,9,,,,,,6,4,5,8,5,,5,,7,6,10,11,10,18,,6,5,6,6,,,,,1,1,5,5,4,5,5,,4,6,5,9,9,,9,10,6,11,7,6,4,4,,6,8,5,9,7,8,4,5,15,,8,4,,8,7,,9,8,4,,6,,7,,6,7,9,6,7,7,8,11,10,12,9,9,7,5,,91,62,,12,9,4,,10,8,4,4,7,12,,5,6,3,3,,,11,7,4,,9,12,12,13,9,10,10,,12,,,10,6,2,6,6,5,4,5,7,,8,8,8,6,6,4,3,5,5,,,11,10,9,4,,4,9,11,3,6,2,12,5,7,6,6,8,16,,6,7,7,4,8,4,4,,4,,9,7,4,6,9,10,12,9,5,9,8,7,5,4,,,6,8,7,8,,7,12,19,4,,6,8,,,6,7,8,8,8,6,8,9,9,7,9,6,6,7,17,,6,5,,3,7,5,6,3,12,4,15,3,12,3,7,5,7,9,8,6,17,8,2,7,7,6,8,,8,8,7,7,,3,13,6,5,5,7,5,9,6,13,8,8,4,22,7,8,5,9,7,8,7,9,8,7,6,5,,,7,5,6,8,7,6,6,7,,5,11,25,6,20,6,8,7,4,,9,7,12,24,52,5,8,10,4,7,8,6,9,5,7,8,3,15,13,16,18,7,6,9,9,8,7,7,8,10,5,5,5,8,6,5,4,6,3,5,8,7,10,7,7,8,5,9,3,3,12,8,8,9,8,3,4,7,6,3,3,8,8,11,8,6,2,2,11,7,11,10,10,6,18,12,17,14,6,8,8,8,10,2,,3,9,9,6,6,7,14,6,8,,12,8,9,15,9,4,6,,9,6,10,10,6,7,5,7,11,12,8,10,19,5,5,6,7,6,14,5,13,8,3,2,16,13,4,5,5,9,9,2,8,8,7,11,6,9,7,6,5,4,4,11,10,9,4,10,6,8,8,6,6,13,6,4,8,7,7,10,8,15,11,5,10,9,5,2,6,4,5,8,5,6,8,10,10,7,11,10,6,35,5,16,7,8,10,7,3,7,5,5,6,6,6,4,10,11,12,11,7,8,9,4,8,8,,12,15,13,9,45,21,6,24,8,3,7,3,3,5,8,5,7,10,8,6,2,6,4,4,2,6,3,,8,4,6,9,8,6,7,4,8,5,7,6,6,4,5,24,13,21,8,13,11,15,,10,11,3,3,2,5,9,12,5,8,13,15,12,14,13,12,16,8,8,8,1,5,14,7,13,8,9,7,13,5,4,4,5,5,8,7,9,11,6,4,10,40,6,23,10,7,8,4,9,9,11,10,8,,6,4,3,3,9,6,5,9,9,10,9,17,10,10,9,8,6,7,5,5,8,4,5,,5,6,5,7,8,14,7,6,,3,3,2,2,15,12,8,7,16,17,6,11,6,7,2,3,2,3,3,10,8,8,4,19,9,6,9,5,7,6,5,7,6,9,11,13,12,8,12
20231004,7,NO2,14,1,10,15,22,14,29,12,8,6,9,33,,,32,,31,23,37,,28,,43,54,,46,38,,61,22,35,49,37,36,20,,26,49,,59,,28,80,34,,15,,51,56,47,57,42,63,76,,74,12,,7,11,11,29,30,42,40,20,33,30,,24,49,46,46,56,54,,27,36,36,28,46,,,63,71,49,60,31,,16,28,,,9,5,8,7,,14,14,,17,15,13,20,27,,7,15,21,15,26,18,16,16,16,21,14,31,25,16,17,20,15,,19,12,18,5,10,13,7,5,16,11,13,13,8,8,13,21,20,29,16,24,,25,24,27,19,20,25,21,24,17,22,15,20,20,20,,31,21,29,36,17,29,21,19,19,18,19,52,,,,55,30,,48,44,47,,,,18,,32,31,33,36,36,37,23,29,20,,,,7,21,,21,20,15,20,18,,23,36,29,36,34,42,20,28,,25,,48,27,,26,20,,27,24,23,,32,21,20,17,29,12,5,,,12,9,9,31,10,39,20,,28,,,32,,18,14,,10,10,13,6,9,9,,20,23,9,12,16,11,12,13,21,18,14,10,10,11,13,29,19,24,,,10,11,17,9,,28,34,11,8,10,,11,7,7,,9,58,44,58,,68,55,82,47,9,,,33,29,28,24,80,,25,29,23,36,31,25,41,22,,16,20,16,22,20,18,11,,19,15,12,7,6,8,5,6,8,8,3,5,59,38,,55,60,33,15,44,19,35,11,17,36,21,30,9,28,,17,21,11,37,11,29,7,16,32,51,42,32,,13,30,23,16,15,13,,15,18,11,15,,,16,14,27,20,19,18,16,17,34,51,17,,11,16,12,15,31,27,17,38,,14,15,10,22,7,,21,17,9,26,14,22,19,,,20,26,21,23,25,,11,13,34,17,,,18,10,4,11,3,6,3,14,4,7,5,,16,8,9,14,10,10,16,20,15,6,6,5,34,14,36,21,28,17,37,11,,15,13,17,20,,25,,16,21,,,,,27,,,,14,13,56,45,58,62,18,,8,9,8,10,9,8,11,14,11,13,9,,5,8,7,20,,11,15,21,16,28,16,35,39,25,,15,14,15,13,19,14,20,19,24,20,26,16,11,13,12,13,21,,,46,,47,64,61,41,31,,39,33,,,48,45,54,63,,34,49,34,,59,51,45,40,23,42,20,16,8,48,,,,,,,42,,31,31,28,49,47,45,56,7,9,24,,62,,,11,,6,9,13,22,15,12,16,12,,33,24,20,12,33,25,22,14,14,26,21,19,19,6,7,5,11,9,12,10,,14,6,10,,7,9,,14,17,20,19,5,,31,11,,,31,28,,,,16,15,14,21,34,39,,36,38,,37,52,,47,,87,74,67,,85,39,24,25,24,,13,18,23,49,24,20,,8,14,18,10,23,18,14,12,44,21,14,34,14,24,16,11,11,14,37,36,23,19,,5,4,10,,6,10,16,10,14,9,6,12,9,13,11,29,35,15,,30,18,24,,15,11,11,15,9,,23,12,3,,26,,28,21,15,15,,26,23,,,,31,,40,,39,,,,46,32,24,26,18,,,,18,22,10,17,19,15,,11,16,12,15,10,3,,17,,,2,10,19,2,2,5,12,8,13,7,6,8,11,12,28,27,23,27,24,6,6,8,11,18,19,,18,27,17,18,,9,18,17,12,11,11,8,12,,,,,9,9,,28,5,16,13,13,16,10,9,5,4,2,5,19,16,,14,18,,15,22,33,,18,22,,27,14,13,19,10,17,16,14,11,28,36,28,28,,,10,8,20,27,38,14,5,7,,5,2,35,26,10,,,39,,,,,32,,,,,,,,,,,,,,,,28,,,,,,,,,,,,,,,,,,,,,,,,,,,,,,,,,,,,,,12,26,11,21,,24,42,19,47,,,,20,28,23,31,,,40,51,43,58,54,25,,31,35,16,,,28,17,,36,32,36,,31,,20,13,,,17,11,,,9,9,11,,,9,5,15,17,15,12,9,16,9,10,2,16,20,17,17,15,16,10,15,10,24,10,37,35,,15,14,12,,15,22,12,28,15,10,13,8,14,30,16,13,,,6,11,16,14,5,3,5,15,4,3,6,4,4,6,5,8,2,,,11,4,5,2,7,6,,6,13,18,,22,16,38,,19,16,27,15,12,28,20,,16,17,41,15,16,14,12,16,,12,6,7,7,24,21,,21,,29,,,,24,15,15,14,30,28,,21,,19,30,23,9,3,22,8,,13,15,21,,,12,14,15,,17,20,13,,,15,3,6,6,7,5,8,19,14,18,14,12,22,15,17,,5,11,14,8,6,,5,9,7,6,15,18,14,24,31,,24,24,26,2,9,7,4,7,10,9,7,,41,25,27,,39,28,39,18,,19,28,46,,37,31,33,30,27,,18,19,16,15,30,23,45,,20,11,12,11,3,,31,8,5,12,3,1,17,17,24,29,22,26,,14,13,12,,10,3,,3,3,6,15,,11,13,16,4,7,13,9,7,7,10,12,3,8,10,9,8,5,10,8,7,7,10,13,11,10,11,6,8,9,10,7,4,5,2,5,4,4,8,5,,3,4,4,9,39,36,31,26,10,20,11,23,21,18,18,14,11,8,8,8,14,19,11,12,10,12,12,18,,27,7,15,5,6,,6,9,12,6,13,13,16,17,19,11,17,13,9,18,27,,,,5,8,,7,13,22,17,30,14,,28,10,8,,,,,,14,9,18,14,3,,2,,16,5,9,10,13,15,,5,2,3,2,,,,,2,3,6,3,4,5,5,,3,6,6,15,15,,12,8,6,12,8,9,10,12,,6,3,6,7,12,7,4,8,11,,5,9,,7,12,,9,8,16,,7,,10,,2,5,8,10,8,14,35,47,52,57,6,11,9,11,,5,8,,11,10,12,,18,15,28,22,13,12,,8,6,2,9,,,9,6,11,,8,16,9,3,12,4,14,,8,,,25,16,14,22,24,25,68,49,8,,15,12,13,5,7,7,40,46,32,,,19,11,15,4,,4,12,18,10,9,36,14,11,50,39,21,40,32,,37,27,21,20,23,24,24,,21,,38,25,16,6,17,19,8,13,27,20,20,6,20,5,,,36,21,24,19,,12,12,15,8,,24,29,,,61,18,29,16,48,26,42,28,50,18,13,25,14,8,48,,35,17,,9,12,21,18,8,9,8,66,10,32,19,7,9,40,34,31,17,18,54,7,46,16,58,10,,4,3,3,8,,10,29,30,28,20,22,12,19,13,16,31,27,18,25,19,34,36,44,7,31,18,47,8,6,12,14,,,19,24,49,13,29,3,21,22,,11,24,13,23,45,8,42,35,24,,24,18,14,7,12,8,8,,8,23,27,27,32,29,18,14,28,18,22,9,6,22,20,32,21,25,13,15,22,32,22,26,40,32,54,43,54,14,29,29,9,20,23,18,18,10,20,10,32,10,48,42,48,34,22,14,26,25,17,19,22,35,33,41,32,23,18,16,6,8,6,14,9,13,10,6,15,17,7,11,5,17,7,27,,16,17,16,48,48,38,65,22,39,,60,52,36,29,19,18,9,,20,10,20,17,10,9,10,22,13,5,26,11,19,24,22,29,20,28,12,6,12,45,7,5,13,15,23,21,17,22,34,14,36,22,17,24,24,12,13,19,15,45,4,44,14,8,20,9,7,7,33,13,15,14,8,11,9,15,10,24,56,27,41,8,26,31,27,9,28,30,22,29,24,42,22,27,27,52,35,38,51,9,9,12,4,16,15,23,32,21,19,21,26,18,93,16,62,36,28,38,24,64,39,23,32,43,,30,60,66,68,26,29,19,10,10,13,27,26,12,6,28,3,14,14,9,10,7,4,1,12,6,6,5,,19,8,27,,16,12,7,13,13,18,16,29,17,35,11,28,14,24,41,38,44,39,,47,47,61,41,24,81,55,43,22,57,30,47,41,52,50,37,47,48,23,48,29,31,39,22,25,16,8,14,35,35,14,16,20,10,7,22,10,14,13,7,38,43,25,14,6,26,10,30,8,23,17,16,10,,21,30,21,31,13,19,14,40,49,58,94,56,26,8,32,36,18,20,13,12,30,32,15,,16,4,6,13,28,22,14,21,,33,26,3,21,16,14,44,48,10,15,11,44,11,60,39,21,5,23,30,14,24,5,38,33,21,13,23,9,12,11,25,4,6,19,65,54,42,16,9
20231004,7,NO2_24h,25,6,25,23,32,27,25,33,19,8,30,29,,,28,,24,29,30,,26,,32,29,,38,26,,38,34,38,32,35,31,18,,28,36,,35,,32,66,29,,21,,32,45,29,46,36,37,54,,73,18,,21,21,15,34,29,32,36,14,25,27,,27,30,24,24,24,31,,24,42,34,30,55,,,56,63,59,67,42,,26,32,,,27,20,20,20,,17,20,,17,13,14,17,21,,7,20,19,19,19,16,20,19,23,21,15,26,19,18,17,16,10,,18,17,19,13,16,16,16,20,23,24,23,22,13,17,23,15,22,24,17,19,,22,15,18,16,21,25,19,22,19,21,19,21,19,18,,19,19,23,29,16,22,18,20,20,18,18,32,,,,27,22,,32,23,25,,,,19,,25,27,27,29,34,27,19,24,29,,,,20,19,,19,19,16,16,15,,20,28,33,31,36,35,14,19,,12,,27,22,,24,20,,22,21,18,,26,18,17,17,18,18,13,,,14,14,13,16,10,16,18,,15,,,26,,19,16,,9,8,9,7,7,7,,21,19,14,16,19,14,15,15,23,19,15,12,15,11,13,29,16,19,,,7,9,8,7,,11,14,13,10,11,,12,10,11,,11,13,24,30,,26,26,32,25,9,,,20,30,21,22,32,29,18,20,18,24,19,20,22,18,,17,17,15,17,14,19,14,,13,14,15,7,6,7,8,10,9,10,5,5,34,25,,35,39,20,28,33,18,34,12,17,18,20,19,21,23,,12,16,12,25,8,10,10,9,18,24,22,15,,11,32,24,13,11,10,,10,13,10,11,,,22,14,20,24,16,15,14,28,23,36,16,,9,10,14,12,14,17,17,27,,8,17,9,9,9,,21,15,16,22,16,22,20,,,19,29,18,19,24,,18,15,20,18,,,21,9,7,14,5,7,5,11,11,8,7,,17,8,12,13,15,14,16,14,12,10,12,6,26,21,26,22,24,18,21,14,,16,24,22,25,,39,,37,42,,,,,20,,,,40,30,55,50,39,48,37,,17,13,10,12,9,10,14,17,12,15,14,,10,12,9,24,,22,19,22,20,42,27,20,24,36,,15,14,15,14,13,15,18,18,17,16,16,19,19,26,11,14,11,,,38,,28,31,33,22,20,,25,23,,,34,43,37,43,,22,26,28,,40,34,30,44,24,16,13,11,7,26,,,,,,,21,,25,21,20,30,34,26,35,10,8,13,,31,,,7,,4,7,9,14,14,12,13,10,,12,12,9,9,15,6,10,9,10,15,18,14,17,7,6,5,16,11,12,6,,6,10,12,,10,10,,10,10,15,14,5,,22,10,,,26,21,,,,27,23,18,25,23,28,,24,23,,25,30,,27,,57,57,44,,55,22,18,23,19,,13,17,17,22,15,15,,18,22,12,11,10,14,11,23,38,13,14,18,18,25,16,16,13,14,16,18,15,13,,12,12,10,,11,23,29,23,19,24,13,15,9,15,16,21,27,11,,19,10,19,,8,14,16,20,11,,19,17,5,,27,,29,27,17,19,,23,20,,,,17,,24,,24,,,,28,18,19,28,16,,,,26,22,13,19,18,16,,9,16,11,13,13,5,,11,,,2,10,14,7,4,5,11,9,12,10,6,6,9,12,18,20,16,19,19,5,4,10,13,14,15,,24,27,26,23,,10,16,13,8,17,17,13,16,,,,,14,13,,12,6,13,10,12,13,10,12,8,7,7,8,9,8,,16,17,,29,34,30,,24,28,,32,12,12,28,18,22,31,24,27,22,30,26,24,,,13,12,32,25,36,27,10,13,,12,9,41,30,17,,,24,,,,,20,,,,,,,,,,,,,,,,15,,,,,,,,,,,,,,,,,,,,,,,,,,,,,,,,,,,,,,15,19,10,19,20,23,17,18,26,,,,20,22,23,30,,,30,35,28,28,33,40,,48,42,15,,,15,19,,44,40,38,,31,,20,17,,,11,10,,,15,14,14,,,10,7,10,13,13,11,7,16,18,14,12,17,16,17,13,17,12,13,17,14,14,14,19,17,,11,11,7,,10,9,12,15,13,9,13,8,16,21,13,19,,,17,14,11,20,9,11,9,15,4,8,13,6,19,18,19,21,4,,,8,18,10,2,9,8,,5,13,16,,17,19,18,,17,14,20,14,13,19,26,,14,17,25,19,15,13,13,16,,13,7,9,9,15,13,,24,,33,,,,16,13,12,11,17,16,,13,,17,28,23,8,5,7,7,,14,18,17,,,10,12,10,,13,16,11,,,11,4,9,9,13,7,8,24,20,24,18,12,16,16,16,,7,7,9,7,9,,6,11,12,8,12,10,12,13,29,,28,24,12,4,12,9,7,9,14,16,13,,26,25,25,,28,21,28,16,,14,19,24,,20,19,23,16,20,,23,17,15,15,14,11,23,,17,12,14,14,10,,18,13,7,20,5,4,23,28,26,25,16,18,,13,12,13,,9,7,,6,5,10,14,,7,11,12,10,15,15,9,10,9,12,12,8,9,11,12,11,6,12,7,8,10,12,13,11,10,13,9,11,11,10,9,4,6,4,6,3,4,9,7,11,6,5,7,11,27,31,25,29,14,12,13,19,19,17,18,12,11,8,6,10,12,16,14,13,14,12,11,18,,14,11,10,6,7,,8,6,13,12,11,11,14,15,19,12,18,17,12,12,24,,,,6,10,,8,14,24,22,25,25,,18,12,9,,,,,,9,9,12,9,10,,5,,8,4,9,6,7,10,,7,3,5,4,,,,,3,4,7,5,5,7,7,,2,6,6,10,10,,9,10,6,10,8,8,6,7,,6,7,6,7,12,9,5,10,10,,7,12,,8,11,,6,7,10,,6,,10,,2,4,8,8,9,11,37,48,54,45,7,14,12,12,,36,27,,10,10,22,,18,15,26,25,17,15,,10,11,12,21,,,18,16,17,,7,13,16,11,9,9,26,,23,,,25,20,13,15,25,24,37,33,9,,26,16,9,13,20,13,35,42,38,,,37,28,32,7,,15,21,25,18,9,20,16,23,46,35,19,33,41,,37,17,19,19,19,25,22,,27,,28,25,21,6,15,15,13,10,21,16,14,7,22,6,,,27,13,15,22,,32,34,33,7,,25,21,,,36,21,37,10,22,22,25,20,26,21,10,25,13,13,32,,26,19,,12,13,16,15,16,8,10,28,7,27,17,9,8,35,21,30,9,16,53,5,41,10,42,13,,5,4,4,11,,20,28,33,19,14,23,11,15,11,23,19,25,16,26,15,29,29,26,9,22,18,32,7,7,13,17,,,37,17,32,17,31,3,15,19,,19,16,15,19,46,8,21,17,14,,15,38,36,20,27,11,14,25,7,17,20,21,24,25,20,13,16,24,20,19,11,17,8,21,25,24,9,11,21,13,11,25,41,29,29,24,32,11,26,16,6,12,16,17,15,9,14,19,12,8,32,24,33,24,15,12,20,16,15,14,16,32,23,20,17,14,20,20,8,9,10,14,13,13,14,6,14,20,11,14,6,26,13,20,,18,15,14,24,42,27,33,10,28,,30,35,37,21,10,8,9,,16,12,22,30,7,11,6,13,12,8,20,12,16,21,15,20,13,15,15,16,16,35,16,14,22,13,18,12,16,31,21,7,32,27,17,16,17,12,11,15,19,57,25,42,24,16,20,9,6,6,23,10,11,7,9,15,6,14,10,23,28,24,42,17,28,48,15,10,20,22,23,32,20,20,16,27,18,22,24,17,24,16,11,15,4,20,19,12,20,19,14,22,21,18,50,12,31,25,23,27,18,32,36,12,24,31,,24,42,50,52,24,36,18,22,14,14,8,18,14,11,15,4,10,12,12,9,8,5,1,10,5,3,3,,15,9,25,13,17,14,7,6,13,19,18,21,8,24,10,27,17,22,21,24,44,24,,44,34,32,40,42,41,36,22,27,51,36,45,35,29,27,32,38,29,15,28,21,23,31,13,24,18,13,16,20,28,19,22,24,12,7,28,21,32,14,10,37,49,20,25,5,18,10,17,18,21,12,22,21,,13,18,31,30,15,16,12,29,31,34,49,40,22,20,25,26,26,26,10,13,23,22,16,,11,8,12,12,14,31,19,14,,17,31,11,27,23,10,22,25,23,25,17,28,12,26,35,18,16,25,31,25,28,5,21,27,15,14,21,16,15,8,20,6,6,22,40,20,36,15,17
20231004,7,O3,47,27,55,49,42,52,26,54,48,42,46,28,,,58,,69,78,62,,70,,39,23,,19,34,,17,50,14,33,41,42,134,,65,49,,39,,67,31,72,,75,,12,11,20,12,17,8,6,,19,38,,45,41,35,20,4,6,6,13,42,48,,54,30,14,24,,3,,36,32,40,40,24,,,5,2,20,13,5,,37,32,,,64,63,58,64,,54,53,,40,42,54,49,41,,40,90,84,104,87,114,120,105,80,86,105,25,27,35,39,35,34,,33,39,30,49,38,38,40,48,47,47,41,44,43,43,41,71,79,71,82,75,,80,69,63,74,28,42,43,31,46,32,49,53,41,49,,35,45,49,35,52,42,66,71,61,71,54,17,,,,,2,,18,4,5,,,,44,,40,46,40,43,44,44,44,43,54,,,,64,57,,52,45,52,44,55,,48,29,42,34,34,23,48,45,,45,,19,28,,52,35,,46,43,35,,38,54,48,47,59,81,88,,,72,73,82,28,71,42,56,,34,,,44,,66,64,,66,81,75,80,85,80,,59,53,65,60,52,78,83,18,36,34,46,43,43,37,41,22,35,33,,,54,64,46,71,,30,25,54,57,67,,57,63,70,,61,37,44,50,,24,36,31,44,86,,,58,62,73,70,25,,41,38,44,25,29,46,21,39,,50,38,49,40,38,50,55,,40,50,30,35,36,35,36,40,38,33,39,24,7,25,,9,11,24,43,21,14,9,27,29,14,27,27,48,16,,26,37,55,13,38,15,46,35,22,4,12,11,,44,20,8,45,39,34,,38,35,42,35,,,42,21,30,27,23,20,31,35,23,8,42,,30,21,36,15,15,6,19,2,,46,39,42,35,18,,3,6,17,5,6,24,12,,,12,7,8,12,9,,16,31,4,19,,,28,58,82,79,73,74,74,62,74,85,78,,26,32,26,18,28,24,34,27,32,40,47,38,14,27,4,28,12,32,,44,,19,27,36,16,,59,,60,57,,,,,54,,,,62,53,8,4,3,4,45,,40,30,37,45,37,35,32,29,30,31,35,,26,38,39,50,,68,50,53,57,42,51,14,15,40,,47,48,49,84,75,68,81,51,54,30,47,52,62,60,81,83,70,,,21,,33,12,10,19,45,,29,31,,,30,47,15,14,,38,27,38,,8,12,7,8,39,49,90,90,105,15,,,,,,,14,,30,38,50,7,8,17,16,116,108,90,,44,,,34,,39,24,34,86,91,94,80,80,,8,20,29,45,4,16,24,37,34,11,4,8,4,56,53,49,34,40,36,39,,22,49,46,,59,64,,60,55,63,56,28,,6,13,,,38,44,,,,44,40,43,42,19,13,,11,11,,2,6,,15,,3,9,6,,5,80,41,43,37,,41,42,38,15,38,40,,50,40,34,40,16,30,40,50,16,45,34,13,60,37,50,59,58,56,18,10,27,35,,40,42,39,,41,56,50,53,47,58,48,38,44,38,40,37,31,44,,25,33,36,,34,54,52,60,51,,47,48,68,,17,,1,11,14,19,,37,33,,,,18,,19,,7,,,,9,10,31,2,8,,,,8,7,12,7,35,29,,39,38,38,36,51,55,,21,,,22,40,28,22,63,55,50,51,50,18,47,,20,24,6,3,17,13,10,39,27,42,42,30,26,,33,15,33,13,,22,10,16,15,10,23,20,21,,,,,40,42,,28,24,9,16,23,13,18,38,38,29,36,39,10,15,,24,22,,3,2,2,,3,4,,3,35,26,21,29,25,27,32,36,4,4,13,15,,,105,88,56,53,39,65,54,55,,44,48,40,46,68,,,60,,,,,67,,,,,,,,,,,,,,,,37,,,,,,,,,,,,,,,,,,,,,,,,,,,,,,,,,,,,,,30,20,23,28,24,30,3,44,7,,,,39,29,36,31,,,12,2,26,13,5,41,,42,34,36,,,18,32,,24,7,,,5,,60,67,,,57,54,,,55,60,52,,,57,65,42,41,68,84,92,53,60,60,62,54,42,37,34,38,38,56,49,49,39,62,25,16,,40,35,43,,62,58,54,42,41,40,54,58,15,20,10,55,,,67,41,34,41,44,72,64,45,90,62,61,49,63,60,62,61,74,,,74,57,51,,52,50,,53,37,37,,35,38,15,,21,40,36,29,29,24,31,,30,32,15,36,33,29,51,52,,56,36,28,24,17,38,,27,,17,,,,24,34,28,14,15,24,,26,,21,25,18,87,81,74,92,,13,13,2,,,23,20,7,,21,3,7,,,43,28,34,32,34,29,15,6,13,11,16,36,36,44,41,,34,24,27,32,32,,66,58,70,65,44,43,40,34,2,,7,5,6,44,48,45,43,45,54,68,66,,,37,38,,29,38,27,52,,43,37,10,,6,13,28,29,41,,38,27,38,40,12,43,6,,23,48,34,23,24,,3,22,44,14,11,21,20,34,27,29,16,18,,28,42,29,,43,43,,32,24,27,24,,33,20,19,32,38,29,30,31,38,33,24,29,32,34,34,36,25,37,38,35,38,17,7,18,19,21,48,45,45,35,46,49,55,50,51,45,11,40,39,,37,26,35,42,1,,5,5,30,4,31,14,8,20,40,29,40,44,19,41,27,8,16,52,55,4,18,9,,7,22,9,75,69,,68,20,22,31,25,27,35,19,27,37,36,56,48,14,24,,,,22,22,,21,20,13,20,9,28,,4,25,13,,,,,,23,34,25,34,,,4,,21,28,27,24,22,25,,46,50,48,55,,,,,107,58,37,39,70,69,22,,63,17,13,33,30,,27,32,10,8,6,6,14,8,,48,52,55,49,2,6,31,21,4,,11,5,,21,18,,27,29,18,,32,,85,,24,22,44,47,50,42,4,4,6,6,31,26,23,19,,103,96,,40,45,80,,52,66,22,22,90,90,,51,57,74,71,,,63,69,51,,79,43,66,53,22,81,58,,53,,,24,28,38,34,61,47,6,14,43,,48,27,29,59,65,67,19,10,22,,,40,58,38,12,,78,43,45,36,30,21,47,39,32,57,44,40,32,,2,30,42,48,69,54,57,,36,,28,38,21,30,5,10,96,37,45,45,37,16,61,32,,,42,18,39,83,,56,58,57,28,,7,36,,,15,54,44,48,5,12,18,44,6,59,42,5,20,16,1,,53,38,,36,74,17,21,81,56,61,41,46,3,10,61,65,37,30,62,84,57,8,56,12,22,16,54,,65,67,65,36,,38,80,5,25,11,32,24,21,22,47,31,28,3,9,43,35,16,8,108,19,46,25,26,22,14,11,,,59,23,18,56,38,96,30,40,,75,21,44,30,22,40,14,15,26,,37,59,75,109,105,44,81,,78,68,67,67,60,55,78,76,7,44,46,71,54,48,40,7,74,48,68,47,40,41,11,18,13,25,12,15,17,16,2,33,49,40,28,32,7,31,26,44,31,22,23,48,39,46,38,58,16,43,52,27,27,28,22,1,19,40,26,20,56,59,59,68,12,14,17,24,8,23,23,16,50,40,39,,,21,25,40,38,27,29,44,64,24,,11,21,40,33,8,17,21,,51,48,18,27,32,37,13,16,14,60,2,44,13,52,44,36,53,37,73,64,57,25,56,47,62,39,37,32,35,73,31,26,50,46,43,36,46,64,59,,38,30,69,34,42,56,32,91,20,28,27,53,29,36,30,42,41,40,44,43,24,35,10,71,60,40,13,30,28,39,37,23,22,17,51,21,33,1,34,28,8,48,41,4,26,18,11,29,17,2,12,13,,11,11,82,11,44,32,21,64,8,43,83,45,41,,43,14,21,16,46,51,41,46,33,14,48,32,52,86,12,55,22,15,54,11,25,40,66,18,25,20,18,,73,22,16,,44,18,26,15,21,42,31,43,62,49,84,25,24,29,29,23,9,16,,29,6,4,12,56,2,12,32,30,5,37,21,22,24,18,34,15,29,25,10,2,28,4,24,13,9,18,15,25,9,25,37,16,19,70,43,66,64,12,66,28,4,36,68,21,30,85,30,56,33,25,81,79,,33,16,20,6,68,19,33,54,42,17,3,33,59,51,22,6,3,4,26,22,38,38,67,,36,53,76,64,12,9,38,24,,21,49,64,40,46,6,9,46,60,56,64,2,60,9,61,4,56,27,10,54,40,25,14,29,50,50,47,57,77,,24,28,39,33,45,12,40,46,102
20231004,7,O3_24h,161,148,165,159,161,174,155,164,157,155,145,152,,,152,,142,142,164,,162,,141,151,,142,139,,183,187,180,181,183,182,172,,155,159,,150,,157,153,154,,150,,160,159,158,187,175,175,169,,191,116,,118,119,122,140,135,144,130,130,154,160,,157,150,145,141,155,144,,168,167,179,168,144,,,162,144,143,143,120,,93,87,,,101,100,105,106,,142,138,,148,140,144,144,143,,142,152,153,156,146,155,174,165,151,149,153,129,133,137,140,142,144,,133,145,137,82,70,75,69,73,71,76,70,73,77,68,72,98,106,99,105,103,,105,113,99,101,75,74,79,63,69,60,68,77,76,82,,90,90,87,92,93,94,103,95,89,100,93,110,,,,115,128,,123,125,120,,,,86,,80,78,78,86,78,85,74,80,67,,,,74,86,,87,83,88,90,92,,93,88,92,96,83,101,98,106,,103,,115,96,,154,108,,138,137,132,,142,126,150,119,136,165,142,,,135,145,159,136,132,136,123,,128,,,93,,98,97,,125,129,125,116,127,122,,166,172,157,156,152,134,140,154,81,74,86,92,84,86,82,72,80,86,,,148,137,142,122,,147,131,98,105,107,,102,110,107,,104,140,133,129,,142,139,142,142,112,,,163,167,162,167,156,108,136,138,144,134,134,144,132,131,,60,54,61,62,63,58,65,,72,71,36,48,47,45,40,45,44,39,45,33,185,205,,198,205,224,167,198,138,200,151,186,180,170,183,115,151,,122,127,115,206,143,125,164,139,214,189,183,195,,181,194,180,196,209,181,,178,173,138,159,,,188,201,188,114,118,133,125,137,160,163,144,,99,112,109,96,90,105,81,94,,69,75,71,68,42,,36,27,54,50,35,56,39,,,28,45,39,34,88,,84,89,86,79,,,89,110,91,90,84,84,77,73,79,92,81,,68,66,70,72,73,70,74,75,69,75,71,71,100,94,106,95,97,91,101,91,,114,113,93,107,,59,,60,57,,,,,148,,,,162,151,119,99,131,132,110,,99,43,52,56,56,46,46,39,44,45,45,,42,48,54,117,,133,117,132,135,119,117,127,122,120,,156,165,163,114,113,110,107,172,170,178,170,154,181,169,169,167,171,,,135,,122,136,125,126,152,,147,148,,,154,165,155,148,,131,134,176,,126,129,125,124,138,142,150,151,151,139,,,,,,,143,,145,133,139,140,137,153,145,134,143,139,,188,,,113,,116,104,140,188,197,182,183,173,,84,66,78,76,92,82,102,109,114,111,102,86,97,131,129,118,69,71,72,93,,105,168,162,,159,169,,129,126,128,133,114,,121,60,,,147,144,,,,118,116,120,112,194,204,,198,212,,140,146,,157,,155,151,158,,156,155,110,103,116,,146,143,146,144,143,140,,150,143,152,144,147,147,131,138,130,143,129,127,155,166,164,150,158,134,133,130,129,136,,63,64,66,,65,80,75,75,78,88,72,77,74,92,82,73,63,72,,73,80,81,,73,80,72,76,74,,87,77,98,,122,,124,118,121,123,,177,170,,,,131,,137,,135,,,,145,142,133,93,93,,,,47,54,63,59,65,71,,55,48,49,53,60,71,,69,,,69,74,71,69,80,87,105,112,100,122,80,82,81,110,94,94,101,99,108,54,57,86,82,96,87,,64,65,62,61,,69,78,74,59,63,84,74,66,,,,,86,84,,87,60,64,60,65,67,61,86,91,96,96,84,81,84,,94,100,,58,74,85,,88,95,,90,69,87,77,84,78,80,84,82,116,112,112,106,,,133,120,164,148,153,161,86,93,,123,82,108,106,111,,,138,,,,,158,,,,,,,,,,,,,,,,131,,,,,,,,,,,,,,,,,,,,,,,,,,,,,,,,,,,,,,44,91,81,88,89,119,120,120,119,,,,133,136,135,134,,,138,125,129,132,131,166,,168,165,105,,,102,122,,147,140,93,,94,,140,146,,,122,67,,,134,131,124,,,91,92,84,86,137,134,126,142,132,133,129,137,151,135,140,149,138,157,139,146,136,139,126,131,,135,137,156,,103,103,104,98,139,131,110,112,106,108,113,75,,,80,73,75,76,80,76,80,68,106,77,72,81,75,68,76,68,89,,,97,75,76,,88,89,,77,99,103,,97,101,105,,94,92,98,92,85,110,115,,51,53,60,56,52,56,78,86,,85,106,101,61,81,80,,96,,96,,,,67,73,72,69,112,111,,67,,63,61,57,132,129,137,133,,88,89,87,,,98,93,108,,113,109,110,,,142,83,98,90,82,90,58,41,42,47,44,104,106,120,109,,126,125,123,128,122,,86,101,101,105,108,111,103,109,79,,82,78,86,100,110,105,107,114,119,144,139,,160,150,153,,144,138,136,127,,141,146,131,,129,149,148,145,144,,127,149,122,134,115,118,117,,114,115,111,42,46,,41,40,67,90,87,100,93,91,95,96,44,47,,99,94,101,,78,79,,53,43,54,54,,91,89,86,36,39,44,63,59,65,65,60,45,58,58,53,52,44,54,50,52,48,93,98,97,96,90,113,88,106,98,84,56,59,50,54,51,42,58,56,35,61,46,62,59,162,167,148,136,76,87,75,108,116,88,117,131,124,123,110,127,122,144,142,101,114,81,88,87,,94,85,92,75,73,,73,76,71,65,72,71,75,69,74,90,90,102,91,105,99,,,,43,44,,39,47,34,40,36,32,,72,76,66,,,,,,82,84,86,86,31,,48,,62,64,68,64,62,69,,96,98,95,98,,,,,107,66,98,97,71,70,75,,81,53,54,72,78,,53,53,47,50,40,39,41,37,,60,56,65,64,77,72,44,62,64,,54,46,,48,60,,58,59,56,,69,,118,,46,44,69,77,79,77,132,122,117,119,52,66,57,99,,103,104,,74,76,112,,127,133,82,84,114,121,,93,91,78,74,,,63,76,58,,90,64,77,60,62,91,147,,143,,,107,67,64,58,124,121,117,110,89,,112,95,93,96,101,104,106,105,102,,,89,87,87,61,,86,116,114,87,77,118,180,205,159,147,146,185,168,,100,137,83,81,148,82,88,,96,,162,154,84,77,64,62,116,81,99,143,140,37,79,61,,,158,161,134,152,,151,156,158,52,,89,89,,,108,77,78,104,124,128,132,120,111,74,98,32,44,69,142,,145,139,,121,172,88,82,105,121,92,191,55,95,95,112,126,146,137,73,159,114,128,67,128,66,146,98,,79,78,75,64,,112,151,24,132,86,100,67,69,70,165,140,103,35,81,63,81,89,140,128,128,82,166,73,43,71,68,,,59,117,151,86,119,118,71,77,,116,150,101,79,147,146,133,160,74,,154,71,77,109,105,81,116,78,107,98,124,104,100,99,97,108,128,125,131,143,126,114,85,127,89,93,105,100,79,91,131,167,187,179,236,215,211,133,185,172,109,168,170,158,104,126,175,189,134,118,144,167,147,147,74,98,109,84,114,64,68,140,147,137,141,116,127,133,80,81,81,84,39,37,42,34,73,50,30,37,53,47,39,75,,84,83,103,152,171,132,201,156,164,,124,154,158,131,66,83,82,,160,62,87,90,52,64,78,93,109,104,108,124,142,96,145,132,134,143,131,87,110,164,142,148,129,124,84,79,71,89,86,82,84,71,80,98,98,124,83,109,122,133,110,116,92,122,159,170,107,115,117,128,146,111,156,159,97,206,151,174,174,162,155,152,166,144,120,76,64,71,97,96,63,138,144,143,139,143,146,144,138,73,96,22,42,71,62,142,85,85,93,81,88,94,144,146,130,159,156,126,140,140,140,140,155,170,,154,156,166,147,140,146,67,161,82,94,125,137,146,167,155,102,118,116,100,90,105,84,80,62,60,57,55,,110,85,63,94,75,30,67,62,65,113,114,140,138,95,119,113,119,129,213,207,167,120,,193,158,154,150,142,156,165,157,177,176,182,199,196,191,188,187,184,146,119,124,118,140,164,138,96,29,60,43,131,113,99,96,111,53,102,120,114,117,72,73,156,153,134,141,109,178,142,214,201,201,123,82,79,,76,118,120,128,84,86,86,155,166,151,153,189,148,139,103,96,89,51,48,51,144,143,174,,72,72,131,102,106,136,168,110,,163,174,147,162,118,71,155,138,116,77,140,142,103,158,152,123,165,154,147,106,100,79,116,168,123,70,108,73,153,147,104,63,59,70,198,124,175,160,102
20231004,7,O3_8h,31,42,39,12,25,36,12,51,64,57,16,21,,,54,,79,74,61,,74,,58,42,,25,40,,28,45,26,48,50,51,130,,30,55,,45,,77,44,83,,76,,27,17,28,25,23,23,14,,33,44,,52,43,48,39,15,20,17,42,38,34,,49,52,46,51,45,36,,48,17,44,44,10,,,12,2,8,6,5,,46,42,,,66,67,63,66,,62,62,,49,59,63,61,58,,62,131,131,132,126,142,138,142,110,117,129,34,38,34,45,47,34,,34,28,26,58,52,50,50,58,56,58,51,56,51,52,52,79,82,74,86,79,,86,82,71,77,30,35,40,26,36,29,33,42,32,50,,43,53,53,43,56,48,72,74,65,66,59,25,,,,29,24,,30,21,28,,,,45,,43,41,43,40,40,47,51,37,52,,,,57,54,,48,47,54,46,53,,48,21,31,33,12,20,51,48,,50,,43,42,,51,45,,48,43,35,,43,55,49,48,78,83,86,,,69,78,82,52,83,71,66,,45,,,41,,67,64,,79,89,84,79,85,80,,72,69,72,69,59,66,80,17,32,35,42,42,38,41,43,26,41,38,,,77,83,73,89,,53,44,52,56,65,,55,60,65,,59,108,66,71,,61,59,86,73,100,,,76,57,88,84,69,,63,64,70,55,57,67,47,63,,54,44,53,53,54,50,54,,55,53,31,40,39,40,36,40,40,35,41,26,33,36,,27,23,51,31,39,27,7,64,43,42,44,47,51,35,,31,29,44,42,56,44,47,55,48,30,37,37,,57,29,17,62,59,47,,51,53,54,53,,,52,29,41,26,22,18,66,43,31,23,54,,39,37,41,35,38,22,25,13,,52,30,43,47,28,,4,9,10,8,7,25,12,,,15,13,14,14,8,,32,39,31,31,,,39,70,82,82,74,74,74,69,73,87,78,,24,37,25,21,26,22,47,45,49,44,53,46,26,21,17,22,22,35,12,20,,31,14,26,17,,23,,27,29,,,,,76,,,,61,48,23,10,35,29,67,,53,30,40,45,41,34,31,28,31,30,32,,25,37,40,56,,65,60,64,55,30,48,38,27,38,,84,88,85,59,67,63,47,65,70,50,58,63,71,69,90,89,84,,,23,,42,25,26,38,68,,56,45,,,41,34,24,21,,39,50,50,,16,21,27,10,38,87,94,107,103,38,,,,,,,39,,29,54,84,27,12,46,32,116,109,110,,65,,,50,,56,40,42,105,110,100,107,104,,34,39,46,50,26,50,40,49,46,26,10,7,7,82,80,71,28,36,29,47,,36,50,49,,81,89,,86,81,83,84,44,,13,8,,,53,63,,,,40,44,51,48,42,47,,45,48,,18,24,,33,,3,15,11,,11,110,55,58,51,,73,74,78,63,65,77,,66,52,66,52,60,56,80,63,53,85,71,60,64,45,59,65,63,64,48,41,45,54,,42,45,44,,44,67,65,63,56,65,47,46,48,51,50,50,45,53,,44,54,34,,33,69,62,69,67,,74,64,87,,35,,9,18,23,27,,44,41,,,,38,,37,,16,,,,37,38,46,2,14,,,,10,7,12,10,42,34,,47,38,42,36,39,54,,32,,,22,44,45,23,73,60,59,57,61,28,51,,31,22,20,5,29,16,10,42,36,41,43,45,37,,45,49,50,37,,25,11,20,25,9,22,22,20,,,,,23,33,,33,30,22,28,29,25,27,38,38,30,37,40,25,29,,9,15,,5,6,11,,3,4,,3,32,22,12,16,12,13,20,15,23,27,32,28,,,103,96,56,60,49,55,70,70,,65,63,11,27,54,,,71,,,,,79,,,,,,,,,,,,,,,,85,,,,,,,,,,,,,,,,,,,,,,,,,,,,,,,,,,,,,,30,27,31,26,20,46,42,54,40,,,,38,33,30,26,,,27,16,33,34,20,41,,26,39,45,,,38,24,,15,5,1,,4,,76,75,,,66,55,,,55,62,60,,,63,66,33,36,77,81,91,61,61,62,62,62,70,61,66,60,53,62,57,54,55,59,49,39,,47,39,54,,84,85,72,75,51,46,60,65,38,47,31,67,,,75,43,38,42,37,59,65,46,82,59,54,57,62,52,65,60,72,,,68,68,63,,56,56,,59,30,29,,21,19,21,,40,42,50,39,21,37,27,,38,41,27,39,41,39,47,49,,54,45,39,30,30,41,,25,,11,,,,28,32,32,18,11,26,,37,,35,29,31,95,93,101,99,,14,15,8,,,19,19,11,,22,3,12,,,61,34,33,33,35,29,23,4,12,8,14,43,46,53,52,,35,32,31,32,31,,59,59,63,68,60,60,54,54,1,,7,5,8,45,50,47,44,47,34,39,46,,16,57,57,,34,50,40,65,,63,55,46,,31,19,34,32,33,,55,48,53,57,45,57,25,,40,47,43,26,21,,12,24,53,7,11,16,17,21,27,24,19,25,,45,59,47,,50,49,,30,32,35,35,,32,28,23,21,27,28,29,31,34,31,28,33,44,45,40,40,31,44,44,40,43,26,23,29,27,27,51,51,49,47,52,52,56,48,50,49,14,41,36,,37,23,35,38,5,,10,4,28,20,32,8,8,15,48,33,47,49,27,40,36,18,23,34,28,6,21,13,,15,16,10,63,71,,70,27,28,35,28,36,39,32,35,36,40,50,44,22,31,,,,24,23,,22,26,27,29,22,27,,26,33,19,,,,,,38,44,41,46,,,5,,32,28,27,32,30,31,,53,56,54,59,,,,,72,62,38,38,63,61,25,,68,18,16,38,35,,34,38,17,6,8,7,16,11,,47,51,57,50,4,8,32,23,9,,14,7,,22,22,,40,40,36,,43,,85,,34,33,45,62,61,58,4,3,3,4,35,23,21,11,,60,61,,47,56,85,,54,69,10,14,94,97,,54,58,63,53,,,45,53,47,,83,55,69,45,25,71,35,,32,,,36,18,48,39,58,55,36,33,46,,61,35,30,71,70,61,11,12,20,,,27,37,28,13,,77,52,54,47,36,34,64,39,25,51,58,53,36,,2,45,36,53,77,54,56,,23,,42,40,34,31,6,8,99,34,40,56,46,18,64,37,,,44,58,45,83,,60,60,54,31,,27,39,,,14,53,41,54,34,26,41,58,20,53,47,10,22,9,13,,47,50,,32,98,30,41,85,57,66,67,48,6,7,60,81,46,45,67,99,57,8,54,14,31,40,38,,65,66,66,46,,46,86,5,52,21,37,32,32,28,50,53,33,9,8,50,27,11,10,103,31,45,25,27,26,12,6,,,27,24,30,73,52,99,44,41,,88,42,50,37,17,57,42,55,38,,42,26,34,91,85,37,90,,88,77,78,77,73,68,79,82,12,51,49,78,59,55,43,20,63,48,70,56,37,47,30,24,29,27,36,32,38,37,31,52,66,55,44,47,7,41,45,51,74,35,35,62,41,50,52,61,32,44,38,35,35,30,42,51,48,42,17,39,62,69,62,71,6,17,18,19,11,28,21,18,46,22,35,24,,32,43,43,72,21,48,65,93,34,,28,35,24,44,18,30,28,,98,48,24,15,28,35,44,32,15,69,4,52,14,55,56,41,65,60,59,63,60,40,54,54,66,56,41,38,48,67,38,35,55,36,42,43,64,71,56,44,48,37,72,56,52,59,24,111,25,41,37,62,52,45,32,36,47,51,43,50,43,54,8,92,59,28,32,29,41,52,40,11,32,57,60,40,53,43,64,57,15,43,52,5,33,21,13,51,25,10,22,19,10,21,25,112,30,51,39,36,75,26,37,91,63,59,,42,32,32,25,51,51,39,33,31,8,75,42,61,86,39,62,38,32,33,21,27,42,67,19,30,30,27,,81,18,23,58,49,10,28,24,22,45,51,48,86,52,86,36,29,47,57,37,13,33,,15,13,27,10,28,26,19,72,52,10,48,31,34,45,45,30,29,48,35,36,14,26,10,48,9,12,16,19,46,10,14,16,10,23,84,59,65,51,13,69,38,4,33,81,35,49,103,52,55,48,41,77,71,,47,31,17,13,70,41,28,69,67,23,16,45,74,40,39,12,3,7,30,30,42,42,78,,42,60,81,70,30,13,53,32,,42,45,53,13,48,12,36,71,59,56,45,9,59,41,43,6,71,11,6,61,53,33,36,39,57,62,55,64,82,51,12,33,46,49,40,35,50,86,77
20231004,7,O3_8h_24h,31,51,39,12,25,36,12,51,83,68,16,28,,,61,,83,74,61,,80,,70,63,,26,51,,39,45,32,55,52,55,130,,31,70,,76,,93,48,100,,90,,34,20,37,36,25,43,29,,43,52,,61,43,57,49,33,25,33,74,46,57,,71,60,59,59,65,47,,50,17,56,45,10,,,28,3,13,6,5,,50,45,,,72,73,67,70,,85,77,,77,78,74,81,74,,95,138,139,137,133,147,143,154,118,122,133,49,53,49,56,60,52,,51,46,47,69,60,58,62,66,64,68,62,65,59,59,65,86,93,78,97,94,,91,95,83,83,30,38,51,26,36,40,33,47,32,55,,64,69,61,48,62,65,73,75,66,66,60,45,,,,53,50,,45,43,60,,,,45,,51,48,53,49,49,54,64,37,52,,,,57,54,,48,47,54,46,53,,48,21,31,33,12,20,52,52,,56,,47,63,,56,49,,52,44,43,,44,55,50,48,88,91,86,,,69,80,96,94,101,102,88,,83,,,67,,68,64,,91,94,93,82,91,87,,86,86,82,88,66,66,80,22,32,47,50,45,44,41,50,27,56,48,,,106,103,95,107,,66,53,52,56,65,,55,60,65,,59,135,72,75,,70,69,100,94,107,,,96,97,95,89,110,102,77,76,86,79,75,79,80,82,,58,51,58,57,63,50,60,,68,58,32,42,42,40,36,41,41,35,41,28,58,61,,54,39,73,31,67,47,7,107,70,76,65,62,62,49,,32,36,44,66,67,53,58,71,69,60,64,62,,74,57,56,68,70,67,,63,69,60,69,,,66,52,68,30,35,34,85,49,52,47,62,,50,57,55,49,52,55,30,21,,57,30,44,51,33,,7,10,10,8,9,26,13,,,16,15,17,14,8,,51,42,40,36,,,46,75,82,82,74,74,74,70,73,88,78,,24,41,28,24,26,25,52,55,57,47,58,54,32,21,25,22,25,36,17,20,,44,14,26,21,,23,,27,29,,,,,87,,,,61,48,82,20,73,81,82,,62,30,40,45,42,34,36,30,31,32,33,,27,37,41,59,,72,70,72,55,41,48,55,40,46,,135,148,137,61,69,64,47,99,113,84,66,77,86,85,95,91,88,,,32,,56,28,32,54,86,,76,60,,,42,34,26,28,,48,56,63,,28,48,42,16,42,99,94,116,103,57,,,,,,,73,,34,77,98,59,14,58,52,116,110,116,,124,,,62,,73,59,66,126,130,118,130,124,,56,59,60,55,47,61,59,56,60,38,18,8,10,106,107,98,28,40,31,53,,39,50,59,,116,123,,110,120,113,103,65,,23,8,,,58,69,,,,40,48,73,62,75,60,,70,70,,42,35,,46,,6,30,12,,38,128,69,65,54,,125,118,130,116,111,124,,93,96,96,90,96,79,122,70,85,123,104,96,73,72,68,72,70,76,76,75,61,75,,49,54,53,,53,74,71,69,71,69,50,54,52,59,58,62,52,63,,59,66,62,,40,80,68,74,72,,86,77,94,,54,,12,20,45,40,,56,52,,,,59,,58,,28,,,,62,61,64,2,17,,,,11,7,13,11,43,38,,53,42,45,40,39,55,,37,,,22,46,52,25,76,68,72,70,76,35,61,,38,22,32,7,41,23,14,47,43,41,44,48,40,,54,58,58,52,,28,19,21,32,9,26,28,21,,,,,23,34,,38,33,26,32,30,29,30,39,40,33,39,40,39,44,,9,16,,7,15,28,,3,4,,3,36,22,12,16,12,13,20,15,36,35,40,36,,,103,98,56,68,66,60,86,93,,76,75,11,27,54,,,81,,,,,82,,,,,,,,,,,,,,,,94,,,,,,,,,,,,,,,,,,,,,,,,,,,,,,,,,,,,,,30,30,52,26,23,54,67,60,52,,,,54,35,46,46,,,36,25,52,41,30,42,,26,43,50,,,50,36,,15,5,1,,4,,87,90,,,68,55,,,55,63,65,,,65,68,46,52,83,81,91,64,61,62,62,63,111,92,106,94,70,72,67,60,64,68,60,46,,52,45,78,,97,102,82,94,61,55,67,71,52,59,49,72,,,78,44,39,44,40,68,80,60,101,60,54,59,65,52,69,60,73,,,68,74,68,,62,62,,60,35,51,,34,19,36,,48,64,66,56,21,51,33,,49,52,34,55,49,52,47,52,,54,54,50,33,42,48,,25,,11,,,,36,32,34,22,19,42,,40,,52,41,47,102,103,115,114,,17,17,12,,,24,24,18,,23,4,21,,,88,34,33,33,35,29,28,4,12,8,14,59,55,66,59,,39,37,34,35,34,,59,59,63,77,83,85,80,82,3,,12,7,20,45,53,50,46,50,34,39,46,,58,71,73,,46,60,55,84,,74,71,65,,56,32,51,38,34,,69,70,63,62,62,61,38,,48,54,46,28,28,,27,26,60,7,16,16,20,21,44,27,24,33,,54,66,60,,52,51,,33,35,40,45,,32,36,32,34,36,28,36,33,34,36,31,44,58,55,53,52,33,47,46,43,46,40,39,42,39,37,52,54,52,51,55,56,59,48,50,51,17,43,38,33,45,23,35,39,29,,23,8,29,30,32,15,8,15,60,46,64,66,35,46,44,31,33,34,28,19,27,19,,21,16,12,63,72,,73,31,33,36,33,42,47,42,44,49,50,57,50,26,47,,,,25,26,,23,31,30,32,26,27,,42,35,21,,,,,,54,56,51,54,1,,5,,39,29,30,38,34,34,,62,63,61,63,,,,,72,64,39,38,63,61,26,,69,21,21,40,40,,37,42,18,8,10,8,29,31,,49,53,58,50,8,12,32,25,12,,15,11,,25,28,,46,47,48,,49,,86,,46,44,46,67,71,64,4,3,3,5,36,23,21,15,,60,61,,62,70,87,,81,81,10,14,96,100,,55,58,78,74,,,45,53,50,,84,57,71,48,34,71,35,,45,,,44,18,53,42,58,61,52,43,52,,79,48,30,77,70,61,11,13,20,,,27,37,28,29,,83,53,57,68,38,40,89,68,25,70,72,56,37,,2,66,36,54,80,54,66,,23,,51,58,45,35,8,16,99,36,58,74,76,20,67,38,,,71,86,59,85,,62,60,54,33,,44,46,,,27,53,41,55,72,52,49,97,42,53,68,12,24,9,32,,47,62,,32,131,43,48,86,72,67,118,55,26,10,60,99,49,54,68,104,57,18,54,30,35,64,38,,65,66,67,53,,54,101,5,69,39,50,38,36,31,51,76,51,14,14,54,27,11,25,103,42,48,31,30,34,12,6,,,27,72,40,86,63,102,47,41,,91,62,58,44,19,88,68,98,41,,71,26,34,91,85,37,92,67,95,91,90,88,81,71,82,86,22,57,64,83,62,70,45,45,64,53,70,57,39,50,43,26,44,32,62,45,54,58,41,71,75,67,54,58,10,43,72,68,108,39,40,76,56,62,62,69,45,47,56,38,38,38,67,75,63,55,17,62,63,70,65,71,8,21,22,20,22,31,21,19,48,22,38,45,,41,48,51,96,30,75,110,110,47,,37,50,31,46,22,46,38,,132,52,37,15,28,35,62,50,15,74,5,70,28,58,96,55,80,86,59,63,62,58,75,71,66,65,55,52,56,67,39,39,62,36,61,60,67,92,56,60,52,82,76,84,72,64,24,141,36,50,58,64,69,51,36,36,48,65,46,60,52,60,9,112,69,28,52,29,48,65,40,11,40,77,85,55,64,67,86,69,31,50,60,5,41,22,17,58,39,21,39,33,31,38,81,121,59,57,59,55,77,39,50,94,67,63,,42,36,34,26,57,59,42,33,34,8,90,54,69,86,91,70,46,42,33,23,31,44,71,24,32,40,39,,88,23,31,68,50,14,31,32,23,49,59,62,100,56,91,38,33,67,84,62,13,42,,25,14,52,24,28,61,50,112,72,17,53,36,45,58,65,33,34,54,55,54,18,46,26,70,9,13,16,20,54,13,14,16,10,27,100,78,65,51,14,73,55,4,40,89,46,66,125,71,64,75,70,77,71,,68,61,30,16,71,49,35,100,95,27,42,80,81,47,50,28,3,10,37,36,44,53,88,,47,62,89,88,64,14,74,62,,58,49,53,24,58,19,71,80,60,56,45,22,59,92,49,10,86,12,8,66,60,43,62,48,58,66,58,67,93,54,31,38,54,60,98,44,69,136,77
20231004,7,CO,0.2,0.2,0.2,0.3,0.3,0.1,0.4,0.3,0.2,0.2,0.2,0.6,,,0.5,,0.5,0.5,0.6,,0.6,,0.6,0.8,,0.6,0.9,,1.1,1,0.9,1.1,1.1,1.1,1.3,,0.8,0.7,,0.7,,0.1,0.3,0.5,,0.1,,1.9,1.1,2,0.9,0.7,0.6,0.6,,1,0.3,,0.1,0.2,0.2,0.4,0.4,0.5,0.6,0.2,0.3,0.3,,0.3,0.6,0.5,0.5,0.6,0.5,,0.9,0.9,1,1,0.8,,,1.2,1.4,0.9,1.2,1,,0.4,0.5,,,0.2,0.4,0.2,0.3,,0.4,0.5,,0.3,0.4,0.5,0.4,0.4,,0.3,0.7,0.7,0.7,0.8,0.7,0.6,0.6,0.8,0.7,0.7,0.4,0.4,0.3,0.4,0.2,0.2,,0.3,0.3,0.4,0.4,0.3,0.6,0.4,0.6,0.9,0.6,0.5,0.2,0.3,0.6,0.5,0.5,0.6,0.4,0.7,0.5,,0.4,0.6,0.4,0.6,0.4,0.7,0.2,0.6,0.3,0.3,0.4,0.3,0.6,0.4,,0.6,0.6,0.6,0.6,0.6,0.7,0.2,0.6,0.5,0.5,0.7,0.6,,,,0.7,0.6,,0.5,0.5,0.5,,,,0.4,,1.7,0.6,1.1,1.4,1.4,1.4,1,0.6,0.5,,,,0.6,0.6,,0.6,0.4,0.4,0.7,0.5,,0.5,0.7,0.6,0.7,0.7,0.6,0.4,0.5,,0.4,,0.6,0.5,,0.5,0.5,,0.4,0.5,0.5,,0.7,0.5,0.6,0.5,0.5,0.5,0.5,,,0.4,0.7,0.5,0.6,0.4,0.6,0.5,,0.6,,,0.6,,0.8,0.4,,0.6,0.5,0.6,0.4,0.4,0.3,,0.6,0.5,0.5,0.5,0.6,0.5,0.5,0.5,0.7,0.5,0.7,0.3,0.6,0.5,0.7,0.6,0.5,0.7,,,0.3,0.4,0.5,0.4,,0.4,0.5,0.6,0.8,0.4,,0.6,0.5,0.4,,0.6,0.6,0.5,0.5,,0.6,0.5,0.6,0.4,0.4,,,0.6,0.7,1.1,0.5,0.6,,0.8,0.9,0.1,0.7,0.6,0.7,0.7,0.7,,0.7,0.5,0.5,0.6,0.5,0.4,0.5,,0.5,0.7,0.4,0.6,0.5,0.6,0.6,0.5,0.6,0.4,0.7,0.3,1,0.9,,0.9,0.9,0.9,0.9,0.8,0.7,0.8,0.6,1,0.7,1.1,0.7,0.8,0.7,,0.7,0.7,1,1.1,0.8,0.6,0.4,0.8,0.7,0.6,0.6,0.7,,0.8,0.9,0.7,0.4,0.7,0.4,,0.5,0.6,0.6,0.5,,,0.9,0.9,1,0.7,0.9,0.9,0.9,0.8,0.6,0.7,0.5,,0.9,0.9,0.9,1,0.7,0.9,0.9,0.8,,0.5,0.4,0.4,0.2,0.3,,0.8,1,0.6,0.6,0.9,0.8,0.8,,,0.9,0.9,0.9,0.9,1.2,,0.6,0.5,0.6,0.6,,,0.6,0.8,0.5,0.2,0.4,0.4,0.3,0.3,0.3,0.3,0.3,,0.6,0.5,0.6,0.8,0.4,0.5,0.4,0.2,0.3,1.1,0.2,0.3,0.6,0.6,0.9,0.7,0.7,0.7,0.6,0.7,,0.9,0.2,0.6,0.6,,0.4,,0.4,0.6,,,,,1.3,,,,0.5,0.5,0.7,0.5,0.9,0.7,0.4,,0.5,0.5,0.7,0.6,0.4,0.8,0.7,0.7,0.6,0.5,0.7,,0.4,0.8,0.5,0.5,,0.4,0.4,0.6,0.6,0.6,0.3,0.6,0.6,0.5,,0.5,0.7,0.4,0.9,0.7,0.5,0.6,0.3,0.3,0.3,0.4,0.3,0.5,0.5,0.7,0.7,0.5,,,1,,0.6,0.7,1.3,0.9,0.7,,0.6,0.7,,,0.7,1,1,0.9,,0.8,0.7,1.8,,0.5,0.9,0.6,0.7,0.7,0.8,0.4,0.7,0.5,0.4,,,,,,,0.5,,0.6,0.4,0.5,0.5,0.8,0.6,0.7,0.4,0.4,0.7,,0.7,,,0.8,,0.8,0.8,0.6,0.9,1,0.7,0.6,0.8,,0.8,0.8,0.8,0.6,0.8,0.7,0.7,1.4,1.6,0.8,0.7,0.8,0.7,,0.7,0.7,0.8,0.8,0.9,0.9,,0.7,0.7,0.7,,0.6,0.6,,1,1,1.1,0.8,0.9,,0.6,0.8,,,0.5,0.4,,,,0.6,0.6,0.7,0.6,1.1,1.3,,1,0.9,,1.7,1.6,,1.6,,1,0.8,1.1,,0.9,0.7,0.4,0.3,0.4,,0.8,0.8,1.2,2.1,1.1,0.7,,0.2,0.5,0.5,0.4,0.4,0.3,0.7,0.6,1,0.9,0.7,0.8,0.4,0.8,0.5,0.6,0.3,0.4,0.6,0.7,0.7,0.5,,0.2,0.1,0.3,,0.2,0.4,0.3,0.4,0.5,0.4,0.3,0.4,0.3,0.2,0.3,0.7,0.9,0.8,,0.6,0.8,0.7,,0.7,0.7,0.7,0.8,0.7,,0.5,0.9,0.8,,0.9,,1.1,0.7,0.7,0.8,,0.8,0.6,,,,0.7,,0.7,,1,,,,0.7,0.7,0.5,0.8,0.6,,,,0.7,0.7,0.6,0.5,0.9,0.8,,0.7,0.6,0.7,0.6,0.5,0.7,,0.7,,,0.5,0.6,0.6,0.6,0.7,0.8,0.8,0.9,0.7,0.5,0.5,0.6,0.6,0.4,0.9,1.2,0.9,0.8,0.5,0.4,0.4,0.6,0.7,0.7,0.7,,0.7,0.7,0.8,0.5,,1,1.2,0.7,0.6,0.5,0.6,0.6,0.6,,,,,0.5,0.6,,0.6,0.5,0.5,0.4,0.3,0.3,0.4,0.7,0.6,0.3,0.5,0.8,1.1,0.7,,0.7,0.5,,0.8,0.5,0.9,,0.5,0.5,,0.7,0.5,0.7,0.7,0.5,0.6,0.7,0.6,0.5,0.8,0.6,0.7,0.7,,,0.6,0.2,1,0.7,0.5,0.3,0.2,0.2,,0.3,0.2,0.5,0.3,0.3,,,0.5,,,,,0.6,,,,,,,,,,,,,,,,0.8,,,,,,,,,,,,,,,,,,,,,,,,,,,,,,,,,,,,,,0.8,0.9,0.7,0.9,1,0.5,0.5,0.5,0.4,,,,1.3,1.1,1.2,0.9,,,0.5,0.6,0.7,0.9,0.9,0.6,,0.7,0.7,0.9,,,1.1,0.8,,0.6,0.7,0.5,,0.7,,0.5,0.3,,,0.5,0.4,,,0.3,0.4,0.4,,,0.3,0.2,0.2,0.2,0.7,0.6,0.6,0.4,0.2,0.3,0.4,0.4,0.4,0.4,0.6,0.6,0.5,0.2,0.3,0.3,0.4,0.3,0.7,0.5,,0.2,0.4,0.5,,0.1,0.4,0.5,0.6,0.4,0.4,0.4,0.4,0.4,0.6,0.5,0.4,,,0.2,0.2,0.4,0.4,0.2,0.2,0.3,0.4,0.3,0.3,0.3,0.2,0.5,0.6,0.3,0.5,0.2,,,0.7,0.3,0.4,,0.3,0.4,,0.2,0.4,0.4,,0.3,0.3,0.6,,0.4,0.3,0.3,0.3,0.3,0.6,0.4,,0.7,0.8,0.6,0.9,0.5,0.8,0.8,0.9,,0.7,0.4,0.5,0.5,0.4,0.4,,0.6,,0.6,,,,0.7,0.5,0.6,0.6,0.6,0.3,,0.8,,0.8,0.6,0.8,0.7,0.7,0.8,0.7,,0.5,0.7,0.8,,,0.7,0.8,0.8,,0.7,0.7,0.7,,,0.5,0.3,0.5,0.3,0.5,0.4,0.7,0.7,0.6,0.6,0.5,0.7,0.6,0.6,0.8,,,0.4,0.4,0.7,0.7,,1.3,0.9,1.6,1.1,0.9,0.3,0.7,0.9,0.9,,1.6,2,1.3,0.8,0.8,0.8,1,0.8,,0.3,0.5,,0.9,0.5,0.5,,0.8,1,0.8,0.4,,0.5,0.4,0.7,,0.6,0.7,0.5,0.6,0.7,,0.6,0.7,0.6,0.6,0.5,0.6,0.6,,0.5,0.3,0.4,0.6,0.9,,1.5,0.7,0.7,0.7,0.9,0.6,0.6,0.5,0.8,0.7,0.5,0.6,,0.7,0.6,0.5,,0.7,0.8,,0.8,0.9,0.9,0.8,,0.6,0.6,0.7,1,1,0.6,0.7,0.7,0.7,0.8,0.8,0.7,0.6,0.8,0.6,0.6,0.5,0.6,0.8,0.8,0.6,0.9,0.9,0.9,0.7,0.8,0.6,0.6,0.5,0.6,0.6,0.7,0.7,0.8,0.6,0.6,0.9,0.5,0.8,,0.2,0.7,0.4,0.5,1,0.9,0.8,0.7,0.5,0.6,0.4,0.7,0.7,0.7,0.6,0.6,0.6,0.6,0.7,0.5,0.7,0.7,0.5,1,1,0.4,0.7,0.8,,0.6,0.7,0.5,0.5,0.6,,0.4,0.7,0.4,0.5,0.3,0.7,0.5,0.6,0.5,0.6,0.5,0.5,0.8,0.7,0.6,,,,0.5,0.4,,0.4,,0.4,0.5,0.6,0.5,,0.7,0.5,0.4,,,,,,0.6,0.6,0.6,0.5,0.7,,0.4,,0.3,0.5,0.6,0.7,0.8,1.2,,0.4,0.4,0.4,0.5,,,,,0.2,0.4,0.6,0.6,0.1,0.2,0.7,,0.3,0.7,0.5,0.6,0.6,,0.7,0.5,0.8,0.7,0.4,0.4,0.5,0.5,,0.4,0.5,0.2,0.3,0.5,0.2,0.4,0.2,0.7,,0.4,0.3,,0.5,0.3,,0.3,0.4,0.5,,0.9,,0.3,,0.4,0.2,0.4,0.7,0.5,0.6,0.5,0.6,0.7,0.8,0.7,0.6,0.6,0.4,,1,0.7,,0.8,0.7,0.4,,0.3,0.4,0.3,0.4,0.4,0.4,,0.5,0.6,0.2,0.1,,,0.7,0.6,0.4,,0.6,0.5,0.6,0.4,0.6,0.6,0.3,,0.4,,,0.6,0.5,0.5,0.5,0.5,0.6,0.5,0.5,0.6,,0.3,0.3,0.3,0.5,0.6,0.4,0.6,0.9,0.4,,,0.6,0.6,0.5,0.2,,0.4,0.2,0.4,0.4,0.5,0.6,1.2,0.7,1.5,0.6,0.7,1.1,0.7,,0.7,0.5,0.9,0.4,0.4,0.4,0.6,,0.5,,0.6,0.7,0.7,0.7,0.8,1.4,0.5,0.6,0.4,0.4,0.3,0.4,0.5,0.4,,,0.3,0.7,0.6,0.6,,0.4,0.4,0.5,0.7,,0.4,0.8,,,1,0.4,0.9,0.3,0.5,0.5,0.8,0.7,0.7,0.2,0.5,0.5,0.8,0.7,1.2,,0.4,0.5,,0.5,0.6,0.5,0.4,0.5,0.4,0.3,0.7,0.3,0.8,0.5,0.5,0.6,0.5,1.1,0.4,0.4,0.3,1.3,0.2,0.9,0.3,0.6,1,,0.6,0.4,0.5,0.5,,0.3,0.5,1.1,0.8,0.7,0.6,0.7,1.1,0.6,0.6,0.8,0.5,1.1,1.4,0.7,0.6,0.7,1.2,0.8,0.5,0.8,0.7,0.5,0.4,0.6,0.6,,,0.5,0.5,0.5,0.9,0.5,0.2,0.7,0.6,,0.4,0.7,0.5,0.4,0.8,0.9,0.8,0.9,0.9,,0.5,0.8,0.4,0.5,0.7,0.5,0.5,,0.7,0.6,0.4,0.5,0.7,0.7,0.6,0.7,0.3,0.7,0.4,0.3,0.3,0.3,0.7,0.6,0.7,0.6,0.3,0.4,0.5,0.6,0.8,0.8,0.9,0.9,0.8,0.9,0.6,0.7,1,0.9,0.5,0.7,0.7,0.7,0.8,0.5,0.8,0.8,0.8,,0.6,0.3,0.7,0.6,0.7,0.3,0.4,0.4,0.5,0.9,1,1,1.2,0.5,0.8,0.3,0.8,1,0.5,0.4,0.4,0.7,0.3,0.9,0.5,0.7,0.7,0.7,0.6,0.5,0.7,0.5,0.4,0.7,,0.6,0.3,0.6,0.7,0.8,0.4,0.5,0.4,0.4,,0.9,0.5,0.5,0.6,0.7,0.7,0.5,,1.1,0.4,0.6,0.8,0.6,0.8,0.8,0.9,0.5,0.7,0.8,0.6,0.9,0.5,0.7,0.4,0.5,0.7,0.7,0.4,1.1,0.7,0.3,0.3,0.4,0.3,0.6,0.9,0.6,0.6,0.9,0.6,1.6,0.5,0.6,0.6,0.3,0.4,0.7,0.4,0.7,0.4,0.3,0.5,0.4,0.4,0.8,0.7,0.7,0.7,1.1,0.5,0.6,0.8,0.6,0.8,0.6,0.6,0.7,1.1,0.9,0.7,0.4,0.4,0.6,0.6,0.5,0.4,0.7,1.2,0.6,0.6,0.9,0.8,0.8,0.7,0.5,0.5,0.7,0.8,0.6,0.3,0.3,0.8,0.5,1,1,0.3,0.6,0.9,0.8,1,0.7,0.7,0.5,0.4,0.9,1,0.6,0.7,0.5,0.3,0.4,0.4,0.7,0.7,,0.6,1,0.8,0.6,1,0.5,0.6,0.2,0.5,0.8,0.8,0.3,0.9,0.5,1,0.7,0.6,0.6,1.2,0.6,0.6,0.6,0.4,0.5,0.4,0.8,0.6,,0.5,0.7,0.6,,0.8,1.2,0.6,0.8,0.6,0.6,0.5,0.5,0.5,0.4,0.4,0.6,0.4,0.7,1.2,1.2,1.6,0.9,,1,0.8,0.7,0.7,1,0.8,1.4,2.3,0.6,0.8,0.6,0.7,0.5,0.6,0.7,0.6,0.8,0.9,1.1,0.6,0.6,0.6,1.2,0.6,1,0.6,0.9,0.9,0.9,0.7,0.6,0.8,0.6,0.6,0.3,0.5,0.4,0.2,0.6,0.7,0.5,3.1,1,0.3,0.8,0.6,0.8,0.7,0.8,0.9,0.5,0.4,0.3,,0.7,0.5,0.5,0.9,0.4,0.4,0.6,0.6,0.5,0.9,1,0.7,0.5,0.4,0.7,1,0.7,0.7,0.7,0.8,0.5,0.7,0.4,,0.3,0.1,0.4,0.2,0.9,1.1,0.8,0.8,,0.4,0.4,0.2,0.2,0.6,0.5,0.7,0.7,0.4,0.3,0.4,0.6,0.5,0.7,0.8,0.3,0.2,0.3,0.5,0.4,0.3,0.4,0.5,1,0.4,0.3,0.2,0.5,0.5,0.1,0.4,0.3,0.4,0.6,0.7,1.1,0.8,0.4,0.4
20231004,7,CO_24h,0.5,0.5,0.5,0.5,0.6,0.5,0.6,0.6,0.5,0.5,0.5,0.7,,,0.6,,0.5,0.6,0.6,,0.6,,0.6,0.5,,0.7,0.7,,0.9,0.9,0.9,0.9,0.9,0.9,1.2,,0.5,0.5,,0.5,,0.6,0.6,0.7,,0.5,,0.9,0.5,0.8,0.8,0.8,0.5,0.6,,0.9,0.4,,0.3,0.3,0.3,0.5,0.6,0.5,0.9,0.5,0.5,0.4,,0.5,0.5,0.5,0.3,0.3,0.4,,1.3,1,1.1,1.2,1,,,1.2,1.2,1.1,1.2,1.3,,0.6,0.7,,,0.4,0.6,0.4,0.5,,0.6,0.7,,0.5,0.5,0.7,0.6,0.5,,0.5,0.7,0.8,0.7,0.8,0.7,0.7,0.8,0.8,0.7,0.6,0.4,0.5,0.4,0.6,0.4,0.3,,0.4,0.4,0.6,0.5,0.5,0.6,0.5,0.7,0.8,0.7,0.6,1.1,0.5,0.8,0.5,0.6,0.6,0.4,0.6,0.5,,0.4,0.5,0.4,0.6,0.4,0.8,0.2,0.7,0.3,0.4,0.4,0.4,0.6,0.3,,0.6,0.6,0.6,0.6,0.6,0.7,0.2,0.6,0.5,0.5,0.7,0.5,,,,0.4,0.5,,0.5,0.4,0.4,,,,0.4,,1,0.7,1,0.9,1.1,0.9,1,0.8,0.6,,,,0.7,0.6,,0.6,0.4,0.5,0.5,0.4,,0.4,0.7,0.5,0.6,0.7,0.6,0.4,0.4,,0.3,,0.6,0.5,,0.5,0.5,,0.4,0.5,0.5,,0.7,0.5,0.6,0.5,0.5,0.5,0.6,,,0.5,0.7,0.5,0.5,0.4,0.5,0.4,,0.5,,,0.5,,0.7,0.5,,0.5,0.4,0.5,0.4,0.4,0.3,,0.6,0.5,0.5,0.5,0.6,0.4,0.5,0.4,0.7,0.5,0.6,0.3,0.7,0.5,0.7,0.6,0.5,0.6,,,0.3,0.3,0.4,0.4,,0.3,0.4,0.7,0.9,0.5,,0.7,0.6,0.5,,0.7,0.4,0.4,0.5,,0.4,0.5,0.4,0.4,0.4,,,0.6,0.7,0.8,0.5,0.5,0.6,0.7,0.8,0.1,0.6,0.5,0.6,0.6,0.7,,0.6,0.6,0.5,0.6,0.5,0.4,0.5,,0.5,0.6,0.4,0.6,0.5,0.6,0.7,0.5,0.6,0.5,0.7,0.3,0.9,0.9,,0.7,0.9,0.9,0.9,0.9,0.7,0.8,0.6,0.9,0.5,1,0.7,0.7,0.7,,0.5,0.7,0.8,0.9,0.7,0.5,0.6,0.7,0.7,0.5,0.6,0.8,,0.8,0.8,0.6,0.5,0.7,0.5,,0.5,0.6,0.6,0.6,,,0.9,0.9,0.8,0.7,0.8,0.9,0.8,0.8,0.6,0.7,0.5,,0.7,0.7,0.8,0.8,0.5,0.8,0.7,0.7,,0.4,0.4,0.4,0.4,0.3,,0.8,1,0.6,0.6,0.9,0.8,0.8,,,0.9,0.9,0.9,0.9,1.2,,0.6,0.6,0.5,0.6,,,0.7,0.8,0.4,0.2,0.4,0.5,0.4,0.2,0.3,0.3,0.3,,0.6,0.5,0.6,0.6,0.5,0.6,0.4,0.3,0.3,0.4,0.3,0.2,0.7,0.7,0.8,0.7,0.7,0.7,0.6,0.7,,0.9,0.2,0.6,0.7,,0.7,,0.8,0.9,,,,,0.8,,,,0.8,0.9,0.7,0.7,0.9,0.7,0.7,,0.4,0.5,0.6,0.5,0.4,0.7,0.7,0.7,0.7,0.6,0.7,,0.4,0.8,0.5,0.8,,0.8,0.7,0.9,0.6,0.7,0.6,0.7,0.7,0.7,,0.7,0.8,0.6,0.8,0.7,0.7,0.7,0.5,0.5,0.5,0.5,0.6,0.8,0.8,0.6,0.6,0.5,,,0.8,,0.3,0.5,0.7,0.6,0.6,,0.5,0.5,,,0.6,0.8,0.9,0.7,,0.4,0.5,1.5,,0.4,0.5,0.5,0.6,0.6,0.6,0.3,0.6,0.4,0.3,,,,,,,0.3,,0.5,0.3,0.5,0.4,0.8,0.6,0.6,0.3,0.3,0.5,,0.5,,,0.8,,0.8,0.8,0.6,0.8,0.8,0.6,0.5,0.8,,0.7,0.8,0.7,0.6,0.7,0.5,0.6,0.7,0.7,0.7,0.8,0.9,0.8,0.7,0.7,0.7,0.8,0.8,0.9,0.8,,0.6,0.7,0.7,,0.6,0.6,,0.9,0.9,1.1,0.9,0.9,,0.7,0.7,,,0.5,0.3,,,,0.7,0.6,0.8,0.8,1,1.4,,1.1,0.9,,1.3,1.3,,1.4,,1,0.7,0.9,,0.9,0.7,0.3,0.4,0.3,,0.7,0.8,0.8,1.2,0.8,0.7,,0.5,0.7,0.7,0.7,0.6,0.5,0.6,1.1,1.9,0.6,0.5,0.7,0.6,0.8,0.7,0.9,0.6,0.6,0.5,0.6,0.6,0.6,,0.3,0.4,0.3,,0.2,0.5,0.5,0.5,0.6,0.5,0.5,0.5,0.4,0.3,0.4,0.5,0.7,0.7,,0.5,0.8,0.8,,0.7,0.6,0.7,0.8,0.6,,0.6,0.8,0.9,,0.8,,1,0.7,0.6,0.7,,1,0.9,,,,0.6,,0.5,,0.8,,,,0.6,0.6,0.5,0.8,0.6,,,,0.7,0.7,0.7,0.6,0.8,0.7,,0.7,0.6,0.7,0.5,0.5,0.6,,0.6,,,0.4,0.6,0.5,0.6,0.7,0.8,0.7,0.8,0.5,0.7,0.6,0.6,0.6,0.5,0.7,0.9,0.8,0.7,0.4,0.3,0.4,0.7,0.7,0.7,0.8,,0.8,0.8,0.9,0.6,,0.6,1,0.6,0.6,0.5,0.7,0.6,0.6,,,,,0.6,0.7,,0.6,0.5,0.5,0.4,0.3,0.3,0.4,0.7,0.7,0.5,0.5,0.8,0.9,0.5,,0.8,0.5,,1,0.7,0.7,,0.5,0.6,,0.7,0.5,0.7,0.8,0.7,0.7,0.8,0.8,0.7,0.8,0.6,0.7,0.7,,,0.8,0.2,1.8,0.8,1.1,0.7,0.2,0.2,,0.4,0.2,0.6,0.3,0.3,,,0.5,,,,,0.6,,,,,,,,,,,,,,,,0.6,,,,,,,,,,,,,,,,,,,,,,,,,,,,,,,,,,,,,,0.8,0.8,0.7,0.9,0.9,0.4,0.5,0.4,0.4,,,,1.3,1,1.1,1,,,0.6,0.6,0.6,0.7,0.6,0.9,,0.9,1,0.8,,,0.7,0.7,,0.7,0.9,0.6,,0.7,,1,0.7,,,0.4,0.4,,,0.4,0.4,0.5,,,0.4,0.4,0.2,0.2,0.6,0.5,0.5,0.5,0.6,0.5,0.8,0.6,0.6,0.7,0.8,1,0.5,0.6,0.4,0.5,0.5,0.5,0.8,0.6,,0.3,1.2,0.6,,0.3,0.4,0.6,0.5,0.5,0.5,0.4,0.4,0.5,0.6,0.5,0.4,,,0.3,0.2,0.3,0.3,0.2,0.3,0.2,0.3,0.2,0.5,0.7,0.2,0.6,0.6,0.4,0.5,0.2,,,0.7,0.3,0.4,,0.4,0.5,,0.2,0.4,0.4,,0.3,0.3,0.5,,0.4,0.3,0.3,0.3,0.3,0.5,0.4,,0.6,0.6,0.5,0.7,0.4,0.7,0.7,0.8,,0.6,0.4,0.5,0.5,0.3,0.3,,0.6,,0.7,,,,0.6,0.4,0.5,0.5,0.5,0.2,,0.6,,0.7,0.6,0.6,0.6,0.6,0.6,0.6,,0.6,0.7,0.8,,,0.7,0.8,0.7,,0.6,0.6,0.7,,,0.5,0.3,0.5,0.3,0.5,0.4,0.8,1.4,0.7,1.1,0.6,0.8,0.6,0.8,1,,0.1,0.5,0.5,0.6,0.7,,1.3,0.9,1.4,1.1,1,0.4,0.8,0.9,0.8,,1.5,1.8,1.1,0.8,0.8,0.8,1,0.9,,0.4,0.6,,0.9,0.6,0.6,,0.7,1,0.7,0.4,,0.4,0.4,0.6,,0.5,0.6,0.5,0.5,0.7,,0.6,0.6,0.6,0.6,0.4,0.5,0.4,,0.5,0.4,0.4,0.5,0.6,,1,0.8,0.7,0.9,0.8,0.6,0.7,0.6,0.8,0.7,0.5,0.7,,0.6,0.6,0.4,,0.6,0.7,,0.8,0.9,1,0.9,,0.5,0.5,0.6,1,1.1,0.7,0.8,0.8,0.8,0.9,0.8,0.9,0.6,0.8,0.7,0.7,0.5,0.6,0.8,0.7,0.6,0.8,1.1,1,0.8,0.9,0.8,0.7,0.6,0.8,0.7,0.7,0.7,0.8,0.6,0.6,0.9,0.5,0.8,0.8,0.3,0.7,0.6,0.5,0.9,0.8,0.8,0.7,0.5,0.6,0.5,0.7,0.8,0.7,0.6,0.5,0.6,0.6,0.6,0.5,0.7,0.7,0.7,0.7,0.7,0.4,0.7,0.8,,0.5,0.5,0.5,0.4,0.6,,0.4,0.7,0.4,0.5,0.3,0.6,0.5,0.6,0.5,0.7,0.6,0.6,0.9,0.6,0.6,,,,0.5,0.5,,0.4,,0.5,0.5,0.6,0.6,,0.6,0.5,0.4,,,,,,0.5,0.5,0.5,0.5,0.8,,0.5,,0.4,0.5,0.6,0.7,0.7,1,,0.4,0.4,0.5,0.5,,,,,0.2,0.4,0.6,0.6,0.1,0.1,0.6,,0.3,0.6,0.5,0.6,0.5,,0.7,0.5,0.6,0.6,0.4,0.4,0.4,0.5,,0.4,0.5,0.2,0.2,0.5,0.3,0.3,0.2,0.5,,0.5,0.4,,0.5,0.3,,0.3,0.4,0.4,,0.7,,0.3,,0.3,0.2,0.5,0.7,0.5,0.6,0.5,0.7,0.8,0.7,0.7,0.7,0.6,0.4,,1,1.1,,0.6,0.6,0.7,,0.3,0.4,0.4,0.5,0.4,0.4,,0.5,0.6,0.3,0.2,,,0.8,0.7,0.4,,0.5,0.5,0.5,0.4,0.6,0.6,0.5,,0.6,,,0.6,0.5,0.6,0.5,0.5,0.6,0.4,0.3,0.6,,0.4,0.2,0.4,0.6,0.6,0.4,0.8,0.8,0.6,,,0.8,0.7,0.6,0.3,,0.4,0.4,0.5,0.5,0.5,0.5,1,0.8,0.6,0.5,0.8,0.9,1,,0.8,0.6,0.8,0.5,0.5,0.4,0.5,,0.5,,0.6,0.6,0.7,0.6,0.8,1,0.5,0.5,0.2,0.5,0.5,0.5,0.4,0.4,,,0.5,0.6,0.6,0.7,,0.7,0.7,1,0.7,,0.4,0.7,,,0.9,0.4,1,0.3,0.4,0.5,0.7,0.6,0.5,0.3,0.5,0.6,0.8,0.7,1.2,,0.5,0.5,,0.4,0.7,0.4,0.4,0.8,0.4,0.3,0.5,0.3,0.8,0.5,0.5,0.4,0.4,1,0.5,0.2,0.3,1,0.3,0.6,0.4,0.4,0.9,,0.6,0.4,0.5,0.4,,0.4,0.7,1.1,0.6,0.6,0.6,0.6,0.6,0.6,0.7,0.6,0.6,0.7,1.3,0.7,0.5,0.7,1.1,0.6,0.5,0.7,0.6,0.5,0.4,0.6,0.6,,,0.8,0.4,0.4,0.8,0.4,0.3,0.5,0.5,,0.5,0.6,0.7,0.3,0.8,0.7,0.6,0.7,0.7,,0.6,1,0.6,0.7,1,0.5,0.4,0.5,0.7,0.5,0.4,0.5,0.5,0.6,0.6,0.6,0.4,0.6,0.5,0.7,0.4,0.4,0.7,0.5,0.7,0.6,0.3,0.4,0.4,0.5,0.7,0.8,1,0.8,0.7,1,0.7,0.6,0.9,0.7,0.5,0.7,0.7,0.7,0.8,0.5,0.7,0.9,0.7,,0.3,0.4,0.6,0.6,0.7,0.2,0.4,0.4,0.3,0.6,0.7,0.8,1,0.5,0.7,0.3,0.8,0.9,0.5,0.4,0.6,0.9,0.3,0.8,0.6,0.7,0.7,0.7,0.6,0.5,0.7,0.6,0.4,0.7,,0.6,0.4,0.7,0.6,0.7,0.3,0.5,0.3,0.4,,0.6,0.5,0.4,0.5,0.6,0.5,0.5,,0.9,0.4,0.6,0.8,0.6,0.8,0.7,0.8,0.5,0.7,0.7,0.6,0.9,0.5,0.6,0.4,0.4,0.6,0.8,0.6,1.1,0.6,0.6,0.5,0.8,0.4,0.7,0.8,0.5,0.6,0.8,0.5,0.9,0.6,0.5,0.5,0.3,0.4,0.6,0.4,0.4,0.7,0.5,0.8,0.5,0.5,0.8,0.7,0.7,0.7,0.9,0.5,0.6,0.7,0.6,0.7,0.5,0.7,0.6,1,0.5,0.8,0.4,0.6,0.6,0.4,0.5,0.4,0.6,0.6,0.5,0.6,0.7,0.7,0.6,0.7,0.5,0.5,0.8,0.7,0.5,1,0.4,0.8,0.6,1,1,0.3,0.6,0.7,0.7,0.8,0.6,0.7,0.4,0.4,0.6,0.9,0.5,0.7,0.5,0.4,0.3,0.3,0.7,0.3,,0.5,0.7,0.7,0.5,0.9,0.9,0.6,0.5,0.5,0.8,0.4,0.2,0.8,0.5,0.8,0.6,0.6,0.6,1,0.5,0.6,0.6,0.5,0.4,0.4,0.6,0.5,,0.5,0.7,0.6,0.6,0.7,1.1,0.5,0.5,0.7,0.6,0.5,0.4,0.4,0.4,0.4,0.6,0.5,0.8,1,1.2,1.1,0.6,,0.9,0.8,0.5,0.6,0.5,0.4,1,0.9,0.7,0.8,0.7,0.7,0.4,0.7,0.8,0.8,1,0.8,0.8,0.6,0.5,0.7,1,0.6,1,0.6,0.8,0.8,0.7,0.7,0.7,0.8,0.6,0.7,0.3,0.7,0.6,0.6,0.6,0.6,0.9,1.4,0.8,0.7,0.8,0.5,0.8,0.7,0.8,0.9,0.6,0.5,0.4,,0.7,0.4,0.5,0.8,0.4,0.4,0.7,0.5,0.5,0.6,0.8,0.7,0.5,0.6,0.6,0.7,0.7,0.7,0.7,1,0.5,0.6,0.5,,0.3,0.2,0.4,0.3,0.8,1.2,1,0.6,,0.5,0.5,0.1,0.4,0.6,0.5,0.5,0.5,0.7,0.4,0.5,0.7,0.5,0.4,0.5,0.4,0.5,0.5,0.6,0.5,0.5,0.5,0.4,1,0.4,0.4,0.3,0.5,0.6,0.2,0.4,0.3,0.4,0.6,0.5,0.6,0.7,0.8,0.5
20231004,8,AQI,15,10,17,15,16,15,18,18,14,17,14,19,,,33,,41,27,51,,42,,62,58,,69,55,,69,62,72,69,74,77,74,,58,64,,66,,46,31,42,,40,,94,90,80,124,83,105,97,,84,20,,20,28,27,,38,51,51,32,53,43,,41,79,100,102,71,66,,95,86,83,82,70,,,74,69,71,62,72,,17,24,,,15,18,15,15,,28,19,,18,24,19,20,30,,18,34,26,31,36,27,56,25,46,49,51,20,19,19,,14,14,,16,18,15,17,13,15,22,15,15,15,14,,,13,14,25,25,23,26,25,,26,30,25,24,30,27,36,19,24,29,22,27,34,20,,29,26,22,28,23,26,21,23,19,23,18,56,,,,58,48,,49,58,64,,,,36,,29,54,,27,29,34,24,31,32,,,,32,30,,39,49,35,42,42,,40,50,51,44,54,57,41,39,,39,,41,,,25,23,,32,24,22,,24,23,27,29,25,25,31,,,31,23,28,43,33,42,35,,44,,,21,,23,23,,26,25,25,,28,26,,39,32,32,28,27,50,38,32,41,29,39,29,39,35,39,39,41,48,,,44,44,51,40,,54,56,32,25,20,,,27,22,,26,64,53,59,,59,66,55,59,44,,,52,48,54,52,52,,56,55,54,62,59,55,56,57,,32,26,29,26,28,26,23,,30,15,20,37,28,37,18,36,32,33,46,34,51,52,,45,54,52,39,52,45,43,35,48,53,50,55,48,49,,62,50,43,65,31,36,28,34,54,56,53,44,,29,56,63,35,,29,,35,43,32,41,,,51,39,49,52,50,49,55,49,45,50,35,,30,31,26,22,30,38,38,56,,28,28,26,26,8,,16,12,10,18,13,13,14,,,19,17,12,25,15,,53,29,38,38,,,42,35,25,35,39,32,36,27,34,32,24,,20,25,12,14,18,13,20,14,12,11,13,12,17,20,29,23,26,18,23,18,,23,17,19,23,,,,46,43,,,,,32,,,,38,60,45,55,61,36,30,,27,35,33,34,29,46,37,42,44,33,40,,23,39,30,15,,21,13,15,18,34,19,27,31,39,,35,26,28,28,24,24,25,,18,15,29,34,,19,53,42,46,,,76,,70,81,72,73,92,,81,89,,,73,79,80,,,69,68,71,,70,65,64,62,89,57,58,48,34,63,,,,,,,67,,70,59,56,74,57,52,58,36,44,53,,69,,,35,,42,36,30,56,44,50,42,46,,51,,42,35,42,,57,44,35,51,32,29,35,,45,56,52,55,38,34,,,37,36,,36,46,,54,58,55,49,25,,38,10,,,93,79,,,,21,28,22,26,70,77,,64,63,,98,102,,105,,115,78,101,,83,77,24,24,14,,23,23,23,,26,29,,28,16,25,29,19,18,16,20,20,16,16,21,20,22,16,20,18,20,27,26,32,22,,15,14,14,,,27,23,39,19,28,16,20,15,17,18,31,32,32,,26,30,26,,50,27,25,21,29,,20,28,19,,70,,63,53,52,64,,70,,,,,75,,63,,70,,,,74,48,56,65,49,,,,14,16,24,21,48,46,,25,26,40,25,50,26,,26,,,24,29,25,21,21,42,40,45,45,21,,,27,31,59,57,36,51,30,21,21,15,15,23,26,,43,43,39,35,,,34,32,32,31,36,44,35,,,,,44,32,,24,22,28,29,19,30,28,28,36,24,12,28,25,27,,22,15,,25,32,36,,33,38,,33,12,18,19,18,15,19,20,15,35,46,39,28,,,26,31,49,55,66,55,17,20,,18,13,83,60,70,,,55,,,,,52,,,,,,,,,,,,,,,,53,,,,,,,,,,,,,,,,,,,,,,,,,,,,,,,,,,,,,,30,42,42,46,,56,55,52,49,,,,72,69,64,55,,,64,84,,76,69,62,,64,60,48,,,56,83,,57,65,63,,74,,53,56,,,32,35,,,,29,,,,20,28,22,20,42,47,45,24,17,20,20,16,20,18,25,22,15,19,30,16,27,,63,18,,23,26,18,,20,18,18,28,34,19,20,27,20,45,26,18,,,48,29,26,33,19,23,,22,31,19,19,20,20,20,24,19,23,,,23,19,,,15,15,,23,40,34,,31,35,28,,28,40,21,33,34,35,53,,52,58,54,61,53,42,36,39,,50,23,17,20,23,24,,41,,92,,,,31,30,24,26,70,52,,44,,32,25,33,28,28,36,36,,43,32,42,,,36,32,35,,41,,32,,,26,19,24,18,16,16,15,43,23,26,25,29,33,36,39,,30,32,52,39,36,,69,82,73,63,44,46,44,43,50,,52,52,54,28,39,48,36,38,,41,43,,99,75,75,,70,64,66,,,69,77,63,,78,55,54,64,57,,41,34,,40,57,43,58,,50,58,49,55,53,,45,45,11,18,13,11,29,36,52,36,35,30,,36,43,48,,39,41,,19,14,32,56,,54,46,55,26,12,20,29,,20,39,41,43,46,36,26,35,31,50,72,38,59,17,15,15,23,18,26,38,28,38,33,16,17,19,21,19,25,18,14,,18,10,,15,60,72,64,52,19,61,24,31,33,42,52,46,39,51,47,40,56,75,53,68,78,40,28,38,,57,40,38,25,19,,21,27,23,22,22,,30,32,30,26,26,19,22,48,42,,,,21,17,,21,15,15,13,19,14,,28,19,22,,,,,,35,31,33,35,13,,22,,15,19,13,17,,16,,26,26,20,27,,,,,25,18,15,13,33,35,23,,20,23,11,25,26,,25,9,31,26,16,17,23,14,,29,,45,32,22,19,16,16,30,,24,14,,12,10,,8,12,18,,53,,24,,8,8,18,15,14,16,48,58,54,58,12,23,22,15,,31,29,,25,22,21,,38,33,,36,28,33,,31,23,35,35,,,36,28,18,,26,18,32,67,9,31,48,,48,,,44,26,36,26,52,48,84,69,18,,22,32,31,58,49,56,107,89,92,,,36,27,34,16,,27,26,29,27,38,60,58,49,84,41,30,68,,,63,27,36,32,25,30,22,,48,,51,80,48,20,23,17,27,18,36,16,,19,27,11,,,56,73,34,29,,49,50,46,28,,43,28,,,60,30,32,46,52,32,69,58,63,21,29,19,12,21,94,,40,,,36,35,67,55,30,20,24,77,23,29,15,27,44,,67,25,54,19,70,23,85,8,80,58,,26,35,29,35,,23,49,21,75,55,52,27,35,29,54,66,43,52,53,25,40,17,75,47,49,30,67,15,13,12,10,,,45,53,75,28,40,28,50,44,,21,57,37,31,51,23,89,77,46,,22,39,30,43,34,25,31,,26,23,28,25,28,27,28,26,30,24,19,101,17,24,59,48,23,29,25,32,42,77,40,43,47,,65,40,40,42,24,56,35,52,43,45,38,39,35,38,57,18,94,38,46,43,27,37,63,27,45,34,41,71,70,59,60,64,55,40,21,23,20,19,18,16,23,21,18,28,11,16,17,14,13,,,35,36,20,64,55,53,70,51,64,,70,89,,73,15,24,17,,16,14,28,33,26,23,24,30,35,45,54,51,48,27,44,33,37,33,47,20,25,64,17,17,19,27,27,31,32,20,56,35,70,26,29,25,17,62,32,51,40,51,24,50,28,16,36,,33,38,54,43,29,39,27,49,36,44,38,74,72,83,79,22,49,80,64,36,26,,50,,36,60,63,75,58,83,45,59,68,16,15,33,13,12,20,15,55,79,57,49,35,47,77,42,85,73,73,70,53,65,77,31,52,100,,79,78,87,85,51,67,33,28,20,15,41,55,40,41,68,45,36,42,62,31,24,17,20,31,20,21,27,,28,19,26,,46,14,13,26,18,18,19,37,37,21,28,33,39,52,77,47,99,51,,73,62,92,75,37,78,81,73,90,138,64,65,69,78,74,39,62,53,65,79,40,33,83,52,59,22,19,26,69,19,13,13,19,24,23,27,120,107,12,20,48,86,61,62,36,53,60,46,44,36,28,27,33,,26,62,51,65,30,38,34,,,63,94,77,83,57,51,36,40,18,25,39,26,36,27,,23,15,27,56,73,84,65,53,,14,25,19,15,24,34,67,54,16,18,48,67,35,,62,35,13,14,22,16,17,,56,85,29,18,43,17,24,,57,13,12,46,74,68,64,,32
20231004,8,PM2.5,5,4,4,7,3,6,7,11,8,7,4,9,,,17,,22,13,29,,20,,43,38,,48,34,,39,43,52,27,48,56,54,,39,44,,39,,14,18,26,,25,,70,67,59,94,61,79,72,,62,3,,12,14,13,3,3,27,18,22,10,26,,16,58,75,76,49,33,,71,46,61,55,50,,,36,38,46,44,52,,4,6,,,3,3,2,5,,10,11,,12,7,11,7,8,,12,16,8,8,12,13,8,7,15,18,27,11,9,13,7,8,7,,8,12,10,6,6,10,3,6,6,5,6,6,6,5,7,4,13,7,7,6,,9,10,9,9,17,17,14,12,12,19,9,14,17,10,,14,14,9,16,8,14,3,8,9,7,6,39,,,,32,30,,33,41,46,,,,23,,14,14,9,12,12,14,9,19,15,,,,10,21,,27,34,24,29,29,,26,35,28,29,38,32,19,27,,27,,28,,,12,9,,15,16,14,,16,11,16,8,8,8,5,,,10,7,7,22,16,16,20,,23,,,12,,9,10,,11,6,13,12,5,6,,21,15,18,14,15,21,14,19,22,19,22,14,19,24,13,24,24,27,,,22,19,20,19,,30,29,22,17,9,,7,14,13,,18,37,27,22,,31,29,32,42,24,,,27,19,24,27,27,,33,32,24,32,33,32,28,27,,22,17,20,13,19,18,11,,15,10,14,19,19,24,12,25,22,15,30,10,32,34,,28,32,36,25,32,29,29,24,26,25,28,23,33,26,,44,28,27,28,20,15,15,16,29,36,33,27,,19,26,45,24,27,20,,24,16,17,20,,,27,22,26,36,35,31,34,28,27,35,24,,17,19,18,15,16,26,26,23,,13,14,13,13,5,,11,8,7,9,9,6,7,,,12,5,6,8,8,,37,14,26,18,,,29,5,14,24,27,22,17,17,22,22,14,,5,17,3,9,7,6,14,6,5,7,6,5,11,14,20,15,18,12,16,12,,16,9,13,16,,33,,32,30,,,,,22,,,,25,17,18,23,34,19,15,,13,24,23,22,19,32,18,24,22,17,21,,16,16,21,4,,2,4,2,8,12,9,9,17,12,,16,7,12,10,8,8,9,6,6,8,14,9,,6,26,22,21,,,44,,41,44,52,49,68,,58,66,,,53,55,59,56,,50,46,48,,51,47,31,41,66,34,32,30,17,24,,,,,,,44,,51,40,28,36,29,17,31,22,20,27,,48,,,21,,29,25,21,28,27,32,29,32,,23,40,16,15,28,15,39,24,24,29,22,20,24,29,31,24,36,39,26,16,,,19,25,,25,32,,35,41,38,27,17,,19,6,,,69,58,,,,10,6,11,12,51,56,,46,35,,73,76,,79,,87,46,50,,61,56,5,9,8,,7,7,10,13,8,10,,7,9,9,7,11,10,10,8,9,11,11,11,5,13,7,13,5,9,14,14,14,12,,7,6,4,,8,11,16,27,11,13,1,7,9,6,12,17,18,17,,18,16,18,,35,14,16,14,20,,14,19,2,,51,,45,37,36,46,,51,,,,,55,,38,,49,,,,46,33,34,23,25,,,,9,7,2,5,24,21,,14,16,28,17,35,16,,17,,,4,14,17,9,6,29,28,31,31,6,,9,17,18,42,29,21,24,21,11,9,9,9,16,18,,30,30,27,21,,4,13,8,19,18,22,26,17,,,,,20,15,,15,9,19,13,6,9,19,12,25,10,5,19,13,9,,8,10,,17,22,23,,15,15,,17,8,12,13,12,10,13,8,10,24,32,27,19,,,5,12,3,9,15,8,5,14,,12,1,32,28,24,,,29,,,,,24,,,,,,,,,,,,,,,,22,,,,,,,,,,,,,,,,,,,,,,,,,,,,,,,,,,,,,,17,29,26,22,22,37,39,24,34,,,,51,36,44,27,,,24,36,33,39,25,37,,46,43,26,,,39,61,,29,47,23,,26,,18,19,,,10,24,,,16,20,11,,,11,19,2,7,21,13,12,6,4,6,5,3,14,12,17,15,7,5,6,8,10,5,14,8,,2,8,5,,1,7,5,12,11,7,7,8,14,31,18,9,,,10,20,18,18,13,11,18,15,9,5,10,14,9,9,9,7,6,,,8,9,7,9,4,5,,16,18,14,,20,24,19,,19,23,1,20,15,24,32,,27,36,20,27,30,22,25,21,,35,6,7,12,13,16,,26,,68,,,,13,12,13,18,51,36,,28,,18,17,18,17,14,19,25,,30,22,29,,,25,22,24,,25,23,22,,,18,13,2,12,11,7,9,30,15,12,17,20,22,20,27,,1,20,22,25,24,,50,60,53,45,28,31,22,30,24,,30,31,32,19,27,28,25,26,6,26,25,,74,55,55,,51,46,47,47,,48,56,45,,57,32,28,46,40,,27,22,,28,40,24,27,,32,41,33,14,27,,23,13,6,12,2,4,20,25,36,25,10,21,,19,28,29,,27,23,,10,5,22,26,,38,32,39,10,8,14,16,,14,27,22,30,25,23,18,24,8,35,52,26,27,9,8,10,16,12,17,20,19,21,23,5,8,10,8,13,5,8,8,,10,2,5,4,37,39,42,36,13,20,11,14,17,21,21,27,27,19,21,21,30,55,37,49,57,28,19,26,,26,27,26,9,9,,2,12,6,12,4,24,20,22,21,18,18,13,12,21,24,,,,9,11,,7,6,,,7,,,19,13,15,,,,,,24,21,23,24,6,,15,,7,13,7,11,,8,,18,18,9,15,,,,,7,9,10,5,21,21,16,,7,16,4,12,18,,15,6,9,6,9,9,16,8,,18,25,31,22,14,13,9,4,13,,11,7,,3,7,,4,5,7,,33,,4,,1,5,10,4,8,6,31,35,29,34,8,13,10,7,,14,18,,17,15,10,,26,21,,21,19,23,,15,10,24,24,,,14,19,12,,10,7,22,48,4,15,9,,8,,,28,18,25,17,16,25,25,19,9,,15,17,13,20,28,25,44,45,47,,,16,18,18,11,,2,14,20,14,4,33,41,34,62,22,16,49,36,,27,14,24,22,9,12,14,,32,,34,59,33,14,12,8,9,12,15,6,11,11,14,3,,,32,53,18,14,,11,21,20,13,,30,19,,,34,15,15,24,32,22,50,41,44,12,20,9,3,10,70,,23,,,22,24,48,39,14,9,13,56,16,19,10,17,24,23,48,17,38,13,48,16,63,2,59,41,,18,24,20,16,,3,19,11,55,39,36,17,21,16,31,41,24,19,27,16,28,11,55,30,34,21,35,7,7,4,5,,,31,32,52,19,28,5,26,22,,14,40,18,21,26,16,66,56,25,,14,27,21,30,21,5,14,,10,7,10,8,10,9,7,7,18,14,5,16,3,7,42,24,10,20,7,22,29,56,26,30,30,38,39,27,28,23,10,38,15,21,30,31,26,14,21,26,28,12,70,20,19,26,18,11,31,12,31,21,27,51,46,42,43,46,39,28,4,11,4,6,5,11,16,5,11,19,5,9,7,8,9,,,24,25,14,26,39,36,48,24,38,,51,66,,53,9,12,11,,11,4,15,23,18,16,16,20,23,31,30,28,33,15,14,17,18,20,29,14,14,40,5,9,5,8,17,18,17,7,27,13,51,12,20,17,8,44,22,27,24,9,10,20,12,10,25,27,23,24,6,23,16,24,18,34,25,14,22,54,52,60,58,2,28,59,28,11,16,14,28,35,20,41,34,55,33,51,30,42,48,6,10,10,9,6,6,2,39,58,40,34,19,21,39,24,58,53,53,45,34,47,56,18,24,75,,58,57,48,63,8,18,23,5,14,10,19,25,28,12,49,31,20,25,44,18,16,11,9,16,9,10,14,,5,13,4,,32,4,8,18,11,12,13,21,24,13,8,12,15,12,56,31,74,25,,53,28,59,54,14,54,49,53,67,105,46,44,39,57,49,16,26,26,31,49,28,23,61,29,42,14,5,18,46,13,8,9,13,8,5,2,44,53,5,7,26,52,34,18,25,24,42,27,25,24,9,11,23,,18,44,31,47,21,26,19,27,29,41,70,56,61,26,35,25,22,10,17,27,13,18,5,,2,4,15,24,53,62,47,35,,4,12,3,3,6,13,48,32,3,12,23,46,24,,42,17,6,6,13,3,3,,29,63,10,10,30,9,7,2,20,9,,32,46,49,46,12,14
20231004,8,PM2.5_24h,30,22,28,25,26,29,23,39,32,21,24,24,,,36,,34,31,37,,32,,30,34,,29,46,,38,46,53,44,46,57,34,,37,33,,32,,20,29,33,,37,,43,39,38,79,68,61,58,,66,8,,12,18,17,18,17,25,23,23,28,37,,27,33,33,39,27,25,,39,33,41,38,45,,,68,61,40,48,38,,20,21,,,18,19,18,20,,15,14,,17,12,17,15,15,,17,36,32,34,32,36,32,28,29,30,26,16,16,13,12,10,10,,11,12,14,15,15,14,13,16,16,16,18,19,14,15,14,8,11,8,11,7,,9,9,7,8,9,13,13,10,9,11,12,14,11,12,,12,13,11,13,12,13,5,10,7,8,6,23,,,,26,21,,23,25,24,,,,16,,10,10,13,11,12,13,12,12,18,,,,14,16,,15,19,18,17,15,,16,21,21,18,23,21,16,21,,17,,21,22,,16,18,,20,20,18,,19,17,22,19,10,11,8,,,13,10,10,18,17,16,18,,16,,,17,,9,12,,12,12,17,6,8,8,,24,23,26,22,25,22,19,16,20,18,16,10,22,18,16,21,18,22,,,15,14,16,13,,20,20,21,21,15,,24,20,14,,19,22,19,18,,19,21,20,26,19,,,12,12,11,14,14,15,23,21,15,21,24,23,21,20,,9,9,12,8,14,12,10,,11,10,8,10,9,11,10,10,9,7,11,7,34,40,,38,41,37,29,35,25,33,29,22,23,21,23,21,27,,22,17,20,24,19,14,21,15,28,32,30,25,,22,29,32,24,24,23,,22,22,20,19,,,28,25,26,28,28,27,28,21,26,25,24,,18,18,20,18,18,18,19,21,,11,11,11,12,5,,16,9,15,17,11,10,17,,,12,20,13,14,18,,26,21,23,26,,,26,14,12,20,16,18,13,16,24,17,12,,7,9,8,9,6,7,9,7,6,7,6,5,12,12,14,12,13,13,14,11,,16,14,11,14,,33,,36,36,,,,,29,,,,43,44,25,31,28,26,25,,19,10,9,8,9,15,11,13,13,9,15,,15,11,9,15,,16,16,16,16,16,17,14,18,15,,24,18,13,13,14,13,14,14,13,12,15,17,15,14,15,17,19,,,31,,28,29,32,28,31,,28,37,,,39,45,34,43,,30,34,40,,43,34,30,32,36,14,15,15,12,16,,,,,,,26,,40,31,21,32,18,15,18,11,8,12,,37,,,26,,29,26,26,25,22,22,27,22,,12,23,14,13,17,13,20,18,12,25,24,23,25,20,24,18,34,35,26,13,,15,19,23,,25,30,,27,29,26,25,21,,23,8,,,39,36,,,,18,19,17,16,31,39,,32,26,,50,56,,62,,36,37,39,,37,39,7,9,10,,21,17,21,21,19,17,,13,17,17,13,18,16,14,18,25,15,11,15,18,21,16,21,15,12,13,15,13,14,,14,12,6,,10,17,20,25,16,18,21,10,15,14,17,15,15,13,,16,14,13,,14,14,14,14,18,,14,17,9,,36,,35,30,27,33,,34,22,,,,33,,23,,29,,,,34,30,24,25,26,,,,5,8,3,6,21,20,,14,11,21,10,20,11,,13,,,5,8,10,5,4,29,26,30,30,11,9,13,16,23,34,26,21,24,19,10,10,18,21,19,24,,30,31,30,25,,8,10,8,10,19,27,28,20,,,,,25,24,,21,8,18,8,10,9,16,14,19,16,16,12,8,9,,13,13,,30,32,23,,13,16,,20,10,10,19,15,17,20,13,19,25,26,22,24,,,8,12,27,29,17,16,5,11,,17,7,24,23,29,,,23,,,,,15,,,,,,,,,,,,,,,,10,,,,,,,,,,,,,,,,,,,,,,,,,,,,,,,,,,,,,,10,27,24,22,21,25,28,25,25,,,,23,22,26,23,,,25,24,28,25,27,48,,52,52,30,,,30,41,,36,41,20,,23,,22,19,,,8,23,,,22,19,17,,,22,19,4,3,16,15,16,13,12,13,11,8,18,18,17,19,13,12,13,14,11,13,14,11,,13,16,14,,8,8,10,11,16,15,16,12,13,15,13,12,,,12,17,13,14,14,9,10,10,12,11,10,11,13,13,11,12,7,,,8,11,9,18,8,8,,16,11,10,,11,17,12,,17,19,10,18,16,18,24,,16,19,14,19,23,11,18,18,,21,10,11,13,10,13,,23,,37,,,,8,7,12,11,26,20,,20,,18,18,18,13,13,14,17,,22,22,23,,,19,22,20,,20,20,18,,,14,14,17,22,20,12,19,37,27,29,26,32,36,35,40,,13,25,28,28,29,,33,35,35,34,38,36,34,35,40,,43,46,44,27,31,31,31,28,22,30,25,,41,30,36,,34,29,33,29,,32,35,30,,36,26,28,33,33,,25,22,11,25,24,25,28,,32,33,38,12,16,,18,11,4,16,6,7,18,23,36,28,8,10,,30,25,26,,16,14,,14,9,19,21,,28,22,25,10,6,21,20,,19,28,25,31,26,25,29,29,7,20,22,20,19,30,48,45,50,53,42,44,42,42,48,5,8,12,9,9,8,11,16,12,12,4,6,6,34,34,36,28,12,16,11,16,19,16,21,22,22,17,20,26,26,49,35,26,21,29,19,22,,22,20,19,7,7,,4,12,7,10,5,18,14,19,18,25,22,15,20,15,22,,,,12,10,,10,8,2,4,7,4,,15,12,11,,,,,,13,13,14,15,13,,10,,5,9,9,11,11,9,,19,19,12,16,,,,,6,7,17,16,12,11,20,,8,10,7,13,14,,17,5,9,13,10,13,11,9,,17,21,16,17,11,13,9,9,12,,12,10,,9,7,,2,4,4,,15,,5,,1,4,7,5,5,7,21,24,21,21,10,12,11,8,,26,26,,15,14,17,,24,19,,23,18,22,,19,21,20,25,,,20,15,14,,14,10,18,16,6,13,26,,27,,,31,16,16,11,11,16,18,21,8,,17,15,15,23,28,35,46,54,61,,,24,23,23,12,,6,19,19,16,10,21,30,39,34,31,30,55,61,,25,12,16,17,10,16,16,,25,,30,37,25,17,9,10,16,8,9,14,15,11,13,5,,,31,24,15,30,,28,33,57,17,,19,11,,,18,15,12,16,25,20,23,14,23,15,21,18,12,16,57,,34,36,,22,24,35,31,13,14,18,39,14,22,9,20,14,31,32,17,22,17,33,15,32,5,34,27,,21,23,20,10,,16,27,15,42,21,24,13,15,13,25,26,22,15,44,13,18,13,35,17,30,18,35,6,8,6,6,,,34,17,31,15,19,4,23,16,,17,28,34,18,34,15,34,33,17,,15,32,28,33,28,5,17,10,6,7,10,8,10,11,8,6,16,18,15,11,12,6,25,26,13,16,6,14,17,17,24,31,40,39,37,26,28,19,23,26,16,27,25,29,28,13,22,31,26,9,42,34,30,45,14,11,19,11,23,16,18,37,32,31,31,31,32,29,6,14,8,5,9,19,19,8,16,21,9,12,11,11,12,23,,26,30,21,13,34,28,37,12,33,,29,32,34,34,7,9,10,,27,8,16,24,22,21,13,18,21,34,17,19,36,12,18,15,14,19,27,18,35,32,37,29,15,15,12,13,13,12,18,8,16,16,15,12,8,19,16,14,15,21,25,27,18,15,22,25,23,22,14,19,17,14,20,23,14,19,20,47,39,35,31,25,36,32,21,12,14,14,21,24,21,22,22,34,26,35,33,29,28,9,12,9,9,15,11,9,28,31,27,31,22,26,25,17,27,38,34,24,23,31,34,7,14,39,,33,42,44,32,27,27,17,21,12,15,13,19,24,13,28,26,21,24,26,17,25,22,11,14,9,9,10,,7,10,4,17,29,9,8,10,11,23,20,17,15,14,10,20,17,17,39,30,45,20,,63,29,32,42,29,34,40,31,64,78,64,46,54,51,50,42,38,19,25,27,18,24,44,25,34,16,11,21,25,15,13,10,16,14,6,9,59,80,8,7,67,40,22,17,24,21,34,21,27,26,15,12,20,,16,24,28,35,15,22,24,14,13,35,41,44,32,30,30,27,20,11,8,19,18,14,19,,6,5,11,25,34,58,34,28,,20,29,19,25,15,11,38,22,16,9,24,34,26,29,37,15,29,20,32,19,17,,16,44,17,13,25,13,10,17,17,6,1,27,38,29,36,19,16
20231004,8,PM10,10,8,11,15,8,12,18,18,14,17,11,19,,,33,,41,27,52,,42,,74,66,,87,59,,88,73,56,88,98,100,84,,65,77,,82,,46,31,42,,40,,102,81,87,127,90,125,137,,98,20,,20,28,27,35,38,52,52,15,56,43,,41,104,116,98,92,81,,115,122,113,114,90,,,97,87,92,74,77,,17,24,,,12,8,14,15,,28,18,,7,24,17,20,30,,4,34,26,31,36,24,61,13,46,49,52,20,19,9,11,14,8,,16,5,12,9,9,11,22,9,9,,8,,,1,6,22,23,20,20,24,,18,30,25,24,30,27,36,19,24,29,22,27,34,20,,29,26,22,28,15,26,21,23,17,17,16,61,,,,66,48,,49,66,51,,,,36,,29,57,28,27,29,34,24,31,32,,,,32,29,,38,37,32,41,39,,40,39,51,44,51,63,41,37,,38,,41,,,25,23,,32,24,22,,24,23,27,29,15,20,31,,,31,18,28,43,33,42,35,,44,,,21,,23,23,,20,23,25,17,25,19,,39,32,32,28,27,50,38,32,41,29,39,29,39,34,39,39,41,48,,,44,44,52,40,,58,62,30,22,12,,30,27,19,,25,78,56,68,,68,81,59,59,44,,,53,48,58,53,53,,62,60,57,74,67,60,61,64,,26,26,18,26,26,20,23,,30,11,17,37,22,37,14,17,28,33,46,34,52,53,,45,57,47,39,53,45,43,31,48,56,50,60,33,49,,50,50,43,80,31,36,28,34,58,61,55,44,,29,61,58,30,47,28,,33,43,32,41,,,51,39,49,52,50,49,59,49,45,50,35,,30,31,23,19,30,38,28,62,,28,28,26,26,5,,16,7,8,18,10,7,14,,,19,17,10,25,14,,35,29,37,38,,,40,35,24,27,24,24,36,27,34,24,24,,20,12,12,14,18,13,10,14,9,6,7,6,12,18,25,23,22,15,21,14,,23,17,12,17,,27,,34,37,,,,,31,,,,38,70,45,60,72,36,30,,27,27,32,34,29,32,37,42,44,33,40,,23,39,25,14,,16,9,11,11,34,19,27,31,39,,35,26,28,20,17,16,20,2,8,,29,34,25,18,56,42,46,,,102,,90,112,88,95,122,,112,111,,,89,107,97,95,,83,86,92,,90,76,78,73,78,63,66,48,34,75,,,,,,,84,,86,68,61,97,63,53,66,36,44,56,,88,,,35,,35,28,25,62,44,50,42,46,,52,57,42,35,42,39,63,44,31,51,31,28,35,16,20,62,30,20,36,34,,,37,36,,29,28,,57,46,59,49,19,,38,10,,,109,105,,,,21,28,22,26,65,75,,58,75,,126,112,,123,,158,106,151,,93,75,24,24,11,,23,23,23,35,26,29,,28,14,25,29,19,18,16,20,20,10,7,21,8,22,9,16,12,20,27,26,32,22,,15,14,14,,16,27,11,16,19,28,15,20,9,17,18,31,32,32,,19,30,20,,25,27,25,21,23,,19,25,5,,50,,63,44,45,47,,85,60,,,,97,,75,,89,,,,98,46,62,79,49,,,,14,16,24,21,48,46,,25,26,29,24,27,26,,26,,,24,29,19,21,10,38,37,35,42,21,,20,27,31,50,64,36,51,28,21,21,15,15,18,21,,41,42,33,35,,12,34,32,32,31,36,44,35,,,,,44,32,,24,22,23,29,19,30,23,28,16,24,11,21,25,27,,22,12,,23,29,36,,33,38,,33,12,10,9,10,11,13,20,9,29,29,24,28,,,16,31,49,59,81,60,10,14,,15,12,115,70,90,,,59,,,,,53,,,,,,,,,,,,,,,,56,,,,,,,,,,,,,,,,,,,,,,,,,,,,,,,,,,,,,,30,34,42,46,47,62,47,53,48,,,,93,88,77,60,,,78,118,70,101,87,73,,75,53,48,,,61,83,,63,59,75,,98,,56,62,,,32,24,,,34,29,22,,,15,18,22,20,42,47,45,24,17,13,12,12,5,12,9,9,12,15,30,11,27,14,75,18,,23,26,18,,2,11,18,28,34,16,13,27,19,40,21,16,,,48,18,18,33,12,18,19,20,13,11,16,12,17,16,24,15,11,,,13,5,14,13,8,10,,14,40,34,,31,31,27,,27,40,21,33,34,34,55,,54,66,57,71,56,42,22,39,,32,23,17,20,23,24,,41,,68,,,,31,30,24,23,73,46,,44,,32,24,33,27,19,36,32,,33,24,42,,,30,14,30,,41,54,25,,,20,12,24,6,13,16,15,24,23,26,23,24,33,36,36,,30,32,53,39,36,,68,65,76,66,44,46,44,40,50,,54,54,58,27,38,48,33,36,34,41,43,,103,75,71,,87,59,82,49,,87,95,65,,67,59,57,61,63,,41,34,28,34,52,43,66,,50,49,49,60,56,,45,45,10,14,13,11,28,32,30,33,35,28,,36,43,48,,38,41,,19,14,28,61,,52,42,45,26,11,17,29,18,17,37,41,23,46,36,22,18,31,39,77,29,67,17,15,12,15,12,26,38,27,38,33,7,17,19,21,18,25,18,14,,18,8,17,12,70,93,78,48,14,71,24,31,33,42,54,46,22,51,47,40,62,47,45,60,63,25,24,36,,63,40,37,13,14,,7,27,23,22,22,25,30,29,24,20,20,16,22,48,42,,,,21,17,,21,15,6,5,7,14,,26,19,22,,,,,,31,31,30,29,13,,11,,15,15,13,17,,16,,26,19,20,27,,,,,20,13,13,10,33,35,20,,19,7,11,25,15,,25,6,31,26,16,17,10,14,,29,38,35,30,22,16,16,16,30,,24,14,,12,7,,5,12,18,,56,,8,,5,8,18,15,14,14,48,65,58,65,5,23,22,15,,25,24,,19,22,17,,33,33,30,36,17,27,,31,19,29,33,,,36,23,12,,16,13,16,15,5,31,48,,48,,,44,22,32,26,53,48,117,88,18,,19,32,31,65,49,62,163,127,133,,,36,27,34,8,,13,26,21,27,38,69,61,46,102,41,30,86,90,,76,27,36,31,20,30,22,,48,,51,91,37,20,23,17,27,14,36,16,23,19,27,4,,,62,64,34,29,,49,50,46,28,,32,28,,,70,30,32,46,54,31,87,63,75,21,27,19,12,21,126,,40,47,,36,35,71,49,29,14,24,95,23,29,14,27,44,45,82,20,58,17,90,23,105,4,106,46,,22,24,22,35,,23,49,21,55,48,53,27,35,29,57,82,43,53,55,25,30,17,76,47,48,24,83,15,13,12,10,,,25,56,100,24,39,6,50,44,,21,61,37,31,51,15,90,76,46,,22,33,21,39,26,25,31,,26,22,28,25,28,27,28,26,30,24,15,152,12,24,46,48,17,27,22,32,38,80,40,38,47,47,79,40,39,42,24,61,35,53,42,41,34,39,35,35,64,16,112,38,46,43,27,37,76,27,41,34,41,91,90,56,48,56,38,38,12,11,2,8,18,13,16,21,18,25,11,16,13,8,9,,,29,36,20,77,58,56,90,51,78,,73,107,,90,15,24,17,,9,5,28,30,13,23,24,30,35,36,58,51,41,27,44,33,37,33,47,14,25,78,10,17,15,27,27,31,32,16,62,35,88,26,19,25,17,50,32,51,40,52,16,50,28,12,36,,30,38,57,43,29,39,27,28,30,44,38,93,94,115,82,5,49,93,77,36,26,33,50,48,36,70,75,66,65,116,45,64,86,9,9,33,12,12,20,9,53,68,51,47,35,47,103,42,119,90,74,90,56,57,85,31,53,117,,100,106,123,105,52,83,30,28,11,15,41,59,39,41,77,45,36,42,46,31,24,17,17,31,20,21,27,,28,12,26,,39,14,13,14,18,18,18,37,37,21,16,33,39,54,82,47,87,52,,80,73,134,100,37,105,111,91,84,199,68,80,88,105,97,39,73,55,80,107,34,33,87,53,52,22,19,22,88,15,13,12,14,24,12,27,189,164,12,10,48,121,72,73,32,55,70,46,44,36,28,19,23,,26,68,51,53,12,38,34,40,68,76,108,76,84,64,52,33,40,18,24,34,26,36,27,,23,,27,62,78,97,80,56,,11,25,6,9,24,34,79,58,13,5,48,84,28,,73,35,12,14,22,5,17,16,61,100,29,18,30,14,23,20,64,11,6,46,97,80,78,23,22
20231004,8,PM10_24h,51,34,52,46,50,49,47,72,57,43,45,47,,,73,,69,62,74,,64,,71,62,,61,69,,86,95,93,82,93,91,75,,69,71,,61,,64,61,59,,62,,59,64,58,116,100,115,131,,113,31,,35,34,25,45,48,48,61,42,60,63,,60,66,60,67,60,65,,82,89,79,84,83,,,112,119,80,81,82,,36,38,,,38,39,36,37,,42,45,,41,51,41,39,37,,43,73,59,67,62,54,51,56,65,42,32,43,40,44,38,37,26,,37,38,44,26,24,26,35,34,28,30,32,32,26,25,34,23,24,21,21,24,,21,22,22,21,22,21,27,21,22,27,22,22,19,23,,28,30,28,28,25,27,16,18,16,17,13,43,,,,42,38,,41,40,31,,,,27,,24,29,26,23,26,25,21,24,35,,,,36,29,,24,26,22,22,22,,28,26,34,35,34,40,32,25,,22,,35,37,,40,31,,36,32,27,,29,31,36,39,18,30,28,,,29,23,21,36,36,32,39,,34,,,32,,29,30,,28,26,30,18,19,19,,49,42,46,44,42,35,38,34,32,27,26,22,36,26,31,30,29,30,,,38,34,40,39,,43,44,42,36,30,,36,38,18,,39,43,42,42,,43,57,43,51,27,,,31,35,34,30,32,41,48,45,41,43,47,44,48,46,,16,16,15,16,15,16,14,,15,15,15,14,12,14,12,13,16,15,21,15,53,55,,53,74,45,46,56,40,49,37,43,45,41,52,37,53,,37,38,38,59,33,30,33,32,47,50,52,40,,38,53,51,41,44,38,,36,39,36,39,,,48,45,45,48,44,44,55,68,43,40,36,,30,30,31,28,30,36,35,63,,24,24,23,23,13,,26,13,21,33,16,17,28,,,19,40,21,26,26,,38,34,37,41,,,40,25,24,24,26,25,28,27,29,24,18,,15,12,17,17,23,15,12,13,8,11,12,8,27,24,25,22,23,19,27,17,,31,28,21,26,,46,,44,43,,,,,50,,,,70,86,60,65,73,61,59,,47,17,17,17,19,18,24,23,25,23,25,,21,23,20,35,,39,30,32,33,44,33,30,31,35,,44,41,57,27,30,27,29,29,29,34,38,51,37,41,42,38,45,,,64,,56,63,58,47,72,,66,67,,,70,75,66,72,,53,56,80,,76,61,67,54,56,36,33,31,25,39,,,,,,,57,,76,57,46,65,36,35,38,17,26,26,,68,,,39,,36,34,40,47,46,49,51,53,,33,44,27,28,38,24,38,36,31,38,34,35,40,41,38,45,40,44,39,26,,31,30,36,,44,42,,56,53,64,58,29,,42,13,,,78,66,,,,51,48,49,53,45,45,,44,53,,84,83,,93,,75,78,93,,73,54,18,22,19,,39,46,46,54,42,74,,52,45,37,40,37,52,33,39,55,28,27,41,39,62,35,44,38,25,28,31,32,28,,25,17,22,,15,35,33,36,40,36,28,25,17,26,25,20,21,19,,18,21,22,,13,28,22,25,25,,27,25,12,,46,,52,44,39,43,,63,59,,,,63,,57,,51,,,,62,41,44,44,43,,,,12,11,17,13,35,35,,18,18,20,15,18,17,,19,,,16,15,11,13,5,39,46,43,46,22,27,24,27,34,38,44,38,42,31,20,23,26,30,23,31,,42,48,42,39,,20,26,20,14,39,43,50,41,,,,,54,45,,42,10,22,23,19,23,20,20,22,23,22,22,21,17,,25,23,,41,45,48,,27,35,,42,16,15,27,24,27,35,27,30,34,34,32,37,,,24,39,91,64,74,61,16,24,,31,23,81,88,99,,,46,,,,,35,,,,,,,,,,,,,,,,29,,,,,,,,,,,,,,,,,,,,,,,,,,,,,,,,,,,,,,20,38,38,40,42,47,43,50,41,,,,54,60,57,49,,,55,71,57,63,67,97,,103,86,46,,,53,64,,67,65,57,,74,,53,41,,,40,23,,,54,53,29,,,24,26,19,20,38,38,36,45,40,38,47,38,38,42,40,51,39,39,54,40,31,30,39,25,,50,41,27,,20,17,31,28,36,30,24,33,27,31,28,29,,,30,22,23,48,13,24,23,24,12,14,17,21,31,26,24,22,11,,,13,27,24,32,15,16,,15,28,28,,20,26,19,,28,25,19,31,25,30,46,,26,33,34,41,30,26,21,21,,21,39,33,24,18,20,,37,,44,,,,18,22,14,25,39,36,,27,,23,20,23,33,36,35,52,,38,29,43,,,29,30,30,,32,37,30,,,31,30,29,30,32,42,28,54,41,43,39,41,64,65,57,,46,47,49,48,49,,50,44,62,46,56,58,55,52,61,,67,67,62,44,50,53,48,48,43,55,50,,59,54,52,,58,45,62,42,,60,64,48,,43,49,46,50,51,,36,33,24,32,42,37,56,,50,46,45,37,35,,33,35,7,31,15,15,34,38,35,34,23,22,,44,40,45,,26,23,,26,14,30,29,,39,31,29,24,16,31,42,32,30,43,40,40,48,40,42,43,23,20,35,26,32,56,55,60,57,67,57,62,53,52,59,10,15,20,21,19,21,18,20,21,20,10,13,12,65,78,78,68,24,34,23,36,44,47,37,42,29,40,48,39,56,61,53,33,35,31,30,36,,43,33,30,17,14,,10,22,20,21,15,24,18,19,20,41,27,28,32,35,31,,,,22,23,,23,17,19,14,17,25,,24,20,19,,,,,,24,23,21,21,23,,15,,8,14,15,18,16,22,,23,26,19,26,,,,,12,13,24,23,22,20,26,,16,10,12,21,15,,23,11,22,14,12,16,12,14,,24,33,25,25,20,13,17,16,26,,22,17,,14,7,,7,11,12,,30,,11,,6,9,14,12,13,12,54,68,63,54,13,22,17,17,,55,44,,20,20,36,,44,41,30,42,41,46,,36,31,36,36,,,43,31,17,,20,30,19,22,6,37,68,,55,,,77,27,19,19,50,56,57,69,19,,42,30,33,84,87,102,159,177,151,,,63,47,57,21,,32,43,46,48,11,47,42,54,66,64,57,89,110,,64,33,27,24,26,37,28,,36,,46,59,38,23,19,19,47,28,24,43,38,21,26,8,,,65,50,30,63,,74,61,96,23,,26,17,,,41,32,35,26,34,33,47,34,43,21,34,32,28,25,98,,62,49,,33,48,47,41,39,25,32,71,20,42,24,40,33,63,54,24,35,36,63,20,59,7,68,41,,24,29,22,29,,40,73,28,46,26,40,20,21,19,59,59,36,41,67,20,24,30,49,35,48,19,69,14,14,16,15,,,36,42,67,21,32,8,35,29,,36,47,63,22,58,31,57,60,30,,41,46,44,46,43,21,38,27,15,22,22,21,25,30,29,21,31,39,26,66,32,29,27,41,23,21,16,25,23,27,35,51,61,52,66,45,52,36,40,46,32,53,46,59,33,31,37,46,54,20,69,70,79,83,21,24,41,18,30,27,25,59,52,41,42,44,41,41,14,20,13,15,16,26,29,23,24,27,18,16,9,18,14,35,,33,33,32,39,60,52,69,28,62,,50,71,74,64,11,15,16,,44,11,22,31,21,29,24,30,37,40,45,39,54,27,38,33,30,30,54,27,51,65,65,59,35,26,20,21,19,24,31,23,34,32,27,25,18,27,20,30,37,61,57,60,45,38,34,54,28,36,49,40,36,28,29,32,28,43,34,91,62,74,83,49,69,61,57,24,20,21,32,38,26,41,56,57,43,62,46,47,52,16,16,21,9,28,26,49,39,41,38,40,38,41,71,34,57,69,62,64,50,47,62,18,32,76,,68,73,88,65,58,73,24,52,20,29,29,46,40,38,58,38,37,44,42,32,35,30,16,27,24,19,22,,23,16,20,24,24,13,14,22,22,37,31,33,30,27,22,57,48,45,62,44,70,51,,92,68,69,75,81,70,89,58,98,139,107,113,120,110,108,100,100,44,50,68,35,36,71,43,48,17,28,24,44,29,26,20,25,27,19,43,188,188,16,12,95,93,54,60,42,48,64,40,43,45,33,20,25,,19,53,47,45,23,31,41,32,37,68,71,73,61,59,77,46,34,18,19,26,32,34,30,,17,11,25,106,52,82,69,46,,42,61,35,45,49,24,55,45,32,23,49,61,36,69,62,29,50,44,58,35,30,22,42,76,36,30,46,41,31,37,36,11,8,43,77,48,68,44,24
20231004,8,SO2,3,1,3,3,3,1,3,3,3,1,3,3,,,8,,4,6,5,,6,,5,6,,7,4,,9,2,2,7,4,5,6,,3,7,,3,,10,8,9,,4,,13,14,10,5,6,6,6,,8,1,,2,1,6,,5,5,1,2,2,1,,5,10,12,15,5,9,,16,11,10,14,14,,,6,17,14,32,7,,5,6,,,8,6,4,6,,10,8,,10,6,8,7,5,,7,7,10,9,9,8,8,8,11,7,10,6,6,5,5,7,6,,5,6,4,5,6,6,5,2,4,3,7,6,7,6,9,4,9,8,7,9,,4,6,9,5,5,7,9,4,8,9,5,10,6,5,,8,10,9,8,8,10,7,6,7,6,6,16,,,,7,7,,6,6,6,,,,13,,13,10,13,13,8,14,12,8,10,,,,13,11,,8,10,5,12,14,,12,8,6,9,7,7,7,6,,13,,10,,,9,4,,7,10,9,,9,6,9,7,6,8,5,,,7,7,6,7,5,4,6,,9,,,5,,6,6,,6,4,7,,5,5,,4,4,2,2,2,6,6,6,6,6,5,5,8,5,5,5,6,6,,,5,3,3,4,,5,9,4,5,7,,,6,7,,7,6,4,6,,5,4,4,7,4,,,15,12,12,11,9,,6,4,7,7,6,8,7,8,,8,6,6,8,7,7,6,,7,5,4,5,5,5,4,4,3,3,2,6,4,7,,3,5,12,5,3,5,6,6,3,6,8,6,5,7,,2,7,6,8,6,7,6,7,16,8,7,10,,8,5,6,7,,4,,7,8,7,9,,,5,2,11,9,12,9,6,7,7,8,5,,8,9,12,7,7,12,7,7,,6,7,6,8,6,,5,8,5,6,5,5,6,,,7,6,7,6,5,,5,2,4,3,,,5,7,5,3,4,5,8,8,3,6,6,,9,12,9,8,18,10,7,8,9,8,7,5,6,6,5,6,7,5,3,5,,5,2,4,6,,5,,6,7,,,,,18,,,,12,31,5,2,2,5,6,,10,7,4,6,10,6,5,5,4,5,6,,3,4,5,9,,11,10,10,15,82,18,10,11,62,,7,9,7,9,6,8,5,8,21,7,39,11,14,18,8,6,4,,,9,,10,12,12,6,12,,13,10,,,12,29,10,10,,9,17,18,,10,7,6,8,9,14,6,6,7,3,,,,,,,10,,7,9,8,9,9,8,11,6,6,8,,22,,,18,,13,9,16,10,15,10,15,9,,14,14,27,19,12,,16,23,39,42,3,7,12,8,6,8,6,9,7,15,,10,12,9,,4,8,,13,11,8,9,5,,11,6,,,21,27,,,,10,12,14,10,8,18,,21,22,,13,13,,14,,32,12,22,,12,14,16,20,13,,7,12,14,,27,12,,16,6,8,6,7,10,8,11,10,9,9,6,7,10,13,7,10,7,8,9,10,7,,5,2,6,,4,5,5,6,5,5,6,4,4,10,5,8,7,6,,9,10,8,,6,6,9,7,9,,11,8,8,,4,,9,2,2,1,,9,8,,,,4,,5,,7,,,,6,6,4,6,5,,,,6,5,7,6,8,7,,7,6,7,6,5,3,,8,,,4,8,10,3,9,3,8,6,5,8,,4,5,10,10,12,15,9,11,3,3,4,4,7,7,,6,4,6,8,,9,11,14,4,5,5,7,4,,,,,1,3,,3,3,2,3,3,3,3,5,7,2,2,5,8,10,,1,3,,7,1,4,,7,6,,4,8,5,7,6,6,7,8,5,4,5,2,6,,,10,8,21,47,52,5,10,6,,4,7,24,7,8,,,6,,,,,10,,,,,,,,,,,,,,,,10,,,,,,,,,,,,,,,,,,,,,,,,,,,,,,,,,,,,,,7,3,3,3,4,8,4,6,8,,,,6,6,7,5,,,65,48,47,33,51,9,,10,10,4,,,4,6,,11,10,3,,9,,8,8,,,5,5,,,4,8,11,,,2,3,10,13,16,16,11,4,6,8,6,6,10,8,8,20,11,7,5,16,9,6,10,8,,2,7,6,,7,4,10,12,8,2,5,6,6,6,7,5,,,6,10,8,11,11,8,6,6,3,6,4,8,2,2,4,2,1,,,7,3,5,1,2,6,,5,3,4,,6,5,4,,10,11,8,9,1,8,6,,7,6,8,5,3,6,6,5,,5,4,4,6,11,9,,8,,9,,,,6,11,7,5,15,14,,4,,5,7,5,7,7,7,7,,8,5,63,,,4,4,5,,9,,6,,,5,3,4,6,12,4,12,22,15,12,16,26,26,12,22,,5,7,67,46,12,,15,11,9,6,13,18,12,15,8,,13,7,18,1,4,2,4,5,,10,10,,8,6,9,,8,5,7,4,,4,4,6,,5,8,4,8,3,,5,4,8,7,6,7,8,,6,7,6,5,5,,11,6,9,7,6,6,12,10,6,9,3,3,,10,8,5,,10,7,,8,6,6,6,,7,6,6,9,8,13,22,5,8,18,7,9,12,11,5,9,4,5,8,6,4,3,4,3,5,3,8,7,7,6,6,4,1,4,6,18,3,3,1,,5,6,6,5,26,19,14,20,8,4,15,14,9,10,6,7,5,12,10,15,23,10,20,9,10,4,7,8,,15,6,4,6,3,,2,5,7,6,7,9,11,6,9,4,6,8,9,7,6,,,,5,8,,7,5,7,8,9,7,,8,6,8,,,,,,6,4,5,8,4,,5,,7,6,16,19,24,28,,5,4,5,5,,,,,1,1,5,4,3,5,5,,3,6,5,8,14,,8,9,5,11,6,5,3,4,,6,,5,9,7,9,4,5,14,,8,4,,8,8,,9,9,4,,11,,7,,6,7,6,5,7,6,6,12,12,14,8,7,6,5,,34,34,,11,8,3,,9,7,3,4,6,7,,5,6,2,3,,,10,4,4,,8,13,10,11,10,11,7,,8,,,9,10,3,6,7,5,3,4,6,,6,8,7,5,6,6,2,4,4,,,8,10,8,4,,4,5,7,3,18,4,10,5,9,5,5,4,,,9,6,9,9,7,5,5,,5,,8,8,5,5,13,14,14,10,9,20,,6,6,4,,,4,12,9,8,,7,12,36,4,,7,12,,,18,5,10,8,10,6,18,16,24,7,10,6,6,7,14,,5,3,,3,5,8,6,3,11,2,19,3,8,3,6,6,,9,6,7,21,8,1,8,7,7,8,,7,8,7,8,,3,10,6,5,6,6,8,12,8,9,9,6,3,14,10,16,4,10,15,9,8,12,9,7,5,5,,,9,5,6,7,10,6,8,13,,4,7,23,14,14,5,8,11,5,,6,4,7,12,4,5,7,,4,10,10,6,11,7,7,8,3,16,8,10,10,11,11,8,9,9,7,9,12,13,5,5,5,,6,4,5,6,3,5,9,8,28,10,8,13,6,8,3,2,16,6,6,6,9,7,4,8,18,3,4,8,9,9,7,8,2,3,7,5,7,11,10,6,8,12,17,14,5,7,8,9,9,1,,2,10,7,8,3,7,29,7,9,,12,9,11,31,13,10,4,,12,6,16,11,6,7,4,7,9,4,11,10,7,6,6,7,8,7,9,5,8,14,3,3,6,11,6,9,5,8,20,3,14,7,7,12,6,19,13,7,4,2,4,9,9,6,8,10,8,7,8,7,6,20,5,4,17,7,10,6,14,8,12,4,9,10,7,3,6,6,7,,6,7,10,8,9,9,10,9,12,9,5,25,6,7,9,2,8,8,4,4,7,7,9,4,11,14,9,14,7,7,11,5,9,10,,10,13,19,19,22,47,7,6,8,2,9,3,3,5,16,4,8,6,8,4,2,6,4,5,3,11,5,,8,4,6,,6,6,7,4,9,6,7,7,6,4,5,20,10,13,10,11,8,9,,6,8,3,2,8,8,7,31,3,5,10,14,10,12,11,10,15,12,13,9,3,5,14,7,9,8,9,6,18,4,4,4,5,5,8,4,22,15,6,4,8,34,4,12,15,7,8,8,8,10,16,8,7,,8,4,4,10,10,7,2,13,,11,29,18,24,6,11,7,6,7,5,5,8,4,5,,5,6,6,11,6,10,4,4,,1,1,3,1,11,16,7,7,10,12,6,11,6,8,2,3,3,3,3,6,5,8,6,11,10,5,8,4,6,4,5,7,3,7,15,11,13,8,8
20231004,8,SO2_24h,3,2,3,3,3,3,3,3,2,2,3,3,,,9,,6,8,7,,8,,6,7,,8,5,,10,5,7,8,7,10,9,,3,6,,2,,12,11,13,,8,,9,11,12,9,8,8,9,,9,3,,3,3,7,11,11,10,20,9,3,3,,7,8,9,8,4,10,,18,11,11,14,11,,,9,13,11,18,11,,8,8,,,11,10,8,10,,12,16,,10,8,13,11,8,,9,7,11,9,9,9,7,9,11,8,9,6,7,6,6,8,7,,6,7,5,9,7,6,6,4,6,6,8,10,7,6,9,5,9,8,8,8,,4,6,7,5,5,3,5,4,7,4,4,6,2,5,,8,10,9,8,8,10,6,6,7,6,7,8,,,,5,6,,6,6,6,,,,9,,6,7,10,8,6,7,9,8,9,,,,11,10,,4,3,3,7,8,,8,8,8,10,7,8,6,6,,10,,8,7,,8,4,,6,8,8,,9,6,9,7,7,9,5,,,8,8,8,6,5,4,6,,8,,,3,,5,5,,6,4,6,6,5,5,,4,4,3,4,3,6,6,6,5,6,5,5,6,4,4,5,5,5,,,5,3,3,4,,3,3,5,6,7,,8,7,10,,7,6,4,6,,4,5,4,8,5,,,8,8,8,8,8,7,5,4,6,7,6,6,6,8,,8,6,6,8,6,7,6,,7,4,4,6,5,4,4,4,4,3,2,6,4,7,,3,5,8,4,4,5,6,6,3,6,9,6,5,7,,3,6,6,8,6,6,6,7,11,7,6,8,,7,5,6,7,6,3,,6,6,4,5,,,6,4,12,5,7,8,4,6,5,8,5,,6,6,9,6,7,9,7,6,,6,6,5,8,6,,5,8,5,6,5,5,6,,,7,7,7,6,6,,2,1,3,2,,,3,8,5,4,3,6,5,8,4,7,5,,8,7,9,7,16,7,7,7,9,8,7,6,7,6,5,6,7,5,3,5,,5,3,5,7,,4,,8,11,,,,,28,,,,13,22,6,3,4,5,8,,11,7,4,7,9,6,5,5,4,5,7,,4,4,5,18,,24,16,16,17,27,25,7,5,13,,6,7,6,11,8,11,6,10,11,7,16,10,10,13,7,7,4,,,9,,11,11,14,7,10,,13,7,,,11,12,10,11,,8,8,20,,8,6,8,7,8,11,5,5,7,2,,,,,,,11,,7,10,9,9,9,6,10,3,5,7,,21,,,16,,14,9,12,8,8,9,11,9,,8,8,7,8,8,5,10,9,13,10,3,7,8,5,6,7,5,6,5,9,,7,8,7,,6,9,,10,8,6,6,6,,9,5,,,9,10,,,,16,15,18,15,11,11,,15,16,,15,16,,17,,17,13,15,,12,12,10,14,10,,7,11,12,12,14,8,,14,10,11,10,10,11,7,18,26,8,10,7,16,18,15,16,17,8,8,9,10,7,,5,3,6,,4,6,6,7,6,6,6,4,4,10,6,7,6,4,,6,8,6,,5,7,8,7,10,,11,8,11,,5,,3,3,3,1,,13,12,,,,5,,5,,7,,,,8,9,7,9,9,,,,6,4,8,6,6,6,,7,6,7,6,4,3,,8,,,4,7,9,3,9,4,9,8,6,6,4,5,11,11,6,9,9,8,8,3,3,4,7,8,8,,7,5,8,9,,8,12,5,5,6,6,6,5,,,,,4,6,,5,6,2,3,3,3,3,4,7,2,1,6,4,5,,2,3,,8,3,6,,7,5,,5,8,6,8,6,7,8,10,6,4,6,4,6,,,12,6,62,56,29,6,10,5,,8,7,10,6,8,,,6,,,,,8,,,,,,,,,,,,,,,,8,,,,,,,,,,,,,,,,,,,,,,,,,,,,,,,,,,,,,,6,2,3,2,4,8,5,7,8,,,,9,7,9,8,,,17,19,16,18,17,14,,15,15,8,,,6,7,,16,12,3,,6,,14,13,,,6,5,,,8,6,7,,,4,4,10,12,11,11,9,6,10,12,11,9,11,11,11,15,10,10,6,13,11,14,15,6,,5,6,7,,10,7,10,10,8,4,7,8,7,7,8,6,,,7,12,8,11,11,10,6,7,3,13,17,6,2,4,4,3,1,,,8,4,4,2,2,6,,6,5,5,,5,6,4,,6,9,7,8,1,7,7,,5,5,6,2,2,7,6,5,,4,5,5,6,7,7,,6,,7,,,,4,9,6,5,12,6,,4,,5,6,5,7,7,7,7,,10,5,14,,,4,5,5,,6,10,5,,,6,4,6,7,17,10,11,33,25,26,25,26,19,14,20,,9,8,25,19,9,,17,12,15,7,10,14,10,12,18,,19,20,24,4,8,3,5,7,,10,5,,11,7,9,,8,6,8,4,,4,4,6,,5,8,3,7,3,,5,4,7,6,6,8,8,,6,6,6,5,6,,9,6,9,7,6,6,9,10,7,9,4,4,,9,7,6,,7,7,,8,6,7,6,,6,6,6,10,8,14,18,6,8,14,10,7,10,10,7,10,3,2,4,3,2,8,10,10,11,10,9,7,7,7,9,4,1,2,5,3,4,3,2,2,4,6,6,8,13,10,10,10,5,5,7,12,8,9,6,6,5,11,9,27,25,23,31,6,7,5,8,8,,12,6,4,6,3,,2,6,9,7,8,8,8,6,9,5,7,9,10,7,7,,,,4,7,,7,7,11,12,12,9,,10,7,9,,,,,,6,4,5,8,5,,5,,7,6,10,11,11,18,,6,5,6,6,,,,,1,1,5,5,4,5,5,,4,6,5,9,9,,8,9,6,11,7,6,4,4,,6,8,5,9,7,8,4,5,16,,8,4,,8,7,,9,8,4,,6,,7,,6,7,8,6,7,7,8,11,10,12,9,8,7,5,,90,63,,12,9,4,,10,8,4,4,7,12,,5,6,3,3,,,11,6,4,,9,13,12,13,10,10,10,,12,,,10,6,2,6,6,5,4,5,7,,8,8,8,6,6,4,3,5,5,,,11,10,9,4,,4,9,11,3,7,2,12,5,7,6,6,8,16,,6,6,7,4,8,4,4,,4,,9,7,4,6,9,10,11,9,5,10,8,7,5,4,,,6,8,8,8,,7,12,21,4,,6,8,,,7,7,8,8,8,6,8,9,10,7,9,6,6,7,17,,6,5,,3,7,5,6,3,12,4,16,3,12,3,6,5,7,9,8,6,17,8,2,7,7,6,8,,8,8,7,7,,3,13,6,5,5,7,5,9,6,13,8,8,4,22,7,9,5,9,7,8,7,9,8,7,6,5,,,8,5,6,8,7,6,6,8,,5,10,24,6,20,6,8,7,4,,8,7,12,24,52,5,7,10,4,7,8,6,9,5,7,8,3,15,12,15,18,7,6,9,9,9,7,8,8,10,5,5,5,8,6,5,4,6,3,5,8,7,11,7,7,8,5,9,3,3,12,8,8,9,8,3,4,7,7,3,3,8,8,11,8,6,2,2,11,7,11,10,10,6,17,12,17,14,6,8,8,8,10,2,,3,9,9,6,6,6,15,6,8,,11,8,9,16,9,5,6,,9,6,10,10,6,7,5,7,11,12,9,10,19,5,5,6,7,6,13,5,13,9,3,2,16,13,4,5,5,8,10,2,8,8,7,11,6,10,7,6,5,4,5,11,10,9,4,10,6,8,8,6,6,13,6,4,8,7,7,9,8,15,10,5,10,9,5,2,6,4,5,8,5,6,8,9,10,8,11,10,6,34,5,16,7,8,10,7,3,7,5,5,7,6,6,4,10,11,11,12,7,8,9,4,8,8,,13,15,13,9,45,23,6,23,8,3,7,3,3,5,8,5,7,10,8,6,2,6,4,4,2,6,3,,8,4,6,10,8,6,7,4,8,5,7,6,6,4,5,24,13,19,8,13,11,15,,10,11,3,3,3,5,9,13,5,8,13,15,12,14,13,12,16,8,8,9,2,5,14,7,13,8,9,7,13,5,4,4,5,5,8,7,10,11,6,4,10,38,6,21,10,7,8,4,9,9,11,10,8,,6,4,3,3,9,6,5,9,9,10,9,17,11,10,10,8,6,7,5,5,8,4,5,,5,6,5,7,8,14,7,6,,3,3,3,2,15,13,8,7,16,16,6,11,6,7,3,3,2,3,3,10,8,8,5,18,9,6,9,5,7,6,5,7,5,9,12,12,12,8,11
20231004,8,NO2,14,2,10,16,11,16,30,13,21,8,9,31,,,30,,31,25,43,,27,,37,47,,50,41,,53,27,26,48,34,39,21,,27,54,,57,,29,62,32,,18,,47,55,43,53,41,53,71,,58,15,,12,15,10,37,32,40,40,14,32,38,,31,34,43,39,61,63,,28,42,43,31,48,,,50,61,57,63,37,,17,37,,,19,8,15,15,,15,13,,17,12,12,19,21,,5,15,20,14,25,18,12,9,18,17,15,22,15,14,12,19,12,,13,11,13,4,8,11,9,5,11,11,12,12,5,8,12,16,22,28,17,21,,25,18,22,22,24,34,26,28,26,27,21,24,25,19,,30,19,28,37,14,25,25,25,23,17,21,28,,,,53,34,,50,43,44,,,,20,,31,33,32,36,40,38,24,24,28,,,,17,21,,25,18,17,20,21,,26,35,31,34,27,37,14,26,,25,,39,,,26,20,,25,26,23,,31,23,21,19,13,13,8,,,13,11,13,27,8,27,12,,29,,,25,,22,20,,11,9,16,,8,9,,20,18,9,14,17,14,14,15,20,20,16,11,14,11,14,30,19,23,,,10,11,17,10,,19,31,12,8,12,,,7,7,,10,74,32,39,,59,38,59,33,17,,,36,30,30,32,52,,52,42,39,31,42,35,44,44,,20,20,19,19,30,24,12,,21,14,14,7,5,10,6,8,9,8,4,5,42,35,,29,42,35,12,38,23,27,11,20,34,23,31,8,19,,14,16,11,33,10,20,7,16,39,46,43,25,,15,36,27,18,16,14,,18,28,14,17,,,17,11,24,24,18,14,19,15,30,39,22,,10,15,13,17,31,21,25,28,,15,27,8,12,6,,21,22,9,24,18,25,18,,,26,28,24,24,29,,17,19,22,15,,,20,7,6,13,4,10,4,14,11,10,7,,18,9,9,14,11,12,22,24,24,8,25,5,33,13,39,23,35,11,36,12,,14,24,30,20,,22,,13,42,,,,,14,,,,17,18,37,45,56,47,24,,23,11,8,11,9,8,9,13,10,13,11,,5,10,9,29,,16,26,29,18,37,16,32,32,26,,12,15,13,18,22,16,26,17,26,17,26,13,14,16,16,17,18,,,47,,45,59,53,47,35,,43,35,,,46,57,48,55,,36,46,38,,52,44,43,43,31,40,29,23,12,56,,,,,,,40,,36,26,36,48,48,44,59,11,10,30,,62,,,7,,6,9,10,20,22,18,18,10,,27,21,11,13,22,19,23,13,18,20,19,16,14,6,7,4,12,9,12,16,,17,13,11,,7,8,,15,16,26,20,5,,27,8,,,37,39,,,,18,25,15,24,36,42,,32,38,,34,46,,42,,71,72,52,,80,37,29,27,28,,13,18,21,42,25,18,,10,11,13,10,13,20,16,16,24,19,13,19,14,17,18,10,16,16,26,20,28,19,,5,4,8,,6,10,14,6,8,6,6,12,7,16,8,35,35,20,,31,20,27,,15,13,14,12,10,,23,17,7,,30,,25,23,16,15,,47,34,,,,28,,38,,39,,,,43,35,24,31,24,,,,20,19,11,19,22,18,,15,16,14,14,12,5,,15,,,4,16,21,5,3,5,10,8,14,6,,7,15,9,23,23,22,24,21,6,5,10,23,17,20,,28,23,22,22,,10,19,23,14,12,15,6,16,,,,,10,11,,14,6,17,11,14,15,12,10,5,4,3,6,19,16,,11,18,,16,21,31,,21,22,,28,17,12,23,14,16,19,26,15,33,44,32,26,,,25,14,13,30,63,27,8,7,,6,3,34,39,10,,,39,,,,,28,,,,,,,,,,,,,,,,48,,,,,,,,,,,,,,,,,,,,,,,,,,,,,,,,,,,,,,13,20,12,20,,31,36,27,43,,,,24,37,30,34,,,47,48,50,45,46,29,,25,28,14,,,20,26,,42,39,31,,32,,21,18,,,14,9,,,,10,11,,,6,4,8,8,14,13,11,22,15,10,3,17,19,15,10,15,11,9,19,12,26,,26,30,,13,14,10,,17,17,15,30,14,6,13,8,24,39,17,8,,,5,11,8,13,5,2,5,13,3,6,9,4,4,6,5,8,2,,,5,5,9,2,9,7,,3,13,13,,25,16,17,,17,21,24,15,11,31,15,,19,20,37,22,18,14,13,16,,13,6,7,8,23,23,,18,,24,,,,20,15,19,14,33,27,,20,,23,31,30,8,2,12,11,,14,19,22,,,11,11,16,,15,14,11,,,18,3,8,7,9,4,8,14,13,15,14,13,17,20,20,,5,9,14,10,8,,7,15,9,12,17,17,19,20,27,,22,21,24,2,12,8,5,8,10,9,11,,44,37,42,,50,31,43,22,,21,32,49,,39,26,30,30,27,,24,24,31,34,37,25,34,,21,13,18,9,9,,29,13,8,18,6,6,22,22,24,23,12,25,,22,18,18,,16,7,,2,3,9,17,,9,15,14,2,9,13,7,9,8,9,11,5,10,12,9,10,7,15,12,11,9,9,14,12,10,13,9,9,13,9,9,4,7,4,6,4,4,11,8,,8,3,8,9,29,35,32,25,21,18,14,18,15,22,33,14,16,11,7,8,15,18,12,12,10,12,14,17,,18,8,11,5,12,,8,8,12,11,20,20,23,23,31,13,24,16,11,19,37,,,,7,10,,11,15,30,25,37,20,,26,12,9,,,,,,14,18,26,16,6,,2,,15,5,12,11,10,14,,7,3,5,4,,,,,5,5,6,4,5,6,9,,4,8,7,11,13,,17,11,5,12,9,10,5,8,,6,7,11,8,10,7,5,11,11,,7,9,,8,17,,11,9,20,,18,,12,,4,6,10,18,17,13,37,48,54,54,7,14,12,9,,8,16,,13,12,18,,24,21,28,16,15,12,,9,10,2,10,,,8,6,16,,7,12,14,2,10,11,15,,10,,,33,15,13,14,22,29,69,63,8,,19,8,12,8,9,9,31,28,23,,,29,14,20,4,,4,24,20,19,23,39,28,13,48,39,23,35,43,,36,18,21,20,14,27,23,,17,,43,24,18,7,20,18,18,14,34,28,,9,30,5,,,36,22,25,20,,14,13,21,2,,32,20,,,54,22,33,19,44,29,45,44,35,22,10,25,14,7,46,,29,17,,11,13,30,31,8,7,10,60,6,33,20,8,11,27,39,36,19,22,56,5,55,16,52,12,,5,4,4,17,,11,30,30,37,24,33,13,20,19,32,29,41,21,24,25,30,22,40,22,33,18,57,7,11,16,17,,,18,22,48,17,33,3,19,25,,23,31,21,28,43,11,38,32,23,,13,20,12,8,14,15,11,,9,21,30,24,32,33,19,11,27,23,14,20,8,22,19,34,23,29,14,15,24,21,18,22,38,28,47,36,52,13,29,31,17,26,23,18,13,15,23,9,26,15,49,31,35,26,25,19,26,21,17,17,20,52,39,38,39,24,19,18,5,6,6,18,11,15,10,8,19,18,12,15,7,27,14,,,22,19,18,65,54,32,59,26,42,,49,47,38,33,18,15,12,,22,14,24,25,2,10,12,25,9,5,24,23,16,29,24,28,24,25,12,10,12,44,6,6,20,18,32,20,19,37,37,12,46,21,21,19,28,16,15,17,12,36,4,31,18,8,20,10,6,6,25,13,11,17,8,9,13,18,12,36,45,40,38,6,27,32,29,12,30,28,19,33,25,45,27,37,35,53,40,33,44,7,6,13,6,20,18,14,32,23,20,22,25,20,96,14,68,34,36,41,21,52,50,42,43,41,,32,58,62,75,20,58,19,10,14,15,15,25,15,8,27,3,14,12,9,9,10,5,1,12,10,7,6,,20,14,32,,17,13,8,12,12,22,16,29,13,33,9,38,23,39,38,37,42,35,,43,35,55,39,15,70,48,37,26,52,36,49,38,46,43,33,37,40,25,44,22,24,36,33,31,16,10,20,40,36,24,15,15,9,8,37,12,18,16,12,30,46,34,15,6,36,10,33,8,23,27,20,22,,21,25,25,31,18,27,11,35,,45,83,62,31,9,38,32,22,18,16,14,30,34,15,,13,3,6,14,20,27,24,15,,14,25,4,12,20,15,46,44,15,12,12,41,12,,39,25,20,19,24,17,20,5,23,46,19,8,25,7,11,6,16,12,5,31,58,43,47,,9
20231004,8,NO2_24h,24,6,24,22,31,25,25,32,19,8,29,28,,,28,,25,28,30,,26,,33,29,,38,27,,39,34,38,32,34,31,18,,28,36,,36,,31,65,28,,20,,32,45,29,47,36,38,56,,75,18,,21,21,15,33,29,32,36,14,24,28,,27,30,25,25,25,33,,24,42,35,30,56,,,56,63,60,67,42,,25,32,,,26,19,18,19,,16,19,,16,13,14,17,21,,7,19,19,18,19,17,19,18,22,21,15,25,18,18,16,16,10,,17,17,19,12,14,15,15,19,22,22,21,21,12,17,22,15,22,24,16,18,,22,15,18,16,22,25,20,23,20,21,20,21,20,18,,19,18,23,29,15,22,18,20,19,18,17,31,,,,27,22,,32,23,26,,,,19,,25,27,27,29,34,27,19,24,29,,,,20,18,,19,19,16,16,15,,20,29,33,31,36,35,14,19,,13,,27,22,,24,20,,22,21,18,,26,18,17,17,18,17,12,,,14,13,12,16,9,16,18,,16,,,26,,19,16,,9,8,9,7,7,7,,20,18,14,16,19,13,15,15,23,19,15,12,15,11,13,29,16,19,,,7,9,8,7,,11,15,13,10,10,,12,9,10,,11,16,24,28,,26,25,32,24,9,,,21,28,20,21,31,27,19,20,19,25,19,21,23,20,,17,18,15,18,15,20,14,,14,14,15,7,6,7,8,10,9,10,5,5,34,26,,35,40,21,26,33,19,34,12,17,19,21,20,20,22,,12,16,12,25,8,11,10,9,19,24,23,16,,11,32,24,14,11,10,,10,13,10,11,,,22,14,20,25,16,14,14,27,24,36,16,,9,10,14,12,15,18,18,27,,8,17,9,9,8,,22,16,16,22,16,22,20,,,19,29,18,20,24,,18,14,19,18,,,20,9,7,14,5,7,5,11,11,8,7,,17,8,11,13,15,14,16,14,12,10,13,6,26,21,26,22,25,18,22,14,,16,24,22,25,,38,,36,42,,,,,20,,,,39,30,55,50,38,48,37,,17,13,9,12,9,10,14,17,12,15,14,,9,12,9,23,,21,19,21,19,42,26,21,25,35,,14,14,15,13,13,14,17,18,18,17,16,18,18,24,11,14,11,,,38,,28,33,34,23,19,,25,22,,,34,43,37,44,,22,26,27,,40,35,30,44,24,17,14,12,7,26,,,,,,,21,,26,20,20,30,33,26,36,10,7,13,,32,,,7,,4,7,9,14,15,12,13,10,,13,13,9,8,16,7,11,9,10,15,18,14,17,7,6,5,16,11,12,6,,6,10,12,,10,9,,10,10,15,14,5,,22,10,,,27,22,,,,26,22,17,24,23,28,,24,23,,25,30,,28,,58,58,44,,57,22,18,22,19,,13,17,17,23,15,15,,18,20,12,10,11,13,11,23,36,13,13,17,17,25,16,15,12,14,17,17,14,13,,11,11,10,,10,22,29,22,19,24,13,14,9,15,15,22,27,12,,20,10,20,,8,14,16,20,11,,19,17,5,,27,,29,27,18,19,,25,21,,,,17,,24,,24,,,,29,19,19,28,17,,,,26,22,13,19,18,16,,10,16,11,13,13,5,,12,,,2,10,14,7,4,5,10,9,12,8,5,6,9,12,18,20,16,20,19,5,4,10,14,14,14,,24,26,26,23,,9,16,13,8,17,16,12,16,,,,,14,12,,12,6,13,10,12,13,11,12,8,7,7,8,10,8,,15,17,,29,34,30,,25,28,,33,12,12,27,18,22,30,24,27,22,30,26,24,,,14,10,32,25,38,27,10,13,,11,9,42,30,17,,,23,,,,,20,,,,,,,,,,,,,,,,15,,,,,,,,,,,,,,,,,,,,,,,,,,,,,,,,,,,,,,15,19,10,19,21,24,18,18,27,,,,20,23,23,30,,,30,35,29,28,33,40,,48,41,15,,,15,20,,45,40,38,,31,,19,16,,,12,9,,,14,13,12,,,9,7,9,12,13,11,7,15,17,13,10,17,17,17,12,17,12,12,17,13,14,14,18,17,,11,11,6,,10,9,11,16,12,9,13,8,17,22,13,18,,,16,15,11,19,9,11,9,15,4,8,14,6,18,17,18,20,4,,,8,18,10,2,9,8,,5,14,16,,16,19,18,,17,14,20,14,14,19,26,,14,17,25,19,15,13,13,16,,13,7,9,9,16,13,,24,,33,,,,17,13,13,11,18,17,,14,,17,28,23,8,5,7,7,,14,18,17,,,10,12,11,,13,16,11,,,11,4,9,9,13,6,8,24,19,23,18,11,16,16,16,,7,7,9,7,9,,6,11,12,9,12,10,12,14,30,,29,25,13,4,11,9,6,9,14,15,13,,27,25,26,,30,22,29,16,,14,20,25,,22,20,24,17,20,,23,17,15,15,14,12,24,,17,12,14,14,10,,19,13,7,21,5,3,23,28,26,26,16,19,,13,12,13,,9,7,,6,5,10,14,,7,11,13,9,14,15,9,10,9,11,12,8,9,11,12,11,6,12,8,8,10,12,13,11,10,13,9,11,11,10,9,4,6,4,6,3,4,9,7,10,6,5,7,11,27,31,26,29,14,12,13,19,19,17,19,12,11,8,6,10,12,16,14,13,14,12,11,18,,14,11,10,6,7,,8,6,13,11,11,11,14,15,19,12,18,16,12,12,24,,,,6,10,,8,14,24,22,25,25,,19,12,9,,,,,,9,9,13,9,10,,5,,8,4,9,6,7,10,,7,3,5,4,,,,,3,4,7,5,5,7,7,,2,6,6,10,10,,10,10,6,10,8,8,6,7,,6,7,6,7,12,9,5,10,10,,7,12,,8,11,,6,6,11,,6,,10,,2,4,9,8,9,11,37,48,55,46,7,14,12,12,,35,27,,10,10,21,,17,15,27,25,15,13,,11,11,11,20,,,17,15,16,,7,13,15,10,9,9,26,,23,,,25,20,13,15,25,24,38,33,9,,26,16,9,13,20,13,35,42,37,,,36,27,31,7,,15,21,24,17,10,21,16,22,46,35,18,33,41,,37,16,19,19,18,25,21,,27,,29,24,21,6,15,15,11,10,22,16,13,7,22,5,,,27,13,15,21,,31,33,33,7,,25,21,,,37,21,37,11,23,23,25,21,26,21,11,25,14,13,33,,26,19,,12,12,16,15,16,8,10,29,7,28,17,8,8,33,22,29,8,15,53,5,41,10,42,13,,5,4,4,11,,20,28,33,20,14,23,11,16,11,23,20,25,17,26,16,30,29,27,10,22,18,32,7,7,13,17,,,36,17,32,17,31,3,15,20,,18,17,15,19,46,8,22,17,15,,13,37,36,19,25,11,11,23,7,16,20,20,24,25,20,12,17,22,19,18,10,17,9,21,24,24,9,11,21,14,12,25,41,29,30,25,33,11,26,17,7,12,16,17,15,8,14,18,12,8,32,24,33,23,15,12,20,16,15,14,16,33,23,20,17,15,20,21,8,9,10,14,13,13,14,6,14,20,11,14,6,26,14,20,,18,15,14,24,42,26,34,10,29,,30,35,37,22,10,8,9,,15,11,22,30,7,11,6,14,12,7,20,12,16,21,15,20,13,15,14,16,15,36,15,14,21,12,19,12,17,31,22,7,32,27,17,16,17,12,12,15,19,57,25,42,23,16,20,9,6,6,23,10,10,8,9,14,6,15,10,22,28,25,43,16,27,47,16,10,21,22,23,32,20,21,17,27,19,24,24,18,26,16,10,14,4,20,19,12,20,19,14,21,21,18,51,12,32,26,23,27,17,33,37,13,24,31,,24,43,50,53,24,38,18,22,14,13,8,19,14,11,15,4,10,12,12,9,8,5,1,10,5,3,3,,15,10,26,14,17,14,7,6,13,19,17,21,8,25,9,27,18,21,22,24,44,23,,44,34,32,39,42,42,37,23,27,51,35,45,35,30,28,32,38,29,16,29,22,23,31,14,24,18,13,16,21,29,19,21,24,12,7,28,21,32,14,10,37,49,21,23,5,19,10,18,17,21,12,22,20,,13,18,31,30,15,16,12,28,31,34,50,40,22,20,25,26,26,26,11,14,23,22,16,,11,7,12,13,15,30,19,14,,17,30,11,26,22,10,23,26,21,24,17,29,12,25,35,18,16,24,31,24,26,6,21,28,15,13,21,16,15,8,20,7,6,23,40,21,36,15,16
20231004,8,O3,45,30,54,46,51,48,19,49,36,32,44,26,,,54,,60,67,44,,64,,42,38,,21,36,,29,46,24,35,43,43,127,,61,39,,35,,58,34,62,,62,,23,26,28,26,28,14,11,,36,33,,42,36,36,15,9,10,12,28,39,37,,46,66,39,38,2,7,,36,21,29,37,26,,,20,14,14,14,6,,38,19,,,47,57,47,47,,53,59,,46,55,58,54,50,,51,77,67,78,73,86,88,77,70,83,94,37,40,42,,39,43,,43,42,41,52,41,40,40,48,47,47,42,45,46,41,44,78,79,72,82,77,,82,80,68,73,44,35,42,34,42,36,37,50,40,53,,44,56,58,39,72,53,65,64,59,72,55,45,,,,4,4,,11,10,12,,,,47,,45,48,,48,40,43,49,52,48,,,,54,57,,51,48,58,48,54,,49,35,52,42,48,36,69,54,,60,,26,,,55,48,,50,44,41,,43,54,50,44,80,78,86,,,68,71,76,47,80,71,73,,36,,,63,,63,57,,82,80,73,,87,82,,61,62,69,69,56,76,81,23,40,33,46,48,43,42,41,27,41,38,,,60,68,49,69,,55,36,51,57,64,,,58,69,,56,18,62,70,,47,59,61,64,62,,,56,59,60,59,60,,11,23,23,34,15,28,24,16,,41,41,43,44,26,43,48,,40,47,27,37,38,34,35,38,38,32,38,23,16,21,,32,30,25,52,17,12,14,27,31,19,26,30,56,33,,28,45,56,28,40,32,34,37,16,9,13,24,,44,20,9,44,45,36,,33,26,35,37,,,39,35,34,27,27,25,34,40,26,16,38,,33,27,36,22,8,13,13,6,,45,33,45,47,19,,5,2,18,6,3,22,10,,,6,6,4,11,5,,18,18,17,20,,,26,58,78,76,72,67,72,60,65,80,72,,24,25,26,18,28,23,27,24,18,35,23,37,21,32,13,25,13,43,6,42,,30,22,22,20,,,,64,42,,,,,72,,,,59,48,32,15,1,19,43,,27,29,37,42,36,34,33,28,28,31,32,,27,35,36,40,,65,39,44,56,33,53,20,24,38,,49,47,53,88,76,74,77,,57,47,46,59,,60,76,78,76,,,22,,44,25,21,23,43,,27,37,,,42,41,30,,,46,36,46,,24,21,19,13,31,57,82,84,91,20,,,,,,,18,,26,49,50,19,11,24,14,114,108,83,,50,,,40,,41,26,38,90,85,88,74,88,,12,,42,41,18,26,27,42,34,28,10,11,13,51,50,48,35,44,40,31,,,39,44,,54,59,,60,54,49,60,32,,8,17,,,31,30,,,,43,29,44,39,13,14,,18,11,,4,8,,17,,,11,6,,10,75,30,36,32,,47,52,45,,38,47,,52,49,47,48,39,35,44,50,40,49,43,35,63,50,50,63,57,50,28,35,35,38,,42,43,42,,,58,53,61,58,60,51,36,45,35,40,28,28,34,,30,39,41,,31,52,48,56,49,,45,44,59,,13,,3,8,13,20,,11,15,,,,19,,19,,3,,,,9,8,31,4,2,,,,8,7,9,6,31,29,,37,38,36,35,47,55,,23,,,20,32,25,19,67,53,53,52,52,28,46,,18,33,14,7,21,11,13,51,43,35,28,33,25,,13,20,23,5,,,9,9,13,17,20,20,18,,,,,38,42,,41,18,14,17,22,17,14,36,36,29,36,37,10,14,,35,21,,3,4,5,,6,4,,4,33,33,25,32,30,35,23,41,5,6,8,23,,,81,82,61,50,15,47,52,57,,33,41,42,32,66,,,65,,,,,77,,,,,,,,,,,,,,,,42,,,,,,,,,,,,,,,,,,,,,,,,,,,,,,,,,,,,,,29,36,18,35,38,28,8,30,14,,,,40,20,29,28,,,12,5,,17,10,33,,51,46,42,,,25,21,,22,14,1,,5,,60,65,,,58,56,,,58,60,,,,61,62,60,63,91,88,88,51,53,61,61,50,56,44,47,43,47,59,47,50,44,66,44,26,,43,39,52,,62,56,52,43,44,58,62,64,12,14,12,55,,,66,44,46,49,51,73,,52,97,59,59,49,62,61,62,60,73,,,73,58,,,48,47,,49,46,57,,35,47,55,,30,31,39,42,29,30,38,,27,29,17,32,29,28,50,54,,56,36,28,22,28,45,,34,,23,,,,27,30,20,12,20,32,,26,,24,21,13,87,88,86,84,,21,15,3,,,34,36,10,,25,15,16,,,46,30,29,30,31,27,15,10,14,13,16,34,38,39,36,,34,28,26,29,29,,68,70,74,70,44,44,38,40,3,,7,8,8,44,48,45,43,45,47,62,60,,2,20,19,,16,32,21,,,41,32,10,,8,38,41,37,46,,32,17,21,14,6,38,29,,44,58,48,25,24,,7,22,33,20,12,16,29,37,30,39,36,21,,23,38,22,,34,38,,54,22,25,24,,39,26,28,25,32,28,34,31,36,35,25,25,37,36,33,32,22,29,29,29,35,16,10,16,16,18,41,44,37,43,44,49,51,45,49,43,13,38,32,,19,30,,46,11,61,12,10,20,5,22,21,16,14,11,29,33,35,23,41,28,12,18,49,55,7,22,10,,11,20,20,77,58,,66,20,21,23,18,,26,17,17,37,32,51,42,12,13,,,,19,19,,16,17,8,12,5,22,,4,21,11,,,,,,22,17,16,29,,,5,,23,26,22,22,,26,,44,47,45,56,,,,,78,57,37,39,64,63,17,,63,16,12,35,30,,21,28,9,7,5,6,26,20,,43,44,45,49,3,6,30,17,4,,8,4,,19,13,,25,28,15,,21,,76,,24,19,42,38,38,51,5,5,9,9,24,21,18,34,,99,90,,42,47,67,,39,53,35,38,74,82,,59,71,85,81,,,81,81,46,,81,55,59,56,26,79,55,,52,,,11,38,49,47,65,53,8,6,40,,39,32,28,49,57,73,33,34,34,,,25,52,30,10,,84,22,34,24,13,21,27,33,37,57,59,48,21,,4,39,42,61,79,54,62,,37,,34,38,23,27,7,12,85,33,45,40,,12,52,35,,,39,26,40,71,,54,56,52,46,,17,66,,,22,53,45,64,12,15,27,22,23,54,49,4,19,20,2,,55,27,,33,64,12,9,93,62,60,54,46,5,18,57,72,44,21,62,85,50,6,59,12,16,21,54,,63,66,66,29,,37,62,4,17,10,21,26,19,17,26,32,14,4,9,38,40,28,9,85,19,50,22,26,21,12,13,,,77,20,14,51,40,88,32,41,,54,16,35,29,30,46,17,27,26,,52,68,82,115,108,40,78,,71,72,64,71,63,54,79,82,14,39,59,61,54,42,45,10,73,50,77,69,41,64,19,32,19,22,24,22,22,14,6,36,45,31,26,38,22,14,21,46,45,21,23,52,50,52,33,56,21,57,57,31,28,12,13,5,11,37,23,16,65,71,62,58,25,14,16,25,6,21,19,10,53,33,32,,,15,24,30,21,26,32,66,60,33,,37,24,,29,10,18,16,,49,44,14,23,55,32,14,11,25,61,5,18,14,46,46,44,50,45,71,58,56,51,53,45,60,37,43,36,38,63,32,44,45,49,44,52,49,59,61,50,38,42,76,43,39,51,31,85,34,33,37,59,39,39,27,48,30,42,43,26,40,22,13,68,53,40,24,37,22,,39,19,23,14,42,9,24,3,26,35,20,51,44,4,24,14,6,46,14,2,8,13,4,10,11,97,17,60,23,17,62,21,35,54,31,49,,38,23,30,12,51,25,50,41,35,15,68,39,53,86,19,55,27,17,50,15,22,40,63,30,20,20,16,,74,19,8,,40,14,24,16,21,39,39,46,72,51,87,10,22,16,31,30,10,14,,36,12,8,21,50,7,20,40,36,6,32,14,29,19,21,43,29,45,21,14,7,35,33,10,11,8,19,12,25,2,14,39,28,20,72,21,61,58,8,62,43,5,24,73,27,22,88,28,57,33,15,85,70,,35,27,16,5,57,10,37,,,26,17,35,51,48,11,8,4,6,23,20,42,40,68,,41,48,77,70,18,3,28,21,,42,44,59,47,42,7,11,57,50,57,64,4,54,28,59,8,39,35,24,49,46,25,48,16,52,47,46,53,76,,52,19,36,15,60,32,45,46,102
20231004,8,O3_24h,161,148,165,159,161,174,155,164,157,155,145,152,,,152,,142,142,164,,162,,141,151,,142,139,,183,187,180,181,183,182,172,,155,159,,150,,157,153,154,,150,,160,159,158,187,175,175,169,,191,116,,118,119,122,140,135,144,130,130,154,160,,157,150,145,141,155,144,,168,167,179,168,144,,,162,144,143,143,120,,93,87,,,101,100,105,106,,142,138,,148,140,144,144,143,,142,152,153,156,146,155,174,165,151,149,153,129,133,137,140,142,144,,133,145,137,82,70,75,69,73,71,76,70,73,77,68,72,98,106,99,105,103,,105,113,99,101,72,74,79,63,67,60,68,77,73,82,,90,90,87,92,93,94,103,95,89,100,93,110,,,,115,128,,123,125,120,,,,86,,80,78,78,86,78,85,74,80,67,,,,74,86,,87,83,88,86,87,,89,88,92,96,83,101,98,106,,103,,115,96,,154,108,,138,137,132,,142,126,150,119,136,165,142,,,135,145,159,136,132,136,123,,128,,,93,,98,97,,125,129,125,116,127,122,,166,172,157,156,152,134,140,154,81,74,86,92,84,86,82,72,80,86,,,148,137,142,122,,147,131,98,105,107,,102,110,107,,104,140,133,129,,142,139,142,142,112,,,163,167,162,167,156,113,136,138,144,134,134,144,132,131,,60,54,61,62,63,58,65,,70,71,36,48,47,45,40,45,44,39,45,33,185,205,,198,205,224,167,198,138,200,151,186,180,170,183,115,151,,122,127,115,206,143,125,164,139,214,189,183,195,,181,194,180,196,209,181,,178,173,138,159,,,188,201,188,114,118,133,125,137,160,163,144,,99,112,109,96,90,105,81,94,,69,75,71,68,42,,36,27,54,50,35,56,39,,,28,45,39,34,88,,84,89,86,79,,,89,110,91,90,84,84,77,73,79,92,81,,68,66,70,72,73,70,74,75,69,75,71,71,100,94,106,95,97,91,101,91,,114,113,93,107,,59,,64,57,,,,,148,,,,162,151,119,99,131,132,110,,99,43,52,56,56,46,46,39,44,45,45,,42,48,54,117,,133,117,132,135,119,117,127,122,120,,156,165,163,114,113,110,107,172,170,178,170,154,181,169,169,167,171,,,135,,122,136,125,126,152,,147,148,,,154,165,155,148,,131,134,176,,126,129,125,124,138,142,150,151,151,139,,,,,,,143,,145,133,139,140,137,153,145,134,143,139,,188,,,113,,116,104,140,188,197,182,183,173,,84,66,78,76,92,82,102,109,114,111,102,86,97,131,129,118,69,71,72,93,,105,168,162,,159,169,,129,126,128,133,114,,121,60,,,147,144,,,,118,116,120,112,194,204,,198,212,,140,146,,157,,155,151,158,,156,155,110,103,116,,146,143,146,144,143,140,,150,143,152,144,147,147,131,138,130,143,129,127,155,166,164,150,158,134,133,130,129,136,,63,64,66,,65,80,75,75,78,88,72,77,74,92,82,73,63,72,,73,80,81,,73,80,72,76,74,,87,77,98,,122,,124,118,121,123,,177,170,,,,131,,137,,135,,,,145,142,133,93,93,,,,47,54,63,59,65,71,,55,48,49,53,60,71,,69,,,69,74,71,69,80,87,105,112,100,75,80,82,81,110,94,94,101,99,108,54,57,86,82,96,87,,64,65,62,61,,69,78,74,59,63,84,74,66,,,,,86,84,,87,60,64,60,65,67,61,86,91,96,96,84,81,84,,94,100,,58,74,85,,88,95,,90,69,87,77,84,78,80,84,82,116,112,112,106,,,133,120,164,148,153,161,86,93,,123,82,108,106,111,,,138,,,,,158,,,,,,,,,,,,,,,,131,,,,,,,,,,,,,,,,,,,,,,,,,,,,,,,,,,,,,,44,91,81,88,89,119,120,120,119,,,,133,136,135,134,,,138,125,129,132,131,166,,168,165,105,,,102,122,,147,140,93,,94,,140,146,,,122,67,,,134,131,124,,,91,92,84,86,137,134,126,142,132,133,129,137,151,135,140,149,138,157,139,146,136,139,126,131,,135,137,156,,103,103,104,98,139,131,110,112,106,108,113,75,,,80,73,75,76,80,76,80,68,106,77,72,81,75,68,76,68,89,,,97,75,76,,88,89,,77,99,103,,97,101,105,,94,92,98,92,85,110,115,,51,53,60,56,52,56,78,86,,85,106,101,61,81,80,,96,,96,,,,67,73,72,69,112,111,,67,,63,61,57,132,129,137,133,,88,89,87,,,98,93,108,,113,109,110,,,142,83,98,90,82,90,58,41,42,47,44,104,106,120,109,,126,125,123,128,122,,86,101,101,105,108,111,103,109,79,,82,78,86,100,110,105,107,114,119,144,139,,160,150,153,,144,138,136,127,,141,146,131,,129,149,148,145,144,,127,149,122,134,115,118,117,,114,115,111,36,39,,41,34,67,90,87,100,93,91,95,96,44,47,,99,94,101,,78,79,,54,42,54,54,,91,89,86,36,39,44,63,59,65,65,60,45,58,58,53,52,44,54,50,52,48,93,98,97,96,90,113,88,106,98,84,56,59,50,54,51,42,58,56,53,61,46,62,59,162,167,148,136,76,87,75,108,116,88,117,131,124,123,110,127,122,144,142,101,114,81,88,87,,94,85,92,77,73,,73,76,71,65,72,71,75,69,74,90,90,102,91,105,99,,,,43,44,,39,47,34,40,36,32,,72,76,66,,,,,,82,84,86,86,31,,48,,62,64,68,64,62,69,,96,98,95,98,,,,,107,66,98,97,71,70,75,,81,53,54,72,78,,53,53,47,50,40,39,41,37,,60,56,65,64,77,72,44,62,64,,54,46,,48,60,,58,59,56,,69,,118,,46,44,69,77,79,77,132,122,117,119,52,66,57,99,,103,104,,74,76,112,,127,133,82,84,114,121,,93,91,85,81,,,81,81,58,,90,64,77,60,62,91,147,,143,,,107,67,64,58,124,121,117,110,89,,112,95,93,96,101,104,106,105,102,,,89,87,87,61,,86,116,114,87,77,118,180,205,159,147,146,185,168,,100,137,83,81,148,82,88,,96,,162,154,84,77,64,62,116,81,99,143,140,37,79,61,,,158,161,134,152,,151,156,158,52,,89,89,,,108,77,78,104,124,128,132,120,111,74,98,32,44,69,142,,145,139,,121,172,88,82,105,121,92,191,55,95,95,112,126,146,137,73,159,114,128,67,128,66,146,98,,79,78,75,64,,112,151,24,132,86,100,67,69,70,165,140,103,29,81,63,81,89,140,128,128,82,166,73,43,71,68,,,77,117,151,86,119,118,71,77,,116,150,101,79,147,146,133,160,74,,154,71,82,115,108,81,116,82,107,98,124,104,100,99,97,108,128,125,131,143,126,114,85,127,89,93,105,100,79,91,131,167,187,179,236,215,211,133,185,172,109,168,170,158,104,126,175,189,134,118,144,167,147,147,74,98,109,84,114,64,68,140,147,137,141,116,127,133,80,81,81,84,39,37,42,34,73,50,30,37,53,47,39,75,,84,83,103,152,171,132,201,156,164,,124,154,158,131,66,83,82,,160,62,87,90,55,64,78,93,109,104,108,124,142,96,145,132,134,143,131,87,110,164,142,148,129,124,84,79,71,89,86,82,84,71,80,98,98,124,80,109,122,133,110,116,92,122,159,170,107,115,117,128,146,111,156,159,97,206,151,174,174,162,155,152,166,144,120,76,64,71,97,96,63,138,144,143,139,143,146,144,138,73,96,22,42,71,62,142,85,85,93,81,88,94,144,146,130,159,156,126,140,140,140,140,155,170,,154,156,166,147,140,146,67,161,82,94,125,137,146,167,155,102,118,116,100,90,105,84,80,62,60,57,55,,110,85,63,94,75,30,67,62,65,113,114,140,138,95,119,113,119,129,213,207,167,120,,193,158,154,150,142,156,165,157,177,176,182,199,196,191,188,187,184,146,119,124,118,140,164,138,96,29,60,43,131,113,99,96,111,53,102,120,114,117,72,73,156,153,134,141,109,178,142,214,201,201,123,85,79,,76,118,120,128,84,86,86,155,166,151,153,189,148,139,103,96,89,51,48,51,144,143,174,,72,72,131,102,106,136,168,110,,163,174,147,162,118,71,155,138,116,77,140,142,103,158,152,123,165,154,147,106,100,79,116,168,123,70,108,73,153,147,104,63,59,70,198,124,175,160,102
20231004,8,O3_8h,33,40,41,16,28,38,13,50,61,54,19,22,,,54,,76,73,59,,73,,56,41,,25,39,,28,45,26,46,49,50,129,,34,53,,44,,75,42,80,,74,,26,18,28,25,24,22,14,,33,43,,50,42,46,36,14,18,16,40,38,34,,49,54,46,49,40,32,,46,18,42,44,12,,,13,4,9,7,5,,45,39,,,64,66,61,64,,61,61,,49,58,62,60,57,,60,124,123,125,119,135,130,134,105,112,125,34,39,35,45,46,35,,35,30,28,57,50,48,49,57,55,56,50,55,50,50,51,79,81,74,85,78,,86,82,71,77,32,35,40,27,37,30,34,43,33,50,,43,53,54,42,58,49,71,73,65,66,58,27,,,,26,21,,28,20,26,,,,45,,43,42,43,41,40,47,51,39,52,,,,56,54,,48,47,54,46,53,,48,22,33,34,16,22,54,49,,51,,41,42,,52,46,,48,43,36,,43,55,49,47,78,82,86,,,69,77,82,51,82,71,67,,44,,,44,,67,63,,80,88,82,79,86,81,,71,68,72,69,58,68,80,18,33,34,42,43,39,41,43,26,41,38,,,75,81,70,86,,53,43,52,56,65,,55,60,65,,59,97,65,71,,59,59,83,72,95,,,74,57,85,81,68,,57,59,64,53,52,62,42,57,,53,44,52,52,50,49,53,,53,52,30,40,39,39,36,40,39,34,40,26,30,34,,28,24,48,34,36,25,8,60,41,39,42,45,52,35,,30,31,46,40,54,43,46,52,44,28,34,36,,56,28,16,60,58,46,,49,49,51,51,,,50,30,40,26,23,19,62,42,30,22,52,,38,36,41,34,34,21,24,12,,51,31,43,47,27,,4,8,11,8,6,25,11,,,14,12,13,14,8,,30,37,30,30,,,38,68,81,81,74,73,74,68,72,86,78,,24,35,26,20,26,22,44,42,45,43,50,45,26,22,17,22,21,36,11,23,,31,15,26,18,,23,,32,31,,,,,75,,,,61,48,24,11,31,28,64,,50,30,39,44,40,34,32,28,30,30,32,,26,36,40,54,,65,58,62,55,30,49,36,26,38,,80,83,81,63,68,65,51,65,68,50,57,62,71,68,88,88,83,,,22,,42,25,25,36,65,,52,44,,,41,35,25,21,,40,48,49,,17,21,26,11,38,83,92,104,102,36,,,,,,,36,,28,53,80,26,12,44,30,116,109,107,,64,,,49,,54,38,41,103,107,99,102,102,,31,39,46,49,25,47,39,48,45,26,10,7,8,78,76,68,29,37,30,45,,36,48,49,,78,85,,83,77,79,81,42,,12,10,,,50,59,,,,41,42,50,46,39,43,,41,44,,16,22,,31,,3,14,10,,11,106,52,56,49,,70,72,74,63,62,73,,65,52,64,51,57,53,76,61,52,81,67,57,64,45,58,64,62,62,46,40,44,52,,42,45,44,,44,66,63,63,57,65,48,45,48,49,49,47,43,50,,42,52,35,,32,67,61,67,64,,70,62,83,,32,,8,17,22,26,,40,38,,,,35,,35,,15,,,,34,34,44,2,12,,,,10,7,11,10,40,33,,46,38,41,36,40,54,,30,,,22,42,42,22,72,59,58,57,60,28,50,,29,24,19,6,28,15,10,43,37,40,41,44,36,,41,45,46,33,,25,10,19,24,10,22,21,20,,,,,25,34,,34,29,21,27,28,24,26,38,38,30,37,39,23,27,,13,15,,4,6,10,,3,4,,3,32,23,14,18,14,15,20,19,21,24,29,27,,,100,95,57,59,45,54,68,68,,61,60,15,28,55,,,70,,,,,79,,,,,,,,,,,,,,,,80,,,,,,,,,,,,,,,,,,,,,,,,,,,,,,,,,,,,,,30,28,30,27,23,44,38,51,37,,,,38,32,30,26,,,25,15,33,32,18,40,,29,40,45,,,36,24,,16,6,1,,4,,74,74,,,65,55,,,55,62,60,,,63,66,37,39,79,82,90,60,60,62,62,60,68,59,63,58,52,62,55,53,54,60,49,38,,46,39,54,,81,81,69,71,50,48,60,65,35,43,29,65,,,74,43,39,43,39,61,65,47,84,59,54,56,62,53,65,60,72,,,69,66,63,,55,54,,58,32,32,,23,22,25,,39,41,48,39,22,36,29,,37,39,26,38,40,38,47,50,,54,44,38,29,30,42,,26,,12,,,,28,32,31,17,12,26,,36,,34,28,28,94,92,99,97,,14,15,8,,,21,21,11,,22,5,13,,,59,33,32,32,34,29,22,5,12,9,14,42,45,51,50,,35,31,30,32,31,,60,60,65,68,58,58,52,52,2,,7,6,8,45,50,46,44,46,36,42,48,,14,53,52,,32,48,38,65,,60,52,42,,28,22,34,33,34,,52,44,49,52,40,55,26,,41,48,43,26,22,,12,24,51,9,11,16,18,23,28,26,21,25,,42,56,44,,48,47,,33,31,34,34,,32,28,24,21,27,28,30,31,34,31,27,32,43,44,39,39,30,42,42,39,42,25,22,27,26,26,49,50,48,46,51,51,55,47,50,48,14,41,35,30,35,24,35,39,6,30,10,4,27,18,31,9,9,14,43,32,46,47,27,40,35,17,22,36,31,6,21,12,,14,17,11,65,69,,70,26,27,34,26,36,37,30,33,36,39,50,44,21,29,,,,23,22,,21,25,24,27,20,27,,23,32,18,,,,,,36,41,38,44,,,5,,31,28,26,31,30,30,,52,55,53,58,,,,,73,62,38,38,63,62,24,,67,18,15,38,35,,32,36,16,6,7,6,17,12,,47,50,55,50,4,8,32,22,8,,13,7,,21,21,,38,38,33,,40,,84,,33,32,45,59,58,57,4,3,4,5,34,23,21,14,,65,65,,46,55,83,,52,67,13,17,91,95,,55,60,66,56,,,49,57,47,,83,55,68,46,25,72,37,,34,,,33,21,48,40,59,55,33,30,45,,58,34,30,68,68,62,13,15,21,,,26,39,28,13,,78,48,52,44,34,32,59,38,26,52,58,52,34,,2,44,37,54,77,54,57,,25,,41,40,32,30,6,9,97,34,40,54,46,17,63,37,,,44,54,44,82,,60,59,53,33,,26,43,,,15,53,42,55,31,24,40,54,20,53,48,9,21,10,12,,48,47,,32,94,28,37,86,58,65,65,48,6,8,59,80,46,42,66,97,56,8,55,14,29,38,40,,65,66,66,44,,44,83,5,47,19,35,32,31,26,47,50,31,9,8,49,29,13,10,101,29,46,24,27,26,12,7,,,34,23,28,70,50,98,42,41,,84,38,48,36,19,55,39,51,36,,43,31,40,94,88,37,88,,86,77,76,76,72,66,79,82,12,50,51,76,59,53,44,18,65,48,71,58,37,49,29,25,28,27,34,31,36,34,28,50,63,52,42,46,9,37,42,50,70,33,33,61,42,50,50,61,31,46,40,34,34,27,38,45,43,42,18,36,63,69,62,69,9,17,18,19,11,27,20,17,47,24,35,24,,30,40,41,66,21,46,65,89,34,,29,34,24,42,17,29,26,,92,48,22,16,31,35,41,29,16,68,4,47,14,54,55,42,63,58,60,62,59,42,54,52,65,54,41,38,47,66,37,36,54,38,42,44,62,70,57,45,46,37,73,54,51,58,24,108,26,40,37,62,50,44,31,37,45,50,43,47,43,50,9,89,58,29,31,30,39,52,40,12,31,51,58,36,49,38,60,54,16,44,51,5,32,20,12,51,23,9,21,18,9,20,23,110,28,52,37,34,74,25,37,86,59,57,,42,31,32,23,51,48,40,34,32,9,74,42,60,86,37,61,37,30,35,20,26,42,66,20,28,29,26,,80,18,21,58,48,10,28,23,22,44,50,47,84,52,86,32,28,43,53,36,12,31,,18,13,25,12,31,24,19,68,50,10,46,29,33,42,42,31,29,48,33,33,13,27,13,44,9,12,17,18,43,9,14,19,12,23,83,54,64,52,13,68,39,4,32,80,34,46,101,49,56,46,37,78,71,,45,30,17,12,69,37,29,69,67,24,16,44,71,41,36,12,3,7,30,29,42,42,77,,42,58,80,70,29,12,50,31,,42,45,53,18,47,12,33,70,58,56,47,8,58,39,45,7,67,14,8,60,52,32,38,36,56,60,54,63,81,51,17,32,44,44,43,34,49,81,80
20231004,8,O3_8h_24h,33,51,41,16,28,38,13,51,83,68,19,28,,,61,,83,74,61,,80,,70,63,,26,51,,39,45,32,55,52,55,130,,34,70,,76,,93,48,100,,90,,34,20,37,36,25,43,29,,43,52,,61,43,57,49,33,25,33,74,46,57,,71,60,59,59,65,47,,50,18,56,45,12,,,28,4,13,7,5,,50,45,,,72,73,67,70,,85,77,,77,78,74,81,74,,95,138,139,137,133,147,143,154,118,122,133,49,53,49,56,60,52,,51,46,47,69,60,58,62,66,64,68,62,65,59,59,65,86,93,78,97,94,,91,95,83,83,32,38,51,27,37,40,34,47,33,55,,64,69,61,48,62,65,73,75,66,66,60,45,,,,53,50,,45,43,60,,,,45,,51,48,53,49,49,54,64,39,52,,,,57,54,,48,47,54,46,53,,48,22,33,34,16,22,54,52,,56,,47,63,,56,49,,52,44,43,,44,55,50,48,88,91,86,,,69,80,96,94,101,102,88,,83,,,67,,68,64,,91,94,93,82,91,87,,86,86,82,88,66,68,80,22,33,47,50,45,44,41,50,27,56,48,,,106,103,95,107,,66,53,52,56,65,,55,60,65,,59,135,72,75,,70,69,100,94,107,,,96,97,95,89,110,104,77,76,86,79,75,79,80,82,,58,51,58,57,63,50,60,,68,58,32,42,42,40,36,41,41,35,41,28,58,61,,54,39,73,34,67,47,8,107,70,76,65,62,62,49,,32,36,46,66,67,53,58,71,69,60,64,62,,74,57,56,68,70,67,,63,69,60,69,,,66,52,68,30,35,34,85,49,52,47,62,,50,57,55,49,52,55,30,21,,57,31,44,51,33,,7,10,11,8,9,26,13,,,16,15,17,14,8,,51,42,40,36,,,46,75,82,82,74,74,74,70,73,88,78,,24,41,28,24,26,25,52,55,57,47,58,54,32,22,25,22,25,36,17,23,,44,15,26,21,,23,,32,31,,,,,87,,,,61,48,82,20,73,81,82,,62,30,40,45,42,34,36,30,31,32,33,,27,37,41,59,,72,70,72,55,41,49,55,40,46,,135,148,137,63,69,65,51,99,113,84,66,77,86,85,95,91,88,,,32,,56,28,32,54,86,,76,60,,,42,35,26,28,,48,56,63,,28,48,42,16,42,99,94,116,103,57,,,,,,,73,,34,77,98,59,14,58,52,116,110,116,,124,,,62,,73,59,66,126,130,118,130,124,,56,59,60,55,47,61,59,56,60,38,18,8,10,106,107,98,29,40,31,53,,39,50,59,,116,123,,110,120,113,103,65,,23,10,,,58,69,,,,41,48,73,62,75,60,,70,70,,42,35,,46,,6,30,12,,38,128,69,65,54,,125,118,130,116,111,124,,93,96,96,90,96,79,122,70,85,123,104,96,73,72,68,72,70,76,76,75,61,75,,49,54,53,,53,74,71,69,71,69,50,54,52,59,58,62,52,63,,59,66,62,,40,80,68,74,72,,86,77,94,,54,,12,20,45,40,,56,52,,,,59,,58,,28,,,,62,61,64,2,17,,,,11,7,13,11,43,38,,53,42,45,40,40,55,,37,,,22,46,52,25,76,68,72,70,76,35,61,,38,24,32,7,41,23,14,47,43,41,44,48,40,,54,58,58,52,,28,19,21,32,10,26,28,21,,,,,25,34,,38,33,26,32,30,29,30,39,40,33,39,40,39,44,,13,16,,7,15,28,,3,4,,3,36,23,14,18,14,15,20,19,36,35,40,36,,,103,98,57,68,66,60,86,93,,76,75,15,28,55,,,81,,,,,82,,,,,,,,,,,,,,,,94,,,,,,,,,,,,,,,,,,,,,,,,,,,,,,,,,,,,,,30,30,52,27,23,54,67,60,52,,,,54,35,46,46,,,36,25,52,41,30,42,,29,43,50,,,50,36,,16,6,1,,4,,87,90,,,68,55,,,55,63,65,,,65,68,46,52,83,82,91,64,61,62,62,63,111,92,106,94,70,72,67,60,64,68,60,46,,52,45,78,,97,102,82,94,61,55,67,71,52,59,49,72,,,78,44,39,44,40,68,80,60,101,60,54,59,65,53,69,60,73,,,69,74,68,,62,62,,60,35,51,,34,22,36,,48,64,66,56,22,51,33,,49,52,34,55,49,52,47,52,,54,54,50,33,42,48,,26,,12,,,,36,32,34,22,19,42,,40,,52,41,47,102,103,115,114,,17,17,12,,,24,24,18,,23,5,21,,,88,34,33,33,35,29,28,5,12,9,14,59,55,66,59,,39,37,34,35,34,,60,60,65,77,83,85,80,82,3,,12,7,20,45,53,50,46,50,36,42,48,,58,71,73,,46,60,55,84,,74,71,65,,56,32,51,38,34,,69,70,63,62,62,61,38,,48,54,46,28,28,,27,26,60,9,16,16,20,23,44,27,24,33,,54,66,60,,52,51,,33,35,40,45,,32,36,32,34,36,28,36,33,34,36,31,44,58,55,53,52,33,47,46,43,46,40,39,42,39,37,52,54,52,51,55,56,59,48,50,51,17,43,38,32,45,24,35,39,29,30,23,8,29,30,32,15,9,15,60,46,64,66,35,46,44,31,33,36,31,19,27,19,,21,17,12,65,72,,73,31,33,36,33,42,47,42,44,49,50,57,50,26,47,,,,25,26,,23,31,30,32,26,27,,42,35,21,,,,,,54,56,51,54,1,,5,,39,29,30,38,34,34,,62,63,61,63,,,,,73,64,39,38,63,62,26,,69,21,21,40,40,,37,42,18,8,10,8,29,31,,49,53,58,50,8,12,32,25,12,,15,11,,25,28,,46,47,48,,49,,86,,46,44,46,67,71,64,4,3,4,5,36,23,21,15,,65,65,,62,70,87,,81,81,13,17,96,100,,55,60,78,74,,,49,57,50,,84,57,71,48,34,72,37,,45,,,44,21,53,42,59,61,52,43,52,,79,48,30,77,70,62,13,15,21,,,27,39,28,29,,83,53,57,68,38,40,89,68,26,70,72,56,37,,2,66,37,54,80,54,66,,25,,51,58,45,35,8,16,99,36,58,74,76,20,67,38,,,71,86,59,85,,62,60,54,33,,44,46,,,27,53,42,55,72,52,49,97,42,53,68,12,24,10,32,,48,62,,32,131,43,48,86,72,67,118,55,26,10,60,99,49,54,68,104,57,18,55,30,35,64,40,,65,66,67,53,,54,101,5,69,39,50,38,36,31,51,76,51,14,14,54,29,13,25,103,42,48,31,30,34,12,7,,,34,72,40,86,63,102,47,41,,91,62,58,44,19,88,68,98,41,,71,31,40,94,88,37,92,68,95,91,90,88,81,71,82,86,22,57,64,83,62,70,45,45,65,53,71,58,39,50,43,26,44,32,62,45,54,58,41,71,75,67,54,58,10,43,72,68,108,39,40,76,56,62,62,69,45,47,56,38,38,38,67,75,63,55,18,62,63,70,65,71,9,21,22,20,22,31,21,19,48,24,38,45,,41,48,51,96,30,75,110,110,47,,37,50,31,46,22,46,38,,132,52,37,16,31,35,62,50,16,74,5,70,28,58,96,55,80,86,60,63,62,58,75,71,66,65,55,52,56,67,39,39,62,38,61,60,67,92,57,60,52,82,76,84,72,64,24,141,36,50,58,64,69,51,36,37,48,65,46,60,52,60,9,112,69,29,52,30,48,65,40,12,40,77,85,55,64,67,86,69,31,50,60,5,41,22,17,58,39,21,39,33,31,38,81,121,59,57,59,55,77,39,50,94,67,63,,42,36,34,26,57,59,42,34,34,9,90,54,69,86,91,70,46,42,35,23,31,44,71,24,32,40,39,,88,23,31,68,50,14,31,32,23,49,59,62,100,56,91,38,33,67,84,62,13,42,,25,14,52,24,31,61,50,112,72,17,53,36,45,58,65,33,34,54,55,54,18,46,26,70,9,13,17,20,54,13,14,19,12,27,100,78,65,52,14,73,55,4,40,89,46,66,125,71,64,75,70,78,71,,68,61,30,16,71,49,35,100,95,27,42,80,81,47,50,28,3,10,37,36,44,53,88,,47,62,89,88,64,14,74,62,,58,49,53,24,58,19,71,80,60,56,47,22,59,92,49,10,86,14,8,66,60,43,62,48,58,66,58,67,93,54,31,38,54,60,98,44,69,136,80
20231004,8,CO,0.2,0.2,0.2,0.3,0.2,0.1,0.4,0.3,0.3,0.2,0.2,0.6,,,0.5,,0.4,0.5,0.6,,0.6,,0.6,0.6,,0.7,0.8,,1.3,1.1,0.8,1.2,1.3,1.2,1.3,,0.7,0.7,,0.6,,,0.3,0.5,,0.1,,2,1.7,1.5,0.9,0.7,0.6,0.6,,0.9,0.3,,0.2,0.2,0.2,0.4,0.5,0.6,0.6,0.2,0.3,0.3,,0.4,0.8,0.9,0.9,0.7,0.5,,0.9,0.9,1.1,0.9,0.9,,,1.1,1.3,1.1,1.7,1,,0.4,0.5,,,0.2,0.4,0.3,0.4,,0.4,0.5,,0.3,0.4,0.5,0.4,0.4,,0.3,0.6,0.6,0.5,0.7,0.6,0.5,0.4,0.7,0.6,0.7,0.3,0.4,0.3,0.4,0.2,0.2,,0.3,0.3,0.4,0.4,0.3,0.6,0.4,0.6,1,0.6,0.6,0.3,0.3,0.6,0.5,0.5,0.6,0.4,0.7,0.5,,0.4,0.6,0.4,0.6,0.4,0.8,0.2,0.6,0.4,0.4,0.4,0.4,0.6,0.4,,0.6,0.6,0.6,0.6,0.6,0.7,0.3,0.6,0.6,0.5,0.7,0.6,,,,0.7,0.6,,0.6,0.5,0.5,,,,0.4,,1.8,1,1.4,1.6,1.2,1.5,1.3,0.8,0.6,,,,0.7,0.7,,0.6,0.4,0.4,0.6,0.5,,0.5,0.8,0.8,0.8,0.8,0.7,0.4,0.5,,0.5,,0.6,,,0.4,0.5,,0.4,0.5,0.5,,0.7,0.5,0.6,0.5,0.5,0.5,0.5,,,0.4,0.7,0.5,0.6,0.4,0.6,0.5,,0.6,,,0.6,,0.8,0.4,,0.6,0.5,0.6,,0.4,0.3,,0.5,0.5,0.5,0.5,0.6,0.5,0.5,0.5,0.7,0.5,0.6,0.3,0.7,0.5,0.7,0.6,0.5,0.6,,,0.3,0.4,0.5,0.4,,0.4,0.4,0.6,0.8,0.5,,,0.6,0.4,,0.7,0.7,0.5,0.5,,0.6,0.5,0.5,0.5,0.5,,,0.6,0.7,1.1,0.6,0.5,,0.8,0.9,0.1,0.7,0.6,0.8,0.7,0.8,,0.8,0.6,0.5,0.7,0.5,0.5,0.5,,0.6,0.7,0.4,0.6,0.5,0.6,0.7,0.5,0.6,0.4,0.7,0.3,0.9,0.9,,0.8,0.8,1,0.9,0.8,0.7,0.8,0.7,1,0.7,1.1,0.7,0.8,0.7,,0.7,0.8,0.9,1.1,0.8,0.7,0.5,0.8,0.7,0.6,0.7,0.8,,0.8,0.9,0.8,0.5,0.6,0.4,,0.6,0.6,0.6,0.6,,,0.9,0.9,1,0.8,0.9,0.9,0.9,0.8,0.6,0.7,0.5,,0.9,0.8,0.9,1,0.7,0.9,1,0.8,,0.5,0.4,0.4,0.2,0.3,,0.8,1.1,0.6,0.6,0.9,0.9,0.8,,,1,0.9,0.9,1,1.2,,0.6,0.6,0.6,0.6,,,0.6,0.8,0.5,0.3,0.4,0.4,0.3,0.3,0.3,0.3,0.3,,0.7,0.5,0.6,0.8,0.4,0.5,0.4,0.3,0.4,0.4,0.3,0.3,0.8,0.7,0.9,0.8,0.7,0.7,0.6,0.7,,0.9,0.2,0.7,0.6,,0.4,,0.4,0.6,,,,,0.6,,,,0.6,0.7,0.4,0.4,1,0.6,0.5,,0.4,0.5,0.7,0.6,0.5,0.8,0.7,0.7,0.7,0.5,0.7,,0.4,0.8,0.5,0.5,,0.4,0.4,0.6,0.6,0.5,0.3,0.7,0.6,0.5,,0.8,0.6,0.4,0.6,0.7,0.5,0.6,0.3,0.3,0.3,0.4,0.4,0.5,0.6,0.7,0.7,0.5,,,1.2,,0.6,0.8,1.1,0.9,0.8,,0.7,0.7,,,0.7,1.3,0.9,0.8,,0.7,0.8,1.7,,0.7,0.7,0.6,0.9,0.8,0.9,0.5,0.8,0.6,0.5,,,,,,,0.5,,0.6,0.4,0.6,0.7,0.9,0.6,0.7,0.4,0.4,0.7,,0.7,,,0.7,,0.8,0.8,0.6,1,1.1,0.8,0.6,0.9,,0.9,0.7,0.7,0.6,0.7,0.6,0.9,1.3,2.4,0.8,0.7,0.9,0.7,,0.8,0.7,0.8,0.8,0.9,1.2,,0.9,0.8,0.8,,0.6,0.7,,1,1,1.2,0.9,0.9,,0.7,0.7,,,0.6,0.4,,,,0.6,1.1,0.7,0.7,1.1,2.1,,1.6,1.4,,1.7,1.5,,1.6,,2.2,0.8,2.3,,1,0.8,0.3,0.3,0.4,,0.8,0.5,0.9,2.2,1.7,0.6,,0.3,0.5,0.5,0.4,0.4,0.2,0.7,0.5,0.8,0.7,0.6,0.8,0.4,0.6,0.5,0.6,0.4,0.5,0.6,0.6,0.7,0.5,,0.3,0.1,0.2,,0.2,0.4,0.3,0.3,0.4,0.4,0.3,0.4,0.3,0.2,0.3,0.6,0.6,0.7,,0.6,0.8,0.7,,0.7,0.7,0.8,0.7,0.7,,0.6,0.9,0.9,,0.9,,1.2,0.8,0.7,0.8,,0.9,1,,,,0.7,,0.7,,1,,,,0.7,0.8,0.6,0.8,0.6,,,,0.8,0.7,0.7,0.6,0.9,0.8,,0.8,0.6,0.7,0.6,0.5,0.7,,0.7,,,0.5,0.6,0.6,0.6,0.7,0.8,0.8,0.9,0.7,0.5,0.6,0.6,0.6,0.5,0.8,1.2,0.9,0.9,0.5,0.4,0.4,0.6,0.7,0.7,0.7,,0.8,0.7,0.8,0.6,,0.7,1.2,0.8,0.7,0.5,0.7,0.6,0.6,,,,,0.5,0.6,,0.6,0.5,0.5,0.4,0.3,0.3,0.4,0.7,0.6,,0.5,0.8,1.1,0.8,,0.7,0.5,,0.8,0.6,0.9,,0.5,0.6,,0.7,0.5,0.7,0.7,0.6,0.7,0.7,0.7,0.5,0.8,0.6,0.8,0.7,,,0.7,0.2,0.7,0.6,0.5,0.4,0.2,0.2,,0.4,0.2,0.5,0.3,0.3,,,0.6,,,,,0.6,,,,,,,,,,,,,,,,0.9,,,,,,,,,,,,,,,,,,,,,,,,,,,,,,,,,,,,,,0.8,0.8,0.7,0.9,0.9,0.5,0.6,0.6,0.5,,,,1.9,1.4,1.4,1.2,,,0.7,0.7,0.7,0.8,0.7,0.7,,0.7,0.7,0.7,,,1.1,0.9,,0.7,0.8,0.6,,0.7,,0.5,0.3,,,0.5,0.4,,,0.3,0.4,0.4,,,0.3,0.2,0.2,0.2,0.8,0.6,0.6,0.4,0.2,0.3,0.5,0.4,0.4,0.3,0.5,0.7,0.4,0.2,0.3,0.3,0.4,0.3,0.6,0.5,,0.2,1.8,0.5,,0.2,0.4,0.6,0.6,0.5,0.3,0.3,0.4,0.5,0.8,0.5,0.3,,,0.2,0.2,0.4,0.4,0.2,0.2,0.2,0.3,0.2,0.3,0.3,0.2,0.5,0.6,0.3,0.4,0.2,,,0.7,0.2,0.3,,0.3,0.4,,0.1,0.4,0.4,,0.3,0.4,0.5,,0.4,0.3,0.3,0.3,0.3,0.6,0.4,,0.8,0.8,0.6,1.1,0.5,0.9,0.9,0.9,,0.7,0.4,0.5,0.5,0.3,0.4,,0.6,,0.7,,,,0.7,0.5,0.6,0.5,0.7,0.3,,0.8,,0.8,0.6,0.8,0.7,0.7,0.8,0.8,,0.5,0.7,0.9,,,0.7,0.8,0.8,,0.7,0.7,0.8,,,0.6,0.3,0.5,0.3,0.4,0.4,0.7,0.7,0.6,0.6,0.5,0.8,0.6,0.7,0.9,,,0.5,0.5,0.7,0.7,,1.3,0.9,1.6,1.1,0.8,0.2,0.7,0.9,0.9,,1.3,1.6,1.2,0.8,0.8,0.8,1,0.8,,0.3,0.5,,1,0.6,0.6,,0.9,1.1,0.9,0.5,,0.5,0.5,0.8,,0.7,0.7,0.6,0.6,0.8,,0.6,0.8,0.7,0.7,0.8,0.7,0.6,,0.5,0.3,0.4,0.6,1,,1.6,0.7,0.7,0.8,0.9,0.7,0.7,0.6,0.8,0.7,0.4,0.6,,0.7,0.6,0.5,,0.7,0.8,,0.8,0.8,0.8,0.7,,0.6,0.6,0.6,1,1,0.6,0.7,0.8,0.8,0.8,0.7,0.8,0.7,0.9,0.6,0.7,0.5,0.6,0.8,0.8,0.7,0.9,0.9,0.9,0.7,0.8,0.6,0.6,0.6,0.6,0.6,0.8,0.7,0.9,0.6,0.7,0.9,0.5,0.8,,0.3,0.7,0.5,0.5,1,0.9,0.8,0.8,0.6,0.6,0.5,0.8,0.7,0.8,0.7,0.6,0.6,0.6,0.7,0.5,0.7,0.8,0.6,1,0.9,0.5,0.7,0.9,,0.5,0.7,0.6,0.5,0.7,,0.5,0.7,0.4,0.5,0.3,0.8,0.5,0.7,0.6,0.6,0.6,0.5,0.9,0.7,0.6,,,,0.5,0.4,,0.4,,0.5,0.5,0.6,0.5,,0.7,0.5,0.4,,,,,,0.6,0.6,0.7,0.6,0.9,,0.5,,0.4,0.5,0.7,0.9,0.8,1.6,,0.4,0.4,0.4,0.5,,,,,0.3,0.5,0.7,0.6,0.1,0.2,0.7,,0.3,0.7,0.5,0.6,0.7,,0.7,0.5,0.8,0.7,0.5,0.4,0.5,0.5,,0.4,0.5,0.3,0.3,0.5,,0.4,0.2,0.8,,0.5,0.3,,0.5,0.5,,0.3,0.4,0.5,,1.2,,0.3,,0.4,0.3,0.5,0.8,0.5,0.6,0.6,0.7,0.8,0.8,0.7,0.7,0.7,0.4,,0.9,1.3,,0.8,0.7,0.5,,0.3,0.5,0.3,0.4,0.4,0.5,,0.5,0.4,0.2,0.1,,,0.6,0.5,0.4,,0.6,0.5,0.6,0.4,0.6,0.8,0.1,,0.3,,,0.6,0.4,0.5,0.5,0.6,0.6,0.5,0.6,0.6,,0.3,0.2,0.3,0.5,0.6,0.4,0.5,0.6,0.4,,,0.7,0.7,0.6,0.3,,0.5,0.3,0.4,0.4,0.8,0.6,1.1,0.7,1.1,0.6,0.7,1.2,0.8,,0.8,0.5,0.9,0.4,0.4,0.4,0.6,,0.5,,0.7,0.7,0.7,0.7,1.4,1.5,0.8,0.6,0.4,0.4,,0.4,0.5,0.4,,,0.3,0.8,0.7,0.5,,0.4,0.5,0.7,0.7,,0.5,0.7,,,1,0.2,1.1,0.4,0.5,0.5,0.9,0.8,0.6,0.3,0.5,0.6,0.8,0.6,1.3,,0.4,0.6,,0.5,0.7,0.6,0.6,0.5,0.3,0.3,0.7,0.3,0.8,0.5,0.5,0.7,0.4,1.1,0.4,0.4,0.4,1.4,0.2,1.4,0.3,0.6,1,,0.6,0.4,0.5,0.6,,0.3,0.4,1.1,0.7,0.8,0.6,0.7,0.6,0.6,0.8,0.8,0.6,1.2,1.4,0.8,0.6,0.7,1.2,0.9,0.7,0.8,0.8,0.5,0.4,0.7,0.6,,,0.4,0.5,0.6,0.9,0.5,0.3,0.7,0.6,,0.5,0.8,0.6,0.4,0.7,0.9,0.9,0.9,0.9,,0.4,0.7,0.3,0.4,0.7,0.5,0.5,,0.7,0.7,0.4,0.5,0.6,0.7,0.6,0.7,0.4,1.2,0.3,0.3,0.3,0.3,0.6,0.7,0.7,0.6,0.4,0.4,0.5,0.6,0.8,0.8,1.1,0.8,0.8,1,0.8,0.7,1,1,0.5,0.9,0.7,0.7,0.8,0.7,0.8,0.9,0.9,,0.9,0.3,0.7,0.5,0.7,0.3,0.5,0.4,0.5,0.8,0.9,0.8,1.2,0.6,0.8,0.4,0.9,1,0.5,0.4,0.4,0.7,0.3,0.9,0.5,0.7,0.8,0.7,0.6,0.6,0.7,0.6,0.4,,,0.6,0.4,0.7,0.9,0.8,0.4,0.6,0.5,0.5,,0.8,0.6,0.6,0.6,0.7,0.7,0.6,,1.1,0.4,0.6,0.8,0.6,0.8,0.8,0.9,0.5,0.7,0.8,0.8,0.8,0.5,0.7,0.4,0.5,0.7,0.7,0.4,1.1,0.8,0.2,0.3,0.4,0.3,0.7,1,0.6,0.6,1.2,0.5,1.6,0.5,0.6,0.6,0.3,0.5,0.7,0.4,0.7,0.5,0.3,0.4,0.4,0.4,0.8,0.8,0.7,0.7,1.1,0.5,0.7,0.9,0.6,0.8,0.8,0.8,0.7,1.3,1.2,0.7,0.5,0.3,0.6,0.7,0.6,0.4,0.6,0.8,0.6,0.7,1,0.8,0.8,0.7,0.6,0.5,0.8,0.8,0.7,0.3,0.3,0.9,0.5,1.1,1.1,0.2,0.7,1,0.8,1,0.7,0.7,0.5,0.4,1,1,0.6,0.8,0.6,0.3,0.5,0.5,0.8,0.5,,0.6,0.8,0.7,0.7,0.5,0.5,0.5,0.2,0.5,0.8,0.8,0.3,0.9,0.5,1.1,0.7,0.7,0.7,1.2,0.6,0.6,0.7,0.4,0.5,0.4,0.7,0.7,,0.6,1,0.7,,0.8,1.2,0.6,0.8,0.6,0.7,0.5,0.5,0.5,0.4,0.4,0.7,0.4,0.8,1.1,1.2,2.1,0.6,,0.9,0.8,0.8,0.7,1.2,0.9,1.2,2.5,0.7,0.7,0.6,0.6,0.4,0.6,0.7,0.5,0.7,0.8,1.2,0.6,0.6,0.6,1.4,0.7,1.2,0.6,0.8,0.9,1.1,0.7,0.6,0.8,0.6,0.7,0.3,0.6,0.4,0.3,0.6,0.7,0.5,2.7,1.2,0.3,0.8,0.7,0.9,0.9,0.8,0.9,0.6,0.4,0.3,,0.7,0.5,0.6,1,0.5,0.5,0.6,0.6,,0.8,1,0.8,0.5,0.3,0.7,1,0.7,0.7,0.6,0.8,0.5,0.7,0.4,,0.3,0.1,0.5,0.2,0.9,1.2,0.9,0.7,,0.3,0.3,0.3,0.2,0.7,0.6,0.8,0.6,0.4,0.3,0.4,0.6,0.5,0.7,0.7,0.4,0.3,0.2,0.4,0.4,0.3,0.4,0.5,1.1,0.4,0.3,0.3,0.5,0.6,0.2,0.4,0.3,0.4,0.7,0.7,1,0.8,0.6,0.4
20231004,8,CO_24h,0.5,0.4,0.5,0.5,0.6,0.4,0.6,0.6,0.5,0.5,0.5,0.7,,,0.6,,0.5,0.6,0.6,,0.6,,0.6,0.5,,0.7,0.7,,0.9,0.9,0.9,0.9,1,0.9,1.2,,0.6,0.5,,0.5,,0.6,0.6,0.7,,0.4,,1,0.6,0.8,0.8,0.8,0.6,0.6,,0.9,0.4,,0.2,0.3,0.3,0.5,0.6,0.5,0.8,0.4,0.5,0.5,,0.5,0.5,0.5,0.3,0.3,0.4,,1.3,1.1,1.1,1.3,1.1,,,1.2,1.2,1.1,1.3,1.3,,0.6,0.6,,,0.4,0.6,0.4,0.4,,0.6,0.7,,0.5,0.5,0.7,0.6,0.5,,0.5,0.7,0.8,0.7,0.8,0.7,0.7,0.8,0.8,0.7,0.6,0.4,0.5,0.4,0.5,0.4,0.3,,0.4,0.4,0.5,0.5,0.5,0.6,0.5,0.7,0.8,0.7,0.6,1,0.5,0.8,0.5,0.6,0.6,0.4,0.6,0.5,,0.4,0.5,0.4,0.6,0.4,0.8,0.2,0.7,0.3,0.4,0.4,0.4,0.6,0.3,,0.6,0.6,0.6,0.6,0.6,0.7,0.2,0.6,0.5,0.5,0.7,0.5,,,,0.4,0.5,,0.5,0.4,0.4,,,,0.4,,1,0.7,1,0.9,1.1,0.9,1,0.8,0.6,,,,0.7,0.6,,0.6,0.4,0.5,0.6,0.4,,0.4,0.7,0.5,0.7,0.7,0.6,0.4,0.4,,0.3,,0.6,0.4,,0.5,0.5,,0.4,0.5,0.5,,0.7,0.5,0.6,0.5,0.5,0.5,0.6,,,0.5,0.7,0.5,0.5,0.4,0.5,0.5,,0.5,,,0.5,,0.7,0.5,,0.5,0.4,0.5,0.4,0.4,0.3,,0.6,0.5,0.5,0.5,0.6,0.4,0.5,0.4,0.7,0.5,0.6,0.3,0.7,0.5,0.7,0.6,0.5,0.6,,,0.3,0.3,0.4,0.4,,0.3,0.4,0.7,0.9,0.5,,0.7,0.6,0.5,,0.7,0.4,0.4,0.5,,0.4,0.5,0.4,0.4,0.4,,,0.6,0.7,0.9,0.5,0.5,0.6,0.7,0.8,0.1,0.6,0.5,0.6,0.6,0.7,,0.6,0.6,0.5,0.6,0.5,0.4,0.5,,0.5,0.6,0.4,0.6,0.5,0.6,0.7,0.5,0.6,0.5,0.7,0.3,0.9,0.9,,0.7,0.9,0.9,0.9,0.9,0.7,0.8,0.6,0.9,0.5,1,0.7,0.7,0.7,,0.5,0.7,0.8,1,0.7,0.5,0.6,0.7,0.7,0.5,0.6,0.8,,0.8,0.8,0.6,0.5,0.7,0.5,,0.5,0.6,0.6,0.6,,,0.9,0.9,0.8,0.7,0.8,0.9,0.8,0.8,0.6,0.7,0.5,,0.7,0.7,0.8,0.8,0.5,0.8,0.7,0.7,,0.4,0.4,0.4,0.4,0.3,,0.8,1,0.6,0.6,0.9,0.8,0.8,,,0.9,0.9,0.9,0.9,1.2,,0.6,0.6,0.5,0.6,,,0.7,0.8,0.4,0.2,0.4,0.5,0.4,0.2,0.3,0.3,0.3,,0.6,0.5,0.6,0.6,0.5,0.6,0.4,0.3,0.3,0.4,0.3,0.2,0.7,0.7,0.8,0.7,0.7,0.7,0.6,0.7,,0.9,0.2,0.6,0.7,,0.7,,0.8,0.9,,,,,0.8,,,,0.8,0.9,0.7,0.7,0.9,0.7,0.7,,0.4,0.5,0.6,0.6,0.4,0.7,0.7,0.7,0.7,0.6,0.7,,0.4,0.8,0.5,0.7,,0.7,0.7,0.8,0.6,0.7,0.5,0.7,0.7,0.7,,0.7,0.8,0.6,0.7,0.7,0.6,0.7,0.5,0.5,0.4,0.5,0.5,0.8,0.8,0.7,0.6,0.5,,,0.8,,0.4,0.5,0.7,0.6,0.6,,0.5,0.5,,,0.6,0.8,0.9,0.7,,0.4,0.5,1.4,,0.4,0.5,0.5,0.6,0.7,0.7,0.3,0.6,0.4,0.3,,,,,,,0.3,,0.5,0.3,0.5,0.4,0.8,0.6,0.6,0.3,0.3,0.5,,0.5,,,0.8,,0.8,0.8,0.6,0.8,0.8,0.6,0.5,0.8,,0.7,0.8,0.7,0.6,0.7,0.5,0.6,0.8,0.7,0.7,0.8,0.9,0.8,0.7,0.7,0.7,0.8,0.8,0.9,0.8,,0.6,0.7,0.7,,0.6,0.6,,0.9,0.9,1.1,0.9,0.9,,0.7,0.7,,,0.5,0.3,,,,0.7,0.6,0.7,0.6,1,1.4,,1.1,0.9,,1.3,1.3,,1.5,,1,0.7,0.9,,0.9,0.7,0.3,0.4,0.3,,0.7,0.8,0.8,1.2,0.9,0.7,,0.5,0.7,0.7,0.7,0.6,0.5,0.6,1.1,1.8,0.6,0.5,0.7,0.6,0.7,0.7,0.9,0.6,0.5,0.6,0.6,0.6,0.6,,0.3,0.4,0.3,,0.2,0.5,0.5,0.5,0.6,0.5,0.4,0.5,0.4,0.3,0.4,0.5,0.7,0.7,,0.5,0.8,0.8,,0.7,0.6,0.7,0.8,0.6,,0.6,0.8,0.9,,0.8,,1,0.7,0.6,0.7,,1.1,0.9,,,,0.6,,0.5,,0.9,,,,0.6,0.6,0.5,0.8,0.6,,,,0.7,0.7,0.7,0.6,0.8,0.7,,0.7,0.6,0.7,0.5,0.5,0.6,,0.6,,,0.4,0.6,0.5,0.6,0.7,0.8,0.7,0.8,0.5,0.6,0.6,0.6,0.6,0.5,0.7,0.9,0.8,0.7,0.4,0.3,0.4,0.7,0.7,0.7,0.8,,0.8,0.8,0.9,0.6,,0.6,1,0.6,0.6,0.5,0.7,0.6,0.6,,,,,0.6,0.7,,0.6,0.5,0.5,0.4,0.3,0.3,0.4,0.7,0.7,0.5,0.5,0.8,0.9,0.5,,0.7,0.5,,1,0.6,0.8,,0.5,0.6,,0.7,0.5,0.7,0.8,0.7,0.7,0.8,0.7,0.7,0.8,0.6,0.7,0.7,,,0.8,0.2,1.7,0.8,1,0.7,0.2,0.2,,0.4,0.2,0.6,0.3,0.3,,,0.5,,,,,0.6,,,,,,,,,,,,,,,,0.6,,,,,,,,,,,,,,,,,,,,,,,,,,,,,,,,,,,,,,0.8,0.8,0.7,0.9,0.9,0.4,0.5,0.4,0.4,,,,1.3,1,1.1,1,,,0.6,0.6,0.6,0.7,0.6,0.9,,0.9,0.9,0.8,,,0.7,0.7,,0.8,0.9,0.6,,0.7,,0.9,0.6,,,0.4,0.4,,,0.4,0.4,0.5,,,0.3,0.3,0.2,0.2,0.6,0.5,0.5,0.5,0.6,0.5,0.8,0.6,0.6,0.6,0.8,1,0.5,0.5,0.4,0.4,0.5,0.4,0.8,0.6,,0.3,1.3,0.6,,0.3,0.4,0.5,0.5,0.5,0.5,0.4,0.4,0.5,0.6,0.5,0.4,,,0.3,0.2,0.3,0.3,0.2,0.3,0.2,0.3,0.2,0.5,0.6,0.2,0.6,0.6,0.4,0.5,0.2,,,0.7,0.3,0.4,,0.4,0.5,,0.2,0.4,0.4,,0.3,0.3,0.5,,0.4,0.3,0.3,0.3,0.3,0.5,0.4,,0.6,0.6,0.5,0.7,0.4,0.7,0.7,0.8,,0.6,0.4,0.5,0.5,0.3,0.3,,0.6,,0.7,,,,0.6,0.4,0.5,0.5,0.5,0.2,,0.6,,0.7,0.6,0.7,0.6,0.6,0.6,0.6,,0.5,0.7,0.8,,,0.7,0.8,0.7,,0.6,0.6,0.7,,,0.5,0.3,0.5,0.3,0.5,0.4,0.8,1.4,0.7,1.1,0.6,0.8,0.6,0.8,1,,0.1,0.5,0.4,0.6,0.7,,1.3,0.9,1.4,1.1,1,0.4,0.8,0.9,0.8,,1.5,1.8,1.1,0.8,0.8,0.8,1,0.9,,0.4,0.6,,0.9,0.6,0.6,,0.8,1,0.8,0.4,,0.4,0.4,0.6,,0.5,0.6,0.5,0.5,0.7,,0.6,0.6,0.6,0.6,0.4,0.5,0.4,,0.5,0.4,0.4,0.5,0.6,,1.1,0.8,0.7,0.9,0.8,0.6,0.7,0.6,0.8,0.7,0.5,0.7,,0.6,0.6,0.4,,0.6,0.7,,0.8,0.9,1,0.9,,0.5,0.5,0.6,1,1.1,0.7,0.8,0.8,0.8,0.9,0.8,0.9,0.6,0.8,0.7,0.7,0.5,0.6,0.8,0.8,0.6,0.8,1.1,1,0.8,0.9,0.7,0.7,0.6,0.8,0.7,0.7,0.7,0.8,0.6,0.6,0.9,0.5,0.8,0.8,0.3,0.7,0.6,0.5,0.9,0.8,0.8,0.7,0.5,0.6,0.5,0.7,0.8,0.7,0.6,0.5,0.6,0.6,0.6,0.5,0.7,0.7,0.7,0.8,0.7,0.4,0.7,0.8,,0.5,0.5,0.5,0.4,0.6,,0.4,0.7,0.4,0.5,0.3,0.6,0.5,0.6,0.5,0.7,0.6,0.6,0.9,0.6,0.6,,,,0.5,0.5,,0.4,,0.5,0.5,0.6,0.6,,0.6,0.5,0.4,,,,,,0.5,0.5,0.6,0.5,0.8,,0.5,,0.4,0.5,0.6,0.7,0.7,1,,0.4,0.4,0.5,0.5,,,,,0.2,0.4,0.6,0.6,0.1,0.1,0.6,,0.3,0.6,0.5,0.6,0.5,,0.7,0.5,0.6,0.6,0.4,0.4,0.4,0.5,,0.4,0.5,0.2,0.3,0.5,0.3,0.3,0.2,0.5,,0.5,0.4,,0.5,0.3,,0.3,0.4,0.5,,0.7,,0.3,,0.3,0.2,0.5,0.7,0.5,0.6,0.5,0.7,0.8,0.7,0.7,0.7,0.6,0.4,,1,1.1,,0.6,0.6,0.7,,0.3,0.4,0.4,0.5,0.4,0.4,,0.5,0.6,0.2,0.2,,,0.8,0.7,0.4,,0.5,0.5,0.5,0.4,0.6,0.6,0.4,,0.6,,,0.6,0.5,0.6,0.5,0.5,0.6,0.4,0.3,0.6,,0.4,0.2,0.4,0.6,0.6,0.4,0.8,0.8,0.6,,,0.7,0.7,0.6,0.3,,0.4,0.4,0.5,0.5,0.5,0.6,1,0.8,0.6,0.5,0.7,0.9,1,,0.8,0.5,0.8,0.5,0.5,0.4,0.5,,0.5,,0.6,0.6,0.7,0.6,0.8,1,0.5,0.6,0.3,0.5,0.5,0.5,0.5,0.4,,,0.5,0.6,0.6,0.7,,0.7,0.7,1,0.7,,0.4,0.7,,,0.9,0.4,1,0.3,0.4,0.5,0.7,0.6,0.5,0.3,0.5,0.6,0.8,0.7,1.2,,0.5,0.5,,0.4,0.7,0.4,0.4,0.7,0.4,0.3,0.5,0.3,0.8,0.5,0.5,0.4,0.4,1,0.5,0.2,0.3,1.1,0.2,0.6,0.4,0.4,0.9,,0.6,0.4,0.5,0.4,,0.4,0.7,1.1,0.6,0.6,0.6,0.7,0.6,0.6,0.7,0.6,0.6,0.8,1.3,0.7,0.6,0.7,1.1,0.6,0.5,0.7,0.6,0.5,0.4,0.6,0.6,,,0.7,0.4,0.4,0.8,0.4,0.3,0.6,0.6,,0.5,0.6,0.7,0.3,0.8,0.7,0.6,0.7,0.7,,0.6,1,0.6,0.7,1,0.5,0.3,0.5,0.7,0.5,0.4,0.5,0.5,0.6,0.6,0.6,0.4,0.6,0.5,0.7,0.4,0.4,0.6,0.5,0.7,0.6,0.3,0.4,0.4,0.5,0.7,0.8,1,0.8,0.7,1,0.7,0.6,0.9,0.7,0.5,0.7,0.7,0.7,0.8,0.5,0.7,0.9,0.7,,0.3,0.4,0.6,0.6,0.7,0.2,0.4,0.4,0.4,0.6,0.7,0.8,1,0.5,0.7,0.3,0.8,0.9,0.5,0.4,0.6,0.8,0.3,0.8,0.6,0.7,0.7,0.7,0.6,0.5,0.7,0.6,0.4,0.7,,0.6,0.4,0.7,0.6,0.7,0.3,0.5,0.4,0.4,,0.6,0.5,0.4,0.5,0.6,0.5,0.5,,0.9,0.4,0.6,0.8,0.6,0.8,0.7,0.8,0.5,0.6,0.7,0.6,0.9,0.5,0.6,0.4,0.4,0.6,0.8,0.6,1.1,0.6,0.6,0.5,0.7,0.4,0.7,0.8,0.5,0.6,0.9,0.5,0.9,0.6,0.5,0.5,0.3,0.4,0.6,0.4,0.4,0.7,0.5,0.8,0.5,0.5,0.8,0.7,0.7,0.7,0.9,0.5,0.6,0.7,0.6,0.7,0.5,0.7,0.6,1,0.5,0.8,0.4,0.6,0.6,0.4,0.5,0.4,0.6,0.6,0.5,0.6,0.8,0.7,0.6,0.7,0.5,0.5,0.7,0.7,0.5,1,0.4,0.8,0.6,1,1,0.3,0.6,0.7,0.7,0.8,0.6,0.7,0.4,0.4,0.6,0.9,0.5,0.7,0.5,0.4,0.3,0.3,0.7,0.3,,0.5,0.7,0.7,0.5,0.9,0.9,0.6,0.5,0.5,0.8,0.5,0.2,0.8,0.5,0.8,0.6,0.6,0.6,1,0.5,0.6,0.6,0.5,0.4,0.4,0.6,0.5,,0.5,0.7,0.6,0.6,0.7,1.1,0.5,0.5,0.7,0.6,0.5,0.4,0.4,0.4,0.4,0.6,0.5,0.7,1,1.2,1.2,0.6,,0.9,0.8,0.5,0.6,0.5,0.4,1,1,0.7,0.8,0.7,0.7,0.4,0.7,0.8,0.8,1,0.8,0.8,0.6,0.5,0.7,1.1,0.6,1,0.6,0.8,0.8,0.7,0.7,0.7,0.8,0.6,0.7,0.3,0.7,0.6,0.6,0.6,0.6,0.9,1.5,0.9,0.7,0.8,0.6,0.8,0.7,0.8,0.9,0.6,0.5,0.4,,0.7,0.4,0.5,0.8,0.4,0.4,0.7,0.5,0.5,0.6,0.8,0.7,0.5,0.5,0.6,0.8,0.7,0.7,0.7,1,0.5,0.6,0.5,,0.3,0.2,0.4,0.3,0.8,1.2,1,0.7,,0.5,0.5,0.1,0.4,0.6,0.5,0.5,0.5,0.7,0.4,0.5,0.6,0.5,0.4,0.5,0.4,0.5,0.4,0.6,0.5,0.4,0.5,0.4,1,0.4,0.4,0.3,0.5,0.6,0.2,0.4,0.3,0.4,0.6,0.5,0.6,0.7,0.7,0.5
20231004,9,AQI,14,11,17,15,15,18,18,15,16,16,13,19,,,23,,34,22,30,,38,,58,39,,70,30,,73,70,63,75,74,77,,,56,61,,58,,48,32,,,37,,110,105,94,62,64,53,88,,67,20,,14,20,26,,23,46,19,19,54,36,,38,73,73,70,79,74,,78,87,80,71,,,,71,67,70,61,78,,29,17,,,17,20,16,17,,,19,,18,26,20,20,28,,,24,22,27,29,,57,,24,39,38,16,16,20,,15,17,,16,17,17,17,15,15,19,16,17,16,15,,28,15,16,26,27,26,26,29,,27,30,25,27,25,34,36,27,29,41,,,31,22,,21,23,24,22,24,,28,25,24,26,24,58,,,,44,44,,55,63,53,,,,36,,24,55,,24,,31,19,34,31,,,,32,29,,38,42,35,45,37,,34,,52,56,46,58,41,37,,36,,36,48,,24,23,,31,,20,,25,24,24,28,27,28,,,,32,24,26,40,35,40,40,,44,,,23,,23,24,,57,28,27,,30,27,,44,27,36,,29,40,34,33,46,36,36,31,,34,41,41,39,44,,,40,40,36,,,56,60,35,25,18,,,24,21,,24,65,56,63,,63,70,58,,46,,,59,53,54,60,58,,56,60,53,62,56,57,54,58,,29,28,25,27,35,28,,,29,19,22,52,26,42,20,36,29,37,50,45,52,51,,40,50,58,41,55,47,45,35,44,52,55,60,45,47,,54,44,42,60,35,32,29,37,,59,57,51,,36,48,60,48,,43,,41,42,36,48,,,44,42,46,50,49,50,,46,43,48,39,,24,26,26,23,42,38,35,50,,24,27,27,25,8,,25,11,10,20,14,13,11,,,25,15,,31,14,,40,34,50,50,,,33,,28,35,32,35,34,39,39,32,24,,29,26,16,18,20,20,55,19,14,12,36,16,19,20,30,20,20,18,20,17,,24,31,17,20,,,,45,43,,,,,28,,,,43,54,50,49,79,48,35,,42,33,37,35,34,48,38,42,39,31,40,,32,44,36,19,,22,24,17,21,52,29,29,27,34,,31,21,30,27,26,21,25,,21,18,28,36,,20,53,47,50,,,86,,81,100,78,78,95,,85,70,,,71,87,75,86,,67,71,76,,77,63,67,58,64,53,,58,51,64,,,,,,,69,,74,68,62,73,58,54,52,44,52,59,,67,,,33,,49,38,34,61,46,53,54,59,,46,,32,34,35,,45,41,48,58,32,36,35,,43,35,46,48,39,30,,,36,38,,40,37,,50,50,55,57,28,,40,9,,,85,86,,,,29,26,18,27,,79,,73,67,,79,100,,97,,,73,93,,,63,32,35,18,,21,21,18,,24,28,,20,18,20,37,20,26,17,19,21,27,,17,22,21,20,22,,19,18,19,,18,,26,15,14,,13,20,,29,20,22,20,14,15,,14,33,42,30,,25,28,20,,27,22,27,29,28,,26,29,20,,73,,70,52,54,65,,75,,,,,74,,65,,74,,,,72,59,57,53,54,,,,22,19,19,16,44,46,,30,29,43,29,43,21,,28,,,27,28,28,22,21,36,43,43,38,22,,,37,35,65,65,31,45,39,24,20,15,17,20,26,,38,42,38,33,,25,44,,29,31,32,48,30,,,,,38,30,,,18,34,25,25,30,,20,32,19,16,22,20,26,,22,,,35,30,39,,27,38,,38,12,18,20,18,,19,14,15,39,45,32,28,,,28,27,35,57,56,60,17,20,,18,15,73,66,93,,,,,,,,53,,,,,,,,,,,,,,,,58,,,,,,,,,,,,,,,,,,,,,,,,,,,,,,,,,,,,,,28,44,47,44,,53,52,53,51,,,,77,73,,62,,,,91,,81,76,,,70,63,51,,,56,84,,64,69,71,,74,,61,38,,,42,,,,,32,,,,25,26,36,,48,51,41,26,20,22,26,,20,17,26,,19,20,29,,26,,24,20,,,28,19,,21,19,16,22,28,20,22,23,,51,25,20,,,22,23,22,,20,22,,25,30,20,22,22,19,18,26,18,22,,,27,15,,,16,15,,23,29,34,,,23,25,,28,39,31,37,38,42,,,52,48,54,58,,42,43,,,59,25,21,26,25,33,,36,,60,,,,26,31,26,55,,50,,38,,45,33,35,32,30,38,51,,50,33,42,,,38,35,38,,37,,39,,,39,16,22,26,18,26,20,45,21,15,28,29,37,37,39,,32,35,,44,43,,74,75,67,59,42,43,42,46,48,,56,55,51,32,45,47,38,39,,38,42,,70,80,,,73,,,63,,73,74,67,,84,61,56,60,56,,51,36,,48,62,39,46,,53,54,49,50,53,,44,47,20,20,14,15,35,39,70,45,35,19,,45,40,47,,38,46,,45,19,37,48,,57,49,52,30,15,37,46,,35,35,36,64,57,44,43,52,35,57,,46,54,25,18,19,18,,32,,33,40,29,15,20,26,,20,21,22,16,,29,12,,12,54,68,,59,34,81,16,39,31,41,45,,52,48,48,,57,84,65,62,68,38,34,33,,54,42,50,23,21,,20,34,,25,21,45,27,26,,26,30,26,25,52,45,,,,22,21,,19,14,19,15,17,14,,,20,23,,,,,,42,45,40,42,20,,18,,9,19,12,16,,16,,24,31,20,29,,,,,20,19,22,21,32,40,25,,22,15,12,28,33,,26,18,30,23,15,19,19,12,,30,33,36,17,20,16,19,17,33,,27,20,,16,13,,,26,18,,94,,20,,9,14,19,,,17,52,71,59,62,16,28,23,14,,30,31,,25,28,22,,46,42,,40,41,46,,30,23,33,38,,,32,27,26,,27,27,33,500,13,35,54,,54,,,45,24,36,23,57,53,93,97,32,,29,32,32,51,47,48,97,85,86,,,48,31,29,12,,14,30,26,28,43,57,67,45,80,42,22,64,,,65,21,33,30,28,34,23,,,,,79,32,22,35,19,36,25,26,19,,21,32,12,,,52,62,,,,44,41,56,19,,30,27,,,54,31,28,34,42,46,69,60,58,30,32,19,12,16,87,,27,,,35,33,67,60,29,21,,73,,32,24,34,51,,72,29,62,22,73,24,85,9,92,55,,30,42,30,79,,25,46,23,80,64,53,27,35,42,68,70,45,54,54,24,33,15,,39,56,42,67,10,22,12,,,,49,55,73,26,40,26,46,36,,25,69,38,32,55,30,85,,37,,,42,26,52,,20,34,,28,26,26,24,25,34,30,28,21,20,20,77,20,30,53,55,23,22,30,30,51,50,38,42,50,,58,49,59,51,51,45,43,,44,41,,46,39,36,62,16,78,23,27,,30,37,68,24,48,36,,77,73,69,63,,59,52,22,23,21,20,13,19,35,16,17,28,13,11,18,14,18,,,35,42,23,67,73,55,70,52,63,,67,82,,73,23,22,16,,33,14,29,36,19,29,32,30,50,51,62,52,,23,43,35,,33,50,22,30,67,16,15,21,22,28,29,32,21,53,41,34,27,29,20,25,74,32,41,32,48,26,47,18,15,35,71,43,37,48,36,,46,29,43,39,56,35,75,61,87,82,22,28,77,66,24,25,,52,,47,59,63,78,67,77,53,74,84,20,15,35,15,25,20,18,58,74,64,49,24,48,73,53,80,67,71,75,64,74,83,39,54,110,,,80,90,84,49,64,35,33,18,15,45,55,48,44,59,39,42,51,,39,33,21,21,26,,19,29,,28,25,,20,49,13,12,28,26,18,,34,34,20,29,,56,69,79,46,100,55,,67,,87,64,50,61,99,82,84,103,55,56,59,74,62,51,49,53,63,82,43,27,88,46,58,25,26,28,83,23,13,12,18,21,28,46,119,133,14,17,42,88,63,45,36,62,63,54,43,38,31,27,45,,25,60,53,69,23,43,29,,,92,,72,,57,57,42,35,32,24,35,26,35,27,,34,,44,44,60,83,69,,,12,15,19,16,16,36,73,58,15,23,43,80,35,,49,22,14,14,14,15,15,,53,80,28,30,38,17,26,,60,23,11,49,74,68,69,,33
20231004,9,PM2.5,7,3,4,7,3,8,7,8,8,7,4,8,,,10,,18,10,15,,19,,38,19,,48,16,,44,37,45,32,47,56,45,,25,34,,30,,12,13,18,,19,,83,79,70,42,46,26,54,,48,4,,5,14,18,,11,20,3,13,12,15,,10,53,53,51,48,41,,51,46,59,41,37,,,27,38,44,39,52,,4,3,,,2,3,5,4,,11,11,,10,8,11,7,10,,11,11,7,6,10,14,5,5,9,12,13,8,7,14,6,8,7,,8,11,9,6,6,8,4,6,6,6,3,7,8,4,6,4,16,7,9,6,,6,12,9,10,12,19,14,12,12,19,17,,14,12,,9,9,7,10,7,10,2,10,7,5,5,41,,,,24,28,,35,36,32,,,,21,,5,14,14,9,17,14,9,12,20,,,,12,17,,26,29,24,31,24,,20,,30,31,30,33,19,20,,17,,22,31,,11,10,,15,16,11,,17,12,13,9,8,19,,,,12,6,7,21,17,17,20,,23,,,11,,9,11,,14,7,10,,5,6,,23,17,21,15,16,19,12,19,17,19,17,14,22,19,18,22,24,30,,,18,19,16,17,,32,35,19,17,7,,27,14,11,,12,32,24,29,,31,32,29,46,27,,,31,27,27,31,29,,34,32,25,29,35,31,29,28,,20,17,15,14,24,19,10,,20,11,15,24,18,24,13,25,19,16,33,14,33,33,,25,30,41,26,34,31,30,24,29,25,38,27,31,27,,38,24,25,31,24,16,20,16,34,41,37,27,,25,26,43,33,46,30,,28,17,19,23,,,28,24,27,32,34,35,32,28,26,30,27,,15,18,18,16,15,26,18,21,,10,12,12,12,5,,14,7,5,7,6,8,5,,,11,6,6,13,7,,18,17,29,35,,,14,6,19,24,22,24,19,19,27,22,12,,6,18,4,9,7,9,39,9,7,8,25,6,9,13,19,11,14,12,14,9,,15,14,11,14,,28,,31,30,,,,,19,,,,30,25,22,16,28,5,14,,12,23,23,21,20,33,19,26,21,18,19,,22,17,10,9,,2,4,5,6,9,9,8,12,9,,8,4,13,8,6,9,9,6,5,11,14,12,10,5,25,25,25,,,54,,42,43,46,42,66,,61,51,,,51,64,50,61,,45,46,46,,56,42,39,36,46,24,,34,19,29,,,,,,,44,,53,47,40,41,31,28,28,27,22,37,,48,,,23,,34,26,22,33,32,37,32,42,,18,23,16,14,23,16,31,24,17,41,22,20,24,29,30,24,32,33,27,17,,28,23,26,,28,25,,29,35,33,32,19,,19,6,,,63,52,,,,9,9,8,8,,58,,53,45,,57,75,,72,,65,41,55,,65,45,4,13,10,,5,7,8,10,6,10,,7,7,8,6,9,10,10,8,7,11,11,8,5,9,5,12,4,8,10,9,10,10,,12,5,8,,8,8,,20,7,14,5,6,6,5,8,18,17,18,,15,14,14,,16,15,18,16,18,,13,20,11,,53,,51,36,38,47,,55,,,,,52,,37,,54,,,,45,37,34,23,28,,,,7,9,7,5,25,29,,21,18,30,20,30,11,,19,,,10,16,18,12,9,25,30,30,26,15,10,12,12,24,47,43,21,27,27,11,11,10,11,14,18,,26,29,26,20,,5,19,14,20,21,20,32,14,,,,,9,14,,13,9,15,8,17,12,18,13,22,11,10,15,11,8,,10,6,,16,21,23,,16,16,,18,8,12,11,12,9,13,8,10,27,31,22,19,,,5,12,,12,14,7,4,14,,12,10,31,38,38,,,34,,,,,34,,,,,,,,,,,,,,,,24,,,,,,,,,,,,,,,,,,,,,,,,,,,,,,,,,,,,,,17,26,28,24,22,16,36,25,33,,,,56,41,53,39,,,,36,27,34,21,42,,46,45,28,,,38,62,,46,50,21,,27,,15,16,,,9,18,,,10,16,,,,14,18,2,3,23,11,10,5,3,4,4,2,12,10,18,14,6,2,6,6,8,5,10,5,,2,8,6,,3,5,5,15,12,8,9,5,17,26,17,10,,,12,16,15,17,11,10,,15,8,2,10,15,9,7,6,7,7,,,6,10,5,3,4,4,,16,8,9,,,14,13,,19,16,1,19,17,21,31,,26,24,19,27,,15,30,28,,42,4,1,12,14,20,,25,,43,,,,18,13,18,17,43,35,,24,,20,18,18,19,13,24,22,,35,23,29,,,26,24,26,,24,23,27,,,21,11,15,18,12,8,14,31,13,10,18,20,22,21,27,,7,20,22,22,27,,54,55,48,32,29,30,22,32,26,,34,36,33,22,27,27,26,27,32,22,19,,51,59,,,53,44,,45,,51,4,48,,62,34,36,43,38,,31,25,,33,34,27,27,,37,38,34,20,27,,28,20,8,10,2,9,24,27,51,31,5,7,,23,28,30,,21,20,,14,7,23,26,,40,34,36,7,8,15,27,,17,23,21,46,32,27,30,36,5,40,44,32,29,11,12,13,12,12,22,,23,23,20,6,14,15,14,13,7,15,11,,20,8,,6,38,28,,38,12,20,11,19,17,23,18,23,36,27,21,,28,62,47,44,49,26,20,23,,29,29,35,7,6,,2,15,,17,5,22,14,18,17,18,21,16,16,27,31,,,,8,10,,6,6,,,8,,,20,13,16,,,,,,29,31,24,29,10,,11,,1,13,8,10,10,8,,16,21,14,20,,,,,6,5,15,13,22,28,17,,12,10,6,19,23,,13,2,14,4,10,11,13,7,,21,20,25,11,14,11,13,1,20,,12,12,,11,9,,7,11,7,,70,,4,,4,7,6,5,9,6,24,35,30,34,7,16,10,7,,19,20,,17,19,12,,32,28,,25,18,23,,12,7,23,26,,,10,15,18,,9,12,23,1100,6,14,9,,12,,,30,16,25,16,19,37,23,28,22,,16,22,12,17,27,19,39,40,46,,,33,8,14,8,,1,16,13,15,5,32,48,31,59,23,11,46,,,27,8,22,21,7,13,11,,,,39,58,22,15,12,10,17,9,16,5,,11,17,3,,,19,42,18,10,,18,16,24,10,,21,14,,,36,13,16,19,27,21,46,41,36,21,22,6,2,8,64,,15,57,,22,23,48,43,9,8,,46,19,20,13,14,26,22,49,20,39,15,53,13,63,5,68,38,,21,29,21,32,,17,14,10,59,46,36,18,21,20,34,39,31,25,27,15,23,10,,14,36,29,40,7,15,5,7,,,34,28,51,18,27,6,32,20,,17,42,19,20,32,20,63,,20,,10,29,18,36,21,5,14,,7,9,10,10,12,7,6,7,11,14,7,12,5,7,37,29,8,15,7,17,23,32,26,29,31,,31,34,42,32,30,31,30,21,29,25,24,19,22,25,36,4,57,10,11,12,18,8,44,11,33,21,22,56,48,50,45,39,42,30,3,14,8,7,5,12,24,7,7,19,5,4,7,7,12,23,,24,29,16,35,44,36,51,24,40,,48,58,56,53,13,10,10,,6,3,20,25,13,20,15,21,35,34,29,30,,10,15,15,21,20,31,12,17,39,4,7,3,7,14,16,18,8,18,16,19,13,20,11,11,54,21,17,22,17,10,22,12,9,24,29,30,23,8,21,16,22,20,30,27,24,22,52,32,64,60,2,14,56,27,8,17,,18,,20,40,34,57,34,52,37,54,62,7,5,9,8,17,2,4,41,54,46,34,13,30,32,24,53,46,46,49,46,54,61,16,29,83,,,56,52,62,7,19,24,6,12,10,22,26,33,11,42,27,23,27,43,24,23,14,12,14,10,10,12,,9,17,2,8,34,4,7,19,15,12,9,19,23,10,7,16,20,17,58,31,75,27,,48,,51,46,14,41,74,60,62,77,22,24,21,44,43,23,21,28,34,50,30,16,65,32,41,17,18,19,61,13,9,8,12,7,12,5,51,57,7,10,21,58,39,11,25,34,45,31,25,25,9,14,31,,15,41,32,50,16,28,14,36,,68,53,51,58,20,40,29,23,16,6,24,13,17,8,,4,3,25,10,43,61,46,,,4,6,3,3,3,12,53,32,3,11,20,55,24,,33,11,6,6,5,4,4,,30,59,19,21,26,,8,,11,12,1,31,46,49,46,7,15
20231004,9,PM2.5_24h,28,20,26,24,25,27,21,38,31,19,22,22,,,35,,34,30,36,,31,,30,34,,30,45,,39,46,53,44,47,57,34,,37,33,,32,,20,28,32,,36,,45,41,39,77,68,60,58,,65,8,,12,18,17,18,17,25,23,23,27,36,,26,34,34,39,28,25,,39,34,42,39,45,,,66,60,41,48,38,,18,19,,,16,17,17,18,,15,14,,16,12,17,14,15,,17,36,31,34,32,36,32,28,29,30,26,16,16,13,11,10,10,,10,12,14,14,15,13,12,16,16,15,18,18,14,14,14,8,11,8,11,7,,9,9,7,9,10,14,13,10,10,12,13,14,12,12,,12,13,11,13,12,13,5,10,7,8,5,24,,,,26,21,,23,25,25,,,,17,,10,10,13,11,13,13,12,12,18,,,,13,16,,16,19,18,18,16,,16,21,21,18,23,21,16,21,,17,,21,22,,16,18,,20,20,18,,19,16,21,19,10,11,8,,,12,10,10,18,18,16,18,,16,,,17,,9,12,,12,12,16,6,7,8,,24,22,26,22,24,22,19,16,20,18,16,10,23,19,16,21,19,23,,,15,14,16,13,,21,20,21,21,14,,24,19,13,,19,22,19,19,,20,21,20,27,19,,,13,13,11,15,14,15,23,22,16,22,24,23,22,21,,9,10,13,8,15,13,11,,12,10,8,11,9,12,11,11,10,8,12,7,34,39,,39,42,38,29,35,25,34,29,23,23,22,23,22,28,,23,17,20,25,19,14,21,16,29,32,31,25,,23,29,32,25,25,23,,23,22,20,20,,,28,25,26,28,28,27,29,22,26,26,24,,17,18,20,18,17,18,19,21,,11,11,12,12,5,,16,9,15,16,10,10,17,,,12,19,13,14,17,,26,21,24,26,,,25,14,12,20,16,19,13,16,24,18,12,,7,9,8,9,6,7,10,7,6,7,7,5,12,13,15,12,13,13,14,11,,16,14,11,15,,33,,36,35,,,,,28,,,,42,43,25,31,28,25,25,,18,11,10,9,9,16,11,14,14,10,15,,15,11,9,15,,14,14,16,15,16,17,13,18,15,,24,18,15,13,13,13,14,14,13,12,15,16,15,13,16,18,19,,,32,,29,29,33,28,32,,30,38,,,40,46,35,44,,30,34,40,,43,34,29,33,36,15,16,16,12,16,,,,,,,27,,40,31,22,31,19,15,18,12,9,14,,38,,,26,,28,26,26,26,23,23,28,23,,12,23,14,13,17,13,20,18,13,26,24,23,25,21,24,18,34,35,26,13,,15,19,23,,26,30,,27,30,27,26,21,,23,8,,,40,37,,,,17,18,16,16,31,40,,33,27,,51,57,,62,,37,36,39,,37,38,6,8,9,,20,17,21,20,19,17,,12,17,16,13,18,15,14,18,24,15,11,14,17,21,15,20,14,11,13,15,14,14,,14,11,6,,10,17,21,25,16,18,21,10,15,13,17,16,15,14,,16,15,13,,14,14,14,14,18,,14,17,9,,36,,36,30,28,34,,35,22,,,,34,,24,,30,,,,35,30,25,25,26,,,,5,8,3,6,21,21,,14,12,22,11,20,12,,14,,,5,9,10,5,4,29,27,30,30,12,8,13,16,23,33,26,21,24,19,10,9,18,20,19,23,,29,31,29,24,,8,11,8,10,19,26,28,19,,,,,25,24,,20,8,18,8,10,9,16,14,19,16,16,13,7,9,,13,13,,28,31,23,,13,16,,20,10,10,18,14,16,20,13,19,26,27,22,24,,,7,11,26,28,17,15,5,11,,17,7,24,24,30,,,23,,,,,16,,,,,,,,,,,,,,,,10,,,,,,,,,,,,,,,,,,,,,,,,,,,,,,,,,,,,,,11,27,25,23,22,24,28,25,26,,,,25,23,28,24,,,24,24,27,25,27,48,,51,51,29,,,30,42,,37,41,20,,23,,22,18,,,7,23,,,22,19,16,,,21,19,4,4,16,14,16,12,10,12,10,7,18,18,17,19,13,11,13,13,10,12,13,10,,12,16,13,,7,8,9,11,16,14,15,12,13,15,14,12,,,12,17,13,14,14,9,10,10,12,10,10,11,13,13,11,11,7,,,8,11,8,17,7,8,,16,11,10,,11,17,12,,17,19,10,18,17,18,24,,16,20,14,20,23,12,19,19,,23,10,10,13,10,13,,23,,37,,,,8,7,12,12,28,21,,21,,18,18,18,14,14,15,17,,22,22,23,,,19,22,21,,21,20,18,,,14,14,16,22,20,11,19,36,25,28,25,31,35,35,40,,13,25,28,28,29,,34,36,35,34,38,36,34,35,40,,43,46,44,27,31,30,30,28,22,30,25,,41,32,35,,35,30,34,30,,33,34,31,,38,27,28,33,33,,25,23,11,25,24,25,27,,32,33,38,12,17,,19,11,4,16,6,7,18,23,38,28,8,10,,30,25,27,,16,15,,15,10,20,22,,28,23,26,10,6,20,20,,18,28,25,32,26,25,29,29,7,21,24,21,20,29,46,44,48,51,40,43,41,41,46,5,8,12,10,9,8,11,16,12,13,4,6,6,34,34,36,28,12,16,11,16,19,17,21,23,22,17,20,26,26,50,35,27,22,29,19,22,,22,20,20,7,7,,4,12,7,10,5,18,14,19,18,25,22,15,20,16,23,,,,12,10,,10,8,2,4,7,4,,16,13,12,,,,,,14,14,15,16,13,,10,,5,9,9,11,11,9,,19,19,12,16,,,,,6,7,17,16,12,12,20,,8,10,7,13,15,,17,5,9,13,10,13,11,9,,17,20,16,16,11,13,9,8,12,,12,10,,9,7,,2,4,4,,17,,5,,1,4,7,5,5,7,21,24,22,21,10,12,11,8,,26,26,,15,14,16,,24,19,,23,17,22,,18,21,20,25,,,19,15,13,,14,10,18,61,6,13,25,,27,,,30,16,16,11,12,16,18,21,8,,16,15,15,23,29,35,47,54,60,,,25,22,22,12,,6,19,19,16,10,22,31,40,36,31,29,55,60,,25,12,17,17,10,17,15,,25,,30,38,25,17,9,9,15,8,9,14,15,11,13,4,,,30,25,15,29,,27,33,56,17,,19,11,,,19,15,13,16,25,20,24,15,23,15,21,17,12,16,58,,34,38,,21,24,34,30,13,14,18,39,14,22,10,20,15,31,33,17,22,16,33,15,33,5,36,27,,21,23,20,10,,16,27,15,43,22,24,13,16,14,26,27,23,16,43,13,19,13,35,17,29,18,35,6,8,6,7,,,34,17,32,15,19,4,23,16,,17,29,34,18,34,15,36,34,17,,15,32,29,33,28,5,16,9,6,7,10,8,10,10,8,6,15,18,14,11,10,5,26,26,13,16,6,15,18,18,25,31,40,40,38,27,28,20,23,26,16,27,25,29,27,13,22,31,27,8,43,33,30,43,14,10,20,11,24,17,19,37,31,32,32,32,32,28,6,14,7,5,8,19,19,8,16,21,9,12,11,10,12,23,,26,30,21,14,34,28,38,12,33,,30,33,35,35,7,9,10,,26,8,17,24,22,21,13,18,21,34,17,20,36,12,18,15,14,19,28,17,34,32,36,28,14,14,12,13,14,12,18,9,16,16,16,13,8,20,17,14,16,21,25,27,18,15,22,26,24,23,13,20,17,14,20,24,15,19,20,47,39,36,32,24,35,33,21,12,14,14,20,24,21,23,22,35,26,36,31,30,29,8,11,9,9,15,11,9,28,32,28,31,21,26,25,17,28,39,34,25,23,31,34,7,15,41,,34,43,45,33,26,27,17,20,12,15,13,20,24,13,29,26,22,24,27,18,25,22,11,14,9,9,10,,7,10,4,17,30,9,7,10,11,23,19,17,15,14,10,19,17,16,41,31,46,20,,62,28,33,43,29,35,42,33,64,78,62,46,53,51,50,41,38,20,26,29,19,24,46,25,34,16,12,21,26,14,13,10,16,14,6,8,61,80,8,7,66,39,23,16,23,22,36,21,28,27,14,12,21,,16,24,28,35,14,22,24,15,13,36,42,45,33,30,30,26,20,11,8,20,18,14,19,,6,5,12,24,35,59,34,29,,19,27,18,23,13,11,38,23,15,9,24,35,26,30,38,14,27,19,31,17,15,,17,45,17,13,24,12,10,16,17,6,1,27,39,30,36,19,16
20231004,9,PM10,14,7,11,15,9,18,18,15,16,16,11,19,,,23,,34,22,30,,38,,66,39,,89,30,,96,89,66,100,98,94,61,,62,71,,66,,48,32,38,,37,,101,92,100,74,62,55,126,,78,20,,14,19,19,,23,46,19,2,57,36,,38,65,74,75,107,98,,106,124,109,91,71,,,91,83,90,71,105,,29,12,,,10,5,16,12,,26,17,,16,26,18,19,28,,11,24,21,27,29,28,63,9,24,39,38,14,16,12,14,5,12,,13,16,8,10,9,10,19,6,10,12,11,11,28,6,11,21,27,22,23,25,,21,30,21,27,25,34,36,27,29,41,25,,31,22,,21,21,18,22,14,20,12,18,16,17,17,63,,,,44,44,,59,75,56,,,,36,,24,59,28,24,27,31,19,34,31,,,,32,29,,37,33,31,36,37,,34,41,53,61,46,66,41,37,,36,,36,48,,24,23,,31,24,20,,25,24,24,28,16,24,,,,32,17,25,40,35,40,40,,44,,,19,,23,24,,63,20,23,,30,21,,44,27,36,29,29,40,34,33,46,36,36,31,44,34,41,41,39,44,,,40,40,36,38,,61,70,35,24,17,,32,24,17,,24,80,61,76,,75,90,66,61,46,,,68,56,58,70,66,,62,69,56,74,61,63,57,66,,24,28,25,27,23,24,21,,22,19,16,53,26,42,20,20,29,37,50,45,54,52,,40,50,52,41,59,47,45,31,44,53,59,70,32,47,,44,44,42,69,32,32,26,37,83,68,64,52,,25,48,68,35,60,35,,41,42,36,48,,,44,42,46,50,49,50,52,46,43,48,37,,24,15,26,18,42,38,35,50,,24,27,27,25,8,,25,7,10,20,14,5,11,,,25,15,14,31,9,,40,34,50,48,,,33,,27,31,29,24,34,39,24,29,24,,29,13,16,18,20,20,50,19,13,9,29,16,19,20,30,20,19,11,17,13,,24,31,17,10,,31,,32,33,,,,,21,,,,37,57,50,49,108,48,35,,42,28,37,35,34,33,38,42,39,31,40,,25,44,36,16,,14,24,15,12,53,29,29,27,34,,31,21,30,18,15,16,20,4,12,15,28,36,42,20,56,47,50,,,122,,112,149,105,105,139,,119,80,,,91,114,99,122,,83,91,102,,102,76,83,66,68,56,,66,51,78,,,,,,,87,,98,85,73,95,66,58,53,44,54,68,,80,,,24,,36,31,34,72,41,46,58,46,,46,56,32,34,35,44,44,41,48,53,27,36,33,20,30,31,32,34,33,30,,50,36,36,,21,37,,50,30,60,63,18,,40,7,,,106,122,,,,29,26,16,27,,96,,71,84,,107,107,,112,,124,95,136,,112,47,32,35,12,,21,21,18,37,24,28,,20,15,16,37,20,26,15,19,21,27,,,9,20,13,16,29,19,18,17,25,17,,26,15,12,,13,18,,18,13,22,20,14,7,26,12,33,42,30,,25,28,12,,27,17,27,29,28,,26,24,11,,58,,56,43,53,49,,99,76,,,,97,,80,,96,,,,93,68,63,56,58,,,,22,19,19,16,44,46,,28,29,34,27,29,21,,23,,,27,28,28,22,12,32,34,36,37,22,,14,37,34,42,79,31,45,33,24,20,15,17,17,21,,35,41,32,33,,25,44,50,27,31,32,48,30,,,,,38,30,,30,18,34,25,20,30,26,20,13,19,16,15,20,26,,22,10,,35,29,39,,27,38,,38,6,14,20,18,12,15,10,8,31,24,24,23,,,28,27,35,63,62,70,12,11,,12,11,96,82,135,,,61,,,,,56,,,,,,,,,,,,,,,,66,,,,,,,,,,,,,,,,,,,,,,,,,,,,,,,,,,,,,,28,44,47,44,46,56,47,56,52,,,,95,96,104,74,,,,132,70,112,101,80,,89,70,51,,,61,82,,71,82,91,,98,,71,38,,,42,32,,,,32,,,,25,20,36,24,48,52,41,26,19,22,26,22,6,7,10,12,16,16,29,,26,18,24,20,,20,28,14,,12,6,14,20,28,20,18,23,25,52,25,20,,,22,18,21,27,10,10,,25,8,12,13,16,15,15,26,14,10,,,3,5,15,17,8,10,,7,29,34,,,22,17,,23,39,31,37,34,42,47,,54,48,58,66,,42,30,40,,40,25,21,26,25,33,,24,,58,,,,26,31,20,59,62,44,,38,,45,33,35,32,17,38,52,,28,30,32,,,30,29,32,,37,35,38,,,39,12,18,13,16,26,11,21,21,13,28,28,37,37,38,,32,35,,44,43,,74,69,83,68,40,41,42,40,48,,61,60,52,30,45,47,34,38,36,38,42,,89,92,,,91,92,,59,,95,98,79,,78,71,62,68,61,,52,36,28,42,73,38,46,,48,49,48,50,56,,44,47,7,20,14,15,24,30,32,43,35,19,,45,40,47,,38,46,,45,19,37,48,,52,47,41,30,15,37,46,21,35,35,36,54,63,44,40,40,35,44,67,41,58,25,16,17,18,6,26,,33,40,29,13,19,26,26,20,21,14,13,,22,3,,12,57,85,,67,34,111,15,39,31,41,45,41,36,48,48,,64,58,52,59,57,25,34,32,,57,35,37,14,21,,7,34,,24,21,45,27,22,30,26,24,26,25,53,38,,,,22,21,,19,14,19,7,5,14,,27,20,21,,,,,,38,42,40,40,20,,18,,8,17,12,16,21,16,,24,31,19,26,,,,,9,13,22,21,27,37,22,,22,8,12,22,14,,26,18,30,23,14,19,4,12,,24,33,26,17,20,11,17,17,33,,27,20,,15,8,,10,26,18,,111,,9,,9,14,19,,17,10,54,91,67,73,16,28,23,14,,28,26,,14,21,22,,39,42,25,40,41,46,,30,13,27,31,,,32,19,16,,12,27,16,21,8,35,57,,58,,,45,24,23,23,63,56,136,143,14,,29,28,32,51,47,48,143,120,122,,,32,31,29,9,,12,30,26,28,43,64,77,41,97,42,22,77,,,79,21,33,29,20,34,19,,,,66,97,32,20,35,19,36,25,26,15,,21,32,9,,,53,73,34,22,,44,41,62,18,,27,27,,,58,31,28,34,42,46,88,70,66,20,26,19,12,16,117,,27,,,35,27,69,51,29,18,,95,26,32,24,34,51,43,94,26,73,16,95,24,102,9,127,60,,24,29,25,108,,16,46,23,59,56,56,27,35,42,86,89,38,57,57,24,24,12,,39,61,32,83,8,14,12,14,,,29,59,96,24,40,13,40,36,,21,88,38,32,59,30,95,82,37,,16,32,13,43,31,20,34,,19,20,26,24,21,34,30,26,21,20,12,103,3,30,43,60,17,21,19,28,52,50,34,39,50,,65,44,66,51,52,44,41,45,44,41,34,46,39,36,73,16,90,23,27,22,30,37,85,24,41,36,34,86,96,63,52,54,36,53,11,12,12,11,13,19,21,16,17,24,13,11,10,9,7,32,,31,37,23,83,95,59,83,53,75,,75,114,133,80,23,22,16,,33,4,25,28,13,28,32,26,36,51,73,53,,23,43,35,43,33,50,22,30,83,9,10,21,22,28,29,32,18,56,41,34,27,20,20,12,59,32,41,32,48,26,47,18,10,30,91,36,37,48,36,31,46,27,35,32,61,35,99,71,118,96,5,28,87,82,24,21,,54,,47,68,75,70,84,104,55,64,90,12,10,35,15,22,20,17,57,62,58,42,24,48,95,56,110,83,91,100,73,74,100,39,58,127,,,110,130,90,49,78,29,33,11,15,45,59,45,44,61,37,42,52,50,39,32,21,19,26,25,19,29,,28,14,25,19,48,6,12,24,26,18,12,34,34,15,16,52,62,87,82,46,113,60,,82,,124,66,50,72,136,93,98,156,60,61,67,98,73,51,49,55,75,114,35,27,112,45,48,16,18,27,114,23,10,6,15,21,28,46,187,216,14,14,42,125,76,45,29,73,59,58,43,38,31,22,31,,25,70,55,58,23,43,29,44,,104,96,94,110,64,53,39,35,32,24,29,26,35,27,,34,,44,44,66,106,88,,,12,15,5,8,14,36,84,66,14,5,43,109,28,,49,22,12,14,9,7,14,18,56,102,23,24,33,16,23,,69,23,5,49,97,80,88,17,22
20231004,9,PM10_24h,48,32,49,44,47,46,45,69,55,41,42,44,,,71,,68,61,73,,63,,70,61,,63,68,,87,96,93,84,93,92,74,,70,72,,62,,63,59,58,,62,,61,66,60,115,99,114,131,,112,30,,34,33,25,45,47,48,59,41,59,61,,59,66,61,68,62,66,,84,91,81,86,84,,,112,117,81,80,82,,35,35,,,35,36,35,34,,42,44,,40,50,39,38,36,,42,72,59,66,62,54,52,55,64,43,33,42,39,42,36,36,26,,36,37,42,25,23,25,33,32,27,27,30,30,26,24,33,23,24,21,21,24,,21,22,22,21,22,22,28,22,23,28,23,23,20,23,,28,29,27,28,24,27,15,17,16,17,13,44,,,,42,38,,42,41,32,,,,28,,23,29,27,23,26,25,21,24,35,,,,35,29,,25,27,23,24,23,,29,27,35,36,35,41,32,26,,23,,35,38,,39,31,,35,31,27,,29,30,35,39,18,29,27,,,29,23,21,36,36,33,40,,35,,,31,,29,29,,29,26,30,18,19,19,,49,42,45,43,41,35,39,34,34,28,27,23,38,27,32,31,30,31,,,39,35,40,39,,44,46,41,35,28,,35,37,18,,38,44,42,43,,45,58,44,51,28,,,31,35,34,31,32,40,49,46,42,45,48,45,48,48,,17,17,16,17,16,17,15,,16,15,15,16,12,16,12,14,17,16,23,17,53,55,,54,75,46,45,56,41,49,37,43,46,42,53,37,53,,38,38,39,60,33,31,33,32,49,50,53,41,,39,53,52,41,45,38,,36,40,35,40,,,49,45,45,48,44,44,55,69,43,41,36,,29,30,31,28,30,36,35,63,,24,25,23,23,13,,26,13,20,31,16,17,27,,,19,38,20,27,25,,38,33,38,42,,,39,26,24,24,27,25,28,27,29,24,18,,15,12,16,17,22,15,14,13,8,10,13,8,26,24,26,22,23,18,26,18,,31,28,21,26,,45,,43,42,,,,,49,,,,69,85,60,65,74,61,59,,46,18,19,18,20,19,25,24,26,24,26,,21,24,21,34,,37,29,31,31,45,33,30,32,36,,44,40,57,26,29,27,28,28,28,33,37,50,38,40,42,39,44,,,65,,58,67,61,50,74,,67,68,,,71,77,68,74,,53,57,80,,76,62,66,56,56,37,33,32,26,40,,,,,,,58,,76,56,46,64,37,36,39,18,27,28,,68,,,38,,35,33,40,48,46,50,51,53,,33,45,28,28,37,25,38,36,31,39,33,35,40,40,38,45,39,43,39,26,,31,30,36,,44,42,,57,53,65,59,29,,42,13,,,80,68,,,,48,46,45,52,45,48,,45,55,,86,84,,95,,76,78,93,,74,52,18,21,17,,38,45,45,53,42,71,,51,44,36,40,37,51,32,39,53,28,28,38,38,61,34,43,37,25,27,30,32,28,,23,17,21,,14,35,33,35,39,35,26,24,17,25,24,20,22,20,,18,22,22,,14,27,22,25,24,,26,25,12,,47,,52,45,40,44,,64,60,,,,65,,59,,54,,,,65,42,46,44,43,,,,13,11,17,13,36,37,,19,19,22,16,19,18,,19,,,17,16,12,13,6,39,46,42,47,21,26,23,27,34,38,45,38,43,32,21,22,25,29,22,30,,42,48,42,39,,20,27,21,14,38,42,49,40,,,,,54,44,,41,11,22,23,19,23,20,20,22,23,22,22,21,17,,25,22,,40,44,47,,28,36,,43,16,15,27,23,27,34,26,29,34,35,32,37,,,24,35,88,64,75,63,16,24,,30,22,81,89,102,,,46,,,,,36,,,,,,,,,,,,,,,,30,,,,,,,,,,,,,,,,,,,,,,,,,,,,,,,,,,,,,,21,39,38,40,43,48,44,50,41,,,,57,63,60,50,,,53,71,57,64,68,95,,102,84,47,,,53,66,,68,67,58,,75,,52,39,,,39,23,,,54,52,27,,,24,25,19,20,38,38,36,43,37,36,44,37,38,41,39,49,39,38,53,40,29,28,37,24,,49,40,26,,19,14,28,27,35,29,23,32,27,31,29,29,,,29,21,24,45,13,23,22,25,12,14,17,20,30,25,23,21,11,,,13,26,23,30,14,16,,15,28,29,,20,26,19,,28,26,20,32,26,31,47,,28,34,36,43,30,27,22,22,,23,38,33,23,18,21,,37,,45,,,,18,23,14,27,41,36,,28,,23,21,23,33,35,35,52,,38,30,43,,,30,30,31,,32,37,30,,,31,30,29,30,31,41,28,52,39,42,37,40,63,64,56,,46,46,49,47,48,,52,46,63,47,55,57,55,52,60,,67,67,62,44,49,53,47,47,43,54,50,,60,55,52,,60,47,62,43,,63,66,49,,45,50,47,52,52,,37,34,24,33,43,35,55,,50,46,45,37,36,,35,36,7,31,15,15,34,38,36,35,24,23,,45,41,46,,27,25,,27,15,31,32,,40,32,30,25,16,31,42,31,30,42,39,40,48,41,41,43,24,22,37,28,33,55,53,58,55,63,55,61,53,51,57,10,15,21,22,19,21,18,19,21,21,10,13,12,65,79,79,69,25,36,23,36,43,48,38,42,29,41,48,39,57,61,53,34,36,31,30,36,,42,33,31,17,14,,9,23,20,21,15,26,18,20,21,40,27,27,32,36,32,,,,22,23,,23,17,19,14,16,25,,25,20,19,,,,,,25,24,22,22,22,,15,,8,14,15,18,16,21,,23,26,19,25,,,,,12,13,24,23,22,21,25,,16,10,12,21,15,,23,11,23,15,13,16,12,14,,24,33,25,25,19,13,17,17,26,,22,17,,14,7,,8,11,12,,31,,11,,6,9,15,12,14,12,55,69,64,54,13,23,17,18,,52,44,,19,20,34,,42,39,30,42,37,44,,36,30,34,35,,,41,30,16,,19,30,19,21,6,37,69,,56,,,76,27,20,19,51,56,61,68,19,,42,29,32,85,88,101,162,180,153,,,62,47,56,21,,32,42,45,46,12,49,44,54,68,63,56,89,109,,65,33,28,24,25,37,28,,36,,47,61,38,23,19,19,43,28,24,42,38,21,27,8,,,65,51,30,62,,73,61,95,23,,26,18,,,42,31,35,26,34,34,49,35,44,21,35,31,27,24,100,,61,50,,33,46,47,41,39,24,31,72,21,41,24,38,34,63,56,24,36,33,64,20,60,7,69,42,,24,29,22,29,,38,72,28,47,28,41,20,22,21,61,62,35,41,66,21,24,29,48,35,48,20,69,14,14,16,15,,,35,42,68,21,32,8,36,29,,34,50,62,23,57,31,60,61,31,,40,45,43,45,41,21,36,27,15,21,22,21,25,30,28,21,29,38,25,66,30,27,29,41,23,21,16,25,25,29,35,51,61,53,67,46,52,37,41,46,32,53,45,57,33,31,37,46,56,18,70,68,77,81,22,24,43,18,31,28,26,59,53,42,42,45,41,41,14,20,12,14,16,26,28,23,24,27,17,15,9,18,13,35,,33,32,31,41,61,52,70,29,62,,51,72,76,64,12,15,16,,44,10,21,31,21,28,24,30,37,40,46,39,55,27,38,33,30,30,54,26,50,65,62,57,33,25,21,22,20,24,33,24,34,31,26,25,17,28,21,30,38,62,56,60,43,38,34,57,29,37,50,40,36,28,29,32,27,44,35,90,63,77,85,47,66,62,58,25,21,21,33,38,26,43,58,58,46,65,45,48,54,15,16,22,9,27,26,48,40,43,38,40,36,40,71,35,59,71,63,65,49,47,62,20,34,77,,69,74,90,66,59,75,24,51,19,29,29,47,40,39,58,38,37,44,43,32,35,30,16,27,24,19,22,,24,15,21,24,25,13,14,22,22,37,30,33,30,26,22,57,46,43,63,46,72,49,,93,65,72,75,80,71,91,59,99,142,105,113,119,111,107,98,99,45,52,71,36,36,73,43,47,17,27,24,46,29,24,20,24,27,19,43,190,188,16,12,94,92,56,58,41,49,64,41,43,45,32,20,25,,20,54,46,45,22,31,41,32,37,69,72,74,64,59,76,44,34,19,20,27,32,34,30,,17,9,26,105,53,84,70,46,,40,58,33,42,46,25,56,45,31,21,49,63,35,70,63,28,48,41,56,32,28,23,42,79,35,29,45,40,30,37,38,11,8,43,78,49,68,44,23
20231004,9,SO2,3,3,3,3,3,1,3,3,3,1,3,3,,,7,,4,5,5,,6,,6,7,,9,4,,8,3,2,8,5,6,4,,3,7,,2,,12,13,9,,3,,10,9,8,5,3,7,6,,7,1,,2,1,7,7,5,5,2,2,2,1,,5,10,15,13,7,9,,12,15,11,12,10,,,10,20,16,25,8,,5,5,,,8,6,4,7,,,9,,7,6,8,7,6,,,7,10,8,8,7,6,6,11,5,9,5,6,5,,8,6,,5,6,4,5,6,6,6,3,4,3,7,6,7,6,9,4,10,7,8,9,,4,6,7,5,5,6,9,7,10,8,7,12,8,5,,8,10,9,8,8,,6,7,7,6,7,15,,,,7,9,,6,9,7,,,,12,,10,11,14,13,9,11,13,12,10,,,,15,10,,10,8,7,15,11,,14,7,6,9,6,8,7,7,,19,,17,16,,9,5,,8,8,9,,9,7,10,7,7,8,5,,,7,8,7,7,5,4,6,,9,,,5,,5,6,,6,4,6,7,5,5,,4,4,2,3,2,6,6,6,7,6,5,5,8,5,5,6,6,6,,,4,3,3,4,,5,6,4,6,7,,,6,7,,7,6,5,9,,7,5,6,8,6,,,12,12,13,12,11,,6,5,7,7,6,7,7,8,,10,6,6,8,7,8,7,,7,5,4,6,5,4,5,4,4,3,2,6,4,7,,3,5,14,5,3,5,6,6,3,6,9,6,5,7,,3,7,7,8,7,7,6,8,15,8,7,14,,13,7,9,9,5,5,,10,11,8,11,,,6,3,11,9,11,10,4,7,8,24,5,,8,9,11,9,8,13,9,13,,6,7,5,8,6,,5,8,5,7,5,5,6,,,8,6,7,6,5,,5,2,3,3,,,5,8,4,3,5,5,9,8,3,6,6,,15,10,11,9,20,11,7,8,10,8,7,6,7,6,4,6,6,5,3,5,,5,2,4,7,,5,,6,6,,,,,14,,,,11,19,5,2,2,5,6,,9,7,4,7,10,6,5,4,4,5,3,,3,4,5,8,,11,11,8,14,73,53,19,14,31,,6,8,7,10,6,9,5,8,10,8,62,15,,15,7,6,4,,,18,,27,27,18,14,16,,15,11,,,16,46,13,25,,10,16,22,,15,9,15,10,13,14,,8,7,3,,,,,,,11,,7,10,9,10,11,7,11,6,8,10,,17,,,17,,14,17,21,13,18,13,22,10,,17,,20,14,12,11,19,23,25,54,4,7,10,8,6,7,7,9,8,13,,,11,10,,4,7,,10,9,6,8,6,,25,5,,,13,18,,,,12,11,14,10,8,18,,26,21,,12,16,,16,,30,12,20,,13,12,12,18,10,,6,15,9,27,14,12,,10,6,7,6,7,11,8,12,9,8,10,5,8,9,14,8,,7,8,8,,7,,5,2,5,,4,5,5,6,5,5,5,5,4,9,5,8,8,6,,9,10,7,,6,8,9,7,9,,10,8,8,,6,,6,2,3,2,,8,8,,,,6,,6,,8,,,,10,7,5,6,6,,,,7,5,8,6,8,8,,8,6,7,7,5,3,,10,,,4,10,10,3,9,4,8,6,5,7,4,4,7,12,14,13,14,9,17,3,3,4,4,7,8,,7,4,6,8,,10,14,11,5,4,5,5,4,,,,,1,3,,1,2,2,3,2,3,3,5,7,2,1,5,5,8,,2,3,,7,2,4,,7,5,,4,8,4,7,6,,7,9,5,4,5,3,6,,,10,5,17,52,44,5,9,6,,4,6,20,8,9,,,6,,,,,10,,,,,,,,,,,,,,,,14,,,,,,,,,,,,,,,,,,,,,,,,,,,,,,,,,,,,,,7,2,3,3,4,9,6,6,10,,,,7,6,8,6,,,,38,42,60,45,,,10,10,5,,,4,5,,11,12,5,,10,,8,7,,,5,,,,5,5,7,,,1,3,10,12,16,14,10,3,6,8,6,6,10,8,8,12,8,7,4,14,8,7,9,5,,,11,18,,7,3,12,18,7,2,5,6,6,6,7,5,,,5,11,8,11,11,8,5,8,3,4,5,7,2,4,5,3,1,,,7,3,,1,2,6,,6,3,4,,,7,4,,10,14,10,10,1,8,6,,6,6,10,10,1,7,7,5,,6,4,4,6,13,10,,8,,11,,,,8,13,7,5,18,11,,4,,5,8,5,7,7,8,8,,9,5,21,,,5,5,6,,8,,8,,,6,3,14,7,11,3,12,24,20,14,18,18,16,12,19,,5,4,12,50,38,,15,8,10,7,5,15,9,13,10,,12,10,17,1,4,2,4,4,,6,15,,10,9,13,,7,6,7,4,,3,4,7,,6,9,6,11,6,,5,4,8,7,6,6,8,,6,5,6,5,5,,9,6,9,7,6,6,9,9,7,8,3,3,,10,9,5,,13,7,,8,7,7,6,,7,6,6,10,8,14,16,6,8,12,6,24,11,10,9,12,5,6,,7,3,4,4,3,5,3,8,6,6,6,6,4,1,3,6,5,4,3,2,,5,6,6,5,28,17,,17,8,4,7,14,9,11,6,8,5,11,15,19,16,20,36,8,8,7,7,8,,17,7,7,6,3,,2,5,7,6,7,8,10,7,9,5,8,10,9,7,6,,,,4,7,,7,4,7,7,8,6,,,6,8,,,,,,6,4,5,8,5,,5,,8,7,11,16,,19,,5,5,5,5,,,,,1,1,5,4,4,5,5,,3,6,5,12,28,,8,9,5,11,6,6,4,4,,6,6,6,9,7,9,4,5,17,,7,4,,9,7,,10,9,2,,14,,7,,5,8,6,5,,6,10,15,14,16,7,6,6,5,,56,39,,10,7,4,,10,7,3,4,5,4,,5,6,2,3,,,10,4,4,,6,13,11,11,38,11,8,,9,,,10,11,3,6,7,6,3,4,6,,5,7,7,5,7,3,3,4,4,,,10,9,6,5,,4,5,7,2,32,4,11,5,10,6,4,4,10,,9,6,8,9,7,5,5,,6,,19,10,6,6,12,16,17,10,14,10,,6,6,5,,,4,11,9,8,,7,13,26,4,,8,11,,,14,6,10,9,14,7,14,18,16,7,12,6,6,7,16,,5,3,,3,5,7,7,3,10,3,15,3,8,3,6,7,6,9,6,8,21,11,1,12,7,9,8,,8,7,7,9,,3,11,6,5,7,7,9,15,11,10,10,7,4,13,8,12,4,12,4,9,8,16,7,8,6,,,,9,10,5,8,10,7,8,10,,5,12,18,12,13,5,9,,4,,5,6,6,7,10,5,7,,4,9,9,6,8,6,7,8,2,11,8,9,11,10,10,12,9,9,7,10,7,10,6,5,5,4,6,4,7,6,3,6,9,10,22,9,7,13,7,8,2,3,13,6,6,5,10,5,5,10,11,3,4,17,9,10,8,7,2,2,7,5,7,10,10,6,8,11,18,14,6,6,7,10,9,,,2,11,8,12,7,9,43,8,18,,20,9,,37,24,5,4,,8,7,15,10,6,7,5,9,14,4,11,11,20,6,5,6,10,7,15,5,8,20,3,3,6,10,6,10,5,8,24,1,11,8,8,11,6,18,10,7,4,2,3,8,8,6,6,11,8,8,10,8,7,19,6,4,14,12,10,6,12,9,12,4,8,10,6,3,8,5,7,10,5,8,10,16,10,8,11,10,16,9,5,12,6,8,11,4,6,7,4,4,7,7,12,9,27,15,10,13,8,8,12,7,10,8,,,15,19,21,32,39,8,6,7,2,10,4,4,6,17,4,14,9,8,4,1,6,4,5,3,10,4,,7,4,6,14,6,7,7,5,9,6,7,8,6,5,6,,13,15,9,12,19,26,,7,17,3,2,10,8,7,15,3,7,10,12,10,11,10,10,14,11,11,10,1,5,18,6,10,8,9,8,23,4,4,4,5,5,8,4,20,26,6,4,8,37,5,13,15,8,9,9,8,9,22,8,7,,8,6,6,7,9,7,1,14,,17,25,24,12,7,11,7,6,7,5,5,8,4,4,,5,,9,13,6,11,4,4,,1,1,1,1,11,13,7,8,11,12,12,10,6,8,1,1,3,3,3,7,6,8,7,29,8,5,9,4,6,,4,7,3,7,21,21,17,8,7
20231004,9,SO2_24h,3,2,3,3,3,3,3,3,2,2,3,3,,,9,,6,8,7,,8,,6,6,,8,5,,10,5,7,8,7,10,8,,3,6,,2,,12,11,12,,8,,9,11,12,8,8,8,8,,9,3,,3,3,7,11,11,10,20,9,3,3,,7,8,9,8,4,9,,18,12,11,14,11,,,9,14,11,18,11,,8,8,,,11,9,7,9,,12,15,,10,8,12,10,8,,8,7,11,9,9,9,7,9,11,8,9,6,7,6,6,8,7,,6,7,5,8,6,6,6,4,5,5,7,10,7,6,9,5,9,7,8,8,,4,6,7,5,5,3,5,4,7,4,4,7,2,5,,8,10,9,8,8,10,6,6,7,6,7,8,,,,5,6,,6,6,6,,,,9,,6,7,11,8,6,7,10,8,9,,,,12,10,,4,4,3,7,8,,8,8,8,10,7,8,6,6,,10,,8,7,,8,5,,6,8,8,,9,6,9,7,6,9,5,,,8,8,7,6,5,4,6,,8,,,3,,5,5,,6,4,6,6,5,5,,4,4,3,4,3,6,6,6,6,6,5,5,7,4,4,5,5,5,,,5,3,3,4,,3,3,5,6,7,,8,7,9,,7,6,4,6,,4,4,4,8,5,,,8,8,8,8,8,7,5,4,6,7,6,6,6,8,,8,6,6,8,6,7,6,,7,4,4,6,5,4,4,4,4,3,2,6,4,7,,4,5,8,4,4,5,6,6,3,6,9,6,5,7,,3,6,6,8,6,6,6,7,11,7,6,8,,7,5,6,7,6,3,,6,6,4,6,,,6,4,12,5,7,8,4,6,5,9,5,,6,6,9,6,7,10,8,7,,6,6,5,8,6,,5,8,5,6,5,5,6,,,7,7,7,6,6,,2,2,3,2,,,3,8,5,3,3,6,5,8,4,7,5,,8,7,9,7,16,7,7,7,9,8,7,6,7,6,5,6,7,5,3,5,,5,3,5,7,,4,,8,11,,,,,28,,,,13,22,6,3,4,5,8,,11,7,4,7,9,6,5,5,4,5,7,,4,4,5,17,,23,16,16,17,30,27,7,5,14,,6,7,6,11,8,11,6,10,11,7,18,10,10,13,7,7,4,,,10,,11,11,13,7,10,,13,7,,,11,14,10,11,,8,8,19,,8,6,7,7,8,11,5,5,7,2,,,,,,,11,,7,10,8,9,9,6,10,3,5,7,,21,,,15,,13,9,13,8,8,9,11,9,,9,8,8,8,8,5,10,10,13,12,3,6,8,5,6,7,5,6,5,9,,7,8,7,,6,8,,10,8,6,6,6,,9,5,,,9,10,,,,15,14,17,13,11,11,,15,16,,15,16,,17,,16,12,13,,12,12,10,14,10,,7,11,12,13,14,8,,14,9,11,10,9,11,7,17,24,8,9,7,16,18,15,16,17,8,8,9,10,7,,5,2,6,,4,6,6,7,6,6,6,4,4,10,5,7,6,5,,7,8,6,,5,7,9,7,10,,11,8,11,,5,,3,3,3,2,,12,12,,,,5,,5,,7,,,,8,9,7,9,9,,,,6,4,8,6,6,6,,7,6,7,6,4,3,,8,,,4,7,9,3,9,4,9,8,6,6,4,4,5,11,6,9,10,8,8,3,3,4,7,8,8,,7,5,8,9,,8,13,6,5,6,5,6,4,,,,,4,6,,5,6,2,3,3,3,3,4,7,2,1,6,4,5,,2,3,,8,3,6,,7,5,,5,8,6,8,6,7,8,9,6,4,6,4,6,,,12,5,61,56,30,6,9,5,,8,7,11,6,8,,,6,,,,,8,,,,,,,,,,,,,,,,8,,,,,,,,,,,,,,,,,,,,,,,,,,,,,,,,,,,,,,6,2,3,2,4,8,5,7,8,,,,9,7,9,8,,,16,19,16,18,18,14,,15,14,8,,,6,7,,16,12,3,,6,,14,12,,,6,5,,,7,6,7,,,4,4,10,12,11,11,9,6,9,11,10,9,11,11,10,15,10,9,6,13,11,14,13,6,,5,6,8,,10,6,10,10,7,4,7,8,7,7,8,6,,,7,11,8,11,11,10,6,7,3,13,17,6,2,4,4,3,1,,,8,4,4,2,2,6,,6,5,5,,5,6,4,,7,9,8,8,1,7,7,,5,5,6,3,2,7,6,5,,4,5,5,6,8,7,,6,,8,,,,5,9,6,5,12,7,,4,,5,6,5,7,7,7,7,,10,4,14,,,4,5,5,,6,10,5,,,6,4,6,7,17,10,11,32,24,25,24,25,19,12,19,,9,8,24,20,10,,17,12,14,6,10,14,10,12,17,,19,19,24,3,7,3,5,7,,10,6,,11,7,9,,8,6,8,4,,4,4,5,,5,8,3,7,3,,5,4,7,6,6,8,8,,6,6,6,5,6,,9,6,9,7,6,6,9,10,7,9,4,4,,9,7,6,,8,7,,8,7,7,6,,6,6,6,10,8,14,18,6,8,14,9,7,10,10,7,10,4,2,4,3,2,6,9,8,10,9,8,7,7,6,9,4,1,2,5,3,4,3,2,2,4,6,6,8,14,10,10,11,5,5,7,12,8,9,6,6,5,11,9,26,24,23,32,6,7,5,8,8,,12,6,4,6,3,,2,6,8,7,8,8,8,6,9,5,7,9,10,7,7,,,,4,7,,7,7,11,12,12,9,,9,7,9,,,,,,6,5,5,8,5,,5,,7,6,10,11,11,18,,6,5,6,6,,,,,1,1,5,5,4,5,5,,4,6,5,9,9,,8,9,6,11,7,6,4,4,,6,8,5,9,7,8,4,5,17,,8,4,,8,7,,9,8,4,,6,,7,,6,7,8,5,7,7,8,11,11,12,9,8,7,5,,89,64,,12,9,4,,10,8,4,4,7,12,,5,6,3,3,,,11,6,4,,9,13,12,12,11,10,10,,12,,,10,6,2,6,6,5,4,5,7,,8,8,8,6,6,4,3,5,5,,,11,10,9,3,,4,9,11,3,8,2,12,5,8,6,6,8,16,,6,6,8,4,8,4,4,,4,,9,7,4,6,9,10,10,9,6,10,8,7,5,4,,,6,8,8,8,,8,12,21,4,,6,8,,,7,7,8,8,8,6,9,10,10,7,9,6,6,7,16,,6,4,,3,6,5,6,3,12,4,16,3,11,3,6,5,7,9,8,6,16,8,2,7,7,6,8,,8,8,7,7,,3,13,6,5,5,7,5,10,6,13,8,8,4,22,7,9,5,9,7,8,7,10,8,7,6,5,,,8,5,6,8,8,6,6,8,,5,10,22,7,20,6,8,7,4,,8,7,12,24,52,5,6,10,4,7,8,6,9,5,7,8,3,14,12,15,17,7,6,9,9,9,7,8,8,10,5,5,5,8,6,5,5,6,3,5,8,7,12,7,7,9,5,8,3,3,12,8,7,9,8,3,4,7,7,3,4,9,8,9,7,6,2,2,11,7,11,9,10,6,14,12,17,14,6,8,8,8,10,2,,3,9,9,6,5,6,16,6,8,,11,8,9,17,10,5,6,,9,6,10,10,6,7,5,7,11,12,9,10,19,5,5,6,7,7,13,5,12,9,3,2,14,12,4,5,5,8,11,2,8,8,7,11,6,10,7,6,5,4,5,11,10,9,4,10,7,8,8,6,6,14,6,4,8,7,7,9,8,14,10,5,10,9,5,2,6,5,5,8,5,7,8,10,10,7,10,9,6,28,5,16,6,7,10,7,4,7,5,5,7,6,7,4,10,12,11,11,7,8,9,4,8,8,,13,15,14,10,46,25,6,23,8,3,7,3,4,5,8,5,8,9,8,6,2,6,4,4,2,6,3,,8,4,6,10,8,6,7,4,8,5,7,6,6,4,5,22,13,17,8,13,10,15,,10,11,3,2,3,5,9,14,5,8,13,15,12,14,13,12,16,8,8,9,2,5,14,6,13,8,9,7,13,5,4,4,5,5,8,7,10,11,6,4,10,35,6,19,10,7,8,5,9,9,11,10,8,,6,4,3,3,9,6,5,9,9,10,10,17,11,10,10,8,6,7,5,5,8,4,5,,5,6,5,7,8,13,7,6,,3,3,2,2,14,13,8,7,16,16,6,11,6,7,3,3,2,3,3,10,8,8,5,19,9,5,9,5,7,6,5,7,5,9,12,12,12,8,11
20231004,9,NO2,19,2,10,17,13,25,23,21,25,7,11,32,,,22,,27,24,26,,24,,36,30,,41,30,,54,27,27,46,35,40,18,,21,41,,45,,25,57,36,,12,,46,45,39,34,33,40,71,,52,12,,11,13,9,35,23,37,26,10,25,28,,24,32,34,30,65,58,,24,36,46,22,38,,,30,46,52,53,45,,10,10,,,17,7,16,13,,11,13,,12,9,11,15,17,,5,15,17,16,27,17,14,,16,11,11,15,13,9,10,17,9,,10,9,8,4,6,9,8,3,9,11,8,9,4,8,7,13,22,20,17,12,,22,14,15,18,20,26,20,28,29,20,24,29,22,21,,19,16,21,28,15,23,17,19,18,16,14,28,,,,39,34,,53,50,42,,,,20,,26,29,31,33,35,35,24,25,32,,,,20,18,,23,18,14,18,19,,24,28,25,34,25,28,13,18,,21,,29,24,,28,24,,23,,21,,31,23,20,18,15,14,10,,,13,13,11,17,9,9,13,,28,,,23,,20,18,,11,7,11,9,7,8,,23,21,10,16,14,14,12,14,19,23,19,14,15,12,18,34,22,25,,,6,10,9,9,,17,20,10,6,14,,,9,8,,11,48,25,52,,42,35,40,31,21,,,29,27,26,39,38,,54,54,40,38,47,40,49,52,,30,22,22,24,30,26,21,,17,16,14,7,6,7,9,10,9,10,4,6,42,32,,16,26,38,13,38,20,29,10,22,22,22,27,10,10,,13,12,12,27,11,7,10,11,45,44,44,26,,26,32,27,21,19,16,,20,20,16,18,,,16,9,27,16,12,8,13,13,29,36,27,,12,14,18,12,25,22,23,20,,8,23,8,10,6,,19,20,13,25,18,26,16,,,21,27,22,24,28,,22,29,28,18,,,22,9,7,13,5,9,5,9,10,10,7,,22,10,13,13,15,16,23,26,27,13,34,18,26,14,39,21,25,15,22,8,,20,24,22,26,,14,,18,38,,,,,14,,,,17,16,41,35,54,62,38,,12,12,11,13,10,11,10,12,12,14,14,,7,10,10,17,,16,14,22,14,43,16,27,27,28,,9,12,22,16,14,23,19,16,23,17,22,10,,14,14,16,15,,,47,,49,68,53,57,35,,42,25,,,39,48,46,66,,31,43,35,,42,37,35,41,25,22,,34,19,38,,,,,,,44,,40,27,31,35,46,45,39,13,12,24,,44,,,8,,5,8,6,20,20,15,18,12,,17,18,13,13,16,17,14,11,12,16,14,15,15,5,4,4,8,10,9,14,,,10,14,,6,6,,9,14,18,21,6,,25,9,,,40,38,,,,21,17,8,15,38,46,,38,40,,31,40,,36,,71,72,64,,78,22,24,28,14,,11,14,15,,13,16,,9,8,8,6,4,9,12,19,19,17,13,10,14,9,12,10,8,10,12,7,,10,,4,5,8,,6,7,8,6,6,5,4,10,6,13,6,31,35,19,,28,17,23,,13,15,17,15,12,,24,14,6,,30,,25,24,21,16,,46,36,,,,28,,38,,40,,,,42,39,19,30,22,,,,21,18,11,18,23,21,,17,18,15,14,12,5,,12,,,6,15,27,19,5,5,10,7,10,6,5,5,10,11,14,19,19,14,17,6,6,10,22,21,24,,29,29,25,22,,11,20,25,12,12,18,10,17,,,,,14,15,,14,6,25,10,14,16,14,10,6,6,3,6,15,13,,17,,,17,22,30,,26,24,,31,24,12,23,24,21,28,27,23,33,43,41,22,,,19,16,14,36,46,26,13,20,,18,7,40,63,20,,,29,,,,,27,,,,,,,,,,,,,,,,40,,,,,,,,,,,,,,,,,,,,,,,,,,,,,,,,,,,,,,14,17,12,20,,30,35,25,39,,,,30,36,33,41,,,39,44,40,44,40,30,,36,35,16,,,17,29,,40,42,35,,33,,23,20,,,9,9,,,12,11,,,,4,4,7,6,14,15,9,12,10,9,1,10,16,11,7,9,9,8,19,7,12,11,12,8,,,14,7,,14,19,18,34,7,5,13,6,22,37,13,9,,,5,11,10,17,4,3,,15,3,8,6,5,4,6,5,9,2,,,4,11,10,2,8,7,,3,11,13,,46,12,14,,23,27,24,15,8,28,11,,16,16,32,21,15,14,16,18,,15,6,6,8,22,15,,11,,20,,,,19,18,16,11,25,28,,18,,24,31,31,9,2,11,11,,14,14,19,,,9,12,15,,12,10,15,,,16,5,8,7,10,8,8,16,12,16,14,15,17,18,18,,6,8,12,13,13,,5,15,8,16,15,11,16,16,25,,22,21,22,2,12,8,5,9,13,11,14,,43,43,48,,44,46,42,26,,31,39,47,,39,40,34,26,34,,39,30,36,41,39,26,25,,16,15,12,9,12,,20,15,7,23,7,12,22,23,24,20,10,16,,22,22,16,,20,14,,3,2,12,15,,16,17,14,7,12,13,8,8,8,10,13,9,11,14,13,14,9,16,,13,10,8,13,12,10,14,10,11,13,10,9,4,8,4,7,4,4,9,8,,10,3,,14,28,32,25,23,16,20,15,14,11,18,25,10,17,19,6,9,11,20,18,12,9,14,12,19,,21,8,9,7,12,,11,8,12,11,17,18,25,27,19,22,27,24,13,22,36,,,,9,13,,10,16,32,30,33,24,,29,16,15,,,,,,14,18,22,16,8,,2,,15,6,7,8,,9,,8,4,6,5,,,,,4,5,6,6,6,7,10,,3,9,8,13,15,,10,9,6,10,7,9,5,6,,7,8,9,9,11,8,6,7,10,,6,10,,11,16,,12,14,19,,21,,25,,6,8,14,22,,14,41,53,55,54,8,16,15,12,,28,14,,16,14,24,,20,30,30,27,23,29,,10,15,2,8,,,11,8,22,,7,19,19,6,17,11,16,,15,,,32,24,13,11,37,53,67,64,8,,40,12,18,13,17,6,23,21,24,,,41,23,23,5,,22,41,41,24,24,28,28,10,42,38,18,30,38,,36,9,20,20,12,29,20,,,,39,29,24,7,19,18,28,20,38,14,10,11,27,6,,,26,24,24,18,,16,16,16,2,,27,19,,,41,22,35,15,35,27,38,44,28,22,10,26,14,8,43,,20,,,11,10,29,27,10,5,5,45,7,31,22,10,11,,51,34,21,17,57,4,56,15,52,9,,5,5,4,31,,11,26,31,39,24,37,16,15,16,40,31,39,14,23,24,30,21,37,17,39,20,50,9,11,21,18,,,17,23,56,18,36,5,20,25,,45,37,16,25,43,16,30,26,16,,8,21,18,9,13,22,14,,7,16,24,22,21,34,15,9,18,19,13,21,5,22,18,33,24,27,11,14,34,8,14,17,44,23,26,32,45,13,31,15,20,22,22,10,13,13,26,9,19,12,35,20,27,18,23,16,30,19,19,16,13,46,38,41,42,25,17,18,4,6,6,16,16,15,12,7,17,19,16,18,8,27,21,27,,22,19,26,38,53,26,36,20,33,,42,44,,29,18,13,9,,15,14,26,26,3,12,8,22,14,5,18,20,18,26,24,27,24,26,12,21,12,35,8,5,14,7,30,20,20,36,25,7,39,23,20,18,18,22,16,12,14,52,11,35,19,8,13,8,5,5,19,15,10,15,8,9,12,24,13,33,21,42,44,6,22,30,18,13,26,23,15,,26,41,26,38,43,48,31,36,46,6,3,9,5,22,18,9,32,21,19,20,24,26,65,15,64,26,38,39,29,44,46,28,33,47,,,51,50,44,28,44,15,12,12,15,8,27,18,8,20,2,13,12,10,10,12,6,2,13,11,4,5,,14,18,28,10,18,18,10,10,11,20,14,26,7,28,7,26,25,40,44,37,47,44,,40,41,54,25,15,57,47,23,44,56,26,39,28,42,34,31,32,40,29,44,19,24,46,34,34,17,17,20,52,32,18,20,18,11,14,49,21,29,15,18,32,56,34,16,5,28,9,34,7,21,21,24,25,,18,20,30,29,20,29,11,39,,65,64,47,,14,36,29,25,20,15,10,28,28,15,,10,2,9,7,14,27,31,13,,13,21,4,9,16,12,47,31,18,11,13,41,14,,32,22,15,16,11,22,20,5,21,50,14,7,20,6,10,5,9,16,5,39,48,40,52,16,10
20231004,9,NO2_24h,23,6,22,21,29,24,25,32,20,7,28,28,,,28,,25,28,30,,26,,33,30,,39,27,,39,33,37,32,34,31,18,,27,37,,37,,30,65,28,,19,,33,46,30,47,37,38,57,,76,18,,21,21,15,33,29,32,35,13,24,27,,27,30,25,25,27,34,,24,43,35,30,56,,,56,63,60,67,42,,24,30,,,25,17,18,19,,15,19,,15,13,14,17,21,,6,19,19,18,19,17,19,18,22,20,15,24,18,17,15,15,10,,17,16,18,12,13,14,14,18,21,21,20,20,12,16,21,15,22,24,16,17,,21,15,18,16,22,26,20,24,20,21,20,22,20,17,,19,17,22,29,15,22,17,19,18,17,17,30,,,,27,22,,33,24,26,,,,19,,25,27,28,30,34,28,19,24,29,,,,20,18,,19,19,16,16,15,,21,29,33,31,37,35,13,19,,13,,27,21,,24,20,,22,21,18,,26,18,17,17,17,17,11,,,13,13,12,16,9,16,18,,16,,,26,,19,16,,9,7,9,7,7,7,,20,18,13,15,18,13,15,15,23,19,16,12,15,11,14,29,16,20,,,7,9,9,7,,12,15,12,9,11,,11,9,10,,10,17,24,29,,27,26,32,24,9,,,20,27,20,21,30,24,20,22,20,25,21,22,24,21,,18,18,16,18,15,20,15,,14,14,15,7,6,7,9,10,10,11,5,5,34,26,,35,40,22,25,33,19,34,12,18,20,21,20,20,22,,12,15,12,26,9,11,10,9,20,25,24,16,,12,32,24,14,11,11,,11,14,11,11,,,22,14,21,25,16,14,14,27,24,35,16,,9,10,15,12,15,18,18,27,,8,17,9,9,8,,22,15,16,23,15,22,20,,,19,29,18,20,24,,19,14,19,18,,,20,9,7,14,5,7,5,11,11,9,7,,17,8,11,13,15,14,16,14,12,10,13,6,25,21,27,22,24,18,22,14,,16,24,22,25,,37,,35,42,,,,,19,,,,39,29,54,50,38,49,37,,16,13,10,12,9,10,14,17,12,15,14,,9,12,9,22,,20,18,20,18,42,25,21,25,35,,14,14,15,13,12,14,17,18,18,17,16,17,17,23,12,14,11,,,37,,29,35,35,24,20,,26,23,,,34,43,37,44,,22,26,27,,41,35,30,45,24,17,14,12,8,26,,,,,,,22,,26,20,20,30,33,27,37,9,7,13,,33,,,6,,4,7,9,14,15,12,13,10,,13,13,10,8,16,7,11,9,10,15,18,14,17,6,6,5,15,11,12,6,,7,10,12,,9,9,,9,11,15,14,5,,22,10,,,27,22,,,,25,21,16,23,24,29,,25,24,,26,31,,28,,59,59,44,,58,22,18,22,19,,13,17,17,22,16,15,,17,19,12,10,11,13,12,23,34,13,13,16,16,24,15,15,12,12,17,16,14,13,,10,11,10,,10,22,28,21,19,23,12,14,9,15,14,22,28,12,,20,11,20,,8,14,15,20,11,,19,17,5,,28,,30,27,18,20,,26,22,,,,18,,25,,25,,,,30,20,19,29,17,,,,26,22,13,19,19,17,,10,16,12,14,13,5,,12,,,3,11,14,7,4,5,10,8,11,8,5,6,9,12,18,20,16,20,19,5,4,9,14,14,15,,24,27,25,23,,9,16,14,8,17,16,12,16,,,,,14,11,,11,6,13,10,12,13,10,12,8,7,7,8,10,8,,15,16,,29,34,30,,25,28,,33,13,12,27,18,22,30,24,27,23,31,27,25,,,13,7,31,25,39,28,10,12,,12,9,42,32,17,,,23,,,,,20,,,,,,,,,,,,,,,,16,,,,,,,,,,,,,,,,,,,,,,,,,,,,,,,,,,,,,,15,19,10,19,22,24,19,19,27,,,,21,23,23,31,,,30,34,29,29,33,40,,48,41,15,,,15,21,,45,41,38,,32,,18,16,,,11,8,,,13,13,11,,,8,6,9,12,12,11,7,15,16,12,10,16,16,17,12,17,12,12,17,11,14,14,17,17,,11,11,5,,9,8,11,16,11,8,13,8,17,22,14,18,,,15,14,10,18,9,10,9,15,4,8,13,6,18,16,16,19,4,,,8,17,10,2,9,7,,4,13,16,,18,19,17,,18,15,21,14,14,19,26,,14,17,26,19,15,13,13,16,,13,7,8,9,16,13,,24,,33,,,,17,14,13,11,19,17,,14,,17,28,24,8,5,7,7,,14,18,16,,,10,12,11,,13,16,11,,,11,4,9,8,12,6,9,24,18,23,17,11,16,16,16,,7,7,9,7,9,,6,11,11,9,12,10,12,14,30,,29,25,14,3,10,9,6,9,14,15,13,,27,26,27,,31,23,31,17,,15,21,26,,23,21,24,18,21,,23,17,16,17,15,12,24,,18,12,15,14,10,,19,13,7,21,5,4,23,28,27,26,16,19,,14,13,13,,10,7,,6,5,10,14,,8,12,13,9,14,15,9,10,9,11,11,8,9,11,12,11,6,12,8,9,10,12,12,11,10,13,9,11,11,10,9,4,6,4,6,3,4,9,7,10,6,5,7,11,28,31,25,30,15,12,13,19,20,17,19,12,11,9,6,10,12,16,13,13,14,12,11,18,,14,11,10,6,7,,8,7,12,11,12,10,15,15,19,12,18,16,12,12,24,,,,7,10,,8,14,24,22,25,25,,20,12,9,,,,,,9,9,13,9,9,,5,,8,4,9,6,7,9,,7,3,5,4,,,,,3,4,7,5,5,7,6,,2,6,6,10,11,,10,9,6,10,8,8,6,7,,6,6,6,7,12,9,5,10,10,,7,12,,8,11,,6,6,11,,7,,10,,2,4,9,9,9,11,38,49,55,46,7,14,12,12,,34,26,,10,10,20,,16,14,27,26,14,12,,11,12,10,19,,,16,15,16,,7,12,15,8,9,9,25,,22,,,24,21,13,15,25,24,39,34,9,,26,16,8,13,21,13,35,42,36,,,36,26,31,7,,16,21,24,17,11,21,17,22,46,36,18,32,42,,37,16,19,19,17,25,21,,27,,29,25,21,7,15,15,10,10,23,16,13,7,22,5,,,27,14,15,21,,30,33,32,7,,25,21,,,37,21,36,11,24,23,25,22,26,21,11,25,14,13,34,,26,19,,12,12,17,15,16,7,9,29,7,28,17,8,8,34,24,29,8,15,53,5,41,10,42,12,,5,4,4,11,,20,28,32,21,14,23,12,16,12,24,20,26,17,27,16,30,29,28,10,23,17,33,7,7,14,17,,,35,18,33,16,31,3,16,20,,18,18,14,20,47,8,22,18,15,,13,37,35,18,24,11,9,22,7,16,20,20,24,25,20,12,16,22,18,17,10,16,10,22,23,24,9,11,22,14,12,25,42,29,31,26,33,11,26,18,7,13,16,17,16,7,15,18,12,8,32,24,33,23,16,12,20,16,16,14,16,33,24,21,18,15,20,21,7,9,9,14,13,13,13,6,14,20,11,14,6,26,14,21,,17,15,14,24,42,26,34,10,29,,31,35,36,22,10,8,9,,15,11,22,30,7,11,6,14,12,7,20,13,17,21,15,20,14,15,14,15,15,36,15,13,19,11,19,13,17,32,22,7,32,26,17,16,16,11,12,15,19,57,24,42,22,16,20,9,6,6,24,10,10,8,9,14,6,15,10,22,28,25,43,15,27,47,16,10,21,22,23,32,20,22,17,28,20,25,24,19,27,15,10,14,4,20,19,12,20,19,14,21,21,18,51,12,34,26,23,27,18,33,36,13,25,31,,24,43,51,53,24,39,18,22,14,14,8,20,15,11,15,4,10,12,12,9,8,5,1,11,5,3,3,,15,10,26,14,17,14,7,6,12,19,17,22,8,25,9,26,18,21,23,25,45,24,,44,34,33,39,40,44,38,23,27,52,35,46,35,31,28,33,38,29,17,30,22,23,32,15,25,18,13,16,22,29,19,21,23,12,8,28,22,32,14,10,37,49,22,22,4,20,10,19,17,21,12,21,20,,14,18,31,30,15,17,11,28,31,35,50,40,22,20,25,26,26,26,11,14,23,22,15,,11,6,11,13,15,30,20,14,,17,28,10,24,22,10,24,26,21,22,17,31,12,25,35,18,16,23,30,24,26,6,21,29,15,12,20,15,14,8,19,7,5,24,40,22,36,15,15
20231004,9,O3,38,35,54,45,48,35,26,39,32,28,40,25,,,56,,56,60,55,,60,,51,51,,41,52,,29,52,29,38,45,45,,,66,51,,48,,59,38,,,59,,34,,42,55,35,35,20,,48,39,,42,42,42,,28,23,42,44,41,43,,49,66,59,59,8,15,,44,32,25,56,,,,50,36,22,28,8,,51,54,,,54,62,48,52,,,60,,56,62,61,62,56,,,72,70,72,66,,82,74,70,83,87,51,49,53,51,47,54,,51,53,53,54,46,47,44,51,52,49,46,,53,46,51,83,82,83,83,90,,85,84,80,79,51,51,59,42,47,52,,,53,57,,67,71,74,61,74,66,88,80,74,82,75,54,,,,36,32,,22,23,33,,,,56,,57,57,,58,,51,56,57,51,,,,54,78,,60,56,66,64,67,,64,,66,52,62,54,85,85,,89,,55,46,,57,50,,58,,49,,46,58,57,46,84,80,,,,65,76,81,78,88,92,81,,44,,,71,,68,65,,90,89,85,,92,85,,59,58,68,,71,79,86,38,47,38,48,52,,51,44,28,48,42,,,81,80,81,,,72,59,46,52,56,,,54,66,,50,62,75,66,,76,65,91,,64,,,76,78,63,65,84,,9,12,18,25,12,15,16,7,,34,36,39,35,25,43,,,48,47,28,35,37,36,31,36,38,31,38,22,20,26,,46,53,42,51,19,21,14,47,50,49,44,46,66,61,,59,56,64,55,61,60,52,61,,26,25,30,,47,31,25,54,,54,,47,55,39,54,,,53,61,45,46,45,47,,49,28,25,40,,38,37,37,38,24,26,30,29,,56,42,54,52,16,,5,4,14,6,4,22,16,,,13,9,,12,8,,12,8,12,22,,,25,56,75,74,69,69,71,66,66,80,73,,21,28,21,18,24,18,32,21,17,30,13,24,39,33,26,38,28,40,26,53,,24,28,35,23,,,,61,53,,,,,69,,,,58,52,22,29,1,3,29,,42,28,34,40,36,31,30,28,27,30,29,,25,35,34,60,,68,58,54,66,30,54,36,32,39,,60,59,59,86,83,66,78,,65,57,79,62,58,63,88,86,89,,,40,,58,43,47,37,49,,34,70,,,65,70,49,41,,70,51,85,,53,47,45,42,59,94,,72,85,65,,,,,,,20,,26,64,63,49,34,41,55,121,115,99,,86,,,49,,49,38,52,78,79,89,76,89,,34,40,44,45,36,34,53,53,54,44,42,27,30,59,63,55,52,48,52,45,,34,49,47,,52,61,,63,59,61,78,50,,27,16,,,38,38,,,,39,38,57,50,,12,,15,11,,6,14,,24,,,12,12,,,96,37,37,55,,53,61,56,46,60,53,,58,57,61,56,56,58,53,49,51,53,50,52,68,67,64,68,70,53,55,60,,55,,44,43,42,,41,62,,63,62,63,52,37,47,,42,34,31,37,,41,51,56,,42,50,44,53,50,,49,53,64,,18,,8,11,12,20,,13,15,,,,20,,22,,8,,,,14,8,40,5,8,,,,8,8,10,7,30,31,,33,38,38,38,49,55,,28,,,32,41,23,20,67,59,56,54,58,36,50,,32,41,45,30,40,40,44,54,48,44,32,31,24,,8,10,19,6,,23,17,,20,16,19,15,19,,,,,36,39,,,17,11,20,19,14,,37,34,26,35,36,13,18,,24,,,4,5,5,,8,8,,6,22,33,31,27,,34,26,35,14,13,7,30,,,62,79,62,42,33,50,52,48,,24,34,36,10,56,,,,,,,,91,,,,,,,,,,,,,,,,70,,,,,,,,,,,,,,,,,,,,,,,,,,,,,,,,,,,,,,27,52,26,40,48,40,22,48,30,,,,31,29,,15,,,,9,,22,16,33,,38,37,49,,,30,13,,17,16,4,,7,,58,63,,,68,54,,,,62,65,,,63,65,65,,88,84,93,65,62,64,65,,63,52,56,,58,63,51,61,62,,61,63,,,46,59,,65,59,51,40,63,60,70,72,,13,23,54,,,70,52,45,,62,70,71,52,95,64,69,47,58,56,57,55,68,,,84,48,37,,50,48,,46,70,73,,33,73,78,,46,50,54,54,119,48,,,34,38,22,39,,33,47,,,52,36,32,23,62,74,,64,,51,,,,26,26,22,20,,36,,31,,25,30,12,92,93,93,95,,31,44,31,,,46,40,20,,42,,30,,,66,29,30,30,31,27,16,8,14,12,16,39,38,43,41,,31,25,25,23,23,,71,73,77,75,49,49,45,49,5,,9,9,9,45,49,46,45,46,46,59,60,,26,18,,,24,,,46,,31,26,15,,9,26,42,42,47,,22,14,12,4,10,38,43,,59,49,65,33,31,,16,27,64,16,21,16,51,50,45,58,42,38,,25,35,23,,31,33,,56,25,28,26,,34,34,30,32,30,28,32,33,35,35,24,29,35,32,32,29,22,26,,29,33,17,12,16,15,,38,,36,41,48,47,47,46,,39,17,42,36,,25,34,40,38,19,130,23,21,26,10,23,35,33,22,29,,33,32,39,,44,24,26,51,57,33,29,16,,25,28,39,73,58,,61,20,,17,18,17,24,20,,17,30,41,30,9,11,,,,17,18,,17,20,8,9,10,18,,3,14,5,,,,,,22,23,24,31,1,,8,,26,27,33,31,31,33,,41,46,43,54,,,,,64,60,39,38,59,59,18,,67,21,20,31,33,,29,30,18,17,7,7,27,23,,42,49,51,51,6,8,29,26,6,,9,3,,22,13,,,22,20,,24,,62,,23,20,31,33,,52,12,8,12,13,20,15,13,38,,93,99,,35,47,59,,46,37,59,50,69,64,,66,73,88,88,,,78,85,38,,86,55,56,48,23,82,55,,46,,,11,39,54,59,50,34,10,7,48,,8,27,23,44,47,84,51,44,33,,,14,30,17,6,,44,11,17,18,20,39,25,41,50,49,58,56,,,7,55,50,65,88,54,71,,,,,52,18,26,12,12,76,28,47,58,52,15,57,37,,,44,44,,,,51,53,59,60,,45,76,,,47,61,49,88,42,46,55,30,40,59,46,5,23,16,7,,56,,,47,63,11,17,92,66,,93,,6,24,52,84,49,10,74,87,60,27,62,28,16,27,64,,67,67,66,21,,39,60,5,19,12,16,26,28,23,20,34,15,14,11,38,47,26,,55,15,48,64,22,21,11,,,,79,41,10,49,49,82,31,48,,30,15,39,60,27,64,27,,36,,,69,74,120,,32,74,,88,81,74,75,80,56,85,89,27,44,64,61,63,49,56,42,73,60,93,94,42,90,39,52,16,,62,34,38,40,27,59,56,56,34,59,,26,25,57,71,40,58,57,51,,39,66,28,74,62,35,,17,15,7,13,,22,20,69,72,66,64,19,17,19,27,7,19,14,9,55,32,24,2,,13,25,14,65,45,67,82,85,85,,64,38,31,40,12,21,20,,63,42,13,31,56,31,32,28,37,62,22,34,,58,53,50,,49,67,48,60,85,50,45,67,59,48,40,45,65,60,61,57,50,50,64,79,73,66,81,32,29,66,34,39,48,46,97,66,41,50,68,,50,30,54,45,47,50,28,57,22,15,68,56,47,61,45,30,,66,,25,14,41,15,14,13,33,36,21,61,45,12,28,11,6,56,12,8,7,17,18,6,42,112,42,94,31,20,77,41,51,86,63,52,,,47,54,38,43,41,59,39,52,18,87,50,67,92,46,58,32,32,,25,19,40,65,42,,34,26,,83,18,,61,39,8,23,21,12,48,,56,92,64,91,,37,21,21,32,11,17,,43,,18,49,49,22,29,72,31,19,52,32,38,26,29,39,30,39,15,18,15,42,32,6,11,7,14,12,47,17,21,32,36,27,68,5,58,44,15,54,41,8,30,69,38,47,88,34,71,54,35,84,72,,47,47,17,11,58,11,40,,,38,,69,49,41,12,15,4,6,32,26,49,54,67,,45,,98,88,26,4,27,,,38,45,59,49,49,4,19,80,48,71,63,5,48,,62,25,42,29,43,45,47,44,57,29,60,47,53,53,81,59,84,16,33,5,90,61,57,,103
20231004,9,O3_24h,161,148,165,159,161,174,155,164,157,155,145,152,,,152,,142,142,164,,162,,141,151,,142,139,,183,187,180,181,183,182,172,,155,159,,150,,157,153,154,,150,,160,159,158,187,175,175,169,,191,116,,118,119,122,140,135,144,130,130,154,160,,157,150,145,141,155,144,,168,167,179,168,144,,,162,144,143,143,120,,93,87,,,101,100,105,106,,142,138,,148,140,144,144,143,,142,152,153,156,146,155,174,165,151,149,153,129,133,137,140,142,144,,133,145,137,82,70,75,69,73,71,76,70,73,77,68,72,98,106,99,105,103,,105,113,99,101,72,67,74,63,67,60,65,74,73,82,,90,90,87,92,93,94,103,95,89,100,93,110,,,,115,128,,123,125,120,,,,86,,80,78,78,86,78,85,74,80,67,,,,74,86,,87,83,88,86,87,,89,88,92,96,83,101,98,106,,103,,115,96,,154,108,,138,137,132,,142,126,150,119,136,165,142,,,135,145,159,136,132,136,123,,128,,,93,,98,97,,125,129,125,116,127,122,,166,172,157,156,152,134,140,154,81,74,86,92,84,86,82,72,80,86,,,148,137,142,122,,147,131,98,105,107,,102,110,107,,104,140,133,129,,142,139,142,142,112,,,163,167,162,167,156,116,136,138,144,134,134,144,132,131,,60,54,61,62,63,58,65,,70,71,36,48,47,45,40,45,44,39,45,33,185,205,,198,205,224,167,198,138,200,151,186,180,170,183,115,151,,122,127,115,206,143,125,164,139,214,189,183,195,,181,194,180,196,209,181,,178,173,138,159,,,188,201,188,114,118,133,125,137,160,163,144,,99,112,109,96,90,105,81,94,,69,75,71,68,42,,36,27,54,50,35,56,39,,,28,45,39,34,88,,84,89,86,79,,,89,110,91,90,84,84,77,73,79,92,81,,68,66,70,72,73,70,74,75,69,75,71,71,100,94,106,95,97,91,101,91,,114,113,93,107,,59,,64,57,,,,,148,,,,162,151,119,99,131,132,110,,99,43,52,56,56,46,46,39,44,45,45,,42,48,54,117,,133,117,132,135,119,117,127,122,120,,156,165,163,114,113,110,107,172,170,178,170,154,181,169,169,167,171,,,135,,122,136,125,126,152,,147,148,,,154,165,155,148,,131,134,176,,126,129,125,124,138,142,111,151,151,139,,,,,,,143,,145,133,139,140,137,153,145,134,143,139,,188,,,113,,116,104,140,188,197,182,183,173,,84,66,78,76,92,82,102,109,114,111,102,86,97,131,129,118,69,71,72,93,,105,168,162,,159,169,,129,126,128,133,114,,121,60,,,147,144,,,,118,116,120,112,194,204,,198,212,,140,146,,157,,155,151,158,,156,155,110,103,116,,146,143,146,144,143,140,,150,143,152,144,147,147,131,138,130,143,129,127,155,166,164,150,158,134,133,130,129,136,,63,64,66,,65,80,75,75,78,88,72,77,74,92,82,73,63,72,,73,80,81,,73,80,72,76,74,,87,77,98,,122,,124,118,121,123,,177,170,,,,131,,137,,135,,,,145,142,133,93,93,,,,47,54,63,59,65,71,,55,48,49,53,60,71,,69,,,69,74,71,69,80,87,105,112,100,75,80,82,81,110,94,94,101,99,108,54,57,86,82,96,87,,64,65,62,61,,69,78,74,59,63,84,74,66,,,,,86,84,,87,60,64,60,65,67,61,86,91,96,96,84,81,84,,94,100,,58,74,85,,88,95,,90,69,87,77,84,78,80,84,82,116,112,112,106,,,133,120,164,148,153,161,86,93,,123,82,108,106,111,,,138,,,,,158,,,,,,,,,,,,,,,,131,,,,,,,,,,,,,,,,,,,,,,,,,,,,,,,,,,,,,,44,91,81,88,89,119,120,120,119,,,,133,136,135,134,,,138,125,129,132,131,166,,168,165,105,,,102,122,,147,140,93,,94,,140,146,,,122,67,,,134,131,124,,,91,92,84,86,137,134,126,142,132,133,129,137,151,135,140,149,138,157,139,146,136,139,126,131,,135,137,156,,103,103,104,98,139,131,110,112,106,108,113,75,,,80,73,75,76,80,76,80,68,106,77,72,81,75,68,76,68,89,,,97,75,76,,88,89,,77,99,103,,97,101,105,,94,92,98,92,119,110,115,,51,53,60,56,52,56,78,86,,85,106,101,61,81,80,,96,,96,,,,67,73,72,69,112,111,,67,,63,61,57,132,129,137,133,,88,89,87,,,98,93,108,,113,109,110,,,142,83,98,90,82,90,58,41,42,47,44,104,106,120,109,,126,125,123,128,122,,86,101,101,105,108,111,103,109,79,,82,78,86,100,110,105,107,114,119,144,139,,160,150,153,,144,138,136,127,,141,146,131,,129,149,148,145,144,,127,149,122,134,115,118,117,,114,115,111,36,39,,41,34,67,90,87,100,93,91,95,96,44,47,,99,94,101,,78,79,,56,42,54,54,,91,89,86,36,39,44,63,59,65,65,60,45,58,58,53,52,44,54,50,52,48,93,98,97,96,90,113,88,106,98,84,56,59,50,54,51,42,58,56,53,61,46,62,59,162,167,148,136,76,87,75,108,116,88,117,131,124,123,110,127,122,144,142,101,114,81,88,87,,94,85,92,77,73,,73,76,71,65,72,71,75,69,74,90,90,102,91,105,99,,,,43,44,,39,47,34,40,36,32,,72,76,66,,,,,,82,84,86,86,31,,48,,62,64,68,64,62,69,,96,98,95,98,,,,,107,66,98,97,71,70,75,,81,53,54,72,78,,53,53,47,50,40,39,41,37,,60,56,65,64,77,72,44,62,64,,54,46,,48,60,,58,59,56,,69,,118,,46,44,69,77,79,77,132,122,117,119,52,66,57,99,,103,104,,74,76,112,,127,133,82,84,114,121,,93,91,88,88,,,81,85,58,,90,64,77,60,62,91,147,,143,,,107,67,64,59,124,121,117,110,89,,112,95,93,96,101,104,106,105,102,,,89,87,87,61,,86,116,114,87,77,118,180,205,159,147,146,185,168,,100,137,83,79,148,82,88,,96,,162,154,84,77,64,62,116,81,99,143,140,37,79,61,,,158,161,134,152,,151,156,158,60,,89,85,,,108,77,78,104,124,128,132,120,111,74,98,32,44,69,142,,145,139,,121,172,88,82,105,121,92,191,55,95,95,112,126,146,137,74,159,114,128,67,128,66,146,98,,79,78,75,64,,112,151,24,132,86,100,67,69,70,165,140,103,29,81,63,81,89,140,128,128,82,166,73,43,71,68,,,79,117,151,86,119,118,71,77,,116,150,101,79,147,146,133,160,74,,154,71,82,120,108,81,116,84,107,98,124,104,100,99,97,108,128,125,131,143,126,114,78,127,89,93,105,100,79,91,131,167,187,179,236,215,211,133,185,172,109,168,170,158,104,126,175,189,134,118,144,167,147,147,74,98,109,84,114,64,68,140,147,137,141,116,127,133,80,81,81,84,39,37,42,34,73,50,30,37,55,47,39,75,,84,83,103,152,171,132,201,156,164,,124,154,158,131,66,83,82,,160,62,87,90,56,64,78,93,109,104,108,124,142,96,145,132,134,143,131,87,110,164,142,148,129,124,84,79,71,89,86,82,84,71,80,98,98,124,80,109,122,133,110,116,92,122,159,170,107,115,117,128,146,111,156,159,97,206,151,174,174,162,155,152,166,144,120,76,64,71,97,96,63,138,144,143,139,143,146,144,138,73,96,22,42,71,62,142,85,85,93,81,88,94,144,146,130,159,156,126,140,140,140,140,155,170,,154,156,166,147,140,146,67,161,82,94,125,137,146,167,155,102,118,116,100,90,105,84,80,62,60,57,55,,110,85,63,94,75,30,67,62,65,113,114,140,138,95,119,113,119,129,213,207,167,120,,193,158,154,150,142,156,165,157,177,176,182,199,196,191,188,187,184,146,119,124,118,140,164,138,96,29,60,43,131,113,99,96,111,53,102,120,114,117,72,73,156,153,134,141,109,178,142,214,201,201,123,85,79,,76,118,120,128,84,86,86,155,166,151,153,189,148,139,103,96,89,51,48,51,144,143,174,,72,72,131,102,106,136,168,110,,163,174,147,162,118,71,155,138,116,77,140,142,103,158,152,123,165,154,147,106,100,79,116,168,123,70,108,73,153,147,104,63,59,70,198,124,175,160,103
20231004,9,O3_8h,34,40,43,22,32,38,15,49,54,49,24,21,,,54,,73,71,60,,70,,54,40,,27,40,,28,48,28,45,49,51,131,,39,51,,40,,70,41,77,,70,,26,18,29,27,25,21,12,,34,41,,48,42,44,34,14,18,18,36,38,32,,46,55,47,50,35,29,,46,21,38,46,12,,,16,8,10,10,6,,45,41,,,61,64,59,62,,57,59,,46,57,61,57,56,,55,118,114,118,111,134,123,124,100,108,120,34,38,36,45,44,35,,35,30,28,56,49,47,47,55,53,54,48,54,49,49,49,79,80,75,84,78,,85,81,70,76,36,37,41,31,38,32,34,43,37,51,,44,53,56,44,59,49,75,75,67,70,62,28,,,,24,20,,26,17,22,,,,48,,44,43,42,42,39,46,50,42,53,,,,58,58,,50,48,57,50,55,,51,24,42,40,24,29,58,54,,55,,44,39,,52,46,,49,43,36,,43,55,50,47,78,81,88,,,69,77,80,49,81,70,66,,39,,,44,,67,63,,79,87,81,79,86,80,,68,64,70,66,59,71,81,20,35,33,42,44,39,42,42,28,40,38,,,72,78,68,83,,55,45,51,56,64,,56,59,66,,58,88,66,72,,60,59,83,69,90,,,71,55,81,78,65,,48,51,56,46,45,55,30,48,,50,42,50,49,46,49,53,,51,51,30,39,38,39,35,39,39,34,40,25,26,30,,27,26,44,40,30,22,9,52,39,36,39,43,52,36,,34,34,49,39,54,44,45,51,40,23,29,32,,52,24,12,59,56,44,,47,48,49,49,,,49,31,38,28,25,20,60,43,27,20,50,,36,33,38,32,31,18,24,13,,52,35,45,48,26,,4,8,13,8,6,25,12,,,13,12,13,13,8,,25,33,26,29,,,35,66,81,81,74,73,74,68,72,85,77,,24,34,25,20,26,22,42,38,40,42,44,42,28,25,17,24,22,38,15,28,,29,18,29,19,,27,,37,35,,,,,73,,,,63,49,16,13,22,18,57,,47,30,39,44,40,34,31,28,30,30,31,,25,36,39,54,,65,56,60,57,29,52,33,26,37,,70,72,71,66,70,65,58,59,62,46,58,61,67,65,88,87,83,,,24,,42,27,27,34,61,,48,46,,,45,42,29,23,,43,48,52,,22,20,28,14,40,83,,98,100,37,,,,,,,30,,27,52,76,25,15,42,33,117,110,105,,59,,,47,,51,36,40,97,100,95,96,98,,29,36,44,48,24,44,38,48,44,27,14,10,10,72,71,62,32,38,33,44,,36,48,47,,70,77,,77,70,72,78,40,,13,11,,,48,55,,,,41,41,48,45,34,37,,34,36,,12,19,,28,,2,12,11,,7,102,48,52,50,,61,64,64,54,56,64,,60,47,59,47,53,51,67,60,48,72,60,51,64,45,58,64,62,59,43,39,41,49,,41,43,42,,42,64,63,62,56,65,48,43,47,47,47,44,41,47,,40,50,34,,33,63,58,65,62,,66,59,80,,28,,9,17,18,24,,35,33,,,,30,,30,,13,,,,28,28,41,3,12,,,,10,8,11,10,39,32,,43,37,41,36,42,54,,29,,,23,42,39,22,71,58,56,55,58,28,49,,29,26,21,8,28,18,14,44,38,41,40,42,34,,36,40,42,27,,24,10,19,22,11,21,20,20,,,,,27,35,,34,27,20,25,26,22,25,37,37,29,36,39,20,24,,15,16,,4,4,8,,4,4,,4,31,25,16,20,15,19,21,21,18,22,26,26,,,96,94,61,58,40,53,64,63,,54,56,19,29,59,,,70,,,,,80,,,,,,,,,,,,,,,,80,,,,,,,,,,,,,,,,,,,,,,,,,,,,,,,,,,,,,,30,32,26,29,27,43,32,50,34,,,,36,31,27,22,,,23,13,30,29,17,39,,33,42,45,,,34,21,,16,8,2,,5,,70,70,,,65,55,,,55,61,60,,,63,65,39,38,80,82,92,61,60,62,62,60,62,54,57,52,51,61,53,53,53,58,49,40,,45,40,51,,77,76,65,64,51,48,60,65,36,40,29,64,,,73,45,40,43,42,61,63,46,83,61,58,56,62,57,64,62,73,,,74,63,59,,54,53,,58,36,35,,23,30,30,,40,39,47,39,36,36,28,,35,38,25,36,39,35,47,49,,54,42,35,28,32,45,,34,,18,,,,26,32,29,17,11,26,,35,,30,27,24,93,91,96,95,,17,19,10,,,24,23,11,,25,5,14,,,56,33,33,32,34,29,20,6,13,10,15,40,43,48,48,,34,30,30,30,30,,61,64,68,68,54,54,48,48,2,,7,6,7,45,49,46,44,46,38,46,51,,10,46,49,,29,46,36,60,,55,47,36,,22,21,33,34,38,,46,37,43,45,34,52,26,,44,48,47,27,22,,10,24,51,10,12,16,22,28,29,31,24,25,,39,53,40,,45,45,,36,29,32,31,,33,28,24,21,26,28,30,31,34,31,26,30,40,41,36,36,28,40,42,37,41,22,18,24,23,25,48,49,46,45,50,50,54,47,50,46,14,40,36,29,32,26,36,39,5,96,10,6,27,16,31,12,12,17,39,30,42,43,27,40,35,16,22,39,36,8,21,12,,16,19,15,66,68,,68,25,26,32,25,33,34,27,31,32,37,48,41,20,25,,,,22,22,,20,24,23,25,18,28,,18,29,16,,,,,,32,36,35,41,,,5,,29,28,27,30,29,30,,49,52,51,57,,,,,73,61,39,39,64,62,23,,67,18,15,37,34,,32,35,16,7,7,6,17,11,,46,50,55,50,4,8,32,23,8,,12,6,,21,19,,37,35,30,,37,,81,,30,28,44,54,57,57,5,4,5,6,33,24,22,17,,76,75,,43,52,83,,48,61,19,22,90,92,,56,63,67,58,,,54,62,46,,83,55,67,46,24,74,40,,34,,,30,24,50,44,58,51,28,25,44,,49,32,29,64,66,66,19,20,25,,,27,39,30,10,,73,43,48,38,31,33,51,35,32,49,56,53,35,,3,43,40,56,78,54,58,,27,,40,39,30,29,7,8,95,34,39,53,43,16,61,37,,,40,49,42,82,,59,62,56,36,,26,46,,,18,54,44,59,27,24,40,46,21,54,46,8,21,12,9,,49,45,,35,85,24,33,87,57,65,62,47,4,10,58,78,46,37,68,95,58,10,56,14,27,34,45,,66,67,66,40,,43,78,5,42,16,31,30,30,26,43,45,26,9,8,47,31,16,8,96,26,46,28,26,24,13,8,,,43,20,25,66,48,95,40,42,,79,33,46,38,20,52,34,45,36,,39,39,48,102,96,37,88,,85,76,74,74,72,66,80,83,13,48,51,73,59,50,46,18,66,49,75,62,38,55,28,30,25,26,34,29,34,32,27,49,61,51,40,46,9,36,36,49,66,33,36,59,41,49,47,60,29,49,42,34,34,25,32,37,37,40,20,30,64,70,62,72,10,17,18,20,9,25,21,16,48,26,33,18,,26,38,36,62,23,45,62,86,39,,33,32,24,41,16,26,24,,83,47,20,18,36,34,37,26,20,67,6,43,12,54,50,41,61,54,66,61,59,45,51,49,66,53,40,36,45,66,40,40,53,41,41,44,66,67,59,49,44,31,72,48,47,56,30,102,30,39,36,62,48,44,31,41,45,48,44,43,44,46,10,84,56,35,32,33,36,50,44,14,29,44,53,31,43,31,53,50,14,45,50,6,30,20,11,50,20,8,17,16,8,16,18,112,26,58,34,29,74,27,37,86,60,60,,42,34,34,25,50,45,43,37,36,11,74,42,60,87,31,60,35,28,38,20,25,42,65,23,29,28,24,,79,18,20,57,46,10,26,22,21,44,48,47,83,53,86,32,28,38,46,32,12,28,,20,14,21,15,37,18,17,64,45,10,47,29,33,39,37,32,29,48,28,29,14,27,14,36,10,11,17,18,42,11,15,21,15,23,79,45,66,54,14,66,37,5,31,77,33,44,97,44,57,44,33,79,71,,43,29,15,13,71,32,30,64,63,26,12,42,67,40,31,10,3,7,29,28,42,42,74,,42,59,82,70,24,10,44,27,,40,44,55,21,46,10,27,70,57,62,53,6,57,32,46,8,62,16,14,57,50,33,37,34,57,59,54,62,80,52,23,29,42,38,42,36,48,73,84
20231004,9,O3_8h_24h,34,51,43,22,32,38,15,51,83,68,24,28,,,61,,83,74,61,,80,,70,63,,27,51,,39,48,32,55,52,55,131,,39,70,,76,,93,48,100,,90,,34,20,37,36,25,43,29,,43,52,,61,43,57,49,33,25,33,74,46,57,,71,60,59,59,65,47,,50,21,56,46,12,,,28,8,13,10,6,,50,45,,,72,73,67,70,,85,77,,77,78,74,81,74,,95,138,139,137,133,147,143,154,118,122,133,49,53,49,56,60,52,,51,46,47,69,60,58,62,66,64,68,62,65,59,59,65,86,93,78,97,94,,91,95,83,83,36,38,51,31,38,40,34,47,37,55,,64,69,61,48,62,65,75,75,67,70,62,45,,,,53,50,,45,43,60,,,,48,,51,48,53,49,49,54,64,42,53,,,,58,58,,50,48,57,50,55,,51,24,42,40,24,29,58,54,,56,,47,63,,56,49,,52,44,43,,44,55,50,48,88,91,88,,,69,80,96,94,101,102,88,,83,,,67,,68,64,,91,94,93,82,91,87,,86,86,82,88,66,71,81,22,35,47,50,45,44,42,50,28,56,48,,,106,103,95,107,,66,53,52,56,65,,56,60,66,,59,135,72,75,,70,69,100,94,107,,,96,97,95,89,110,107,77,76,86,79,75,79,80,82,,58,51,58,57,63,50,60,,68,58,32,42,42,40,36,41,41,35,41,28,58,61,,54,39,73,40,67,47,9,107,70,76,65,62,62,49,,34,36,49,66,67,53,58,71,69,60,64,62,,74,57,56,68,70,67,,63,69,60,69,,,66,52,68,30,35,34,85,49,52,47,62,,50,57,55,49,52,55,30,21,,57,35,45,51,33,,7,10,13,8,9,26,13,,,16,15,17,14,8,,51,42,40,36,,,46,75,82,82,74,74,74,70,73,88,78,,24,41,28,24,26,25,52,55,57,47,58,54,32,25,25,24,25,38,17,28,,44,18,29,21,,27,,37,35,,,,,87,,,,63,49,82,20,73,81,82,,62,30,40,45,42,34,36,30,31,32,33,,27,37,41,59,,72,70,72,57,41,52,55,40,46,,135,148,137,66,70,65,58,99,113,84,66,77,86,85,95,91,88,,,32,,56,28,32,54,86,,76,60,,,45,42,29,28,,48,56,63,,28,48,42,16,42,99,112,116,103,57,,,,,,,73,,34,77,98,59,15,58,52,117,110,116,,124,,,62,,73,59,66,126,130,118,130,124,,56,59,60,55,47,61,59,56,60,38,18,10,10,106,107,98,32,40,33,53,,39,50,59,,116,123,,110,120,113,103,65,,23,11,,,58,69,,,,41,48,73,62,75,60,,70,70,,42,35,,46,,6,30,12,,38,128,69,65,54,,125,118,130,116,111,124,,93,96,96,90,96,79,122,70,85,123,104,96,73,72,68,72,70,76,76,75,61,75,,49,54,53,,53,74,71,69,71,69,50,54,52,59,58,62,52,63,,59,66,62,,40,80,68,74,72,,86,77,94,,54,,12,20,45,40,,56,52,,,,59,,58,,28,,,,62,61,64,3,17,,,,11,8,13,11,43,38,,53,42,45,40,42,55,,37,,,23,46,52,25,76,68,72,70,76,35,61,,38,26,32,8,41,23,14,47,43,41,44,48,40,,54,58,58,52,,28,19,21,32,11,26,28,21,,,,,27,35,,38,33,26,32,30,29,30,39,40,33,39,40,39,44,,15,16,,7,15,28,,4,4,,4,36,25,16,20,15,19,21,21,36,35,40,36,,,103,98,61,68,66,60,86,93,,76,75,19,29,59,,,81,,,,,82,,,,,,,,,,,,,,,,94,,,,,,,,,,,,,,,,,,,,,,,,,,,,,,,,,,,,,,30,32,52,29,27,54,67,60,52,,,,54,35,46,46,,,36,25,52,41,30,42,,33,43,50,,,50,36,,16,8,2,,5,,87,90,,,68,55,,,55,63,65,,,65,68,46,52,83,82,92,64,61,62,62,63,111,92,106,94,70,72,67,60,64,68,60,46,,52,45,78,,97,102,82,94,61,55,67,71,52,59,49,72,,,78,45,40,44,42,68,80,60,101,61,58,59,65,57,69,62,73,,,74,74,68,,62,62,,60,36,51,,34,30,36,,48,64,66,56,36,51,33,,49,52,34,55,49,52,47,52,,54,54,50,33,42,48,,34,,18,,,,36,32,34,22,19,42,,40,,52,41,47,102,103,115,114,,17,19,12,,,24,24,18,,25,5,21,,,88,34,33,33,35,29,28,6,13,10,15,59,55,66,59,,39,37,34,35,34,,61,64,68,77,83,85,80,82,3,,12,7,20,45,53,50,46,50,38,46,51,,58,71,73,,46,60,55,84,,74,71,65,,56,32,51,38,38,,69,70,63,62,62,61,38,,48,54,47,28,28,,27,26,60,10,16,16,22,28,44,31,24,33,,54,66,60,,52,51,,36,35,40,45,,33,36,32,34,36,28,36,33,34,36,31,44,58,55,53,52,33,47,46,43,46,40,39,42,39,37,52,54,52,51,55,56,59,48,50,51,17,43,38,32,45,26,36,39,29,96,23,8,29,30,32,15,12,17,60,46,64,66,35,46,44,31,33,39,36,19,27,19,,21,19,15,66,72,,73,31,33,36,33,42,47,42,44,49,50,57,50,26,47,,,,25,26,,23,31,30,32,26,28,,42,35,21,,,,,,54,56,51,54,1,,5,,39,29,30,38,34,34,,62,63,61,63,,,,,73,64,39,39,64,62,26,,69,21,21,40,40,,37,42,18,8,10,8,29,31,,49,53,58,50,8,12,32,25,12,,15,11,,25,28,,46,47,48,,49,,86,,46,44,46,67,71,64,5,4,5,6,36,24,22,17,,76,75,,62,70,87,,81,81,19,22,96,100,,56,63,78,74,,,54,62,50,,84,57,71,48,34,74,40,,45,,,44,24,53,44,59,61,52,43,52,,79,48,30,77,70,66,19,20,25,,,27,39,30,29,,83,53,57,68,38,40,89,68,32,70,72,56,37,,3,66,40,56,80,54,66,,27,,51,58,45,35,8,16,99,36,58,74,76,20,67,38,,,71,86,59,85,,62,62,56,36,,44,46,,,27,54,44,59,72,52,49,97,42,54,68,12,24,12,32,,49,62,,35,131,43,48,87,72,67,118,55,26,10,60,99,49,54,68,104,58,18,56,30,35,64,45,,66,67,67,53,,54,101,5,69,39,50,38,36,31,51,76,51,14,14,54,31,16,25,103,42,48,31,30,34,13,8,,,43,72,40,86,63,102,47,42,,91,62,58,44,20,88,68,98,41,,71,39,48,102,96,37,92,69,95,91,90,88,81,71,82,86,22,57,64,83,62,70,46,45,66,53,75,62,39,55,43,30,44,32,62,45,54,58,41,71,75,67,54,58,10,43,72,68,108,39,40,76,56,62,62,69,45,49,56,38,38,38,67,75,63,55,20,62,64,70,65,72,10,21,22,20,22,31,21,19,48,26,38,45,,41,48,51,96,30,75,110,110,47,,37,50,31,46,22,46,38,,132,52,37,18,36,35,62,50,20,74,6,70,28,58,96,55,80,86,66,63,62,58,75,71,66,65,55,52,56,67,40,40,62,41,61,60,67,92,59,60,52,82,76,84,72,64,30,141,36,50,58,64,69,51,36,41,48,65,46,60,52,60,10,112,69,35,52,33,48,65,44,14,40,77,85,55,64,67,86,69,31,50,60,6,41,22,17,58,39,21,39,33,31,38,81,121,59,58,59,55,77,39,50,94,67,63,,42,36,34,26,57,59,43,37,36,11,90,54,69,87,91,70,46,42,38,23,31,44,71,24,32,40,39,,88,23,31,68,50,14,31,32,23,49,59,62,100,56,91,38,33,67,84,62,13,42,,25,14,52,24,37,61,50,112,72,17,53,36,45,58,65,33,34,54,55,54,18,46,26,70,10,13,17,20,54,13,15,21,15,27,100,78,66,54,14,73,55,5,40,89,46,66,125,71,64,75,70,79,71,,68,61,30,16,71,49,35,100,95,27,42,80,81,47,50,28,3,10,37,36,44,53,88,,47,62,89,88,64,14,74,62,,58,49,55,24,58,19,71,80,60,62,53,22,59,92,49,10,86,16,14,66,60,43,62,48,58,66,58,67,93,54,31,38,54,60,98,44,69,136,84
20231004,9,CO,0.3,0.2,0.2,0.3,0.2,0.2,0.4,0.3,0.3,0.3,0.2,0.6,,,0.4,,0.4,0.4,0.5,,0.5,,0.6,0.6,,0.7,0.7,,1.4,1,1,1.3,1.3,1.2,1,,0.6,0.7,,0.6,,,0.3,0.4,,0.1,,1.2,0.9,1.1,0.6,0.6,0.4,0.6,,0.6,0.3,,0.2,0.2,0.2,0.3,0.4,0.5,0.2,0.2,0.3,0.3,,0.3,0.7,0.7,0.5,0.7,0.5,,0.9,0.9,1.2,0.9,0.8,,,0.9,1.4,1.4,1.2,1.1,,0.4,0.4,,,0.2,0.4,0.3,0.3,,0.4,0.5,,0.3,0.4,0.5,0.4,0.4,,0.3,0.5,0.6,0.5,0.7,0.6,0.5,0.4,0.6,0.5,0.5,0.3,0.3,0.2,0.4,0.2,0.2,,0.3,0.3,0.4,0.3,0.3,0.6,0.4,0.6,1,0.5,0.6,0.3,0.3,0.6,0.4,0.5,0.6,0.4,0.7,0.5,,0.4,0.6,0.4,0.6,0.5,0.8,0.2,0.6,0.4,0.4,0.7,0.4,0.6,0.4,,0.6,0.6,0.6,0.6,0.6,0.7,0.2,0.6,0.5,0.5,0.7,0.6,,,,0.5,0.6,,0.7,0.6,0.4,,,,0.4,,1.4,1,1.2,1.5,1.4,1.3,1.3,1.3,0.7,,,,0.9,0.6,,0.6,0.4,0.4,0.6,0.5,,0.4,0.7,0.9,0.8,0.7,0.7,0.4,0.5,,0.4,,0.6,0.7,,0.4,0.5,,0.4,0.6,0.5,,0.8,0.5,0.6,0.5,0.5,0.5,0.5,,,0.5,0.7,0.5,0.6,0.4,0.5,0.5,,0.6,,,0.6,,0.8,0.4,,0.6,0.5,0.5,0.3,0.4,0.3,,0.6,0.5,0.5,0.5,0.6,0.4,0.5,0.5,0.7,0.5,0.6,0.3,0.6,0.4,0.7,0.7,0.4,0.6,,,0.3,0.4,0.4,0.4,,0.4,0.4,0.7,0.8,0.6,,0.6,0.6,0.4,,0.7,0.7,0.5,0.6,,0.6,0.5,0.5,0.5,0.5,,,0.7,0.8,1.1,0.6,0.7,,0.9,1,0.2,0.7,0.7,0.9,0.7,1,,1,0.7,0.5,0.9,0.5,0.6,0.5,,0.5,0.7,0.4,0.6,0.5,0.6,0.7,0.5,0.6,0.4,0.8,0.3,0.9,0.9,,0.7,0.7,0.9,0.9,0.9,0.7,0.9,0.6,1,0.6,1.1,0.8,0.8,0.6,,0.7,0.8,0.9,1.1,0.8,0.6,0.5,0.7,0.8,0.7,0.8,0.9,,0.9,0.8,0.7,0.6,0.7,0.6,,0.6,0.7,0.6,0.7,,,0.9,0.9,1,0.7,0.8,0.9,0.9,0.8,0.6,0.7,0.6,,0.9,0.8,0.9,1,0.6,1,0.9,0.8,,0.5,0.4,0.4,0.2,0.4,,0.9,1.1,0.6,0.7,0.9,0.9,0.8,,,1,0.9,0.9,1,1.2,,0.6,0.7,0.6,0.6,,,0.7,0.9,0.5,0.2,0.4,0.4,0.3,0.3,0.3,0.4,0.3,,0.8,0.5,0.6,0.9,0.5,0.6,0.4,0.5,0.4,0.3,0.4,0.3,0.7,0.7,0.9,0.7,0.7,0.7,0.6,0.7,,1,0.2,0.7,0.6,,0.4,,0.4,0.5,,,,,0.4,,,,0.5,0.5,0.8,0.4,1.1,0.6,0.7,,0.4,0.6,0.7,0.6,0.5,0.8,0.7,0.7,0.7,0.5,0.7,,0.5,0.8,0.5,0.4,,0.4,0.4,0.6,0.5,0.5,0.3,0.6,0.6,0.5,,0.5,0.6,0.3,0.5,0.6,0.5,0.6,0.4,0.3,0.2,0.5,0.4,0.6,0.5,0.7,0.7,0.6,,,1.7,,0.6,0.8,1,0.9,0.9,,0.7,0.7,,,0.8,1.4,1,0.8,,0.6,0.8,1.2,,0.7,0.6,0.6,0.8,0.8,0.8,,0.9,0.6,0.5,,,,,,,0.6,,0.6,0.5,0.6,0.5,0.9,0.6,0.7,0.4,0.5,0.7,,0.6,,,0.7,,0.8,0.8,0.6,1,1,1.1,0.7,1,,0.8,0.6,0.7,0.6,0.7,,0.7,1,0.8,0.8,0.7,0.9,0.8,,0.7,0.7,0.8,0.8,0.9,1.2,,0.9,0.8,0.9,,0.6,0.7,,0.9,1,1.1,1,0.9,,0.6,0.7,,,0.6,0.4,,,,0.8,0.6,0.7,0.8,1.2,2.1,,1.8,1.4,,1.6,1.4,,1.5,,,0.8,1.5,,1,0.7,0.3,0.3,0.3,,0.6,0.6,0.5,,0.7,0.6,,0.3,0.5,0.4,0.4,0.3,0.2,0.6,0.5,0.7,0.6,0.5,0.6,0.4,0.4,0.5,0.6,0.3,0.4,0.5,0.5,,0.5,,0.2,0.1,0.2,,0.2,0.3,,0.3,0.4,0.3,0.3,0.4,0.3,0.2,0.3,0.6,0.6,0.7,,0.5,0.8,0.7,,0.7,0.7,0.8,0.8,0.7,,0.6,1,1.1,,1,,1.3,0.8,0.8,0.8,,1.1,0.9,,,,0.8,,0.7,,1,,,,0.8,0.9,0.5,0.8,0.6,,,,0.8,0.8,0.7,0.6,1,0.8,,0.8,0.6,0.8,0.6,0.5,0.7,,0.7,,,0.5,0.6,0.6,0.6,0.7,0.8,0.8,0.9,0.7,0.5,0.6,0.6,0.6,0.5,0.8,1.1,0.9,0.7,0.5,0.4,0.4,0.6,0.7,0.7,0.7,,0.8,0.8,0.8,0.6,,0.7,1.1,0.9,0.7,0.4,0.7,0.7,0.6,,,,,0.5,0.7,,,0.5,0.6,0.4,0.3,0.3,0.4,0.7,0.6,0.5,0.5,0.8,1,0.6,,0.7,0.5,,0.8,0.8,0.9,,0.5,0.6,,0.7,0.5,0.7,0.8,0.7,0.7,0.7,0.7,0.6,0.8,0.7,0.8,0.7,,,0.5,0.2,0.8,0.7,0.5,0.4,0.2,0.3,,0.6,0.2,0.5,0.5,0.3,,,0.6,,,,,0.6,,,,,,,,,,,,,,,,0.9,,,,,,,,,,,,,,,,,,,,,,,,,,,,,,,,,,,,,,0.8,0.8,0.7,0.9,0.9,0.5,0.6,0.5,0.5,,,,2.1,1.6,1.8,1.4,,,0.8,0.7,0.7,0.7,0.6,0.7,,0.8,0.8,0.8,,,0.9,0.9,,0.7,0.9,0.6,,0.7,,0.5,0.3,,,0.4,0.4,,,0.4,0.4,0.4,,,0.3,0.3,0.2,0.2,0.8,0.6,0.6,0.4,0.2,0.3,0.4,,0.4,0.3,0.5,0.5,0.4,0.2,0.3,0.3,0.4,0.3,0.6,0.4,,,1.8,0.5,,0.2,0.4,0.8,0.8,0.4,0.4,0.4,0.4,,0.8,0.5,0.3,,,0.1,0.2,0.3,0.4,0.1,0.2,0.2,0.3,0.2,0.3,0.3,0.2,0.5,0.6,0.3,0.5,0.2,,,0.6,0.2,0.3,,0.3,0.4,,0.1,0.4,0.3,,0.3,0.3,0.5,,0.3,0.4,0.3,0.3,0.3,0.6,0.4,,0.7,0.7,0.8,1.4,0.5,0.9,0.9,1,,0.8,0.4,0.5,0.6,0.3,0.3,,0.5,,0.6,,,,0.7,0.5,0.6,0.5,0.6,0.3,,0.7,,0.8,0.6,0.7,0.7,0.7,0.8,0.9,,0.5,0.7,0.9,,,0.7,0.8,0.8,,0.6,0.7,0.8,,,0.6,0.4,0.5,0.3,0.4,0.4,0.7,1.3,0.6,0.7,0.5,0.8,0.5,0.7,0.9,,,0.5,0.5,0.7,0.7,,1.3,0.9,1.5,1.1,1,0.3,0.6,0.9,0.6,,1.6,1.8,1.1,0.8,0.8,0.8,1,0.8,,0.3,0.5,,1.6,0.8,0.8,,0.8,1.1,0.9,0.5,,0.6,0.6,0.8,,0.8,0.7,0.7,0.7,0.8,,0.7,0.9,0.7,0.8,0.8,0.7,0.4,,0.4,0.4,0.4,0.7,0.7,,1.4,0.8,0.7,0.9,0.9,0.7,0.7,0.5,0.8,0.6,0.4,0.6,,0.7,0.7,0.5,,0.7,0.8,,0.8,0.7,0.8,0.7,,0.6,0.7,0.7,1,1.1,0.6,0.8,0.8,0.8,0.8,0.7,0.9,0.7,0.9,0.7,0.7,0.6,0.6,0.7,0.8,0.7,0.9,0.9,0.9,0.7,0.8,0.6,0.6,0.6,0.6,0.6,0.7,0.7,0.9,0.6,0.6,0.9,0.5,0.8,,0.3,0.7,,0.5,1,1,0.7,0.8,0.5,0.6,0.5,0.7,0.7,0.7,0.6,0.6,0.7,0.7,0.7,0.6,0.7,0.8,0.8,0.9,0.9,0.5,0.7,0.8,,0.7,0.8,0.8,0.5,0.8,,0.5,0.7,0.4,0.5,0.3,0.7,0.5,0.7,0.6,0.9,0.6,0.6,1,0.7,0.6,,,,0.5,0.5,,0.5,,0.5,0.6,0.6,0.6,,0.7,0.6,0.5,,,,,,0.6,0.7,0.7,0.6,0.9,,0.5,,0.4,0.6,0.7,0.7,0.6,1,,0.4,0.4,0.4,0.5,,,,,0.3,0.4,0.7,0.6,0.1,0.1,0.7,,0.3,0.7,0.5,0.7,0.9,,0.7,0.6,0.8,0.7,0.5,0.5,0.5,0.5,,0.4,0.5,0.3,0.3,0.5,0.2,0.4,0.2,0.8,,0.5,0.4,,0.6,0.5,,0.4,0.4,0.6,,1.5,,0.3,,0.4,0.3,0.5,0.8,0.5,0.6,0.7,0.8,1,1,0.7,0.9,0.7,0.4,,1.1,1.2,,0.8,0.7,0.5,,0.3,0.5,0.2,0.4,0.6,0.6,,0.4,0.4,0.2,0.1,,,0.6,0.5,0.5,,0.6,0.6,0.6,0.4,0.7,0.6,0.2,,0.4,,,0.6,0.4,0.5,0.4,0.6,0.7,0.6,0.8,0.6,,0.4,0.3,0.3,0.6,0.7,0.3,0.5,0.6,0.4,,,0.8,0.8,0.6,0.3,,0.5,0.3,0.4,0.5,1,0.6,1.2,0.7,0.8,0.6,0.6,1.2,1,,0.7,0.5,0.9,0.4,0.4,0.4,0.6,,0.5,,0.8,0.8,0.7,0.7,1.1,1.7,1.2,0.7,0.4,0.4,0.3,0.5,0.5,0.4,,,0.3,0.8,0.6,0.5,,0.5,0.5,0.5,0.7,,0.4,0.7,,,1.1,0.5,1.1,0.3,0.4,0.6,0.9,0.8,0.6,0.3,0.4,0.6,0.8,0.7,1.2,,0.3,0.6,,0.5,0.7,0.6,0.7,0.6,0.3,0.3,0.6,0.4,0.8,0.5,0.5,0.7,0.4,1.1,0.4,0.4,0.5,1.4,0.2,1.9,0.3,0.6,1,,0.6,0.4,0.5,0.8,,0.5,0.3,1.1,0.8,0.8,0.6,0.8,0.6,0.7,0.8,0.9,0.6,1.1,1.1,0.5,0.6,0.7,1.2,0.8,0.7,0.9,0.8,0.6,0.5,0.8,0.6,,,0.4,0.7,0.6,1,0.4,0.3,0.7,0.6,,0.5,0.8,0.6,0.3,0.7,0.9,0.8,0.9,0.8,,,0.7,0.3,0.4,,0.6,0.5,,0.7,0.7,0.4,0.5,0.5,0.7,0.6,0.7,0.3,0.6,0.3,0.3,0.3,0.3,0.6,0.9,0.7,0.6,0.4,0.4,0.4,0.4,0.8,0.8,0.9,,0.7,1,0.8,0.7,1,0.9,0.5,,0.7,0.7,0.7,0.8,0.8,0.9,1,0.1,0.7,0.2,0.5,0.3,0.7,0.3,0.5,0.3,0.4,0.7,0.8,0.8,1.2,0.7,0.8,0.3,0.9,1.1,0.4,0.3,0.4,0.8,0.4,0.9,0.7,0.7,0.8,0.7,0.6,0.5,0.7,0.6,0.5,0.7,,0.6,0.4,1,0.9,0.9,0.4,0.5,0.5,0.6,,0.8,0.7,0.6,0.7,0.7,0.6,0.5,,0.7,0.4,0.6,0.8,0.7,0.9,0.8,0.9,0.6,0.7,0.8,0.8,,0.5,0.7,0.4,0.5,0.7,0.9,0.4,1.1,0.9,0.2,0.3,0.4,0.3,0.7,1,0.6,0.6,0.9,0.5,1.3,0.7,0.6,0.6,0.3,0.6,0.7,0.4,0.6,0.5,0.3,0.4,0.4,0.4,0.8,0.8,0.7,0.7,1,0.5,0.7,1,0.6,0.8,0.9,0.8,0.8,1.3,0.9,0.8,0.5,0.3,0.4,0.7,0.6,0.4,0.6,0.7,0.5,,0.9,0.9,0.8,0.9,0.6,0.5,0.9,0.9,0.8,0.2,0.3,0.8,0.5,1.1,1.1,0.5,0.7,0.9,0.8,1,0.6,0.8,0.5,0.5,0.9,1.1,0.7,0.8,0.6,0.4,0.5,0.5,0.8,0.4,,,0.8,0.7,0.7,0.6,0.5,0.5,0.3,0.5,0.8,0.8,0.3,0.9,0.5,1,0.8,0.7,0.6,1.2,0.6,0.6,0.7,0.4,0.4,0.5,0.7,0.7,,0.6,0.8,0.7,0.5,0.8,1.3,0.5,0.7,0.7,0.7,0.5,0.5,0.5,0.4,0.4,0.5,0.5,0.7,1.1,1.2,2.9,0.6,,1.1,1,0.8,0.7,1.6,0.8,1,1,0.8,0.7,0.4,0.4,0.3,0.5,0.5,0.4,0.6,0.9,1.2,0.7,0.7,0.6,2.4,0.7,1.2,0.6,0.9,0.9,1.6,0.7,0.7,0.8,0.6,0.7,0.6,0.8,0.5,0.4,0.7,0.8,0.5,2.3,1.3,0.3,0.8,0.7,0.9,0.9,0.8,0.9,0.7,0.4,0.3,,0.8,0.5,0.7,1.1,0.4,0.6,0.5,0.6,,1,1.1,0.9,0.5,0.4,0.7,1,0.7,0.7,0.6,0.8,0.5,0.6,0.4,,0.2,0.1,0.5,0.2,0.9,1.4,0.9,0.7,,0.3,0.2,0.3,0.2,0.7,0.6,0.8,0.6,0.5,0.3,0.4,0.6,0.5,0.6,0.7,0.3,0.3,0.3,0.2,0.4,0.3,0.4,0.5,3,0.4,0.3,0.2,0.4,0.5,0.3,0.3,0.4,0.4,0.7,0.8,0.9,1,0.5,0.4
20231004,9,CO_24h,0.5,0.4,0.5,0.5,0.6,0.4,0.5,0.6,0.5,0.4,0.5,0.7,,,0.6,,0.5,0.6,0.6,,0.6,,0.6,0.5,,0.7,0.7,,0.9,0.9,0.9,0.9,1,0.9,1.2,,0.6,0.5,,0.5,,0.6,0.5,0.7,,0.4,,1,0.6,0.8,0.8,0.8,0.6,0.6,,0.9,0.4,,0.2,0.3,0.3,0.5,0.6,0.5,0.8,0.4,0.5,0.4,,0.5,0.5,0.5,0.3,0.4,0.4,,1.3,1.1,1.1,1.3,1.1,,,1.2,1.2,1.2,1.2,1.3,,0.6,0.6,,,0.3,0.5,0.4,0.4,,0.6,0.7,,0.5,0.5,0.6,0.6,0.5,,0.5,0.7,0.8,0.7,0.8,0.7,0.7,0.7,0.8,0.7,0.6,0.4,0.5,0.4,0.5,0.4,0.3,,0.4,0.4,0.5,0.5,0.5,0.6,0.5,0.7,0.8,0.7,0.6,0.9,0.5,0.8,0.5,0.6,0.6,0.4,0.6,0.5,,0.4,0.5,0.4,0.6,0.4,0.8,0.2,0.7,0.3,0.4,0.5,0.4,0.6,0.4,,0.6,0.6,0.6,0.6,0.6,0.7,0.2,0.6,0.5,0.5,0.7,0.5,,,,0.5,0.5,,0.5,0.4,0.4,,,,0.4,,1,0.7,1,1,1.1,1,1,0.8,0.6,,,,0.7,0.6,,0.6,0.4,0.5,0.6,0.4,,0.4,0.7,0.6,0.7,0.7,0.6,0.4,0.4,,0.3,,0.5,0.5,,0.5,0.5,,0.4,0.5,0.5,,0.7,0.5,0.6,0.5,0.5,0.5,0.5,,,0.5,0.7,0.5,0.5,0.4,0.5,0.5,,0.5,,,0.5,,0.7,0.5,,0.5,0.4,0.5,0.4,0.4,0.3,,0.6,0.5,0.5,0.5,0.6,0.5,0.5,0.4,0.7,0.5,0.6,0.3,0.7,0.5,0.7,0.6,0.5,0.6,,,0.3,0.4,0.4,0.4,,0.3,0.4,0.7,0.9,0.5,,0.7,0.6,0.5,,0.7,0.4,0.4,0.5,,0.4,0.5,0.4,0.4,0.4,,,0.6,0.7,0.9,0.5,0.5,0.6,0.7,0.8,0.1,0.6,0.5,0.6,0.6,0.7,,0.6,0.6,0.5,0.6,0.5,0.5,0.5,,0.5,0.7,0.4,0.6,0.5,0.6,0.7,0.5,0.6,0.5,0.7,0.3,0.9,0.9,,0.7,0.9,0.9,0.9,0.9,0.7,0.8,0.6,0.9,0.5,1,0.7,0.7,0.7,,0.5,0.7,0.8,1,0.7,0.6,0.6,0.7,0.7,0.6,0.6,0.8,,0.8,0.8,0.6,0.5,0.7,0.5,,0.5,0.6,0.6,0.6,,,0.9,0.9,0.9,0.7,0.8,0.9,0.8,0.8,0.6,0.7,0.5,,0.7,0.7,0.8,0.8,0.5,0.8,0.7,0.7,,0.4,0.4,0.4,0.4,0.3,,0.8,1,0.6,0.6,0.9,0.8,0.8,,,0.9,0.9,0.9,0.9,1.2,,0.6,0.6,0.5,0.6,,,0.7,0.8,0.4,0.2,0.4,0.5,0.4,0.2,0.3,0.3,0.3,,0.6,0.5,0.6,0.7,0.5,0.6,0.4,0.3,0.3,0.3,0.3,0.2,0.7,0.7,0.8,0.7,0.7,0.7,0.6,0.7,,0.9,0.2,0.6,0.7,,0.7,,0.8,0.9,,,,,0.8,,,,0.8,0.9,0.7,0.7,0.9,0.7,0.7,,0.4,0.5,0.6,0.6,0.4,0.7,0.7,0.7,0.7,0.6,0.7,,0.4,0.8,0.5,0.7,,0.7,0.7,0.8,0.6,0.7,0.5,0.7,0.7,0.7,,0.7,0.7,0.6,0.7,0.7,0.6,0.7,0.5,0.5,0.4,0.5,0.5,0.7,0.8,0.7,0.6,0.5,,,0.8,,0.4,0.5,0.8,0.6,0.6,,0.5,0.6,,,0.6,0.8,0.9,0.7,,0.4,0.5,1.3,,0.4,0.6,0.5,0.6,0.7,0.7,0.3,0.6,0.5,0.3,,,,,,,0.3,,0.5,0.3,0.5,0.4,0.8,0.6,0.6,0.3,0.3,0.5,,0.5,,,0.8,,0.8,0.8,0.6,0.8,0.8,0.6,0.5,0.8,,0.7,0.8,0.7,0.6,0.7,0.5,0.5,0.8,0.7,0.7,0.7,0.8,0.8,0.7,0.7,0.7,0.8,0.8,0.9,0.8,,0.6,0.7,0.7,,0.6,0.6,,0.9,0.9,1.1,0.9,0.9,,0.7,0.7,,,0.5,0.3,,,,0.7,0.6,0.6,0.6,1.1,1.5,,1.1,1,,1.3,1.3,,1.5,,1,0.7,0.9,,0.8,0.6,0.3,0.3,0.3,,0.7,0.8,0.8,1.2,0.9,0.7,,0.5,0.7,0.7,0.7,0.6,0.4,0.6,1,1.6,0.6,0.5,0.7,0.6,0.7,0.7,0.9,0.6,0.5,0.5,0.6,0.6,0.5,,0.3,0.4,0.3,,0.2,0.5,0.5,0.5,0.6,0.5,0.4,0.5,0.4,0.3,0.4,0.5,0.7,0.7,,0.6,0.8,0.8,,0.7,0.6,0.7,0.8,0.6,,0.6,0.8,0.9,,0.8,,1,0.7,0.6,0.8,,1.1,0.9,,,,0.6,,0.5,,0.9,,,,0.6,0.6,0.5,0.8,0.6,,,,0.7,0.7,0.7,0.6,0.8,0.7,,0.7,0.6,0.7,0.5,0.5,0.6,,0.6,,,0.4,0.6,0.5,0.6,0.7,0.8,0.7,0.8,0.5,0.6,0.6,0.6,0.6,0.5,0.7,0.9,0.8,0.7,0.4,0.3,0.4,0.7,0.7,0.7,0.7,,0.8,0.8,0.9,0.6,,0.6,1,0.6,0.6,0.5,0.7,0.6,0.6,,,,,0.6,0.7,,0.6,0.5,0.5,0.4,0.3,0.3,0.4,0.7,0.7,0.5,0.5,0.8,0.9,0.5,,0.7,0.5,,1,0.7,0.8,,0.5,0.6,,0.7,0.5,0.7,0.8,0.7,0.7,0.8,0.8,0.7,0.8,0.6,0.7,0.7,,,0.8,0.2,1.6,0.8,1,0.7,0.2,0.2,,0.4,0.2,0.6,0.3,0.3,,,0.5,,,,,0.6,,,,,,,,,,,,,,,,0.6,,,,,,,,,,,,,,,,,,,,,,,,,,,,,,,,,,,,,,0.8,0.8,0.7,0.9,0.9,0.4,0.5,0.4,0.4,,,,1.3,1,1.1,1,,,0.6,0.6,0.6,0.7,0.6,0.8,,0.9,0.9,0.8,,,0.7,0.7,,0.8,0.9,0.6,,0.7,,0.8,0.5,,,0.4,0.4,,,0.4,0.4,0.4,,,0.3,0.3,0.2,0.2,0.6,0.5,0.5,0.5,0.5,0.5,0.8,0.6,0.6,0.6,0.8,1,0.4,0.5,0.4,0.4,0.5,0.4,0.7,0.6,,0.3,1.3,0.6,,0.3,0.4,0.6,0.5,0.5,0.5,0.4,0.4,0.5,0.6,0.5,0.4,,,0.2,0.2,0.3,0.3,0.2,0.3,0.2,0.3,0.2,0.5,0.6,0.2,0.6,0.6,0.4,0.5,0.2,,,0.7,0.3,0.4,,0.4,0.5,,0.2,0.4,0.4,,0.3,0.3,0.5,,0.4,0.3,0.3,0.3,0.3,0.5,0.4,,0.6,0.7,0.5,0.8,0.4,0.7,0.8,0.8,,0.6,0.4,0.5,0.5,0.3,0.3,,0.6,,0.7,,,,0.6,0.4,0.5,0.5,0.5,0.2,,0.6,,0.7,0.6,0.7,0.6,0.6,0.6,0.6,,0.5,0.7,0.8,,,0.7,0.8,0.7,,0.6,0.6,0.7,,,0.5,0.3,0.5,0.3,0.5,0.4,0.8,1.3,0.7,1,0.6,0.8,0.6,0.8,1,,0.1,0.5,0.4,0.6,0.7,,1.3,0.9,1.4,1.1,1,0.4,0.8,0.9,0.8,,1.5,1.8,1.1,0.8,0.8,0.8,1,0.9,,0.4,0.6,,0.9,0.6,0.6,,0.8,1,0.8,0.4,,0.4,0.4,0.6,,0.5,0.6,0.5,0.5,0.7,,0.6,0.6,0.6,0.6,0.4,0.5,0.4,,0.5,0.4,0.4,0.6,0.6,,1.1,0.9,0.7,0.9,0.8,0.6,0.7,0.6,0.8,0.7,0.5,0.7,,0.6,0.6,0.4,,0.6,0.7,,0.8,0.9,1,0.9,,0.5,0.5,0.6,1,1.1,0.7,0.8,0.8,0.8,0.9,0.8,0.9,0.6,0.8,0.7,0.7,0.5,0.6,0.8,0.8,0.6,0.8,1.1,1,0.8,0.9,0.7,0.7,0.6,0.8,0.7,0.7,0.7,0.8,0.6,0.6,0.9,0.5,0.8,0.8,0.3,0.7,0.6,0.5,0.9,0.8,0.7,0.7,0.5,0.6,0.5,0.7,0.7,0.7,0.6,0.5,0.6,0.6,0.6,0.5,0.7,0.7,0.7,0.8,0.7,0.4,0.7,0.8,,0.5,0.5,0.5,0.4,0.7,,0.4,0.7,0.4,0.5,0.3,0.6,0.5,0.6,0.5,0.7,0.6,0.6,0.9,0.6,0.6,,,,0.5,0.5,,0.4,,0.5,0.5,0.6,0.6,,0.6,0.5,0.4,,,,,,0.5,0.5,0.6,0.5,0.8,,0.5,,0.4,0.5,0.6,0.7,0.7,1,,0.4,0.4,0.5,0.5,,,,,0.2,0.4,0.6,0.6,0.1,0.1,0.6,,0.3,0.6,0.5,0.6,0.5,,0.7,0.5,0.6,0.6,0.4,0.4,0.4,0.5,,0.4,0.5,0.2,0.3,0.5,0.3,0.3,0.2,0.5,,0.5,0.4,,0.5,0.3,,0.3,0.4,0.5,,0.7,,0.3,,0.3,0.2,0.5,0.7,0.5,0.6,0.5,0.7,0.8,0.7,0.7,0.7,0.6,0.4,,1,1.1,,0.6,0.6,0.7,,0.2,0.4,0.4,0.5,0.4,0.4,,0.5,0.6,0.2,0.2,,,0.8,0.6,0.4,,0.5,0.5,0.5,0.4,0.6,0.6,0.4,,0.6,,,0.6,0.5,0.6,0.5,0.5,0.6,0.4,0.3,0.6,,0.4,0.2,0.4,0.6,0.6,0.4,0.8,0.8,0.6,,,0.7,0.7,0.6,0.3,,0.4,0.4,0.5,0.5,0.6,0.6,1.1,0.8,0.6,0.5,0.7,1,1,,0.8,0.5,0.8,0.5,0.4,0.4,0.5,,0.5,,0.6,0.6,0.7,0.6,0.8,1,0.5,0.6,0.3,0.5,0.5,0.5,0.5,0.4,,,0.5,0.6,0.6,0.7,,0.6,0.7,0.9,0.7,,0.4,0.7,,,0.9,0.4,1,0.3,0.4,0.5,0.7,0.6,0.5,0.3,0.5,0.6,0.8,0.7,1.2,,0.4,0.5,,0.4,0.7,0.4,0.4,0.7,0.3,0.3,0.5,0.3,0.8,0.5,0.5,0.5,0.4,1.1,0.5,0.2,0.3,1.1,0.2,0.7,0.4,0.4,0.9,,0.6,0.4,0.5,0.4,,0.4,0.6,1.1,0.6,0.7,0.6,0.7,0.6,0.6,0.7,0.7,0.6,0.8,1.3,0.7,0.6,0.7,1.1,0.6,0.5,0.7,0.6,0.5,0.4,0.6,0.6,,,0.7,0.4,0.4,0.8,0.4,0.3,0.6,0.6,,0.5,0.6,0.7,0.3,0.8,0.8,0.6,0.7,0.7,,0.6,1,0.6,0.7,1,0.5,0.3,0.5,0.7,0.6,0.4,0.5,0.5,0.6,0.6,0.7,0.4,0.6,0.5,0.6,0.3,0.3,0.6,0.5,0.7,0.6,0.3,0.4,0.4,0.5,0.7,0.8,1,0.8,0.7,1,0.7,0.6,0.9,0.7,0.5,0.7,0.7,0.7,0.8,0.5,0.7,0.9,0.7,,0.3,0.4,0.6,0.6,0.7,0.2,0.4,0.4,0.4,0.6,0.7,0.8,1,0.5,0.7,0.3,0.8,1,0.5,0.4,0.6,0.8,0.3,0.8,0.6,0.7,0.7,0.7,0.6,0.5,0.7,0.6,0.4,0.7,,0.6,0.4,0.7,0.6,0.7,0.3,0.5,0.4,0.4,,0.6,0.5,0.4,0.5,0.6,0.5,0.5,,0.9,0.4,0.6,0.8,0.6,0.8,0.7,0.8,0.5,0.6,0.7,0.6,0.9,0.5,0.6,0.4,0.4,0.6,0.8,0.6,1.1,0.6,0.6,0.5,0.6,0.3,0.7,0.8,0.5,0.6,0.9,0.5,1,0.6,0.5,0.5,0.3,0.4,0.6,0.4,0.5,0.7,0.5,0.7,0.5,0.5,0.8,0.7,0.7,0.7,1,0.5,0.6,0.7,0.6,0.7,0.6,0.7,0.6,1,0.5,0.8,0.4,0.6,0.6,0.4,0.5,0.4,0.6,0.6,0.5,0.6,0.8,0.7,0.7,0.7,0.5,0.5,0.7,0.7,0.5,0.7,0.4,0.8,0.6,1,1,0.3,0.6,0.7,0.7,0.8,0.6,0.7,0.4,0.4,0.6,0.9,0.5,0.7,0.5,0.4,0.3,0.3,0.7,0.3,,0.5,0.7,0.7,0.5,0.9,0.9,0.6,0.5,0.5,0.8,0.5,0.2,0.8,0.5,0.8,0.6,0.6,0.6,1,0.5,0.6,0.6,0.4,0.4,0.4,0.6,0.5,,0.5,0.7,0.6,0.6,0.7,1.1,0.5,0.5,0.7,0.6,0.5,0.4,0.4,0.4,0.4,0.6,0.5,0.7,1,1.2,1.2,0.6,,0.9,0.7,0.5,0.6,0.6,0.5,1,1,0.7,0.8,0.7,0.7,0.4,0.7,0.8,0.8,1,0.8,0.8,0.6,0.5,0.7,1.1,0.6,1,0.7,0.9,0.8,0.7,0.7,0.7,0.8,0.6,0.7,0.3,0.7,0.6,0.6,0.6,0.7,0.9,1.5,0.9,0.6,0.8,0.6,0.8,0.7,0.8,0.9,0.6,0.5,0.4,,0.8,0.4,0.5,0.8,0.4,0.4,0.7,0.5,0.5,0.6,0.8,0.7,0.5,0.5,0.6,0.8,0.7,0.7,0.7,1,0.5,0.6,0.5,,0.3,0.2,0.4,0.3,0.8,1.2,0.9,0.7,,0.5,0.5,0.1,0.4,0.6,0.5,0.5,0.5,0.7,0.4,0.5,0.6,0.5,0.4,0.5,0.4,0.5,0.4,0.6,0.5,0.4,0.5,0.4,1.1,0.4,0.3,0.3,0.5,0.6,0.2,0.4,0.3,0.4,0.6,0.5,0.6,0.7,0.7,0.5
20231004,10,AQI,13,14,17,15,15,18,20,15,17,16,14,20,,,20,,20,20,21,,25,,28,24,,56,18,,72,58,63,74,62,70,,,34,49,,36,,45,35,,,21,,119,,102,39,,51,,,49,21,,36,26,21,,20,34,20,21,30,,,36,55,26,52,81,74,,76,74,,68,53,,,64,58,53,53,90,,19,17,,,21,21,21,21,,,20,,20,25,20,20,26,,,22,22,23,20,,51,,22,29,32,,19,20,,20,20,,19,21,21,18,15,17,16,17,,18,,,26,16,21,28,27,29,28,29,,28,30,27,29,26,,31,27,29,42,,,31,24,,25,26,26,26,26,,33,31,29,31,29,57,,,,35,34,,,48,34,,,,34,,27,57,,27,,24,23,31,,,,,31,28,,30,35,30,30,30,,29,,46,51,44,48,34,37,,35,,34,,,22,24,,30,,19,,,22,22,29,25,59,,,,28,26,29,36,33,,38,,46,,,26,,23,22,,,30,29,,31,30,,48,,42,,33,31,30,32,39,31,36,34,,36,46,44,48,46,,,32,29,36,,,57,62,32,,17,,,26,19,,20,60,62,63,,59,63,63,,51,,,63,56,57,64,63,63,60,59,56,60,66,54,56,58,,24,32,29,35,25,32,,,29,38,22,46,,,,42,37,44,62,49,53,50,,40,51,60,45,52,48,,39,40,46,49,58,43,45,,54,45,41,56,43,41,55,42,,53,55,57,,,44,52,67,113,57,,64,39,47,56,,,43,42,41,46,,46,,50,47,47,40,,27,30,,34,46,36,37,36,,20,26,29,24,11,,28,15,,20,17,,10,,,25,18,,26,14,,44,42,37,40,,,,,27,41,35,27,,29,45,29,32,,19,19,19,18,18,,37,20,14,13,49,10,19,18,25,17,,19,16,17,,,19,14,19,,,,54,48,,,,,26,,,,40,53,56,51,101,47,41,,39,43,42,33,33,50,38,43,39,34,37,,28,48,29,24,,24,23,25,24,39,39,22,19,27,,30,21,27,26,24,23,23,,23,21,40,31,,24,46,39,51,,,83,,65,76,76,64,87,,78,64,,,73,72,73,73,,61,55,70,,69,67,70,62,53,56,,60,54,58,,,,,,,62,,75,74,68,,,41,54,52,53,59,,64,,,38,,35,37,35,52,53,62,49,69,,46,,40,41,32,37,46,41,39,58,35,42,55,,61,34,42,44,39,43,,,39,39,,,48,,50,,53,66,32,,54,15,,,72,78,,,,19,25,20,21,,85,,73,74,,85,88,,95,,,85,101,,,50,31,29,22,,20,21,20,34,24,26,,20,19,,34,20,20,19,19,21,,,19,23,25,24,23,,,19,20,,19,,16,15,14,,18,21,,20,20,21,27,16,15,,15,31,42,34,,25,26,34,,30,21,26,23,23,,22,26,23,,74,,,64,54,68,,83,,,,,78,,75,,83,,,,82,65,58,,60,,,,19,18,18,21,50,49,,33,29,45,,33,29,,33,,,20,33,,25,22,33,42,40,38,24,32,,39,55,75,59,38,51,52,20,26,,16,18,25,,35,45,,32,,46,42,,18,28,,50,35,,,,,39,29,,,12,22,20,16,16,,21,,,23,23,22,22,,44,,,40,30,31,,21,,,43,,19,16,20,,19,15,16,29,45,27,39,,,33,29,30,55,65,51,18,38,,27,28,81,76,76,,,,,,,,57,,,,,,,,,,,,,,,,58,,,,,,,,,,,,,,,,,,,,,,,,,,,,,,,,,,,,,,24,44,52,42,,55,54,52,57,,,,77,82,,73,,,,,62,74,68,,,79,85,,,,55,77,,59,,61,,69,,,40,,,36,,,,,39,39,,,29,29,32,,41,42,34,30,22,21,22,,21,18,26,29,22,21,24,,24,,23,24,,,32,21,,22,21,24,29,22,29,24,24,,53,22,,,,22,20,33,,23,22,,28,30,19,20,17,,17,26,16,21,,,29,15,,,15,16,,25,31,32,,,28,29,,36,,27,34,34,41,,,51,35,,49,47,,52,,,62,24,17,19,28,31,,29,,40,,,,27,41,30,45,,57,,36,,46,38,42,53,,40,58,,42,36,46,,,,32,39,,35,,42,,,38,22,42,,15,42,18,43,35,27,32,,39,38,41,,30,44,51,43,,,61,63,69,62,43,43,44,43,50,,54,57,49,28,49,46,39,35,,41,43,,90,84,,,69,,,64,,73,76,72,,90,64,53,63,57,,49,42,,49,58,44,50,,53,49,52,48,59,,46,47,20,21,13,20,38,42,53,46,20,16,,43,,52,,43,39,,28,24,,35,,57,46,53,,27,25,,,31,36,43,65,54,53,55,60,37,60,,59,52,31,29,19,23,,30,,28,42,30,15,21,26,,23,,25,15,,23,13,,15,57,64,,59,18,61,20,36,37,,40,,31,51,51,,57,87,58,57,54,41,,41,,58,43,53,21,18,,18,39,,24,25,49,29,32,,33,35,30,26,59,52,,,,20,17,,18,9,14,14,16,,,,22,29,,,,,,,45,48,39,34,,13,,12,13,15,15,20,17,,27,,28,28,,,,,19,21,39,,36,42,29,,23,18,12,33,23,,22,16,26,16,15,22,18,9,,26,28,36,32,19,10,18,11,46,,28,20,,23,15,,,40,24,,93,,27,,9,11,19,20,,18,51,,63,61,10,31,23,16,,54,33,,23,28,29,,47,46,,,34,51,,30,24,31,30,,,40,29,22,,30,21,28,21,15,37,55,,59,,,47,23,38,20,59,89,105,153,26,,51,28,33,64,53,32,92,93,93,,,53,46,48,19,,18,37,32,35,22,59,73,46,57,33,20,63,,,,20,24,26,28,27,26,,,,,63,46,22,24,25,36,24,35,20,,21,24,35,,,40,54,,,,48,,44,18,,30,28,,,60,27,29,36,29,30,64,53,56,26,38,21,21,,87,,20,70,,36,,62,,31,25,,65,,44,18,35,44,26,76,35,64,,,21,77,8,97,50,,39,52,35,57,,23,45,24,87,58,55,32,39,43,81,71,52,53,54,24,30,17,,52,68,50,67,15,18,12,,,,46,61,,26,36,47,45,27,,,68,42,31,58,43,84,,36,,,43,26,49,,19,,,32,30,27,26,28,32,32,30,15,20,23,53,23,30,48,55,,24,35,37,60,34,38,40,48,,55,67,,46,57,43,51,,51,48,,46,41,38,59,23,51,21,19,19,34,34,49,29,46,27,,75,70,72,70,,57,,20,21,20,22,,28,20,,23,,13,,18,17,16,37,,49,40,26,72,73,64,59,57,67,,57,85,,67,,24,18,,29,16,36,38,25,35,29,29,54,49,60,53,,,44,37,,29,47,22,34,68,17,19,,24,38,31,31,23,50,25,23,25,22,27,33,62,29,37,36,51,34,45,23,32,35,56,40,32,47,44,,31,36,39,37,54,36,69,42,117,93,22,,60,56,29,28,,40,41,48,66,73,80,63,84,68,69,95,20,15,24,18,19,,21,63,25,53,42,22,52,68,53,65,70,71,79,64,63,73,44,44,100,,,75,83,,45,60,29,41,15,13,43,53,,47,52,42,44,49,,42,38,54,25,21,,23,30,,29,19,,33,54,14,12,15,19,17,,31,32,24,29,,,58,83,,107,58,,65,,42,28,34,54,100,77,64,57,61,34,53,53,36,44,53,56,65,85,52,42,81,52,59,30,20,30,70,20,21,14,16,24,43,65,154,152,12,16,35,86,65,28,38,62,,67,45,40,35,31,,,24,52,53,,,46,26,,,67,,69,,59,,40,39,26,,25,24,33,29,,,,58,38,59,94,78,49,,12,15,19,16,19,35,64,60,22,23,45,80,35,,36,13,18,16,17,,21,,,80,24,23,40,18,27,,29,18,19,40,64,64,70,,32
20231004,10,PM2.5,6,2,4,5,3,7,7,6,4,7,4,8,,,5,,8,6,6,,12,,15,11,,33,8,,39,30,45,19,44,48,,,11,28,,23,,13,11,,,14,,90,,76,21,,19,33,,34,2,,3,5,1,2,3,12,3,9,2,10,,4,39,17,34,57,51,,41,35,52,38,28,,,13,27,25,26,43,,3,4,,,2,3,5,3,,11,10,,10,7,10,7,8,,9,6,5,3,4,5,4,6,4,4,7,6,6,13,6,6,6,,7,10,7,7,6,8,4,6,4,7,,,6,4,5,6,13,6,12,9,,8,11,8,9,12,14,12,9,14,12,16,,19,12,,8,8,7,7,8,,4,8,4,5,1,34,,,,24,12,,,24,12,,,,18,,7,12,12,12,,12,9,14,18,,,,14,19,,21,24,21,17,17,,13,38,29,27,24,30,19,14,,12,,18,,,10,10,,15,15,12,,16,12,10,10,9,42,7,,,9,7,7,20,16,16,16,,24,,,8,,8,10,,13,7,10,,6,5,,25,32,25,20,20,18,10,17,17,19,17,9,,19,20,19,12,26,,,16,16,17,,,34,37,14,17,9,,29,18,11,,14,37,29,29,,29,32,27,42,27,,,34,31,27,39,34,29,37,33,28,33,38,33,31,30,,12,19,20,14,17,22,9,,20,13,15,26,17,29,13,29,19,18,44,25,34,32,,28,32,43,31,30,32,28,27,28,23,34,27,30,26,,38,24,24,31,30,24,39,19,37,37,35,36,,30,29,36,48,85,40,,46,24,25,31,,,30,28,25,28,30,31,29,26,28,29,28,,14,20,19,16,15,21,16,21,,11,10,12,11,5,,19,10,5,10,4,,6,,,11,6,,13,9,,20,16,12,22,,,,6,17,26,24,17,14,17,31,19,22,,8,13,5,8,8,,19,10,9,7,20,7,7,12,17,7,11,12,11,4,,14,12,7,13,,35,,38,33,,,,,12,,,,24,31,22,21,32,12,20,,11,25,23,21,22,35,21,27,24,20,20,,19,18,15,11,,2,3,6,6,5,12,5,9,5,,7,4,10,10,10,9,9,6,5,11,2,14,8,5,22,24,29,,,61,,34,38,41,40,61,,51,44,,,51,52,48,53,,36,31,46,,48,39,36,44,37,29,,30,27,29,,,,,,,31,,48,54,49,47,22,22,25,32,24,39,,36,,,26,,24,25,24,36,37,44,34,50,,15,28,24,19,21,20,24,22,17,41,23,20,24,27,28,23,29,30,25,24,,27,27,27,,33,24,,26,30,32,32,22,,20,9,,,52,48,,,,9,8,2,11,68,63,,53,40,,61,65,,71,,45,45,66,,68,35,6,12,12,,5,8,8,9,8,9,,8,8,8,7,8,11,11,7,9,12,11,8,5,9,5,11,,,10,8,6,10,,11,5,6,,6,10,14,12,11,13,14,11,6,5,10,16,16,16,,13,13,17,,21,13,18,13,16,,13,18,15,,54,,57,46,38,49,,61,,,,,57,,38,,61,,,,53,47,41,,32,,,,9,12,5,7,31,24,,22,18,31,,22,20,,23,,,9,17,20,13,10,23,29,28,25,11,7,12,15,39,55,38,22,34,31,11,11,10,4,11,17,,24,31,,20,,9,19,,12,19,,32,14,,,,,10,13,,,8,15,7,10,7,,8,,15,16,16,7,7,,8,5,,16,21,21,,14,16,,18,7,13,11,14,10,13,10,11,19,31,17,27,,,6,9,2,8,14,5,2,11,,15,7,41,34,34,,,,,,,,34,,,,,,,,,,,,,,,,29,,,,,,,,,,,,,,,,,,,,,,,,,,,,,,,,,,,,,,16,24,28,21,19,28,36,24,34,,,,56,41,,48,,,13,,32,22,18,40,,46,51,29,,,34,56,,40,34,19,,25,,11,12,,,2,,,,9,15,15,,,16,20,2,2,19,7,6,6,2,2,3,3,11,9,18,20,7,5,6,7,6,,9,4,,7,8,5,,2,6,8,20,10,7,8,3,17,30,15,,,,6,11,23,,10,8,10,19,10,2,12,10,9,5,3,7,10,,,5,10,,15,5,5,,17,11,9,,17,13,11,,20,12,9,13,16,17,,,23,16,13,16,27,,36,36,,44,2,4,4,13,17,,20,,28,,,,17,11,21,16,41,40,,22,,19,18,18,22,14,15,23,,29,25,32,,,,22,27,,24,23,29,,,22,9,29,18,10,9,12,30,24,15,18,21,24,20,26,,5,26,27,17,,,36,45,50,44,25,30,24,30,25,,36,33,31,19,30,25,27,24,19,20,24,,67,62,72,,50,51,,46,,50,,52,,67,43,32,44,40,,34,29,,34,29,29,26,,37,32,36,24,35,,32,26,5,10,9,14,26,29,37,32,7,9,,30,,31,,24,24,,9,8,23,23,,40,31,37,6,8,15,32,,17,24,21,47,36,37,34,43,3,43,46,42,31,11,20,13,15,,18,22,19,25,21,6,12,11,13,11,6,17,10,12,16,4,6,9,40,35,40,32,12,13,13,19,17,,16,,19,22,21,26,29,64,41,40,38,24,23,22,,28,30,37,6,10,,2,17,7,14,4,34,16,22,,21,24,18,15,32,36,,,,9,9,,6,6,,2,7,,,17,15,20,,,,,,29,31,33,27,15,,9,,5,6,8,10,10,8,,16,30,19,19,,,,,9,7,23,16,25,29,20,,7,12,8,23,16,,15,1,9,11,10,15,12,6,,18,15,25,22,13,7,12,4,32,,12,10,,16,10,,,20,10,,69,,13,,1,5,5,6,,7,16,32,26,29,7,17,12,9,,18,23,,16,19,15,,32,24,,23,19,24,,16,7,20,20,,,24,13,15,,11,11,19,5,10,9,11,,16,,,30,16,26,13,25,66,31,35,18,,22,17,11,18,26,16,40,53,46,,,31,24,31,13,,3,22,16,14,5,34,53,32,38,18,5,36,53,,26,7,15,18,9,11,8,,21,,39,42,28,15,11,8,14,9,15,7,10,11,16,5,,,14,38,,6,,16,22,23,9,,21,12,,,39,18,13,14,20,21,39,31,29,17,26,10,3,,64,,6,51,,25,,44,36,12,6,10,34,14,26,12,14,27,11,51,24,36,19,53,10,56,1,72,29,,27,36,24,22,,1,15,9,64,41,39,16,26,21,38,40,36,21,25,15,14,9,61,16,37,35,38,7,12,6,8,,,32,33,,15,24,10,31,15,,17,47,22,19,28,22,62,44,18,,,30,18,34,22,5,,,6,8,10,9,9,9,6,6,7,4,12,9,5,6,33,34,9,12,5,13,16,14,26,27,31,29,29,48,51,31,40,30,28,25,28,22,23,21,23,26,39,4,26,4,5,7,17,10,23,12,32,15,19,55,48,52,51,31,40,,6,14,8,8,,19,9,7,16,18,5,5,10,10,11,16,,34,28,18,45,48,46,41,27,34,,36,61,61,44,11,9,10,,6,11,25,26,17,24,20,19,38,34,20,23,55,8,21,13,14,16,27,13,19,36,3,5,,8,17,20,15,9,18,10,8,11,14,9,7,44,15,5,22,23,8,26,15,22,24,26,28,20,14,26,24,19,25,24,24,36,25,50,27,88,69,2,,43,22,6,17,,12,14,22,43,33,59,35,59,36,50,71,8,9,8,12,7,2,5,45,17,37,29,11,29,44,32,39,51,36,43,46,45,52,28,22,75,,,55,56,,5,16,20,6,10,6,24,26,,10,36,29,24,27,30,28,26,38,17,12,11,14,14,,9,13,,23,38,7,8,10,11,11,8,18,20,10,8,,,19,61,31,80,10,,44,,2,17,9,26,75,56,46,31,22,14,12,25,22,13,2,28,39,54,36,29,59,33,42,21,2,21,39,14,10,6,11,11,13,14,52,67,6,10,17,63,39,6,26,36,45,46,27,27,12,16,27,,13,23,36,49,12,31,11,44,34,41,56,31,,19,37,26,24,14,,17,10,16,10,,4,,40,17,42,70,55,33,,4,5,2,3,6,20,46,34,2,7,19,59,19,,25,6,4,7,3,4,3,,,54,11,16,19,1,8,10,9,8,3,25,36,42,44,8,22
20231004,10,PM2.5_24h,26,18,23,21,23,26,19,36,29,18,20,20,,,34,,33,29,35,,31,,30,33,,31,43,,39,46,53,43,47,57,34,,37,34,,32,,20,28,33,,35,,47,42,41,75,68,59,58,,63,7,,12,17,16,18,16,24,21,22,25,34,,25,34,33,39,29,26,,39,34,43,39,44,,,63,58,40,47,38,,16,18,,,14,16,15,16,,15,14,,16,12,17,14,14,,16,35,31,33,31,36,32,27,28,30,26,15,15,13,11,9,9,,10,12,13,14,14,13,12,15,16,15,18,18,14,14,14,8,11,8,11,7,,8,10,7,9,10,14,13,10,10,12,13,14,12,12,,12,12,11,13,12,13,4,10,7,8,5,25,,,,26,21,,23,25,24,,,,17,,9,10,14,11,13,13,12,12,18,,,,14,16,,16,20,18,19,16,,17,22,21,18,24,22,17,21,,17,,20,22,,15,18,,20,20,18,,18,16,21,18,10,12,8,,,12,10,10,18,18,16,18,,17,,,16,,9,12,,13,12,16,6,7,8,,25,23,26,22,24,21,19,16,20,18,17,11,23,19,17,22,19,24,,,15,14,16,13,,22,21,20,20,13,,24,19,13,,18,23,20,20,,21,22,21,28,20,,,14,14,12,16,15,16,24,22,16,22,26,24,23,21,,10,11,14,9,16,14,11,,12,11,8,12,10,13,11,12,11,8,14,8,34,39,,40,42,39,28,35,26,33,29,23,24,23,24,22,28,,24,18,21,25,20,14,22,16,29,33,32,26,,23,29,31,26,27,24,,24,22,21,20,,,28,25,26,29,28,27,29,22,26,26,24,,17,18,20,18,17,18,19,21,,11,11,12,12,5,,16,9,14,16,10,10,16,,,12,18,12,14,17,,26,21,24,26,,,26,14,12,20,17,19,14,16,24,18,13,,7,9,8,9,6,7,10,7,7,7,8,5,11,13,15,12,13,13,14,10,,16,13,11,15,,33,,36,35,,,,,28,,,,42,42,25,30,28,25,25,,18,12,11,10,10,17,12,15,14,10,16,,15,11,10,14,,12,14,15,14,15,17,13,18,15,,24,17,14,12,13,13,13,14,13,12,14,16,14,13,16,18,20,,,33,,30,28,34,28,34,,31,39,,,41,47,36,44,,31,35,40,,43,35,30,34,36,15,16,17,13,17,,,,,,,27,,40,32,23,32,19,16,19,13,10,15,,38,,,25,,28,25,26,26,24,24,28,25,,12,23,14,13,17,13,20,18,12,26,24,23,25,21,25,18,34,35,26,14,,16,19,24,,26,29,,28,30,27,26,21,,22,8,,,41,38,,,,16,17,15,16,33,41,,34,28,,52,58,,63,,36,35,39,,37,38,6,8,9,,20,16,21,20,19,17,,12,16,16,13,18,15,14,18,24,15,11,14,17,20,15,20,14,12,13,15,13,14,,13,11,6,,10,17,20,24,16,18,20,10,15,13,17,16,15,14,,16,15,14,,15,13,14,14,18,,14,17,9,,37,,37,31,29,35,,36,22,,,,35,,25,,31,,,,36,31,26,24,26,,,,5,8,3,6,22,21,,15,12,24,11,21,12,,15,,,5,9,11,6,4,29,27,30,30,11,8,13,16,24,32,26,21,25,20,11,9,17,19,18,23,,29,31,30,24,,8,11,8,10,19,25,28,18,,,,,24,24,,20,8,19,8,10,9,16,14,20,16,16,13,7,9,,13,12,,27,30,23,,13,16,,20,10,11,18,14,16,19,12,18,26,28,22,24,,,7,11,25,26,17,14,5,12,,17,7,25,25,30,,,24,,,,,17,,,,,,,,,,,,,,,,11,,,,,,,,,,,,,,,,,,,,,,,,,,,,,,,,,,,,,,11,28,25,23,22,25,28,25,26,,,,26,24,28,25,,,23,24,26,24,25,47,,51,51,29,,,31,43,,37,41,19,,23,,20,17,,,7,22,,,21,19,16,,,20,19,4,4,16,13,15,11,9,11,9,6,18,18,17,20,12,11,13,13,10,12,12,9,,12,15,13,,6,8,9,11,15,13,14,11,13,16,15,12,,,11,17,14,14,14,9,10,11,13,10,10,11,12,12,10,11,7,,,8,11,8,17,7,8,,16,11,10,,12,17,12,,18,19,9,18,17,18,24,,17,20,15,20,24,12,20,20,,25,10,10,12,10,14,,23,,37,,,,9,8,12,13,28,22,,21,,18,18,18,14,14,15,18,,23,22,24,,,19,22,21,,21,20,18,,,15,13,16,22,19,11,19,35,25,28,24,30,34,34,39,,13,25,28,28,29,,34,37,36,34,37,36,33,36,39,,43,46,44,26,31,30,30,28,22,30,25,,42,33,37,,35,31,34,31,,34,33,32,,39,28,29,34,33,,26,24,11,26,24,25,27,,32,33,38,13,19,,20,12,4,16,6,8,18,24,38,29,9,11,,30,26,27,,17,15,,15,10,20,23,,29,23,27,10,6,20,20,,18,27,24,32,27,25,29,29,7,22,25,23,21,28,44,42,46,50,38,42,40,40,44,5,8,12,10,9,8,11,16,12,13,4,6,6,35,35,37,29,12,16,11,16,19,17,21,23,22,17,20,26,27,52,35,28,23,28,19,21,,22,21,21,7,7,,4,13,6,10,5,19,14,19,18,25,22,15,19,17,23,,,,12,10,,10,8,2,4,7,4,,16,13,12,,,,,,15,15,16,16,13,,10,,5,9,9,11,11,9,,18,20,12,16,,,,,6,7,17,16,12,12,20,,8,9,7,13,15,,17,5,9,13,11,13,11,9,,16,20,16,17,11,12,10,9,12,,12,10,,9,7,,2,4,4,,17,,5,,1,4,7,5,6,7,21,24,22,22,10,11,11,8,,25,26,,15,14,16,,24,19,,23,17,22,,18,20,20,25,,,19,15,13,,13,10,18,60,6,13,24,,26,,,30,16,17,11,12,17,18,21,8,,16,15,15,23,29,35,48,55,59,,,25,22,23,12,,5,19,18,16,9,22,32,40,36,31,28,54,60,,25,12,17,18,9,16,15,,25,,31,37,26,17,9,9,14,8,9,13,15,11,13,4,,,28,25,15,28,,27,32,53,17,,19,12,,,20,15,13,17,26,21,25,16,24,15,22,17,11,16,59,,33,39,,21,24,34,30,13,13,17,39,14,21,10,19,15,30,34,17,23,15,34,14,34,5,38,28,,22,23,21,9,,15,27,14,44,23,25,14,16,14,26,28,23,17,42,13,19,13,36,17,30,20,36,6,8,6,7,,,34,18,33,15,20,4,24,17,,16,30,33,18,33,16,37,34,18,,14,32,28,32,27,5,16,7,6,7,10,8,10,10,8,6,14,17,13,10,9,5,27,26,12,16,6,15,18,18,25,31,40,40,38,28,30,20,24,26,17,28,25,29,27,14,23,31,28,8,43,32,29,42,14,10,21,12,25,17,19,37,31,33,33,32,33,28,6,14,7,5,8,18,18,8,15,21,9,11,11,10,12,23,,26,29,21,16,35,29,38,13,34,,31,35,36,36,7,9,10,,26,7,17,24,22,21,13,19,22,33,17,20,37,12,18,15,14,20,28,17,33,32,34,27,13,13,13,13,14,12,19,9,16,15,16,12,7,21,17,14,16,21,24,27,16,15,22,26,25,23,13,20,17,14,20,24,15,20,21,46,39,39,34,23,34,34,20,12,15,14,20,23,21,24,23,36,27,38,29,32,32,7,11,9,9,15,11,9,30,32,28,30,20,25,26,18,29,41,34,27,23,31,34,8,16,42,,34,44,46,34,25,26,18,19,12,14,14,20,25,13,29,26,22,24,28,18,25,23,11,14,9,9,10,,7,11,4,17,30,9,7,10,11,22,19,17,15,14,10,18,16,16,42,31,46,19,,62,26,33,42,29,35,43,33,64,77,60,45,51,50,49,41,37,20,28,30,20,25,47,26,34,17,11,21,26,14,13,10,15,14,6,8,61,80,8,7,64,38,24,14,23,23,37,23,28,27,14,12,21,,16,24,29,36,13,22,23,16,15,37,43,44,33,29,30,26,20,11,8,20,18,15,19,,6,4,13,24,35,59,35,29,,18,26,16,21,12,12,38,23,14,9,24,36,25,30,38,13,26,17,29,16,15,,17,45,17,12,24,11,10,16,16,6,1,27,39,31,37,19,16
20231004,10,PM10,13,5,11,11,9,18,20,14,9,16,11,20,,,18,,20,15,16,,25,,28,24,,62,17,,94,66,42,97,64,89,,,34,49,,36,,45,35,,,21,,101,,115,39,,52,44,,41,21,,36,26,16,29,11,34,12,10,30,33,,36,58,26,54,112,97,,102,98,104,86,56,,,78,66,56,55,129,,12,14,,,9,10,21,10,,27,16,,14,25,19,16,26,,3,13,16,20,13,14,51,8,11,29,32,18,17,5,12,20,9,,13,8,16,10,11,11,15,12,6,18,,,26,15,21,23,26,22,25,27,,26,27,22,29,26,31,31,27,29,42,38,,31,24,,20,21,16,17,16,,13,14,11,15,14,63,,,,31,34,,,48,34,,,,34,,27,63,27,27,,24,19,31,28,,,,31,24,,28,27,28,27,27,,26,,46,51,44,48,31,32,,33,,34,,,22,24,,30,24,19,,26,22,22,29,17,26,41,,,27,16,26,36,31,34,38,,46,,,15,,22,21,,36,18,28,,30,20,,48,48,42,36,33,31,30,32,39,31,36,34,,36,46,44,48,46,,,31,20,36,,,64,74,32,24,17,,29,21,17,,20,70,73,76,,68,76,76,81,51,,,75,61,63,78,75,75,70,67,61,69,82,58,62,65,,24,32,26,35,24,29,10,,21,38,21,46,30,54,23,28,37,44,62,49,55,50,,39,51,50,45,53,48,44,33,39,46,48,66,38,45,,41,45,41,62,36,41,32,42,68,48,59,63,,72,44,40,52,76,50,,65,39,47,61,,,42,42,41,46,49,46,49,50,47,47,38,,27,30,47,34,46,36,37,36,,20,26,29,24,11,,25,14,13,20,17,,10,,,25,18,,26,9,,44,42,37,40,,,,,27,41,31,27,34,29,36,29,22,,19,13,19,18,18,,37,20,14,12,49,10,19,11,24,17,15,19,16,9,,17,19,13,15,,35,,30,34,,,,,26,,,,40,56,62,52,151,47,41,,39,43,42,33,33,40,38,43,39,34,37,,20,48,29,17,,17,18,16,16,39,39,22,19,27,,30,20,27,20,20,14,19,15,13,15,40,31,17,23,46,39,51,,,114,,80,102,102,78,124,,106,77,,,95,88,96,95,,72,59,90,,88,83,90,63,56,61,,70,58,66,,,,,,,74,,100,97,80,92,48,41,58,53,56,68,,78,,,34,,35,37,35,53,43,60,47,53,,46,50,40,41,32,37,46,41,39,41,35,42,60,30,71,34,35,44,39,43,,50,35,36,,32,48,,50,53,56,82,27,,58,15,,,87,106,,,,19,25,15,21,,94,,78,97,,119,113,,110,,116,120,151,,95,28,31,29,18,,20,18,17,34,24,26,,17,16,13,34,13,19,15,17,21,52,12,3,17,25,16,13,,,16,15,22,16,,14,11,9,,18,12,17,11,12,19,27,10,5,13,11,31,42,34,,25,26,34,,26,21,25,23,23,,22,25,23,,58,,,54,51,49,,101,82,,,,93,,99,,103,,,,113,62,65,25,69,,,,19,14,18,21,50,49,,33,29,36,,33,29,,30,,,20,33,32,25,12,31,38,37,38,24,32,28,39,48,42,68,38,51,54,20,26,16,16,18,21,,33,45,,32,,46,42,,11,23,,50,35,,,,,39,29,,,9,14,20,16,16,,21,,24,19,22,22,22,,44,13,,40,24,31,,21,38,,43,8,14,13,7,20,11,12,16,29,24,27,37,,,33,29,30,60,79,52,13,38,,27,28,111,101,102,,,,,,,,63,,,,,,,,,,,,,,,,66,,,,,,,,,,,,,,,,,,,,,,,,,,,,,,,,,,,,,,24,44,54,42,48,60,58,53,64,,,,72,113,,95,,,76,,74,98,86,122,,107,119,51,,,59,80,,68,73,72,,88,,67,40,,,36,,,,54,39,39,,,29,20,32,30,41,42,34,30,21,18,21,31,15,5,18,25,22,20,24,12,15,,22,19,,19,32,18,,10,10,24,27,22,29,21,18,,55,17,,,,12,19,20,,9,10,68,28,14,13,10,17,14,14,26,15,11,,,6,7,,24,9,11,,8,31,32,,27,17,17,,36,39,27,34,34,41,,,51,35,54,49,47,,42,39,,50,24,17,19,27,31,,25,,33,,,,27,41,23,45,58,47,,36,,46,38,42,55,37,40,66,,37,36,37,,,,31,31,,35,36,33,,,38,22,9,10,13,42,9,33,28,27,32,26,39,38,41,,30,44,52,43,,,72,57,82,64,43,40,44,36,50,,58,63,49,26,49,46,33,35,34,41,43,,100,116,100,,83,73,,57,,96,102,93,,86,78,56,75,63,,47,35,33,42,66,44,50,,46,49,43,48,68,,43,47,2,21,11,15,32,28,33,41,20,16,,43,,53,,43,39,,28,24,32,35,,56,46,42,27,27,25,59,38,31,36,43,66,57,49,60,58,37,46,68,57,53,31,18,18,23,,30,36,27,42,29,14,21,26,21,23,22,17,12,34,22,5,11,11,55,78,91,68,15,72,20,36,37,,40,,31,51,52,46,63,83,64,51,56,41,41,41,,65,36,50,11,18,,8,39,23,24,25,45,29,20,,33,27,30,26,68,35,,,,20,17,,18,5,4,7,2,24,,22,21,25,,,,,,38,38,42,37,34,,11,,12,12,12,15,20,17,,27,30,22,28,,,,,11,16,39,26,24,31,27,,19,9,11,24,20,,21,16,26,16,10,19,11,6,,15,28,23,27,15,8,15,9,32,,28,20,,20,13,,,40,24,,133,,27,,7,11,19,20,,18,52,98,76,72,7,31,23,16,,38,30,,19,21,29,,47,46,22,40,34,51,,30,6,26,30,,,40,25,19,,19,19,25,21,11,37,60,,67,,,47,19,26,16,67,95,159,255,14,,51,28,33,77,55,32,134,135,136,,,56,46,48,8,,18,37,32,35,22,67,68,40,63,33,13,75,119,,79,19,24,26,21,27,14,,23,,66,75,46,21,24,25,36,24,35,18,22,21,24,35,,,40,56,,16,,48,47,44,17,,30,25,,,70,27,29,27,24,22,78,56,61,26,38,21,21,,106,,14,53,,34,,54,37,31,17,30,79,22,44,15,35,44,26,102,30,78,28,105,21,83,8,129,50,,28,38,28,64,,23,45,24,66,56,58,32,39,43,111,92,47,56,57,24,30,14,100,54,86,37,83,15,16,12,13,,,28,72,,26,36,47,29,27,,24,85,42,31,65,43,104,89,36,,,35,18,39,,19,,,20,16,26,25,22,32,32,27,15,20,17,56,14,30,41,60,20,16,5,22,69,20,33,40,48,37,60,57,71,46,55,42,52,54,51,48,29,46,41,38,67,9,51,13,15,15,34,34,49,23,40,27,34,91,90,89,60,48,36,,13,15,8,15,,26,20,20,12,20,13,9,15,10,14,37,,39,38,25,93,95,78,68,63,83,,63,119,140,83,18,24,18,,29,6,28,30,20,30,29,29,52,34,70,56,67,21,44,37,33,29,47,22,34,85,10,4,,14,38,31,31,20,50,18,17,25,19,17,14,51,24,24,36,51,34,45,23,20,28,62,31,32,47,44,55,31,30,39,37,58,36,84,42,142,106,5,,65,61,29,28,,40,41,48,82,96,93,75,117,85,66,89,10,4,24,14,19,18,21,64,20,50,40,22,54,85,56,80,83,92,108,78,65,95,44,44,124,,,95,116,,45,70,25,41,9,13,43,55,41,47,45,24,44,49,44,42,37,52,19,21,23,23,30,,29,11,,30,41,12,12,,19,17,11,31,28,16,15,,,66,100,62,134,65,,80,107,42,28,34,57,148,100,62,64,71,34,56,56,36,44,55,61,80,120,37,20,112,54,46,28,20,23,90,18,21,14,9,24,43,80,258,253,12,12,35,121,79,28,35,74,51,83,45,40,35,31,32,,24,53,56,53,16,46,26,51,90,84,118,87,,67,56,40,39,26,,22,24,33,29,,21,,65,38,67,101,106,49,,11,15,5,8,19,35,72,70,17,9,45,104,35,,30,13,7,16,4,17,7,20,,110,24,18,40,18,24,7,28,18,19,40,78,78,90,19,26
20231004,10,PM10_24h,44,29,45,40,44,42,42,66,53,38,39,40,,,70,,66,59,71,,62,,68,60,,63,67,,88,95,92,86,92,92,75,,69,73,,62,,63,58,59,,61,,63,67,63,112,100,111,128,,109,29,,34,32,24,45,46,47,55,36,58,58,,57,66,60,68,66,69,,85,93,82,86,83,,,111,114,80,80,84,,33,33,,,32,33,33,31,,41,43,,39,49,38,37,36,,40,71,58,65,61,54,52,54,64,44,33,41,38,41,35,35,25,,35,36,41,24,22,23,33,29,26,26,28,29,25,23,32,23,24,21,21,23,,21,23,22,21,23,23,28,23,24,29,24,24,21,22,,28,29,26,27,24,27,15,17,15,17,13,45,,,,41,38,,42,41,32,,,,29,,23,31,26,23,26,24,21,24,34,,,,35,29,,26,27,24,24,24,,29,27,36,37,36,42,33,27,,24,,34,38,,38,31,,35,31,27,,29,29,35,40,18,28,27,,,28,22,21,36,36,34,40,,36,,,30,,29,29,,30,26,30,18,20,19,,49,42,45,43,41,35,39,34,35,28,28,24,39,28,33,32,32,32,,,39,35,40,39,,46,47,40,34,27,,34,35,18,,36,46,44,45,,46,60,46,53,29,,,34,36,35,32,34,39,50,47,43,47,51,47,49,49,,18,19,17,18,17,18,15,,16,16,16,17,13,18,13,14,18,18,25,18,53,55,,54,75,47,45,55,42,49,37,44,47,43,54,37,54,,39,39,39,60,34,32,33,33,49,50,53,43,,39,52,51,42,46,38,,37,40,36,42,,,49,45,46,48,44,44,55,70,43,41,35,,29,30,31,28,30,36,34,62,,24,25,23,23,13,,26,13,20,30,16,17,26,,,19,35,20,27,25,,39,33,38,41,,,40,27,24,24,27,25,29,27,28,24,18,,15,12,16,17,22,16,14,12,8,10,15,8,25,24,25,22,23,18,26,17,,30,27,21,26,,44,,42,41,,,,,48,,,,68,83,60,65,75,60,59,,45,19,20,19,22,20,26,26,26,25,27,,22,26,21,31,,34,29,30,29,44,34,30,32,36,,43,40,56,25,29,26,28,28,27,31,37,49,37,39,43,40,44,,,67,,61,70,64,52,76,,68,70,,,72,77,69,75,,54,58,80,,76,63,67,57,55,38,34,34,27,41,,,,,,,58,,76,57,47,65,38,36,40,20,28,30,,70,,,38,,35,33,40,48,45,50,50,53,,33,45,28,28,37,25,38,36,31,38,33,35,40,39,40,44,39,42,39,26,,32,30,37,,42,42,,57,53,65,61,28,,41,13,,,80,70,,,,45,44,40,50,45,51,,47,57,,89,87,,97,,78,78,94,,75,50,17,20,15,,38,44,44,52,41,67,,50,43,36,39,36,49,31,38,52,29,27,35,37,59,33,42,37,25,27,29,32,28,,22,17,20,,14,35,32,33,36,35,26,23,17,24,23,21,24,21,,19,22,23,,14,26,21,25,22,,26,24,11,,47,,52,45,41,45,,67,61,,,,67,,62,,56,,,,68,44,48,42,44,,,,13,12,17,14,37,38,,20,20,24,17,20,18,,20,,,18,17,13,14,6,39,45,42,46,21,26,23,28,34,38,45,38,43,32,21,21,24,27,21,29,,41,48,42,39,,21,27,21,15,37,41,49,38,,,,,54,43,,41,11,22,23,19,23,20,20,23,23,22,22,21,17,,26,22,,41,43,46,,28,37,,44,16,15,26,22,26,33,25,28,34,35,32,37,,,24,34,84,64,77,65,16,25,,29,22,83,89,100,,,46,,,,,37,,,,,,,,,,,,,,,,31,,,,,,,,,,,,,,,,,,,,,,,,,,,,,,,,,,,,,,21,40,40,41,44,50,45,51,43,,,,58,65,61,52,,,53,69,56,64,68,95,,102,85,47,,,54,67,,67,66,59,,76,,52,37,,,38,23,,,52,51,27,,,24,25,19,21,37,37,35,41,35,34,41,36,36,39,38,47,37,37,51,38,27,27,36,24,,47,39,25,,17,14,26,27,34,29,22,32,27,32,29,29,,,29,21,23,46,14,23,24,25,12,13,16,20,28,24,22,20,11,,,13,25,22,29,14,15,,14,29,29,,21,25,19,,28,26,20,32,26,31,48,,29,35,38,44,32,28,23,23,,25,38,32,22,19,22,,36,,45,,,,19,24,15,28,42,37,,29,,24,22,24,34,36,36,53,,38,29,43,,,30,30,31,,32,37,30,,,32,29,28,28,30,41,27,50,39,41,36,38,61,63,55,,46,45,49,47,48,,53,46,63,48,55,56,54,52,60,,68,67,62,43,48,52,46,47,43,54,50,,63,57,54,,62,49,63,44,,65,69,51,,48,52,47,53,53,,38,34,25,33,43,35,55,,50,46,45,38,39,,36,37,7,31,15,15,35,38,36,36,25,23,,46,41,46,,28,26,,28,16,32,33,,40,33,31,25,17,30,42,31,30,42,39,41,48,41,42,42,25,24,40,30,35,53,51,56,53,62,53,59,51,50,55,10,15,21,22,20,22,18,20,22,21,10,13,12,66,80,80,70,24,38,23,36,43,48,38,42,30,41,49,40,57,62,54,35,38,31,29,36,,43,34,31,17,15,,9,24,20,21,15,27,19,20,22,40,27,27,32,37,32,,,,22,22,,23,17,18,13,15,24,,25,20,20,,,,,,26,25,23,23,23,,15,,7,14,15,18,16,21,,23,26,19,25,,,,,12,13,24,23,21,21,25,,17,11,12,21,16,,23,11,23,15,12,16,12,14,,23,32,25,25,19,13,17,16,27,,22,18,,14,7,,8,12,11,,33,,12,,6,9,15,12,14,12,56,71,65,55,13,22,17,18,,50,43,,19,20,34,,40,39,30,42,35,43,,36,30,33,34,,,40,29,15,,19,29,19,20,6,37,69,,56,,,75,26,20,19,51,57,65,71,20,,42,29,32,87,87,100,164,183,156,,,60,47,55,20,,32,41,43,44,13,50,45,54,68,63,55,89,109,,66,32,28,25,25,37,27,,35,,48,62,38,23,19,19,39,28,25,40,37,21,27,9,,,63,51,31,60,,72,61,92,23,,26,19,,,43,30,35,26,33,34,50,36,45,21,36,31,27,24,101,,60,51,,33,43,47,40,39,23,31,73,21,40,23,38,34,62,59,25,38,30,66,20,62,7,72,42,,25,29,22,29,,38,72,27,48,29,41,21,24,22,64,63,36,43,66,21,25,27,51,36,49,22,69,14,14,16,15,,,34,44,69,21,32,9,36,30,,33,52,61,24,57,32,63,63,32,,40,45,41,44,40,20,35,27,16,21,22,21,25,30,28,22,27,37,24,66,28,26,30,43,23,21,15,26,27,29,35,50,60,53,69,47,52,38,42,46,33,53,46,55,33,31,38,46,57,17,70,65,75,79,23,24,44,19,32,29,26,60,53,44,43,45,42,42,14,19,12,12,16,26,27,23,24,26,17,15,9,18,13,35,,33,32,31,43,63,54,71,31,63,,53,74,79,66,12,16,16,,44,10,21,31,22,28,24,30,38,40,46,40,56,27,38,33,31,30,54,25,49,66,60,54,31,24,22,23,22,24,34,24,33,31,26,24,16,29,22,30,38,62,55,59,40,37,34,57,30,37,50,40,37,28,29,32,27,45,35,89,62,81,88,44,65,63,57,25,21,22,33,38,27,46,61,59,48,68,44,49,56,13,15,22,10,27,26,46,41,42,39,40,35,40,71,36,61,73,64,67,49,47,62,21,34,79,,70,76,93,67,59,76,24,51,18,29,30,48,41,40,57,38,37,44,43,32,35,32,17,27,24,19,22,,24,15,21,24,26,13,14,21,22,36,29,33,30,26,21,57,43,41,65,47,74,49,,93,65,72,74,79,72,94,61,99,140,104,110,117,109,106,97,99,47,54,74,38,36,77,43,48,18,27,23,48,29,24,20,24,26,20,44,193,188,15,12,92,92,58,56,41,50,64,43,43,45,31,20,25,,20,54,47,46,20,31,40,32,40,69,73,75,64,59,75,44,35,20,20,28,31,34,30,,16,7,27,104,54,86,72,47,,38,54,31,39,44,25,56,46,30,19,50,64,34,72,63,27,46,37,53,30,27,23,43,80,34,27,44,38,30,35,36,11,8,43,79,52,69,43,23
20231004,10,SO2,3,3,3,3,3,1,3,3,3,1,3,3,,,7,,4,5,4,,6,,6,6,,10,4,,10,3,2,9,5,6,4,,3,6,,2,,12,12,,,3,,8,7,8,4,,6,6,,6,1,,1,3,7,6,6,4,2,2,1,1,,4,7,10,9,8,10,,15,18,19,15,10,,,8,15,15,18,10,,5,6,,,8,6,5,6,,8,9,,8,6,8,7,5,,6,6,9,9,7,,6,8,10,4,8,,6,5,5,7,6,,5,6,4,6,6,6,6,3,4,3,,,7,6,8,5,9,7,8,8,,6,6,6,5,5,5,7,7,11,7,8,,7,5,,8,10,9,8,8,11,6,6,6,6,7,11,,,,7,9,,7,10,8,,,,11,,8,12,,11,,9,11,18,,,,,16,9,,9,5,6,10,7,,11,7,6,9,6,7,8,8,,18,,11,17,,9,5,,8,,9,,9,7,9,7,6,8,,,,7,8,6,6,5,4,6,,10,,,4,,5,6,,6,4,6,,5,5,,4,4,3,,2,5,6,6,7,6,5,5,8,5,5,6,7,8,,,5,3,3,,,5,6,4,,8,,4,7,7,,8,10,7,9,,8,8,8,11,7,,,19,15,11,16,12,20,7,5,8,7,6,7,6,8,,11,7,6,10,7,8,6,,7,5,4,6,5,,5,4,4,3,2,6,4,7,,3,5,11,5,4,5,6,6,3,6,9,6,5,7,,3,7,7,8,7,8,8,9,7,9,6,16,,14,5,8,11,8,6,,12,14,6,13,,,6,3,11,7,10,10,4,7,7,10,6,,7,8,11,8,9,10,7,23,,6,6,7,8,6,,5,8,5,6,5,,6,,,8,6,,6,5,,4,2,3,3,,,5,6,5,3,5,5,,9,3,6,7,,13,9,11,8,19,,7,8,9,8,8,6,7,6,5,6,7,5,3,5,,,1,4,6,,3,,6,6,,,,,9,,,,10,33,5,2,3,4,6,,9,7,4,7,10,6,6,5,4,5,5,,2,4,5,7,,16,8,6,19,8,49,8,6,7,,6,8,6,10,10,9,5,7,9,6,17,14,13,14,7,6,4,,,25,,18,20,20,13,13,,16,9,,,16,18,15,24,,10,9,19,,18,14,25,15,10,16,,9,9,6,,,,,,,13,,8,11,10,12,11,6,10,8,10,12,,13,,,14,,12,9,18,14,17,16,13,11,,12,10,17,10,8,15,14,16,20,18,4,7,8,8,7,7,6,7,6,11,,9,10,9,,4,7,,8,,7,6,8,,27,7,,,9,11,,,,10,8,13,8,,18,,27,21,,14,16,,18,,30,12,31,,,10,9,15,9,,8,9,11,12,10,7,,8,7,7,7,7,11,8,13,9,8,,6,7,9,10,7,10,7,7,8,10,7,,5,2,5,,4,5,,6,5,5,8,4,4,,5,9,7,6,,8,10,7,,6,8,9,8,10,,10,8,11,,5,,,4,2,1,,16,12,,,,6,,6,,9,,,,10,8,10,8,10,,,,7,5,8,6,6,8,,8,6,7,,5,3,,11,,,4,9,12,3,8,4,13,8,5,6,4,4,6,17,12,12,12,11,12,3,3,4,4,7,7,,8,5,,8,,12,14,,5,5,5,5,4,,,,,1,1,,2,2,2,3,2,3,,5,,,1,6,3,5,,1,,,8,1,5,,7,5,,4,8,4,7,6,6,8,10,5,4,4,2,6,,,9,4,17,41,25,4,10,8,,4,6,20,8,9,,,8,,,,,12,,,,,,,,,,,,,,,,18,,,,,,,,,,,,,,,,,,,,,,,,,,,,,,,,,,,,,,7,3,3,3,4,17,12,12,11,,,,7,7,,7,,,29,37,34,42,33,,,15,15,5,,,5,5,,12,12,8,,14,,8,7,,,5,5,,,,6,3,,,1,3,10,12,10,11,8,3,6,8,5,,9,8,8,10,7,6,4,6,7,,7,4,,,7,18,,7,4,15,20,7,2,5,6,,7,7,5,,,5,11,10,,11,7,,7,3,4,5,6,2,6,4,3,1,,,8,3,12,1,2,6,,6,4,4,,9,7,4,,15,21,8,10,2,8,,,7,7,,6,1,7,7,,,6,5,5,6,11,11,,8,,9,,,,5,9,8,6,14,14,,6,,5,7,5,8,7,7,9,,8,5,10,,,5,5,5,,8,8,8,,,5,4,7,6,6,19,12,26,23,18,18,,13,10,16,,6,5,7,17,29,,14,7,12,10,6,13,8,12,8,,16,11,20,1,4,2,4,4,,9,4,,14,17,,,8,,7,5,,4,4,8,,8,11,6,10,6,,5,4,8,6,6,7,9,,6,6,6,4,6,,10,7,9,7,7,6,8,8,7,8,3,4,,11,10,6,,10,6,,9,6,,6,,7,6,6,10,8,13,10,6,8,9,6,24,9,8,9,12,4,7,,7,2,4,4,4,5,,8,,6,6,6,4,1,3,,4,10,3,1,5,4,6,,6,24,11,16,13,4,4,4,11,9,,6,,4,11,11,12,12,45,48,8,8,11,8,12,,18,8,9,6,3,,2,5,8,6,7,9,8,7,,4,12,11,10,6,7,,,,4,7,,7,9,8,7,9,,,8,6,8,,,,,,5,4,5,8,4,,4,,8,8,9,11,10,19,,6,,5,6,,,,,1,1,5,,4,5,6,,2,7,6,19,24,,8,9,6,11,7,6,3,4,,5,6,5,9,6,10,4,6,27,,8,4,,8,8,,10,10,2,,9,,8,,6,7,5,5,8,8,15,,16,17,10,7,6,5,,176,75,,10,8,4,,12,6,3,4,4,4,,5,6,2,2,,,7,4,4,,8,12,10,14,15,10,9,,10,,,12,13,3,6,7,6,4,4,6,,6,8,7,5,6,2,3,5,5,,,14,11,13,5,,4,6,8,2,23,3,11,5,16,6,4,5,12,,,6,9,6,7,6,4,,,,19,9,7,6,10,13,9,10,29,10,,6,5,4,,,4,12,,7,,6,11,43,4,,8,9,,,12,7,11,9,13,7,14,16,12,8,12,6,6,7,18,,5,4,,3,,9,6,3,9,2,10,3,11,4,8,9,7,9,6,7,15,18,1,18,7,12,8,,8,7,7,8,,2,12,6,6,8,7,7,14,8,12,10,11,4,14,8,18,4,,4,9,9,16,7,7,6,5,,,8,14,7,10,10,7,8,9,,5,12,15,10,14,5,9,11,5,,,6,6,8,45,5,7,,4,7,8,6,8,5,8,8,1,9,8,9,10,7,8,12,,9,8,9,8,10,6,6,6,4,6,4,8,6,3,6,9,,17,8,,12,8,8,1,3,9,5,5,5,10,5,8,11,11,4,,8,10,13,10,,2,2,7,5,7,8,,6,9,10,25,14,5,6,5,10,9,2,,2,9,8,18,16,22,18,8,17,,20,11,11,19,14,4,4,,11,6,11,9,6,7,4,10,11,4,10,11,,6,7,6,,9,10,6,8,18,3,3,,9,6,5,5,8,39,1,9,8,7,11,6,16,8,6,5,2,3,9,8,7,6,12,8,8,9,8,,15,6,5,12,12,9,8,7,9,13,3,8,13,7,4,8,6,6,8,4,7,10,20,10,7,12,10,12,9,5,11,6,10,16,3,7,7,5,5,6,8,10,7,16,14,9,14,10,9,12,8,9,6,,219,17,25,,26,20,7,6,8,2,10,4,,5,11,4,14,11,8,6,2,6,4,4,2,7,4,,7,4,,10,9,7,6,4,8,6,8,7,6,5,5,13,9,12,9,11,19,107,,7,28,3,3,8,7,11,22,4,5,9,11,9,10,10,9,13,10,7,10,1,5,23,6,10,8,10,8,16,4,4,4,5,5,9,6,18,23,6,4,10,36,6,13,10,8,10,12,9,9,16,8,7,,8,4,4,8,,8,2,,10,14,27,20,13,8,13,8,6,7,4,5,9,4,4,,,6,14,16,6,13,5,5,,3,3,3,1,9,15,12,10,8,12,7,10,6,,1,1,3,3,3,7,5,8,6,32,7,6,7,4,7,,4,7,4,8,15,22,19,,9
20231004,10,SO2_24h,3,2,3,3,3,3,3,3,3,2,3,3,,,9,,6,8,6,,8,,6,6,,8,5,,10,5,7,8,7,9,8,,3,6,,2,,12,11,12,,8,,9,11,12,8,8,8,8,,8,3,,2,2,7,11,11,10,18,9,3,3,,7,8,9,8,5,10,,18,12,11,14,11,,,9,14,11,17,11,,8,8,,,10,9,7,9,,12,15,,9,8,12,10,8,,8,7,11,9,9,9,7,8,11,8,9,6,7,6,6,8,7,,6,7,5,8,6,6,6,3,5,5,7,10,7,6,9,5,9,7,8,8,,4,6,7,5,5,3,5,4,7,5,4,7,3,5,,8,10,9,8,8,10,6,6,7,6,7,8,,,,5,6,,6,6,6,,,,9,,6,8,11,8,6,8,10,8,9,,,,12,10,,4,4,3,8,8,,9,8,8,10,7,8,6,6,,11,,8,8,,8,5,,6,8,8,,9,6,9,7,6,9,5,,,8,8,7,6,5,4,6,,8,,,3,,5,5,,6,4,6,6,5,5,,4,4,3,4,3,6,6,6,6,6,5,5,7,4,4,5,5,6,,,5,3,3,4,,4,4,5,6,7,,8,7,9,,7,6,4,6,,4,4,4,8,5,,,9,8,9,8,8,8,5,4,6,7,6,6,6,8,,8,6,6,8,6,7,6,,7,4,4,6,5,4,4,4,4,3,2,6,4,7,,4,5,9,4,4,5,6,6,3,6,9,6,5,7,,3,6,6,8,6,6,6,7,11,7,6,8,,7,5,6,7,6,4,,6,6,4,6,,,6,4,12,5,7,8,4,6,5,9,5,,6,6,10,6,7,10,8,7,,6,6,5,8,6,,5,8,5,6,5,5,6,,,7,7,7,6,6,,2,2,3,2,,,3,8,5,3,3,6,5,8,4,7,5,,9,7,9,7,16,7,7,7,9,8,7,6,7,6,5,6,7,5,3,5,,5,3,5,7,,4,,8,11,,,,,27,,,,13,23,6,3,4,5,8,,11,7,4,7,9,6,5,5,4,5,7,,4,4,5,15,,20,15,14,16,30,28,7,5,14,,6,7,6,10,8,10,6,10,11,7,18,10,10,13,7,7,4,,,10,,11,11,13,7,10,,13,8,,,11,14,10,11,,8,8,19,,8,6,7,7,8,11,5,5,7,2,,,,,,,11,,7,10,8,9,9,6,10,4,6,8,,21,,,14,,12,9,13,8,9,10,11,9,,9,8,8,8,8,6,11,10,13,12,3,6,8,6,6,7,5,6,5,9,,7,8,7,,5,8,,10,8,6,6,6,,10,6,,,9,10,,,,15,14,16,12,10,11,,15,17,,14,16,,17,,17,12,14,,11,11,10,14,9,,7,11,12,13,14,8,,14,9,11,10,9,11,7,17,23,8,9,7,16,17,15,16,17,8,8,9,10,7,,5,2,6,,4,6,6,7,6,6,6,4,4,9,5,7,6,5,,7,8,6,,5,7,8,7,10,,11,8,11,,5,,3,3,3,2,,12,11,,,,5,,5,,7,,,,8,8,7,8,9,,,,6,4,8,6,6,6,,7,6,7,6,4,3,,8,,,4,7,9,3,9,4,9,8,6,6,4,4,5,12,7,9,10,8,8,3,3,4,6,7,8,,7,5,8,9,,8,12,6,5,6,5,6,4,,,,,4,6,,5,6,2,3,3,3,3,4,7,2,1,6,4,5,,2,3,,8,3,6,,7,5,,5,8,5,8,6,7,8,10,6,4,6,4,6,,,12,4,58,57,31,6,9,5,,8,7,11,6,8,,,6,,,,,8,,,,,,,,,,,,,,,,9,,,,,,,,,,,,,,,,,,,,,,,,,,,,,,,,,,,,,,6,2,3,2,4,8,5,7,8,,,,8,7,9,7,,,16,20,16,18,18,13,,14,14,8,,,6,7,,16,12,3,,7,,13,11,,,5,5,,,7,6,6,,,3,4,10,12,11,11,8,5,9,11,10,9,11,11,10,14,10,9,5,12,11,14,12,6,,5,6,8,,9,6,10,10,7,3,7,8,7,7,7,6,,,7,11,8,11,11,9,6,7,3,11,14,6,2,5,4,3,1,,,8,4,4,1,2,6,,5,5,5,,5,6,4,,7,10,8,8,1,7,7,,5,5,7,3,2,7,6,5,,4,5,5,6,8,7,,7,,8,,,,5,9,6,5,13,7,,4,,4,6,5,7,7,7,7,,10,4,14,,,4,5,5,,6,10,5,,,6,4,6,7,17,11,11,32,23,24,23,24,17,11,18,,9,7,24,20,11,,17,12,14,6,10,13,9,12,17,,19,19,24,3,7,3,5,7,,10,5,,11,7,9,,8,6,8,4,,4,4,5,,5,8,3,7,3,,5,4,7,6,6,7,8,,6,6,5,5,6,,9,6,9,7,6,6,9,9,7,9,4,4,,9,7,6,,8,7,,8,7,7,6,,6,6,6,10,8,14,18,6,8,14,9,8,10,10,7,10,4,2,4,3,2,5,8,8,9,8,8,7,7,6,9,4,1,2,5,3,4,3,2,3,4,6,6,8,14,10,10,11,5,5,7,12,8,9,6,6,5,11,9,26,24,24,33,6,7,5,8,9,,12,6,4,6,3,,2,6,8,7,8,8,8,6,9,5,8,9,10,7,7,,,,4,7,,7,7,11,11,12,9,,9,7,9,,,,,,6,4,5,8,5,,5,,7,7,10,11,11,19,,6,5,6,6,,,,,1,1,5,5,4,5,5,,3,6,5,9,9,,8,9,6,11,7,6,4,4,,5,8,5,9,7,8,4,5,17,,8,4,,8,7,,9,8,4,,6,,7,,6,7,8,5,7,7,8,11,11,12,8,8,7,5,,93,66,,12,8,4,,10,7,4,4,6,12,,5,6,3,3,,,10,6,3,,9,13,12,12,11,10,10,,12,,,10,7,2,6,6,5,4,5,7,,8,8,8,6,6,4,3,5,5,,,10,10,9,3,,4,9,11,3,9,2,12,5,8,6,6,8,15,,6,6,8,5,8,5,4,,4,,9,7,4,6,9,10,9,9,7,10,7,7,5,4,,,6,8,8,8,,8,12,23,4,,6,8,,,7,7,9,8,9,6,9,10,10,8,10,6,6,7,16,,6,4,,3,5,5,6,3,12,4,16,3,11,3,6,5,7,9,8,6,16,9,2,7,7,7,8,,8,8,7,7,,3,13,6,4,5,7,5,10,6,12,8,8,4,22,7,9,5,9,7,8,7,10,8,7,6,5,,,8,6,6,9,8,6,6,8,,5,9,19,7,20,6,8,7,4,,8,7,11,24,51,5,6,10,4,7,8,6,9,5,7,8,3,14,12,14,17,7,7,9,9,9,7,8,8,10,5,5,5,8,6,5,5,6,3,5,8,7,12,7,7,9,5,8,3,3,12,8,7,9,8,3,4,8,7,3,4,9,8,9,7,6,2,2,11,7,10,9,10,6,14,12,18,14,6,8,8,8,10,2,,3,9,9,6,5,6,16,6,9,,12,8,9,18,10,5,6,,9,5,10,10,6,7,5,7,11,12,9,10,19,5,5,6,7,7,12,5,12,9,3,3,12,12,4,5,5,8,12,2,8,8,7,11,6,10,8,6,6,4,5,11,10,9,5,10,7,8,8,6,6,14,6,4,9,8,7,8,7,14,11,5,10,9,5,3,6,5,5,8,5,7,8,10,10,7,10,9,6,27,5,16,6,7,11,6,4,7,5,5,7,6,7,4,10,12,11,12,7,7,9,4,8,8,,22,15,14,9,46,25,6,22,8,3,7,3,4,5,8,5,8,9,8,6,2,6,4,4,2,6,4,,8,4,6,10,8,6,7,4,8,5,7,6,6,4,5,20,12,16,8,13,10,19,,10,12,3,2,3,6,9,14,5,8,13,15,12,14,13,11,16,8,8,9,2,5,15,6,12,8,9,7,13,5,4,4,5,5,8,7,10,11,6,4,10,33,6,18,10,7,8,5,9,9,12,10,8,,6,4,3,4,8,6,5,9,9,10,10,17,11,10,10,8,6,7,5,5,8,3,5,,5,5,6,8,8,13,7,6,,2,3,2,2,14,13,8,7,15,15,6,11,6,7,3,3,2,3,3,10,8,8,5,20,9,5,9,5,7,6,5,7,5,9,12,12,12,8,11
20231004,10,NO2,18,2,9,16,12,23,20,13,12,6,9,30,,,12,,19,18,16,,19,,21,18,,28,22,,52,26,25,45,32,40,,,6,26,,20,,21,31,,,5,,49,,43,32,,27,38,,50,8,,7,7,7,12,4,6,12,2,18,18,,18,25,20,18,63,51,,20,24,39,25,34,,,21,35,39,39,48,,7,18,,,12,6,14,10,,,12,,10,8,9,14,17,,,14,14,13,21,14,11,7,12,10,11,15,13,6,,14,6,,7,6,4,4,8,8,6,3,10,11,9,,5,8,6,12,21,16,15,15,,22,12,14,14,20,24,19,18,21,20,18,24,20,15,,15,12,18,19,14,20,11,12,10,10,10,25,,,,30,23,,39,25,23,,,,19,,23,25,26,28,,30,20,32,24,,,,20,16,,19,17,15,13,12,,20,16,18,20,20,17,8,11,,12,,17,18,,26,26,,25,25,20,,34,22,19,21,19,14,13,,,9,12,8,9,5,7,10,,27,,,19,,18,17,,10,6,10,8,6,6,,26,21,10,11,14,11,12,13,21,19,16,12,,9,20,24,20,24,,,4,5,6,,,24,24,12,11,15,,,13,10,,11,20,29,41,,28,25,32,25,11,,,28,30,29,39,33,40,48,46,38,45,45,35,49,53,,30,27,24,31,25,29,,,21,17,15,7,6,8,10,12,10,12,6,6,44,25,,15,27,28,13,29,22,24,10,20,18,16,18,12,7,,12,12,12,17,11,11,19,9,,37,35,29,,30,24,18,24,22,20,,27,25,17,23,,,18,11,19,11,8,4,11,13,31,35,27,,14,16,19,11,21,22,13,15,,9,17,8,11,8,,19,17,15,26,17,27,17,,,20,26,25,24,27,,21,30,17,24,,,29,9,8,14,5,7,5,12,11,10,8,,19,11,15,13,18,16,19,22,17,8,30,14,28,21,26,20,,22,16,10,,,21,19,24,,,,18,42,,,,,10,,,,18,16,55,32,47,46,37,,30,14,13,14,10,12,13,14,15,16,14,,5,11,10,8,,13,7,8,10,27,19,23,20,23,,8,12,12,12,14,11,13,13,20,13,15,8,7,10,9,14,13,,,35,,35,45,44,31,26,,36,18,,,33,31,34,45,,24,26,30,,29,32,34,35,22,15,,31,17,23,,,,,,,28,,35,27,36,34,22,21,30,21,14,16,,23,,,6,,3,5,5,18,20,17,14,11,,11,12,11,13,10,15,10,11,12,13,9,13,14,5,4,4,8,11,9,12,,,8,15,,5,5,,6,8,14,14,8,,26,15,,,33,39,,,,11,10,7,11,45,50,,42,42,,30,39,,37,,,74,70,,76,16,13,18,14,,9,12,12,16,12,14,,8,11,7,5,3,7,11,13,16,14,13,10,13,8,8,8,,8,11,6,13,9,,5,4,11,,5,6,,5,5,4,4,8,6,13,5,25,36,18,,30,18,38,,14,14,18,13,12,,25,15,6,,32,,28,35,20,17,,50,38,,,,36,,44,,40,,,,42,39,19,32,21,,,,24,23,11,19,16,17,,18,22,15,,12,5,,13,,,2,15,21,17,6,5,9,7,11,5,4,8,5,13,12,13,16,14,13,5,5,10,21,21,25,,30,34,27,21,,18,22,19,9,12,18,12,16,,,,,15,16,,,5,18,12,15,14,15,12,,,4,8,12,10,,18,18,,17,23,26,,28,28,,33,,14,28,28,,38,29,27,20,33,30,24,,,20,19,12,27,28,14,14,50,,38,22,49,63,18,,,25,,,,,22,,,,,,,,,,,,,,,,24,,,,,,,,,,,,,,,,,,,,,,,,,,,,,,,,,,,,,,14,13,14,18,,30,27,31,34,,,,43,39,,45,,,,35,30,30,30,45,,54,57,,,,18,30,,42,38,31,,33,,25,16,,,9,,,,9,13,4,,,3,3,5,5,10,9,5,9,8,8,2,7,14,9,6,7,11,7,12,6,6,10,6,4,,9,10,5,,10,11,21,26,6,5,13,4,27,37,14,8,,,5,7,12,,4,2,4,14,3,8,6,5,4,7,6,10,2,,,4,11,,2,9,6,,3,8,11,,,7,13,,19,,22,15,5,23,12,,12,14,15,14,14,12,17,21,,16,6,7,10,11,12,,8,,13,,,,15,14,17,9,18,23,,24,,23,30,28,11,,5,10,,9,12,8,,,6,8,9,,9,9,13,,,13,5,6,,10,6,8,16,15,17,14,,18,17,17,,7,7,10,12,13,,4,17,20,16,14,14,14,16,25,,21,20,20,2,13,8,7,9,16,16,17,,51,42,46,,32,47,,27,,28,39,40,,42,39,33,29,27,,38,40,30,30,39,23,26,,20,21,15,12,7,,24,16,7,24,8,16,23,25,20,19,13,17,,18,22,17,,17,13,,2,3,,11,,16,19,15,12,17,12,12,20,9,14,13,9,10,12,13,15,8,16,13,15,12,8,12,12,9,,9,10,10,9,9,4,7,5,6,4,3,9,11,13,7,3,12,15,25,28,27,20,8,17,16,12,9,20,17,,10,16,5,,12,21,22,12,12,12,13,18,,18,6,7,8,14,,15,6,12,14,18,20,23,23,,24,29,31,15,21,32,,,,8,12,,10,15,28,27,31,25,,25,18,16,,,,,,10,13,20,12,5,,2,,12,5,4,5,6,8,,9,6,8,7,,,,,3,6,8,6,5,6,9,,2,10,12,13,13,,6,7,6,9,8,7,4,5,,4,5,6,7,11,10,5,6,12,,11,10,,8,13,,,13,15,,10,,38,,4,6,9,18,20,12,32,53,53,54,8,18,16,9,,24,20,,17,16,26,,24,31,20,,20,31,,18,11,2,7,,,11,5,18,,7,8,22,7,6,8,16,,15,,,30,17,14,14,45,64,66,62,7,,43,14,21,12,19,10,40,57,48,,,48,43,32,7,,23,42,45,21,15,25,37,10,29,28,6,27,44,,,8,16,18,16,25,16,,9,,28,22,30,8,15,15,16,24,33,13,9,11,26,6,,,16,20,23,14,,15,14,16,2,,27,15,,,38,16,33,9,22,20,23,16,21,21,15,25,18,,41,,13,19,,11,7,23,23,10,4,5,21,4,32,20,10,11,20,51,36,14,11,44,4,35,13,55,9,,4,5,4,41,,6,24,30,35,28,41,12,17,13,46,37,32,16,21,24,17,33,37,15,54,23,30,9,8,22,,,,20,17,56,19,23,28,16,14,,,38,15,13,40,10,33,18,21,,9,34,27,10,,22,,,6,9,18,17,17,22,23,9,11,14,8,16,4,19,15,30,24,23,6,9,34,5,6,14,38,,18,36,47,15,18,7,18,22,24,8,,8,26,9,12,2,17,11,17,12,21,19,22,10,17,20,,43,34,37,35,,19,21,4,6,5,12,17,18,12,,16,17,17,20,9,33,26,29,,30,21,25,38,54,33,23,19,25,,34,38,,29,10,8,8,,12,12,30,32,2,12,4,17,13,5,11,17,,,24,26,21,22,12,15,12,30,8,3,8,4,26,16,21,30,22,8,29,17,15,12,6,20,10,6,19,56,22,37,17,22,7,9,4,6,14,17,,9,8,10,11,22,10,31,11,36,43,6,,24,12,11,21,,12,12,22,44,31,48,43,45,33,31,30,6,4,8,5,26,18,6,33,10,20,19,22,28,39,17,38,22,34,37,28,24,53,13,13,44,,,37,34,,24,23,13,13,15,6,8,20,,8,13,3,10,13,9,13,14,7,1,8,4,5,5,,12,18,26,12,20,15,9,7,11,21,16,25,5,22,7,,10,27,47,38,45,17,,39,44,11,9,12,39,45,29,30,31,28,25,22,28,22,19,19,33,33,44,19,14,52,32,32,17,17,20,36,25,17,21,17,10,52,50,31,42,15,22,21,67,33,15,4,18,10,39,13,16,16,25,24,,20,14,25,28,14,26,15,53,,33,,19,42,19,,27,28,21,14,10,24,28,17,,8,,19,7,15,27,42,14,,12,19,4,11,10,13,38,29,11,11,16,46,14,18,14,12,9,17,5,12,10,6,23,52,12,8,16,6,10,4,8,7,7,36,30,36,37,11,18
20231004,10,NO2_24h,22,6,21,19,28,23,24,31,19,7,27,28,,,28,,25,28,30,,26,,33,30,,39,27,,39,32,37,32,33,31,18,,27,37,,37,,30,65,28,,19,,34,47,31,46,37,38,57,,77,17,,20,21,15,32,28,31,34,12,24,27,,26,30,25,25,29,35,,24,43,36,30,56,,,55,62,61,67,43,,23,30,,,23,16,17,18,,15,19,,15,12,13,16,20,,6,18,18,18,19,17,18,17,21,20,15,24,17,16,15,15,10,,16,16,17,11,12,13,13,16,20,20,19,19,11,15,19,15,22,24,16,17,,21,15,18,17,22,26,20,24,21,22,20,22,20,17,,19,16,22,28,14,22,17,18,18,17,17,31,,,,28,23,,34,24,26,,,,19,,25,27,27,30,34,28,19,24,28,,,,19,18,,20,19,16,16,15,,21,29,33,31,37,35,13,18,,13,,27,21,,24,20,,22,22,19,,26,18,17,18,16,16,10,,,13,13,11,15,9,16,18,,17,,,26,,18,16,,9,7,9,7,7,7,,20,18,13,15,18,13,14,15,23,19,16,12,15,11,14,29,17,20,,,7,8,8,7,,12,16,12,9,11,,11,9,10,,10,17,24,31,,27,27,33,24,9,,,20,28,20,22,30,28,22,23,21,26,22,22,26,22,,18,18,16,19,16,21,15,,14,14,15,7,6,7,9,10,10,11,6,5,34,26,,34,41,22,24,33,19,34,12,18,20,21,20,19,22,,12,15,12,26,9,10,10,9,20,26,24,17,,13,32,24,15,12,11,,12,14,11,12,,,21,14,21,24,16,14,14,27,24,35,16,,10,11,15,12,15,18,18,27,,9,18,9,10,8,,22,15,16,23,15,22,20,,,19,29,18,20,24,,19,14,19,18,,,20,9,7,14,5,7,5,11,10,9,7,,17,8,12,13,15,15,16,15,12,9,14,6,25,21,27,22,24,18,21,14,,16,23,22,24,,37,,34,42,,,,,19,,,,38,29,54,50,38,49,37,,16,13,10,12,9,10,14,17,13,15,14,,9,12,9,21,,18,16,19,17,42,25,21,25,35,,13,14,15,13,12,13,17,17,18,16,16,16,16,22,12,14,11,,,37,,29,36,36,25,20,,26,23,,,35,44,38,45,,23,26,27,,40,36,31,45,24,17,14,13,7,26,,,,,,,22,,26,21,21,31,34,27,37,10,8,13,,32,,,6,,4,7,9,14,15,13,13,10,,14,13,10,9,16,7,11,9,10,15,18,14,17,6,6,5,15,11,12,7,,7,10,13,,9,9,,9,10,15,14,5,,23,10,,,28,23,,,,24,21,15,22,25,30,,26,25,,27,32,,29,,60,61,46,,60,22,18,21,19,,13,17,17,22,16,15,,17,19,12,9,11,12,12,23,33,14,13,15,16,23,15,14,12,12,17,15,14,12,,10,11,10,,10,21,28,20,18,22,12,13,9,14,13,23,28,13,,21,11,21,,9,13,15,19,11,,19,17,5,,28,,30,28,18,20,,27,23,,,,18,,26,,26,,,,31,21,19,29,17,,,,26,22,13,19,19,17,,10,16,12,14,13,5,,12,,,3,10,14,7,4,5,10,8,11,8,5,6,9,12,18,20,16,20,20,5,4,9,15,13,15,,24,27,25,23,,10,16,14,8,17,16,12,16,,,,,14,12,,11,5,13,9,12,13,10,12,8,7,6,8,10,9,,15,17,,29,34,30,,26,29,,34,13,12,27,18,22,30,24,27,23,31,27,25,,,13,7,30,25,39,28,10,13,,12,8,42,34,17,,,24,,,,,20,,,,,,,,,,,,,,,,16,,,,,,,,,,,,,,,,,,,,,,,,,,,,,,,,,,,,,,15,19,10,19,23,25,20,19,28,,,,22,24,24,32,,,29,34,29,28,33,41,,49,42,16,,,16,21,,45,41,39,,32,,18,15,,,11,8,,,11,13,10,,,8,5,9,12,12,10,7,14,15,12,9,15,16,16,12,16,11,11,16,11,13,14,16,17,,11,11,5,,7,8,11,16,11,8,12,7,17,22,14,17,,,15,14,10,18,9,9,9,15,4,8,13,6,18,15,16,18,4,,,8,17,10,2,9,7,,4,13,15,,18,19,17,,18,15,21,14,14,20,26,,14,17,26,19,15,13,13,16,,13,7,8,9,16,13,,23,,32,,,,17,14,13,11,19,18,,14,,18,28,24,8,5,7,8,,14,18,16,,,10,12,11,,13,16,12,,,11,4,9,8,12,6,9,24,18,23,17,11,16,16,16,,7,7,9,7,9,,6,12,10,9,12,10,12,14,30,,29,25,14,3,10,8,6,8,14,16,14,,28,27,28,,32,25,31,17,,16,22,27,,24,22,25,18,22,,23,18,16,17,16,13,24,,18,12,15,14,10,,20,14,7,22,5,4,24,29,27,26,16,19,,14,13,14,,10,8,,6,5,10,14,,8,12,13,10,14,15,9,10,9,11,11,8,9,11,12,11,6,12,8,9,10,12,12,10,10,13,9,11,11,10,9,4,6,4,6,3,4,9,7,10,6,5,7,11,28,31,25,30,14,12,13,19,20,18,20,12,11,9,6,10,12,16,13,13,14,12,11,19,,14,11,10,6,7,,8,7,12,11,12,10,15,16,18,13,19,16,12,13,25,,,,7,10,,8,14,24,22,25,24,,20,13,10,,,,,,9,9,13,9,9,,5,,7,4,9,6,7,9,,7,3,5,4,,,,,3,4,7,5,5,7,7,,2,6,6,10,11,,10,9,6,10,8,8,6,7,,5,6,6,7,12,9,5,10,10,,7,12,,8,12,,5,6,12,,7,,10,,2,4,9,9,9,11,38,49,55,46,7,14,13,12,,34,26,,10,10,19,,16,14,27,26,13,11,,12,12,9,18,,,16,14,16,,7,12,15,7,9,9,25,,22,,,24,20,13,15,26,25,40,35,9,,26,16,8,13,21,13,35,43,37,,,35,26,30,7,,16,21,24,17,11,22,17,22,47,36,18,32,42,,38,15,19,19,16,25,20,,27,,30,25,21,7,15,16,9,10,24,16,13,8,22,5,,,26,14,16,21,,30,32,31,7,,25,21,,,37,20,36,11,24,23,25,21,26,21,11,26,14,13,34,,26,20,,12,11,16,15,15,7,9,29,6,28,17,8,8,34,26,29,9,15,53,5,41,10,43,12,,5,5,4,12,,20,28,32,21,15,24,12,16,12,25,21,26,17,27,16,30,29,28,10,25,18,32,7,7,14,17,,,35,18,35,17,31,3,16,20,,17,19,14,20,47,8,22,18,15,,13,36,34,17,23,11,8,22,7,16,20,20,24,25,20,12,16,21,18,16,9,16,11,23,23,24,9,11,22,13,12,25,42,30,31,27,34,12,26,17,8,13,16,17,16,7,15,18,12,7,32,23,33,23,16,13,21,16,16,14,16,34,24,22,19,15,20,21,7,8,9,13,13,13,13,6,14,20,11,14,6,26,15,21,,18,14,14,25,43,27,33,11,29,,32,35,37,22,11,9,9,,15,11,23,31,7,11,6,14,12,6,21,13,17,21,16,21,14,15,14,15,15,36,14,12,18,10,20,13,17,32,23,7,31,26,17,16,15,11,12,14,20,57,23,42,20,16,19,9,6,6,24,10,10,8,9,14,7,16,10,22,28,26,45,14,27,47,16,10,21,22,22,32,20,24,17,29,22,27,25,20,28,14,9,14,4,20,18,12,20,19,14,21,21,18,50,13,35,26,23,28,18,33,37,14,25,32,,25,44,51,54,24,39,18,21,14,14,8,20,15,11,15,4,10,13,11,9,8,5,1,11,5,3,3,,14,10,26,14,17,14,7,6,12,19,17,22,8,25,9,26,17,20,24,26,45,24,,44,34,33,38,40,44,38,23,27,52,35,46,35,31,28,33,38,30,18,31,23,23,34,16,26,18,14,16,22,29,19,21,23,12,9,28,22,32,14,11,37,50,22,21,4,20,10,20,17,21,12,21,20,,14,18,32,31,14,16,11,28,32,35,50,40,23,19,25,26,27,26,12,14,24,23,15,,10,5,11,13,15,30,21,15,,16,27,10,24,21,10,24,27,19,22,17,31,12,26,35,18,16,22,29,23,25,6,21,30,15,11,19,14,13,7,19,7,5,24,40,23,36,14,15
20231004,10,O3,40,44,53,45,46,36,30,48,52,33,43,26,,,64,,60,61,67,,61,,57,60,,64,56,,32,56,42,40,51,48,175,,76,66,,65,,66,62,52,,66,,41,54,48,50,,45,,,43,62,,61,60,65,,64,68,61,66,47,,,52,66,65,62,17,27,,62,68,,64,37,,,64,50,30,44,14,,59,52,,,66,66,56,65,,61,62,,62,66,63,63,57,,65,70,68,71,63,75,82,74,70,72,85,,58,63,62,57,64,,59,65,66,56,46,52,49,52,50,52,,50,57,51,55,87,85,92,88,91,,88,94,84,86,63,,67,62,61,55,,66,66,70,,78,82,82,83,82,,104,98,90,99,92,69,,,,60,76,,,73,75,,,,74,,67,68,63,69,64,64,71,61,,,,,63,86,,70,70,75,93,95,,91,,86,83,85,80,107,116,,111,,88,,,64,47,,64,55,56,,,65,62,52,77,84,80,,,88,83,90,98,103,,95,,56,,,82,,72,69,,,96,91,87,97,93,,49,,64,68,73,86,88,82,59,52,65,67,61,70,55,52,58,52,,,101,90,101,91,,77,86,39,,49,,42,43,60,,44,115,85,91,,102,94,111,,101,,,108,101,80,92,107,89,14,22,21,17,16,22,16,6,,37,30,35,32,28,38,34,,40,45,27,35,,,,35,36,31,35,20,27,45,,57,62,69,72,42,28,,65,73,67,78,78,75,73,,82,68,74,95,93,77,69,78,42,37,40,51,,,47,44,88,,80,,49,69,72,67,,,66,83,64,67,,63,113,62,46,37,46,,55,49,,52,40,47,53,54,,64,55,60,57,15,,6,7,,6,4,,15,,,14,12,5,12,8,,19,10,28,17,,,,54,74,76,68,72,,64,65,82,72,,26,26,21,19,22,,37,36,35,39,18,30,39,32,45,40,,37,36,52,,,31,43,29,,,,62,51,,,,,81,,,,60,55,5,33,3,16,31,,21,25,31,39,37,30,28,28,25,28,29,,29,34,33,75,,76,73,77,74,46,52,47,47,48,,67,65,70,83,76,71,73,70,72,67,74,72,74,76,99,91,105,,,87,,82,77,82,78,65,,59,92,,,84,104,78,78,,107,99,106,,96,90,77,74,98,128,,107,118,117,,,,,,,60,,50,82,69,,,101,84,127,129,129,,127,,,69,,68,65,70,82,94,93,92,94,,54,53,58,54,57,51,62,62,60,56,68,62,54,66,71,59,63,60,62,63,,45,68,60,,56,68,,79,,76,94,53,,43,18,,,62,51,,,,57,50,63,59,17,15,,17,14,,11,19,,27,,18,18,20,,18,114,70,59,68,,63,66,62,57,61,59,,61,58,,62,61,62,59,60,60,,,58,72,72,75,73,74,,60,64,,60,,46,46,44,,45,65,58,62,62,65,53,39,46,,44,47,36,46,,41,54,31,,45,56,50,63,52,,46,58,62,,18,,,7,13,18,,27,23,,,,17,,18,,13,,,,16,16,40,,16,,,,13,10,14,7,44,41,,32,29,40,,43,58,,40,,,62,41,,32,69,62,61,61,63,46,57,,52,68,71,68,67,63,75,62,62,,37,35,30,,11,7,,11,,28,26,30,33,16,,13,17,,,,,37,37,,32,23,19,20,20,19,,36,32,29,35,36,19,23,,24,27,,6,7,7,,10,,,8,12,38,30,27,29,25,33,37,31,29,29,32,,,58,83,67,59,54,66,55,8,,20,29,30,12,64,,,108,,,,,116,,,,,,,,,,,,,,,,100,,,,,,,,,,,,,,,,,,,,,,,,,,,,,,,,,,,,,,32,60,29,46,53,47,45,49,40,,,,17,29,29,20,,,21,,43,43,34,34,,37,37,,,,39,16,,24,,12,,11,,,66,,,70,60,,,64,64,65,,,64,65,71,,95,92,102,73,68,67,68,72,66,55,60,60,60,67,59,,76,73,73,74,,55,58,67,,68,67,51,50,66,60,75,75,22,17,30,,,,69,63,50,44,72,68,66,51,94,59,64,46,,52,54,51,65,,,90,43,32,,48,49,,47,87,84,,76,89,92,,62,,73,66,71,64,71,,42,45,44,50,40,,45,46,,50,42,37,26,89,88,,80,,78,,,,34,37,32,32,,59,,31,,31,26,23,96,96,103,110,,52,55,61,,,,69,63,,61,60,58,,,85,31,35,36,32,29,18,9,12,10,15,43,41,46,44,,28,23,24,23,,,73,73,70,77,54,53,51,50,7,,11,12,13,44,47,45,44,47,47,64,60,,32,24,25,,39,18,21,57,,47,35,32,,17,35,49,45,56,,26,15,19,18,27,51,50,,56,47,62,30,35,,22,30,61,12,26,20,54,51,64,70,35,33,,28,,28,,34,36,,54,22,,33,,40,36,38,,29,32,,24,37,30,26,30,36,37,35,30,24,29,31,28,30,19,16,17,18,19,39,46,41,42,52,46,49,45,52,41,,44,30,,43,39,44,46,44,49,,43,44,29,32,52,55,,62,69,65,60,55,65,63,50,48,60,63,64,,47,,58,58,77,65,53,,56,27,,16,15,16,25,25,23,15,33,32,27,13,13,,,,24,21,,22,23,14,14,12,,,,19,10,,,,,,,33,30,39,4,,12,,33,41,45,43,44,41,,41,,42,54,,,,,59,66,40,39,57,57,21,,72,34,30,39,41,,37,36,27,30,21,20,29,25,,51,52,63,59,16,19,32,35,10,,12,8,,35,22,,29,27,32,,37,,57,,26,26,47,38,36,52,32,,17,18,20,11,12,43,,91,87,,34,44,50,,44,39,74,69,83,65,,72,74,97,94,,,77,91,44,,94,67,57,48,39,81,52,,44,,,28,51,57,61,46,19,15,11,45,,13,27,23,48,41,83,36,16,19,,,8,10,8,10,,47,16,17,33,39,57,22,50,83,58,64,62,37,,,63,72,74,87,63,83,,83,,,90,15,34,22,22,86,25,62,61,59,17,61,35,,,51,68,54,,,54,,61,57,,62,89,,,62,73,61,115,74,87,85,94,66,66,45,5,19,12,9,,64,40,,64,,21,,90,80,,132,,12,33,45,103,57,14,76,130,,76,62,79,23,39,68,,70,69,66,32,,57,61,5,34,13,13,43,42,38,20,29,22,21,14,37,79,27,20,53,18,44,115,25,32,13,19,,,77,68,,56,83,71,42,75,,40,16,43,88,36,92,25,70,33,,69,56,64,117,103,28,,,102,94,86,83,88,78,80,94,43,54,72,62,73,68,66,73,,74,109,116,58,107,73,79,32,43,87,59,,62,75,82,83,69,49,79,,59,38,74,92,72,66,65,58,60,47,68,52,92,76,37,43,21,30,23,32,43,22,,63,67,63,70,,22,22,30,10,,12,,56,28,18,7,,7,24,19,88,74,92,112,112,120,,91,63,50,48,,28,26,,69,45,41,34,51,36,50,52,65,65,49,60,46,66,66,55,65,67,69,51,74,111,53,58,,75,56,53,52,73,81,80,73,67,70,84,104,90,90,117,34,23,51,36,38,36,77,104,76,51,67,85,61,67,50,65,69,88,72,39,69,58,30,69,,68,89,59,40,42,83,80,33,9,36,26,22,17,38,51,35,64,46,16,34,9,,63,16,34,12,20,26,9,71,129,80,112,55,42,94,98,58,135,123,64,,92,83,91,103,50,61,71,40,34,34,108,89,,101,64,67,54,51,61,54,20,38,69,57,,62,55,,89,22,,61,46,15,26,33,22,50,,62,100,74,92,62,,45,17,,12,61,,50,,69,70,59,42,45,58,53,51,44,47,47,41,42,54,48,43,12,15,20,60,34,12,20,9,17,12,88,33,26,33,38,21,17,10,44,29,20,49,63,16,34,65,58,87,,50,79,79,50,85,,,48,73,24,,,20,36,,60,97,65,120,,38,,13,6,13,,32,62,61,60,,,46,100,86,41,12,21,42,,36,47,60,49,59,13,53,95,68,72,60,5,42,56,72,41,55,27,53,,66,48,,46,67,49,58,52,86,64,92,29,38,8,131,80,102,65,92
20231004,10,O3_24h,161,148,165,159,161,174,155,164,157,155,145,152,,,152,,142,142,164,,162,,141,151,,142,139,,183,187,180,181,183,182,175,,155,159,,150,,157,153,154,,150,,160,159,158,187,79,175,169,,191,116,,118,119,122,140,135,144,130,130,154,160,,157,150,145,141,155,144,,168,167,179,168,144,,,162,144,143,143,120,,93,87,,,101,100,105,106,,142,138,,148,140,144,144,143,,142,152,153,156,146,155,174,165,151,149,153,129,133,137,140,142,144,,133,145,137,82,70,75,69,73,71,76,70,73,77,68,72,98,106,99,105,103,,105,113,99,101,72,67,74,63,66,60,65,74,73,82,,90,90,87,92,93,94,104,98,90,100,93,110,,,,115,128,,123,125,120,,,,86,,80,78,78,86,78,85,74,80,67,,,,74,86,,87,83,88,93,95,,91,88,92,96,85,101,107,116,,111,,115,96,,154,108,,138,137,132,,142,126,150,119,136,165,142,,,135,145,159,136,132,136,123,,128,,,93,,98,97,,125,129,125,116,127,122,,166,172,157,156,152,134,140,154,81,74,86,92,84,86,82,72,80,86,,,148,137,142,122,,147,131,98,105,107,,102,110,107,,104,140,133,129,,142,139,142,142,112,,,163,167,162,167,156,157,136,138,144,134,134,144,132,131,,60,54,61,62,63,58,65,,70,71,36,48,47,45,40,45,44,39,45,33,185,205,,198,205,224,167,198,138,200,151,186,180,170,183,115,151,,122,127,115,206,143,125,164,139,214,189,183,195,,181,194,180,196,209,181,,178,173,138,159,,,188,201,188,114,118,133,125,137,160,163,144,,99,112,109,96,90,105,81,94,,69,75,71,68,42,,36,27,54,50,35,56,39,,,28,45,39,34,88,,84,89,86,79,,,89,110,91,90,84,84,77,73,79,92,81,,68,66,70,72,73,70,74,75,69,75,71,71,100,94,106,95,97,91,101,91,,114,113,93,107,,59,,64,57,,,,,148,,,,162,151,119,99,131,132,110,,99,43,52,56,56,46,46,39,44,45,45,,42,48,54,117,,133,117,132,135,119,117,127,122,120,,156,165,163,114,113,110,107,172,170,178,170,154,181,169,169,167,171,,,135,,122,136,125,126,152,,147,148,,,154,165,155,148,,131,134,176,,126,129,125,124,138,142,110,151,151,139,,,,,,,143,,145,133,139,140,137,153,145,134,143,139,,188,,,113,,116,104,140,188,197,182,183,173,,84,66,78,76,92,82,102,109,114,111,102,86,97,131,129,118,69,71,72,93,,105,168,162,,159,169,,129,126,128,133,114,,121,60,,,147,144,,,,118,116,120,112,194,204,,198,212,,140,146,,157,,155,151,158,,156,155,108,103,116,,146,143,146,144,143,140,,150,143,152,144,147,147,131,138,130,143,129,127,155,166,164,150,158,134,133,130,129,136,,63,63,63,,63,80,75,75,78,88,72,77,74,92,82,73,63,72,,73,80,81,,73,80,72,76,74,,87,77,98,,122,,124,118,121,123,,177,170,,,,131,,137,,135,,,,145,142,133,93,93,,,,47,54,63,59,65,71,,55,48,49,43,60,71,,69,,,69,74,71,69,80,87,105,112,100,75,80,82,81,110,94,94,101,99,108,62,62,86,82,96,87,,64,65,62,61,,69,78,74,59,63,84,74,66,,,,,86,84,,87,60,64,60,65,67,61,86,91,96,96,84,81,84,,94,100,,58,74,85,,88,95,,90,69,87,77,84,78,80,84,82,116,112,112,106,,,133,120,164,148,153,161,86,93,,123,82,108,106,111,,,138,,,,,158,,,,,,,,,,,,,,,,131,,,,,,,,,,,,,,,,,,,,,,,,,,,,,,,,,,,,,,44,91,81,88,89,119,120,120,119,,,,133,136,135,134,,,138,125,129,132,131,166,,168,165,105,,,102,122,,147,140,93,,94,,140,146,,,122,67,,,134,131,124,,,91,92,84,86,137,134,126,142,132,133,129,137,151,135,140,149,138,157,139,146,136,139,126,131,,135,137,156,,103,103,104,98,139,131,110,112,106,108,113,75,,,80,73,75,76,80,76,80,68,106,77,72,81,75,68,76,68,89,,,97,75,76,,88,89,,77,99,103,,97,101,105,,94,92,98,92,119,110,115,,51,53,60,56,52,56,78,86,,85,106,101,61,89,88,,96,,96,,,,67,73,72,69,112,111,,67,,63,61,57,132,129,137,133,,88,89,87,,,98,93,108,,113,109,110,,,142,83,98,90,82,90,58,41,42,47,44,104,106,120,109,,126,125,123,128,122,,86,101,101,105,108,111,103,109,79,,82,78,86,100,110,105,107,114,119,144,139,,160,150,153,,144,138,136,127,,141,146,131,,129,149,148,145,144,,127,149,122,134,115,118,117,,114,115,111,36,39,,41,34,67,90,87,100,93,91,95,96,44,47,,99,94,101,,78,79,,56,42,54,54,,91,89,86,36,39,44,63,59,65,65,60,45,58,58,53,52,44,54,50,52,48,93,98,97,96,90,113,88,106,98,84,56,59,50,54,51,42,58,56,53,61,46,62,59,162,167,148,136,76,87,75,108,116,88,117,131,124,123,110,127,122,144,142,101,114,81,88,87,,94,85,92,77,73,,73,76,71,65,72,71,75,69,74,90,90,102,91,105,99,,,,43,44,,39,47,34,40,36,32,,72,76,66,,,,,,82,84,86,86,31,,48,,62,64,68,64,62,69,,96,98,95,98,,,,,107,66,98,97,71,70,75,,81,53,54,72,78,,53,53,47,50,40,39,41,37,,60,56,65,64,77,72,44,62,64,,54,46,,48,60,,58,59,56,,69,,118,,46,44,69,77,79,77,132,122,117,119,52,66,57,99,,103,104,,74,76,112,,127,133,82,84,114,121,,93,91,97,94,,,81,91,58,,94,67,77,60,62,91,147,,143,,,107,67,64,61,124,121,117,110,89,,112,95,93,96,101,104,106,105,102,,,89,87,87,61,,86,116,114,87,77,118,180,205,159,147,146,185,168,,100,137,83,79,148,82,88,,96,,162,154,84,77,64,62,116,81,99,143,140,37,79,61,,,158,161,134,152,,151,156,158,60,,89,89,,,108,77,78,115,124,128,132,120,111,74,98,32,44,69,142,,145,139,,121,172,88,82,105,121,92,191,55,95,95,112,126,146,137,76,159,114,128,67,128,66,146,98,,79,78,75,64,,112,151,24,132,86,100,67,69,70,165,140,103,29,81,63,81,89,140,128,128,82,166,73,43,71,68,,,79,117,151,86,119,118,71,77,,116,150,101,88,147,146,133,160,74,,154,71,82,120,108,81,116,85,107,98,124,104,100,99,97,108,128,125,131,143,126,114,78,127,89,93,109,116,79,107,131,167,187,179,236,215,211,133,185,172,109,168,170,158,104,126,175,189,134,118,144,167,147,147,74,98,109,92,114,64,68,140,147,137,141,116,127,133,80,81,81,84,39,37,42,34,73,50,30,37,56,47,39,75,,84,83,103,152,171,132,201,156,164,,124,154,158,131,66,83,82,,160,62,87,90,56,64,78,93,109,104,108,124,142,96,145,132,134,143,131,87,110,164,142,148,129,124,84,79,71,89,86,82,84,71,80,98,104,124,90,117,122,133,110,116,92,122,159,170,107,115,117,128,146,111,156,159,97,206,151,174,174,162,155,152,166,144,120,76,64,71,97,96,63,138,144,143,139,143,146,144,138,73,96,22,42,71,62,142,85,85,93,81,88,94,144,146,130,159,156,126,140,140,140,140,155,170,,154,156,166,147,140,146,71,161,82,94,125,137,146,167,155,102,118,116,100,90,105,84,80,62,60,62,55,,110,85,63,94,75,30,67,62,65,113,114,140,138,95,119,113,119,129,213,207,167,120,,193,158,154,150,142,156,165,157,177,176,182,199,196,191,188,187,184,146,119,124,118,140,164,138,96,29,60,43,131,113,99,96,111,53,102,120,114,117,72,73,156,153,134,141,109,178,142,214,201,201,123,85,79,,76,118,120,128,84,86,86,155,166,151,153,189,148,139,103,96,89,51,48,51,144,143,174,,72,72,131,102,106,136,168,110,,163,174,147,162,118,71,155,138,116,77,140,142,103,158,152,123,165,154,147,106,100,79,116,168,123,70,108,73,153,147,104,63,59,70,198,124,175,160,103
20231004,10,O3_8h,36,38,46,27,35,39,18,51,51,45,28,22,,,54,,72,71,59,,71,,53,40,,34,41,,27,52,29,44,51,53,137,,46,51,,41,,68,46,72,,68,,29,24,31,29,,22,10,,36,43,,49,45,46,32,19,24,22,37,39,31,,45,55,47,52,27,26,,48,30,39,50,16,,,20,14,13,15,7,,46,42,,,61,64,57,61,,55,59,,44,55,60,56,53,,53,110,107,111,103,125,118,113,96,103,115,34,40,39,46,45,37,,37,35,35,54,47,46,46,54,52,52,47,52,49,48,49,79,80,76,84,79,,84,81,71,78,40,38,46,36,41,36,36,46,41,53,,48,57,59,48,62,48,81,78,70,75,67,32,,,,25,22,,23,22,24,,,,52,,46,48,43,45,42,48,51,46,54,,,,61,62,,52,52,60,56,62,,57,26,52,48,34,38,67,62,,62,,49,36,,53,47,,50,44,39,,43,57,52,48,76,80,88,,,72,77,81,51,82,67,70,,40,,,48,,68,64,,78,88,81,80,87,81,,63,62,68,65,61,73,82,28,39,35,45,47,41,46,43,30,41,39,,,73,77,70,82,,56,50,50,56,62,,54,57,66,,56,85,68,77,,67,65,89,65,89,,,75,65,80,78,65,57,40,44,48,40,37,47,27,39,,47,39,47,46,42,48,49,,48,49,29,38,38,38,35,38,39,34,40,24,22,29,,28,30,44,48,28,20,9,49,42,36,42,45,54,40,,41,38,54,42,58,48,47,52,38,21,28,31,,50,25,14,61,54,48,,46,48,50,50,,,49,36,39,33,23,25,64,44,26,19,48,,38,33,37,34,30,18,27,18,,52,40,47,48,24,,4,7,14,8,6,25,12,,,13,11,11,13,8,,22,29,25,26,,,33,64,80,80,73,73,74,67,71,84,76,,25,32,24,19,26,21,40,36,38,41,39,39,30,27,20,27,23,38,18,33,,27,21,32,20,,32,,42,40,,,,,72,,,,63,52,12,14,16,12,51,,42,30,38,44,40,34,30,28,30,30,31,,26,37,38,58,,66,57,60,60,30,53,33,26,38,,62,63,62,70,71,66,63,59,61,46,59,60,66,66,89,87,85,,,30,,47,34,34,37,58,,45,50,,,50,52,36,30,,51,53,58,,30,28,31,21,46,87,,97,102,44,,,,,,,29,,30,53,72,20,17,48,37,119,113,107,,62,,,49,,50,37,42,93,97,93,92,95,,29,36,44,49,25,43,39,48,45,29,19,16,16,69,68,59,37,40,37,46,,37,51,49,,64,72,,74,64,69,77,39,,17,12,,,49,53,,,,42,41,49,47,28,32,,31,31,,10,18,,26,,5,11,12,,9,101,48,51,51,,54,58,57,45,51,56,,57,45,54,46,48,48,60,58,46,65,54,46,64,46,60,65,63,58,42,40,39,48,,42,43,42,,42,63,61,62,56,64,48,41,46,46,45,42,38,45,,38,48,33,,34,60,55,63,60,,61,57,78,,23,,9,16,13,21,,33,31,,,,26,,26,,10,,,,22,22,38,3,11,,,,10,8,11,9,40,33,,40,36,40,,43,55,,30,,,29,42,38,23,70,58,56,54,57,30,49,,30,32,26,16,31,24,22,46,40,42,40,42,33,,30,34,39,23,,25,12,20,22,12,21,18,19,,,,,29,36,,33,26,19,24,25,21,24,38,36,29,36,38,18,22,,18,17,,4,4,7,,5,4,,4,28,27,19,22,18,21,23,25,18,22,25,26,,,91,94,64,57,42,54,60,52,,48,49,23,30,62,,,75,,,,,86,,,,,,,,,,,,,,,,80,,,,,,,,,,,,,,,,,,,,,,,,,,,,,,,,,,,,,,30,38,25,32,30,42,31,48,33,,,,33,31,28,21,,,23,13,32,30,19,39,,37,41,45,,,34,21,,18,8,3,,6,,69,69,,,66,56,,,57,62,61,,,63,65,44,40,82,85,94,62,62,63,63,61,58,52,53,50,51,61,53,53,55,60,51,44,,46,42,52,,74,72,62,59,52,50,62,66,30,34,25,63,,,72,48,42,43,46,62,63,46,82,62,60,54,61,58,62,60,72,,,80,59,53,,53,52,,57,44,43,,30,41,38,,41,38,48,42,44,38,35,,34,37,25,36,38,34,47,49,,54,41,34,26,39,50,,41,,27,,,,26,33,29,18,10,28,,34,,30,26,22,92,91,95,95,,21,24,16,,,25,30,17,,29,13,19,,,58,33,33,33,34,29,19,6,13,10,16,39,42,46,46,,33,28,28,29,29,,64,65,69,68,51,51,46,45,2,,7,6,7,45,49,46,44,46,42,50,56,,11,41,43,,29,41,31,58,,52,42,31,,17,22,34,34,40,,41,32,37,39,30,51,30,,45,47,50,27,24,,10,25,52,11,14,17,27,31,31,36,25,26,,36,52,36,,43,43,,39,28,31,30,,34,28,25,20,26,28,29,30,35,31,26,28,38,39,34,34,28,38,40,35,39,20,16,22,21,23,47,48,45,44,50,49,52,47,51,45,14,41,34,28,33,28,37,40,10,80,9,11,29,16,31,18,19,17,41,36,44,43,30,43,38,19,24,44,43,15,21,16,,21,25,23,67,65,,66,24,25,29,22,29,32,26,28,29,36,46,39,18,22,,,,22,21,,20,24,20,23,16,27,,16,28,15,,,,,,29,34,32,39,1,,6,,29,30,29,31,31,31,,47,52,49,56,,,,,73,62,39,39,64,62,22,,68,19,16,36,34,,32,34,17,10,8,8,18,11,,46,50,56,51,5,9,32,24,8,,12,6,,22,19,,34,33,28,,36,,77,,28,27,44,51,52,55,8,4,7,8,32,24,22,21,,86,82,,41,50,77,,46,58,28,29,88,87,,59,65,70,62,,,59,67,45,,85,57,65,46,25,76,43,,36,,,27,29,50,46,57,46,23,22,45,,42,29,29,60,64,70,23,22,26,,,28,39,29,9,,69,39,43,35,31,35,45,34,40,49,58,57,34,,3,45,44,59,80,56,61,,37,,38,45,26,30,9,9,95,32,40,50,41,16,61,36,,,39,48,43,82,,59,62,58,40,,28,52,,,23,57,47,67,29,29,49,47,23,56,42,8,22,13,6,,52,43,,40,81,21,31,88,58,65,67,46,5,13,57,79,48,32,69,99,58,16,58,20,25,30,50,,66,68,66,38,,44,74,5,37,14,28,31,31,28,39,40,25,10,8,45,40,19,8,90,24,45,39,26,24,14,10,,,52,23,23,62,51,92,40,47,,73,28,44,44,23,55,30,44,36,,43,45,54,105,100,36,89,,86,77,74,75,73,67,79,83,17,48,53,71,60,50,48,24,67,52,80,71,40,62,33,36,22,28,38,33,32,33,33,51,62,51,39,48,8,38,34,50,65,38,40,58,43,50,45,61,30,55,44,34,35,23,29,30,34,39,22,28,65,70,62,72,11,17,18,22,8,24,20,15,49,28,31,13,,23,36,34,61,29,48,65,86,48,,40,34,28,41,15,24,24,,76,46,22,21,38,35,36,27,27,65,12,43,14,55,50,42,59,52,70,60,61,52,49,48,66,54,41,38,46,67,47,44,54,47,44,49,72,68,64,59,42,29,68,43,43,52,36,100,36,39,39,65,47,46,32,45,48,52,48,41,49,46,14,80,55,42,37,37,36,46,50,24,28,35,48,28,38,26,47,48,16,47,48,8,29,18,10,51,19,9,13,16,8,14,24,114,32,64,35,28,77,37,39,91,67,58,,49,39,42,37,49,47,46,39,36,15,77,46,58,89,32,59,36,30,44,24,24,41,66,27,29,31,27,,79,18,18,56,46,10,26,22,21,44,47,48,83,56,86,36,28,36,39,35,12,32,,25,13,24,21,42,16,16,56,42,14,46,30,33,37,37,36,31,45,26,22,14,31,16,29,11,10,17,16,47,15,16,25,19,22,68,38,64,53,16,63,40,6,34,75,35,46,94,43,58,47,31,80,72,,41,31,15,13,71,29,30,60,56,36,18,51,65,39,28,9,4,7,28,27,45,44,70,,41,58,84,70,26,11,39,28,,38,45,57,25,48,9,26,73,58,66,56,5,56,30,50,13,58,20,20,56,51,33,34,35,58,57,54,60,81,54,34,28,40,31,51,41,52,64,87
20231004,10,O3_8h_24h,36,51,46,27,35,39,18,51,83,68,28,28,,,61,,83,74,61,,80,,70,63,,34,51,,39,52,32,55,52,55,137,,46,70,,76,,93,48,100,,90,,34,24,37,36,73,43,29,,43,52,,61,45,57,49,33,25,33,74,46,57,,71,60,59,59,65,47,,50,30,56,50,16,,,28,14,13,15,7,,50,45,,,72,73,67,70,,85,77,,77,78,74,81,74,,95,138,139,137,133,147,143,154,118,122,133,49,53,49,56,60,52,,51,46,47,69,60,58,62,66,64,68,62,65,59,59,65,86,93,78,97,94,,91,95,83,83,40,38,51,36,41,40,36,47,41,55,,64,69,61,48,62,65,81,78,70,75,67,45,,,,53,50,,45,43,60,,,,52,,51,48,53,49,49,54,64,46,54,,,,61,62,,52,52,60,56,62,,57,26,52,48,34,38,67,62,,62,,49,63,,56,49,,52,44,43,,44,57,52,48,88,91,88,,,72,80,96,94,101,102,88,,83,,,67,,68,64,,91,94,93,82,91,87,,86,86,82,88,66,73,82,28,39,47,50,47,44,46,50,30,56,48,,,106,103,95,107,,66,53,52,56,65,,56,60,66,,59,135,72,77,,70,69,100,94,107,,,96,97,95,89,110,82,77,76,86,79,75,79,80,82,,58,51,58,57,63,50,60,,68,58,32,42,42,40,36,41,41,35,41,28,58,61,,54,39,73,48,67,47,9,107,70,76,65,62,62,49,,41,38,54,66,67,53,58,71,69,60,64,62,,74,57,56,68,70,67,,63,69,60,69,,,66,52,68,33,35,34,85,49,52,47,62,,50,57,55,49,52,55,30,21,,57,40,47,51,33,,7,10,14,8,9,26,13,,,16,15,17,14,8,,51,42,40,36,,,46,75,82,82,74,74,74,70,73,88,78,,25,41,28,24,26,25,52,55,57,47,58,54,32,27,25,27,25,38,18,33,,44,21,32,21,,32,,42,40,,,,,87,,,,63,52,82,20,73,81,82,,62,30,40,45,42,34,36,30,31,32,33,,27,37,41,59,,72,70,72,60,41,53,55,40,46,,135,148,137,70,71,66,63,99,113,84,66,77,86,85,95,91,88,,,32,,56,34,34,54,86,,76,60,,,50,52,36,30,,51,56,63,,30,48,42,21,46,99,113,116,103,57,,,,,,,73,,34,77,98,59,17,58,52,119,113,116,,124,,,62,,73,59,66,126,130,118,130,124,,56,59,60,55,47,61,59,56,60,38,19,16,16,106,107,98,37,40,37,53,,39,51,59,,116,123,,110,120,113,103,65,,23,12,,,58,69,,,,42,48,73,62,75,60,,70,70,,42,35,,46,,6,30,12,,38,128,69,65,54,,125,118,130,116,111,124,,93,96,96,90,96,79,122,70,85,123,104,96,73,72,68,72,70,76,76,75,61,75,,49,54,53,,53,74,71,69,71,69,50,54,52,59,58,62,52,63,,59,66,62,,40,80,68,74,72,,86,77,94,,54,,12,20,45,40,,56,52,,,,59,,58,,28,,,,62,61,64,3,17,,,,11,8,13,11,43,38,,53,42,45,43,43,55,,37,,,29,46,52,25,76,68,72,70,76,35,61,,38,32,32,16,41,24,22,47,43,42,44,48,40,,54,58,58,52,,28,19,21,32,12,26,28,21,,,,,29,36,,38,33,26,32,30,29,30,39,40,33,39,40,39,44,,18,17,,7,15,28,,5,4,,4,36,27,19,22,18,21,23,25,36,35,40,36,,,103,98,64,68,66,60,86,93,,76,75,23,30,62,,,81,,,,,86,,,,,,,,,,,,,,,,94,,,,,,,,,,,,,,,,,,,,,,,,,,,,,,,,,,,,,,30,38,52,32,30,54,67,60,52,,,,54,35,46,46,,,36,25,52,41,30,42,,37,43,50,,,50,36,,18,8,3,,6,,87,90,,,68,56,,,57,63,65,,,65,68,46,52,83,85,94,64,62,63,63,63,111,92,106,94,70,72,67,60,64,68,60,46,,52,45,78,,97,102,82,94,61,55,67,71,52,59,49,72,,,78,48,42,44,46,68,80,60,101,62,60,59,65,58,69,62,73,,,80,74,68,,62,62,,60,44,51,,34,41,38,,48,64,66,56,44,51,35,,49,52,34,55,49,52,47,52,,54,54,50,33,42,50,,41,,27,,,,36,33,34,22,19,42,,40,,52,41,47,102,103,115,114,,21,24,16,,,25,30,18,,29,13,21,,,88,34,33,33,35,29,28,6,13,10,16,59,55,66,59,,39,37,34,35,34,,64,65,69,77,83,85,80,82,3,,12,7,20,45,53,50,46,50,42,50,56,,58,71,73,,46,60,55,84,,74,71,65,,56,32,51,38,40,,69,70,63,62,62,61,38,,48,54,50,28,28,,27,26,60,11,16,17,27,31,44,36,25,33,,54,66,60,,52,51,,39,35,40,45,,34,36,32,34,36,28,36,33,35,36,31,44,58,55,53,52,33,47,46,43,46,40,39,42,39,37,52,54,52,51,55,56,59,48,51,51,17,43,38,32,45,28,37,40,29,96,23,11,29,30,32,18,19,17,60,46,64,66,35,46,44,31,33,44,43,19,27,19,,21,25,23,67,72,,73,31,33,36,33,42,47,42,44,49,50,57,50,26,47,,,,25,26,,23,31,30,32,26,28,,42,35,21,,,,,,54,56,51,54,1,,6,,39,30,30,38,34,34,,62,63,61,63,,,,,73,64,39,39,64,62,26,,69,21,21,40,40,,37,42,18,10,10,8,29,31,,49,53,58,51,8,12,32,25,12,,15,11,,25,28,,46,47,48,,49,,86,,46,44,46,67,71,64,8,4,7,8,36,24,22,21,,86,82,,62,70,87,,81,81,28,29,96,100,,59,65,78,74,,,59,67,50,,85,57,71,48,34,76,43,,45,,,44,29,53,46,59,61,52,43,52,,79,48,30,77,70,70,23,22,26,,,28,39,30,29,,83,53,57,68,38,40,89,68,40,70,72,57,37,,3,66,44,59,80,56,66,,37,,51,58,45,35,9,16,99,36,58,74,76,20,67,38,,,71,86,59,85,,62,62,58,40,,44,52,,,27,57,47,67,72,52,49,97,42,56,68,12,24,13,32,,52,62,,40,131,43,48,88,72,67,118,55,26,13,60,99,49,54,69,104,58,18,58,30,35,64,50,,66,68,67,53,,54,101,5,69,39,50,38,36,31,51,76,51,14,14,54,40,19,25,103,42,48,39,30,34,14,10,,,52,72,40,86,63,102,47,47,,91,62,58,44,23,88,68,98,41,,71,45,54,105,100,37,92,71,95,91,90,88,81,71,82,86,22,57,64,83,62,70,48,45,67,53,80,71,40,62,43,36,44,32,62,45,54,58,41,71,75,67,54,58,10,43,72,68,108,39,40,76,56,62,62,69,45,55,56,38,38,38,67,75,63,55,22,62,65,70,65,72,11,21,22,22,22,31,21,19,49,28,38,45,,41,48,51,96,30,75,110,110,48,,40,50,31,46,22,46,38,,132,52,37,21,38,35,62,50,27,74,12,70,28,58,96,55,80,86,70,63,62,58,75,71,66,65,55,52,56,67,47,44,62,47,61,60,72,92,64,60,52,82,76,84,72,64,36,141,36,50,58,65,69,51,36,45,48,65,48,60,52,60,14,112,69,42,52,37,48,65,50,24,40,77,85,55,64,67,86,69,31,50,60,8,41,22,17,58,39,21,39,33,31,38,81,121,59,64,59,55,77,39,50,94,67,63,,49,39,42,37,57,59,46,39,36,15,90,54,69,89,91,70,46,42,44,24,31,44,71,27,32,40,39,,88,23,31,68,50,14,31,32,23,49,59,62,100,56,91,38,33,67,84,62,13,42,,25,14,52,24,42,61,50,112,72,17,53,36,45,58,65,36,34,54,55,54,18,46,26,70,11,13,17,20,54,15,16,25,19,27,100,78,66,54,16,73,55,6,40,89,46,66,125,71,64,75,70,80,72,,68,61,30,16,71,49,35,100,95,36,42,80,81,47,50,28,4,10,37,36,45,53,88,,47,62,89,88,64,14,74,62,,58,49,57,25,58,19,71,80,60,66,56,22,59,92,50,13,86,20,20,66,60,43,62,48,58,66,58,67,93,54,34,38,54,60,98,44,69,136,87
20231004,10,CO,0.3,0.2,0.2,0.3,0.2,0.2,0.3,0.3,0.2,0.3,0.2,0.6,,,0.3,,0.3,0.3,0.3,,0.5,,0.4,0.4,,0.8,0.6,,1.2,1,1,1.1,1.2,1.1,1,,0.5,0.5,,0.4,,,0.2,0.4,,,,1,0.8,0.9,0.4,,0.2,0.1,,0.5,0.3,,0.1,0.2,0.2,,0.2,0.2,0.2,0.2,0.2,0.2,,0.2,0.5,0.4,0.3,0.6,0.5,,0.9,0.9,1.7,0.9,0.8,,,0.7,1,0.9,0.8,0.9,,0.4,0.4,,,0.2,0.4,0.3,0.3,,,0.5,,0.3,0.4,0.5,0.4,0.4,,,0.4,0.5,0.4,0.5,0.4,0.5,,0.5,0.4,0.4,0.3,0.3,0.2,,0.2,0.2,,0.3,0.3,0.4,0.2,0.3,0.6,0.4,0.5,,0.6,0.5,0.2,0.4,0.6,0.4,0.5,0.6,0.4,0.7,0.5,,0.4,0.5,0.4,0.7,0.5,0.8,0.3,0.6,0.4,0.4,0.6,0.4,0.7,0.4,,0.6,0.6,0.6,0.6,0.6,0.7,0.2,0.6,0.5,0.5,0.6,0.5,,,,0.5,0.6,,0.5,0.4,0.4,,,,0.3,,1.2,1.1,1.1,1.3,1.2,1.2,1.1,1.8,0.6,,,,0.9,0.6,,0.6,0.3,0.4,0.5,0.4,,0.3,0.9,0.7,0.8,0.7,0.7,0.4,0.5,,0.3,,0.6,0.8,,0.5,0.6,,0.5,0.6,0.4,,0.8,0.5,0.6,0.6,0.5,0.5,0.5,,,0.4,0.7,0.5,0.5,0.4,0.5,0.5,,0.6,,,0.5,,0.8,0.5,,0.6,0.5,0.5,0.3,0.4,0.3,,0.6,0.5,0.5,0.4,0.6,0.4,0.4,0.5,0.7,0.4,0.6,0.3,0.7,0.4,0.7,0.6,0.4,0.6,,,0.3,0.4,0.4,0.4,,0.5,0.5,0.8,0.8,0.6,,,0.7,0.5,,0.8,0.6,0.6,0.7,,0.6,0.6,0.6,0.6,0.5,,,0.8,0.9,1.2,0.7,0.7,1.1,1,1,0.3,0.8,0.8,0.9,0.8,1,,1,0.8,0.5,1.1,0.5,0.7,,,0.6,0.7,0.4,0.6,0.5,0.6,,0.5,0.6,0.4,0.8,0.3,0.9,0.9,,0.7,0.7,0.9,0.9,0.8,0.7,0.8,0.6,1,0.6,1,0.7,0.8,0.6,,0.6,0.8,1,1,0.8,0.6,0.5,0.7,0.9,0.7,0.7,0.9,,0.9,0.8,0.7,0.6,0.8,0.6,,0.7,0.7,0.7,0.7,,,0.9,0.9,0.9,0.7,0.7,0.9,,0.8,0.7,0.7,0.6,,0.8,0.8,0.8,0.9,0.7,0.9,0.7,0.8,,0.5,0.4,0.4,0.2,0.4,,0.9,1.1,0.6,0.7,0.9,1,0.8,,,1,0.9,0.9,1,1.2,,0.6,0.7,0.6,0.6,,,0.7,0.8,0.5,0.2,0.4,0.4,0.4,0.3,0.3,0.4,0.3,,0.8,0.5,0.7,0.9,0.5,0.6,0.4,0.3,0.4,0.4,0.5,0.3,0.7,0.8,0.9,0.7,0.8,0.7,0.6,0.7,,1,0.2,0.7,0.7,,0.4,,0.5,0.5,,,,,0.3,,,,0.5,0.6,0.7,0.5,1.1,0.6,0.6,,0.4,0.6,0.7,0.6,0.4,0.8,0.7,0.7,0.8,0.5,0.7,,0.4,0.8,0.5,0.3,,0.6,0.3,0.5,0.6,0.5,0.3,0.5,0.5,0.4,,0.4,0.5,0.3,0.5,0.6,0.5,0.5,,0.3,0.2,0.2,0.3,,0.5,0.7,0.7,0.6,,,1.8,,0.4,0.6,0.8,0.6,0.7,,0.7,0.7,,,0.8,0.9,1,0.8,,0.4,0.4,0.8,,0.6,0.6,0.6,0.7,0.7,0.8,,0.8,0.6,0.4,,,,,,,0.5,,0.7,0.5,0.6,0.5,0.7,0.5,0.6,0.5,0.5,0.6,,0.5,,,0.7,,0.8,0.8,0.6,0.8,1.1,0.9,0.7,1,,0.7,,0.8,0.7,0.7,0.7,0.5,0.9,0.9,0.7,0.7,0.8,0.7,,0.7,0.7,0.8,0.8,0.9,1,,,0.8,0.8,,,0.7,,0.8,0.8,1,0.9,0.9,,0.6,1.1,,,0.5,0.4,,,,0.6,0.5,0.6,0.5,1.6,2.2,,1.7,1.5,,1.5,1.4,,1.5,,1.2,0.8,1.3,,1,0.6,0.2,0.3,0.3,,0.5,0.4,0.5,0.9,0.5,0.4,,0.3,0.5,0.4,0.4,0.3,0.2,0.5,0.4,0.6,,0.4,0.6,0.4,0.4,0.5,0.6,0.3,,0.4,0.5,0.5,0.4,,0.2,0.1,0.3,,0.2,0.3,0.2,0.3,0.4,0.3,0.3,0.3,0.3,0.2,0.3,0.5,0.7,0.7,,0.6,0.8,0.8,,0.7,0.7,0.8,0.9,0.7,,0.6,1,1.2,,1.1,,1.4,1.1,0.8,0.9,,1.9,1.4,,,,0.8,,0.8,,1.1,,,,0.8,0.9,0.6,0.8,0.6,,,,0.8,0.7,0.7,0.6,0.9,0.8,,0.8,0.6,0.8,,0.5,0.7,,0.7,,,0.5,0.6,0.6,0.6,0.7,0.8,0.8,0.9,0.7,0.5,0.7,0.6,0.6,0.6,0.8,0.9,0.9,0.7,0.6,0.4,0.4,0.6,0.7,0.7,0.7,,0.8,0.9,0.8,0.6,,0.7,1.1,0.7,0.6,0.4,0.8,0.7,0.6,,,,,0.5,0.7,,0.6,0.5,0.6,0.4,0.3,0.3,0.4,0.7,0.6,0.6,0.6,0.8,0.9,0.6,,0.7,,,0.8,0.7,0.9,,0.5,0.6,,0.7,0.5,0.7,0.8,0.7,,0.7,0.7,0.7,0.8,0.7,0.7,0.7,,,0.5,0.2,0.7,0.4,0.6,0.3,0.2,0.7,,0.8,0.3,0.7,0.6,0.4,,,0.6,,,,,0.7,,,,,,,,,,,,,,,,0.8,,,,,,,,,,,,,,,,,,,,,,,,,,,,,,,,,,,,,,0.8,0.7,0.7,0.9,0.9,0.4,0.5,0.5,0.4,,,,2,1.6,1.8,1.8,,,0.7,0.7,0.7,0.8,0.6,0.8,,0.9,0.9,0.9,,,1,0.9,,0.7,0.8,0.5,,0.7,,0.5,0.3,,,0.4,0.4,,,,0.4,0.1,,,0.2,0.3,0.2,,0.6,0.4,0.4,0.4,0.2,0.3,0.4,,0.4,0.3,0.5,0.4,0.4,0.2,0.3,0.3,0.3,,0.5,0.4,,,1.1,0.4,,0.2,0.4,0.9,1,0.3,0.4,0.4,0.4,0.6,0.7,0.5,0.3,,,0.1,0.1,0.3,0.4,0.1,0.2,0.2,0.2,0.2,0.3,0.3,0.2,0.5,0.6,0.3,0.4,0.2,,,0.7,0.2,0.3,,0.3,0.4,,0.1,0.4,0.3,,0.2,0.3,0.4,,0.3,0.3,0.3,0.2,0.2,0.5,0.3,,0.6,0.6,0.5,0.6,0.4,0.6,1,1,,0.9,0.4,0.5,0.7,0.3,0.3,,0.4,,0.6,,,,0.7,0.5,0.6,0.5,0.6,0.4,,0.7,,0.9,0.6,0.8,0.7,0.7,0.7,0.9,,0.4,0.7,0.6,,,0.7,0.8,0.7,,0.6,,0.8,,,0.5,0.3,0.5,0.3,0.5,0.4,0.7,1.1,0.6,0.8,0.5,,0.5,0.6,0.8,,,0.5,0.3,0.6,0.7,,1.3,0.9,1.7,1.1,1.1,0.3,0.7,0.9,0.9,,1.5,1.6,1.1,0.8,0.8,0.8,1,0.8,,0.3,0.5,,2.1,1.6,,,0.8,1.1,,0.6,,0.6,0.6,0.8,,0.8,0.7,0.6,0.7,0.8,,0.7,0.9,0.7,0.7,0.7,0.7,0.4,,0.4,0.3,0.3,0.8,0.8,,1.4,1,0.7,0.9,1,0.7,0.7,0.5,0.8,0.6,0.5,0.7,,0.7,0.7,0.5,,0.8,0.9,,0.8,0.8,,0.7,,0.6,0.6,0.6,1.1,1.1,0.6,0.8,0.9,0.8,0.9,0.7,0.9,0.7,0.9,0.7,0.8,0.6,0.7,0.6,0.8,0.7,0.9,0.9,0.9,0.7,0.8,0.6,,0.6,0.6,0.6,0.8,0.7,0.9,0.6,0.6,0.9,0.5,0.8,0.8,0.3,0.7,0.7,0.6,0.9,1,0.7,0.8,0.5,0.5,0.5,0.7,0.7,0.7,0.5,0.6,0.6,0.6,0.7,0.5,0.7,1,0.9,0.9,0.9,0.5,0.8,0.8,,0.7,0.8,0.7,0.5,0.8,,0.5,0.7,0.4,0.5,0.3,0.7,0.5,0.7,0.6,0.8,0.6,0.6,0.9,0.7,0.6,,,,0.5,0.5,,0.5,,0.4,0.5,0.6,0.6,,,0.6,0.5,,,,,,0.6,0.8,0.7,0.6,0.8,,0.5,,0.4,0.5,0.6,0.6,0.6,0.7,,0.4,0.5,0.5,0.5,,,,,0.2,0.5,0.7,0.6,0.1,0.2,0.8,,0.3,0.7,0.6,0.8,0.8,,0.6,0.6,0.7,0.7,0.5,0.4,0.5,0.5,,0.3,0.4,0.2,0.2,0.6,0.2,0.4,0.2,0.9,,0.6,0.4,,0.5,0.5,,0.4,0.5,0.5,,1,,0.4,,0.4,0.3,0.5,0.9,,0.6,0.7,,0.9,1,0.8,1,0.8,0.4,,0.5,0.7,,0.8,0.8,0.5,,0.4,0.5,0.3,0.4,0.5,0.6,,0.5,0.4,0.1,0.1,,,0.6,0.5,0.5,,0.5,0.5,0.6,0.4,0.6,0.6,0.3,,0.5,,,0.7,0.4,0.5,0.4,0.6,1,0.8,1.4,0.6,,0.5,0.2,0.4,0.6,0.8,0.3,0.7,1.1,0.6,,,1,1,0.7,0.6,,0.5,0.5,0.6,0.5,0.7,0.7,1.4,0.7,1.3,0.5,0.5,1,,,,0.4,0.8,0.4,0.4,0.4,0.5,,0.4,,,0.7,0.7,0.8,0.9,1.2,0.5,0.7,0.3,0.4,0.3,0.5,0.5,0.5,,,0.2,0.9,,0.4,,0.4,0.5,0.6,0.7,,0.5,0.7,,,1.1,0.3,1.2,0.3,0.3,0.5,0.8,0.7,0.6,0.2,0.5,0.6,1,0.7,1.2,,0.2,0.6,,0.5,0.6,0.5,,0.6,0.3,0.3,0.4,0.3,0.8,0.5,0.6,0.7,0.4,1.2,0.4,0.3,,,0.2,1.5,0.4,0.7,0.9,,0.6,0.5,0.5,0.6,,0.3,0.3,1.2,0.8,0.9,0.7,0.7,0.6,0.7,1.1,1,0.6,1.1,1.3,0.5,0.5,0.7,1.2,0.8,0.6,1,0.7,0.6,0.4,0.9,,,,0.4,0.6,0.7,1,0.7,0.5,0.6,0.6,,0.3,0.8,0.6,0.3,0.7,0.9,0.8,,0.8,,0.3,0.8,0.3,0.5,0.9,0.6,0.5,,0.7,0.5,0.4,0.5,0.5,0.6,0.6,0.7,0.3,0.4,0.4,0.3,0.3,0.4,0.6,0.8,,0.6,0.3,0.4,0.3,0.4,0.7,0.8,0.9,0.8,0.7,1.1,0.8,0.7,0.9,0.9,0.5,0.7,0.7,0.6,,0.8,0.9,0.9,0.8,,0.3,0.1,0.4,0.3,0.7,0.3,0.5,0.4,0.4,0.7,0.8,0.9,1.1,0.7,0.8,0.3,0.9,1.2,0.4,0.3,0.4,0.8,0.4,0.9,0.7,0.7,0.8,0.8,0.7,0.5,0.7,0.7,0.6,0.8,,0.7,0.4,0.7,1,1,0.5,0.5,0.5,0.5,,0.6,0.7,,0.6,0.7,0.6,0.5,,0.7,0.4,0.6,0.8,0.7,0.8,0.7,1,0.6,0.8,0.7,0.7,1.3,0.6,0.7,0.4,,0.7,0.9,0.5,1.1,0.9,0.2,0.2,0.4,0.3,0.7,1,0.6,0.6,0.9,0.6,1,0.6,0.5,0.6,0.2,0.5,0.7,0.3,0.6,0.6,0.4,0.4,0.4,0.4,0.8,0.8,0.7,0.7,1,0.6,0.7,0.8,0.6,0.8,0.9,0.8,0.7,1.2,0.5,1.1,0.6,0.3,0.4,0.7,0.5,0.4,0.6,0.6,0.5,0.5,0.9,1,0.9,1.8,0.6,0.6,1,0.8,0.7,0.3,0.2,0.8,0.5,1.1,,0.2,0.8,0.6,0.8,0.9,0.6,0.9,0.5,0.6,0.7,1.1,0.7,0.7,0.6,0.4,0.5,0.4,0.7,0.4,,,0.7,0.8,0.5,0.5,0.5,0.5,0.3,0.5,0.8,0.8,0.3,,0.6,0.9,0.8,0.6,0.6,,0.6,0.6,0.7,0.4,0.4,,0.6,0.5,,0.6,0.9,0.8,0.5,0.8,1.4,0.5,0.5,0.8,0.7,0.5,0.5,0.5,0.4,0.4,0.4,0.3,0.7,1.2,,2.8,0.5,,1.1,1.1,0.4,0.5,0.8,0.6,0.9,1.2,0.5,0.3,0.3,0.3,0.2,0.3,0.4,0.3,0.5,0.9,1.3,0.7,0.8,0.7,2.6,0.7,1.1,0.6,0.9,1,0.9,0.7,0.7,0.8,0.6,0.7,0.7,1.1,0.7,0.6,0.7,0.8,0.5,1.5,1.4,0.3,0.8,0.7,0.9,0.9,0.9,0.9,0.7,0.4,0.4,,0.8,0.4,0.7,,0.4,0.6,0.6,0.8,,0.5,1.2,0.7,,0.5,0.7,1,0.7,0.8,,0.8,0.4,0.6,0.5,,0.2,,0.5,0.2,1.1,1.4,1,0.8,,0.4,0.2,0.3,0.2,0.5,0.6,0.7,0.7,0.4,0.3,0.4,0.7,0.6,0.4,0.5,0.2,0.2,0.3,0.2,0.4,0.3,0.5,0.4,3.2,0.3,0.3,0.2,0.4,0.6,0.4,0.3,0.3,0.4,0.7,0.6,0.8,1,,0.5
20231004,10,CO_24h,0.5,0.4,0.5,0.5,0.5,0.4,0.5,0.6,0.5,0.4,0.5,0.7,,,0.6,,0.5,0.6,0.6,,0.6,,0.6,0.5,,0.7,0.7,,1,0.9,0.9,0.9,1,0.9,1.2,,0.6,0.5,,0.5,,0.5,0.5,0.6,,0.4,,1,0.6,0.8,0.8,0.8,0.6,0.6,,0.9,0.4,,0.2,0.3,0.3,0.5,0.6,0.5,0.8,0.4,0.5,0.4,,0.5,0.5,0.5,0.3,0.4,0.4,,1.3,1.1,1.2,1.3,1,,,1.2,1.2,1.2,1.2,1.3,,0.5,0.6,,,0.3,0.5,0.4,0.4,,0.6,0.6,,0.5,0.5,0.6,0.6,0.5,,0.5,0.7,0.8,0.7,0.8,0.7,0.7,0.8,0.8,0.7,0.6,0.4,0.4,0.4,0.5,0.3,0.3,,0.4,0.4,0.5,0.5,0.4,0.6,0.5,0.7,0.8,0.7,0.6,0.9,0.5,0.7,0.5,0.6,0.6,0.4,0.6,0.5,,0.4,0.5,0.4,0.6,0.4,0.8,0.2,0.7,0.4,0.4,0.5,0.4,0.6,0.4,,0.6,0.6,0.6,0.6,0.6,0.7,0.2,0.6,0.5,0.5,0.7,0.5,,,,0.5,0.5,,0.5,0.4,0.4,,,,0.4,,1.1,0.7,1,1,1.1,1,1,0.9,0.6,,,,0.8,0.6,,0.6,0.4,0.5,0.6,0.4,,0.4,0.7,0.6,0.6,0.7,0.6,0.4,0.4,,0.3,,0.6,0.5,,0.5,0.5,,0.4,0.5,0.5,,0.7,0.5,0.6,0.5,0.5,0.5,0.5,,,0.5,0.7,0.5,0.5,0.4,0.5,0.5,,0.5,,,0.5,,0.7,0.5,,0.5,0.4,0.5,0.4,0.4,0.3,,0.6,0.5,0.5,0.5,0.6,0.5,0.5,0.5,0.7,0.5,0.6,0.3,0.7,0.5,0.7,0.6,0.5,0.6,,,0.3,0.4,0.4,0.4,,0.3,0.4,0.7,0.9,0.5,,0.6,0.6,0.4,,0.7,0.4,0.4,0.5,,0.4,0.5,0.4,0.4,0.4,,,0.6,0.7,0.9,0.5,0.5,0.7,0.7,0.8,0.1,0.6,0.5,0.7,0.6,0.7,,0.7,0.6,0.5,0.6,0.5,0.5,0.5,,0.5,0.7,0.4,0.6,0.5,0.6,0.7,0.5,0.6,0.5,0.7,0.3,0.9,0.9,,0.8,0.9,0.9,0.9,0.9,0.7,0.8,0.6,0.9,0.5,1,0.7,0.8,0.7,,0.5,0.7,0.8,1,0.7,0.6,0.6,0.7,0.7,0.6,0.6,0.8,,0.8,0.8,0.6,0.5,0.7,0.5,,0.6,0.6,0.6,0.6,,,0.9,0.9,0.9,0.7,0.8,0.9,0.8,0.8,0.6,0.7,0.5,,0.7,0.7,0.8,0.8,0.5,0.8,0.7,0.7,,0.4,0.4,0.4,0.4,0.3,,0.8,1,0.6,0.6,0.9,0.8,0.8,,,0.9,0.9,0.9,0.9,1.2,,0.6,0.6,0.5,0.6,,,0.6,0.8,0.4,0.2,0.4,0.5,0.4,0.2,0.3,0.3,0.3,,0.6,0.5,0.6,0.7,0.5,0.6,0.4,0.3,0.3,0.3,0.3,0.2,0.7,0.7,0.8,0.7,0.7,0.7,0.6,0.7,,0.9,0.2,0.6,0.6,,0.7,,0.7,0.9,,,,,0.7,,,,0.8,0.8,0.8,0.7,0.9,0.7,0.7,,0.4,0.5,0.6,0.6,0.4,0.7,0.7,0.7,0.7,0.6,0.7,,0.4,0.8,0.5,0.6,,0.6,0.6,0.7,0.6,0.7,0.5,0.7,0.7,0.7,,0.7,0.7,0.6,0.7,0.7,0.6,0.6,0.5,0.5,0.4,0.5,0.5,0.7,0.7,0.7,0.6,0.5,,,0.8,,0.4,0.5,0.8,0.6,0.6,,0.5,0.6,,,0.6,0.8,0.9,0.7,,0.4,0.5,1.3,,0.4,0.6,0.5,0.6,0.7,0.7,0.3,0.6,0.5,0.3,,,,,,,0.3,,0.5,0.3,0.5,0.4,0.8,0.5,0.6,0.3,0.3,0.5,,0.5,,,0.7,,0.8,0.8,0.6,0.8,0.8,0.6,0.5,0.8,,0.7,0.8,0.7,0.6,0.7,0.5,0.5,0.8,0.7,0.7,0.7,0.9,0.8,0.7,0.7,0.7,0.8,0.8,0.9,0.8,,0.6,0.7,0.7,,0.6,0.6,,0.9,0.9,1.1,0.9,0.9,,0.7,0.7,,,0.5,0.3,,,,0.6,0.6,0.5,0.6,1.1,1.5,,1.2,1,,1.3,1.3,,1.4,,1,0.7,0.9,,0.8,0.6,0.2,0.3,0.3,,0.7,0.8,0.8,1.2,0.9,0.7,,0.5,0.7,0.7,0.6,0.6,0.4,0.6,1,1.6,0.6,0.5,0.7,0.6,0.7,0.7,0.9,0.5,0.5,0.5,0.6,0.6,0.5,,0.3,0.4,0.3,,0.2,0.5,0.5,0.4,0.5,0.5,0.4,0.5,0.4,0.3,0.4,0.6,0.7,0.7,,0.6,0.8,0.8,,0.7,0.6,0.7,0.8,0.6,,0.6,0.9,0.9,,0.8,,1,0.7,0.6,0.8,,1.1,0.9,,,,0.6,,0.6,,0.9,,,,0.6,0.7,0.5,0.8,0.6,,,,0.7,0.7,0.7,0.6,0.8,0.7,,0.7,0.6,0.7,0.5,0.5,0.6,,0.6,,,0.4,0.6,0.5,0.6,0.7,0.8,0.7,0.8,0.6,0.5,0.6,0.6,0.6,0.5,0.7,0.9,0.8,0.7,0.4,0.3,0.4,0.7,0.7,0.7,0.7,,0.8,0.8,0.8,0.6,,0.6,1,0.6,0.6,0.5,0.7,0.6,0.6,,,,,0.6,0.7,,0.6,0.5,0.5,0.4,0.3,0.3,0.4,0.7,0.7,0.5,0.5,0.8,0.9,0.5,,0.7,0.5,,1,0.7,0.8,,0.5,0.6,,0.7,0.5,0.7,0.8,0.7,0.7,0.8,0.7,0.7,0.8,0.6,0.7,0.7,,,0.8,0.2,1.5,0.7,1,0.7,0.2,0.2,,0.4,0.2,0.6,0.3,0.3,,,0.5,,,,,0.6,,,,,,,,,,,,,,,,0.6,,,,,,,,,,,,,,,,,,,,,,,,,,,,,,,,,,,,,,0.8,0.8,0.7,0.9,0.9,0.4,0.5,0.4,0.4,,,,1.3,1,1.1,1,,,0.6,0.6,0.6,0.7,0.6,0.8,,0.8,0.9,0.8,,,0.7,0.7,,0.7,0.9,0.6,,0.7,,0.7,0.4,,,0.4,0.4,,,0.4,0.4,0.4,,,0.3,0.3,0.2,0.2,0.6,0.5,0.5,0.5,0.5,0.5,0.7,0.6,0.6,0.6,0.8,1,0.4,0.4,0.4,0.4,0.5,0.4,0.7,0.5,,0.2,1.4,0.6,,0.2,0.3,0.6,0.6,0.5,0.5,0.4,0.4,0.5,0.6,0.5,0.4,,,0.2,0.2,0.3,0.3,0.2,0.3,0.2,0.3,0.2,0.4,0.6,0.2,0.6,0.6,0.4,0.5,0.2,,,0.7,0.3,0.3,,0.4,0.5,,0.2,0.4,0.4,,0.3,0.3,0.5,,0.4,0.3,0.3,0.3,0.3,0.5,0.4,,0.6,0.7,0.5,0.8,0.5,0.7,0.8,0.8,,0.6,0.4,0.5,0.5,0.3,0.3,,0.6,,0.7,,,,0.6,0.5,0.5,0.5,0.5,0.2,,0.6,,0.7,0.6,0.7,0.6,0.6,0.6,0.6,,0.5,0.7,0.8,,,0.7,0.8,0.7,,0.6,0.6,0.7,,,0.5,0.3,0.5,0.3,0.5,0.4,0.8,1.3,0.7,1,0.6,0.8,0.6,0.8,1,,0.1,0.5,0.4,0.6,0.7,,1.3,0.9,1.4,1.1,1,0.4,0.7,0.9,0.9,,1.5,1.8,1.1,0.8,0.8,0.8,1,0.9,,0.4,0.6,,1,0.6,0.6,,0.8,1,0.8,0.4,,0.4,0.4,0.6,,0.6,0.6,0.5,0.5,0.7,,0.6,0.6,0.6,0.6,0.5,0.6,0.4,,0.5,0.4,0.4,0.6,0.6,,1.1,0.9,0.7,0.9,0.8,0.6,0.7,0.6,0.8,0.7,0.5,0.7,,0.6,0.6,0.5,,0.6,0.7,,0.8,0.9,1,0.9,,0.5,0.5,0.6,1,1,0.7,0.8,0.8,0.8,0.9,0.8,0.9,0.6,0.8,0.7,0.7,0.5,0.6,0.8,0.8,0.6,0.8,1,1,0.8,0.9,0.7,0.7,0.6,0.8,0.7,0.7,0.7,0.8,0.6,0.6,0.9,0.5,0.8,0.8,0.3,0.7,0.6,0.5,0.9,0.9,0.7,0.7,0.5,0.6,0.5,0.7,0.7,0.7,0.6,0.5,0.6,0.6,0.6,0.5,0.7,0.7,0.7,0.8,0.8,0.4,0.7,0.8,,0.5,0.5,0.5,0.4,0.7,,0.4,0.7,0.4,0.5,0.3,0.6,0.5,0.6,0.5,0.7,0.6,0.6,0.9,0.6,0.6,,,,0.5,0.5,,0.4,,0.5,0.5,0.6,0.6,,0.6,0.5,0.4,,,,,,0.5,0.6,0.6,0.5,0.8,,0.5,,0.4,0.5,0.6,0.7,0.7,1,,0.4,0.4,0.5,0.5,,,,,0.2,0.4,0.6,0.6,0.1,0.1,0.6,,0.3,0.6,0.5,0.6,0.5,,0.7,0.5,0.6,0.6,0.4,0.4,0.4,0.5,,0.4,0.5,0.2,0.3,0.5,0.3,0.3,0.2,0.5,,0.5,0.4,,0.5,0.3,,0.3,0.4,0.4,,0.7,,0.3,,0.3,0.2,0.5,0.7,0.5,0.6,0.5,0.7,0.8,0.7,0.7,0.7,0.6,0.4,,0.9,1,,0.6,0.6,0.4,,0.2,0.3,0.4,0.5,0.4,0.4,,0.5,0.6,0.2,0.2,,,0.8,0.6,0.4,,0.5,0.5,0.5,0.4,0.6,0.6,0.4,,0.6,,,0.6,0.5,0.6,0.5,0.5,0.6,0.4,0.4,0.6,,0.4,0.2,0.4,0.6,0.6,0.4,0.7,0.8,0.6,,,0.7,0.7,0.6,0.3,,0.4,0.4,0.5,0.5,0.6,0.6,1.1,0.8,0.7,0.6,0.7,1,1,,0.8,0.5,0.8,0.4,0.4,0.4,0.5,,0.5,,0.6,0.7,0.7,0.6,0.8,1,0.5,0.6,0.3,0.5,0.5,0.5,0.5,0.4,,,0.5,0.7,0.6,0.7,,0.6,0.6,0.9,0.7,,0.4,0.7,,,0.9,0.4,1,0.3,0.4,0.5,0.7,0.7,0.5,0.3,0.5,0.6,0.9,0.7,1.2,,0.4,0.5,,0.4,0.6,0.4,0.4,0.7,0.3,0.3,0.5,0.3,0.8,0.5,0.5,0.5,0.4,1.1,0.4,0.2,0.3,1.1,0.2,0.7,0.4,0.4,0.9,,0.6,0.4,0.5,0.4,,0.4,0.6,1.1,0.6,0.7,0.6,0.7,0.6,0.6,0.8,0.7,0.6,0.8,1.3,0.6,0.6,0.7,1.1,0.6,0.5,0.7,0.6,0.5,0.4,0.6,0.6,,,0.7,0.4,0.5,0.9,0.4,0.3,0.6,0.6,,0.5,0.6,0.7,0.3,0.8,0.8,0.6,0.7,0.7,,0.6,1,0.6,0.7,1,0.5,0.3,0.5,0.7,0.6,0.4,0.5,0.5,0.6,0.6,0.7,0.4,0.6,0.5,0.5,0.3,0.3,0.6,0.5,0.7,0.6,0.3,0.4,0.4,0.5,0.7,0.8,1,0.8,0.7,1,0.7,0.6,0.9,0.8,0.5,0.7,0.7,0.7,0.8,0.5,0.7,0.9,0.7,,0.3,0.4,0.6,0.5,0.7,0.2,0.4,0.4,0.4,0.7,0.8,0.8,1,0.5,0.7,0.3,0.8,1,0.5,0.4,0.6,0.8,0.3,0.8,0.6,0.7,0.7,0.7,0.6,0.5,0.7,0.6,0.4,0.7,,0.6,0.4,0.7,0.6,0.7,0.3,0.5,0.4,0.4,,0.6,0.5,0.4,0.5,0.6,0.5,0.5,,0.9,0.4,0.6,0.8,0.6,0.8,0.7,0.8,0.5,0.6,0.7,0.6,0.9,0.5,0.6,0.4,0.4,0.6,0.8,0.6,1.1,0.6,0.5,0.5,0.6,0.3,0.7,0.8,0.5,0.6,0.9,0.5,1,0.6,0.5,0.5,0.3,0.4,0.7,0.4,0.5,0.7,0.5,0.7,0.4,0.5,0.8,0.7,0.7,0.7,1,0.5,0.6,0.7,0.6,0.7,0.6,0.7,0.6,1,0.4,0.8,0.4,0.6,0.6,0.5,0.5,0.4,0.6,0.7,0.5,0.6,0.8,0.7,0.7,0.8,0.5,0.5,0.7,0.7,0.5,0.5,0.4,0.8,0.6,1,1,0.3,0.6,0.7,0.7,0.8,0.6,0.7,0.4,0.4,0.6,0.9,0.5,0.7,0.5,0.4,0.3,0.3,0.7,0.3,,0.6,0.7,0.7,0.5,0.8,0.9,0.6,0.5,0.5,0.8,0.5,0.3,0.8,0.5,0.8,0.6,0.6,0.6,1,0.5,0.6,0.6,0.5,0.4,0.4,0.6,0.5,,0.5,0.7,0.6,0.6,0.7,1.1,0.5,0.5,0.7,0.6,0.5,0.4,0.4,0.4,0.4,0.6,0.4,0.7,1,1.2,1.2,0.6,,0.9,0.8,0.5,0.6,0.6,0.5,1,1,0.7,0.8,0.7,0.7,0.4,0.7,0.8,0.8,1,0.8,0.9,0.6,0.6,0.7,1.2,0.6,1,0.7,0.9,0.9,0.7,0.7,0.7,0.8,0.6,0.7,0.3,0.7,0.6,0.6,0.6,0.7,0.9,1.5,0.9,0.5,0.8,0.6,0.8,0.7,0.8,0.9,0.6,0.4,0.4,,0.8,0.4,0.5,0.9,0.4,0.4,0.6,0.6,0.5,0.6,0.9,0.7,0.4,0.5,0.6,0.8,0.7,0.7,0.7,1,0.5,0.6,0.5,,0.3,0.1,0.4,0.3,0.8,1.2,0.9,0.7,,0.5,0.5,0.1,0.4,0.6,0.5,0.5,0.5,0.6,0.4,0.5,0.6,0.5,0.4,0.5,0.4,0.5,0.4,0.6,0.5,0.4,0.5,0.4,1.2,0.4,0.3,0.3,0.5,0.6,0.2,0.4,0.3,0.4,0.6,0.5,0.7,0.7,0.7,0.5
20231004,11,AQI,15,15,19,16,15,16,14,16,20,15,15,16,,,22,,22,22,24,,24,,23,23,,35,,,62,57,54,66,53,61,,,35,29,,25,,25,25,,,44,,107,,104,34,,42,,,41,23,,29,24,25,,22,26,21,23,29,,,28,51,23,53,78,73,,77,77,,77,49,,,58,,44,36,,,21,22,,,21,22,24,22,,27,20,,21,23,21,22,25,,22,22,23,22,20,,41,23,23,27,26,,20,21,,21,21,,20,22,21,20,17,19,16,23,,18,,,19,25,22,30,30,30,29,33,,30,31,28,29,25,,28,27,29,29,28,,28,53,,29,30,29,31,28,,36,35,32,34,32,57,,,,48,46,,,41,44,,,,32,,31,55,,27,,28,25,29,,,,,33,31,,29,30,30,36,37,,37,,48,48,34,46,39,42,,40,,38,,,25,25,,31,22,22,,,25,25,28,30,46,,,,30,30,33,34,34,,35,,42,,,28,,24,23,,,30,29,,32,31,,51,,46,,40,31,29,30,39,31,27,29,,,39,39,36,39,,,35,31,37,,,59,69,37,,19,,,18,19,,21,58,53,59,,58,58,62,,58,,,64,64,65,69,67,69,62,56,58,59,64,55,57,60,,29,38,29,38,35,35,20,,28,31,33,52,,,,43,42,46,60,52,52,46,,46,54,60,53,51,47,,42,48,46,54,61,45,42,,52,49,41,58,63,52,82,51,52,52,49,58,,,45,48,72,125,68,,84,47,56,62,,,49,42,42,43,,43,52,40,44,46,46,,33,38,,33,35,39,43,38,,24,24,30,25,14,,23,11,,16,18,,15,,,27,19,,25,16,,42,40,41,41,,,,,28,41,39,32,,36,48,35,27,,33,13,17,19,24,,28,20,15,16,54,13,14,13,27,15,,16,12,18,,,13,21,18,,,,53,48,,,,,26,,,,38,54,59,51,57,55,51,,50,44,42,39,32,54,41,44,30,33,42,,26,39,38,25,,25,27,25,25,27,21,19,19,22,,30,22,25,25,23,22,21,,24,24,38,24,25,32,36,35,41,,,63,,64,62,64,59,86,,77,62,,,73,68,71,78,,51,52,68,,51,67,63,56,46,64,,62,53,62,,,,,,,57,,70,79,67,70,48,44,53,48,56,62,,63,,,48,,40,44,36,52,55,62,49,60,,45,49,43,47,49,38,41,48,36,39,33,32,52,,45,42,42,48,35,46,,42,42,43,,,36,,54,,44,46,42,,54,27,,,76,65,,,,21,23,22,20,,77,,73,74,,87,87,,95,,85,66,98,,,52,25,26,25,,22,21,21,31,22,25,,22,21,,26,21,21,21,21,22,,,20,24,25,25,26,,,22,22,,21,,18,17,22,,16,21,19,25,20,25,17,13,15,,15,27,37,36,,24,25,29,,23,25,20,35,24,,23,26,27,,74,,,64,58,69,,84,78,,,,74,,73,,89,,,,78,58,73,,60,,,,22,18,28,23,47,50,,39,30,38,26,33,38,,37,,,23,33,,24,22,33,40,40,33,22,30,30,26,54,64,54,50,52,47,24,24,16,15,15,21,,43,,,35,,31,28,,14,22,,46,29,,,,,38,31,,,7,29,18,16,10,,20,30,,22,26,19,17,,11,,,27,32,28,,26,,,45,,19,19,22,,20,15,20,39,30,35,35,,,40,36,31,51,39,33,17,51,,28,32,72,85,53,,,,,,,,58,,,,,,,,,,,,,,,,57,,,,,,,,,,,,,,,,,,,,,,,,,,,,,,,,,,,,,,26,43,52,42,,52,49,56,55,,,,83,64,,70,,,,,59,60,62,,,79,83,,,,57,83,,46,,55,,67,,,35,,,41,,,,45,42,23,,,32,33,29,,34,32,33,30,22,26,24,,22,19,25,30,24,23,25,22,25,29,58,25,,,22,24,,22,21,38,34,30,24,24,25,,43,20,,,,25,23,26,,23,21,31,28,30,19,20,17,,18,19,18,22,,,29,15,,,14,14,,18,31,34,,30,30,34,,29,,26,34,,34,,,44,37,,44,34,,55,,,63,26,18,25,32,32,,30,,37,,,,35,42,37,35,,48,,32,,37,38,41,37,,35,83,,49,35,38,,,,32,34,,37,34,38,,,35,21,20,,17,35,8,48,35,34,24,,44,,41,,35,35,49,42,,,54,57,77,57,44,43,43,42,49,,54,55,46,30,51,42,41,37,,47,44,,89,87,,,76,,,70,,70,93,65,,89,49,58,58,58,,54,40,,46,59,42,46,,46,50,53,51,57,,48,50,27,16,14,19,43,43,63,42,18,20,,46,,52,,35,42,,29,15,,46,,58,42,52,,15,,,,37,50,46,68,55,48,62,64,39,62,,60,56,34,32,26,33,,29,,27,40,38,15,20,28,,21,28,18,27,,18,14,16,19,57,65,,56,33,,32,39,46,,41,,34,46,51,43,57,79,62,47,58,38,,43,,56,46,59,24,18,,16,27,,20,25,39,36,38,,42,43,41,34,60,49,,,,16,16,,11,11,17,12,14,,,,22,22,,,,,,42,32,42,42,32,,13,,13,19,18,17,21,16,,29,,26,29,,,,,24,22,39,,36,30,28,,25,25,18,29,20,,21,24,25,20,15,25,15,10,,29,28,36,32,20,13,13,15,42,,28,19,,15,19,,,19,15,,51,,37,,10,10,24,17,48,21,38,,61,59,11,22,15,16,,40,39,,25,22,26,,42,82,,,39,41,,26,25,31,30,,,30,29,28,,32,26,28,64,14,41,58,,63,,,48,20,30,24,64,99,108,99,22,,44,32,32,51,58,32,100,111,91,,,61,56,66,32,,15,44,45,38,16,56,85,48,36,22,22,54,91,,,23,30,30,32,22,28,,,,,54,38,23,25,17,36,32,26,21,,18,22,13,,,47,51,,,,51,,46,18,,32,35,,,57,29,27,42,49,31,60,59,57,27,45,18,17,,97,,23,,,40,,49,,31,27,,65,,45,15,26,45,23,76,36,63,,64,21,58,20,80,43,,46,54,38,34,,37,55,21,85,55,53,30,37,32,82,75,46,53,52,28,37,12,,56,56,50,74,20,15,13,11,,,43,50,,29,38,32,41,29,,28,70,44,32,41,36,124,54,32,,,41,26,49,32,16,,,34,31,30,29,29,33,36,33,19,21,24,46,25,27,29,55,,29,37,41,,36,39,40,51,48,55,70,,47,54,39,59,62,53,44,,43,48,40,51,24,39,23,21,,28,29,40,,42,31,,74,71,74,69,,55,,20,30,20,24,,24,20,19,18,,11,,19,16,20,32,,39,40,35,69,67,58,63,58,68,,53,78,78,63,,24,16,,23,22,32,42,29,44,22,24,56,45,41,46,69,,43,35,,28,,19,42,70,20,20,,25,32,32,33,26,46,30,27,26,27,31,36,55,34,41,34,55,48,46,26,43,29,54,36,32,48,57,,36,43,35,35,58,42,64,38,129,89,23,,29,47,25,33,,30,33,48,66,76,80,64,78,67,62,73,20,15,28,15,,,22,59,23,50,41,17,51,67,52,57,63,64,69,73,53,54,48,46,98,,,73,76,,38,52,24,51,16,11,42,57,40,41,50,32,43,46,,38,45,65,24,21,,23,22,,30,15,,41,49,13,15,12,23,18,,31,32,25,30,,,34,85,,109,53,,73,,32,24,22,23,100,78,47,54,51,34,38,64,78,64,58,58,67,99,53,,99,64,63,29,18,27,46,18,16,19,15,25,48,53,148,148,14,15,32,89,64,24,41,60,,67,42,45,36,28,,,26,40,51,,,34,25,,70,59,,61,69,66,,35,34,24,21,25,24,30,37,,,16,62,31,68,103,90,54,,15,17,19,17,20,40,62,54,24,24,43,84,32,,33,18,20,14,19,,24,,,92,28,24,42,20,31,,46,13,15,39,64,58,69,22,30
20231004,11,PM2.5,5,2,3,4,3,5,5,5,2,4,4,4,,,4,,4,4,5,,5,,11,6,,17,4,,33,26,34,19,33,31,38,,7,20,,8,,10,8,,,10,,80,,78,14,,22,,,23,2,,3,2,3,3,3,9,2,7,2,,,5,28,12,27,51,46,,52,39,,41,23,,,10,16,19,13,,,3,3,,,3,3,3,3,,11,9,,9,6,9,6,7,,8,4,4,3,4,4,4,5,4,4,6,,5,10,,6,6,,6,9,6,6,5,8,2,6,2,7,2,7,6,5,5,8,13,8,12,11,,8,6,7,12,9,12,14,14,7,10,10,19,14,13,,8,8,9,7,11,8,4,7,1,2,3,39,,,,22,21,,21,21,22,,,,13,,7,17,7,7,9,7,7,5,,,,,11,16,,17,21,18,9,9,,6,30,24,27,18,28,17,12,,10,,19,19,,10,11,,14,13,15,,15,15,12,11,9,32,7,,,11,7,6,19,15,,14,,21,,,7,,8,11,,12,11,11,5,7,5,,27,,28,24,25,18,10,13,14,9,17,7,14,,9,17,7,26,,,17,15,18,13,,36,46,19,22,7,,25,10,11,,14,32,29,22,,22,24,27,,36,,,36,39,34,41,42,37,38,35,34,42,42,39,33,33,,20,14,15,16,24,24,11,,15,12,17,28,28,28,14,30,29,22,43,20,34,30,,32,36,43,37,30,30,,29,33,27,38,30,31,27,,36,26,24,35,45,30,60,29,36,34,34,34,,,31,33,52,95,49,,62,30,35,39,,,34,29,27,26,28,30,28,23,28,31,32,,16,22,,18,14,27,22,18,,11,12,11,12,5,,16,6,,7,7,7,10,,,8,9,6,13,11,,18,25,21,22,,,20,7,19,28,27,22,,22,31,24,17,,10,7,5,8,9,12,19,10,10,9,15,7,5,9,17,6,8,11,7,3,,13,5,6,12,,32,,37,33,,,,,10,,,,20,24,28,25,38,23,25,,14,23,24,27,22,38,24,28,20,21,25,,18,18,14,9,,2,4,7,3,2,7,4,7,5,,8,5,11,11,7,8,9,5,5,9,5,14,8,6,18,24,25,,,36,,33,33,38,42,56,,48,44,,,53,45,39,56,,20,31,46,,31,44,27,36,32,29,,33,29,34,,,,,,,31,,39,57,46,43,20,21,27,32,24,44,,34,,,27,,24,23,25,36,36,44,34,43,,22,34,30,25,31,26,24,19,19,27,23,20,22,26,25,22,26,27,24,30,,29,29,30,,22,25,,26,28,27,18,27,,23,7,,,46,45,,,,4,2,6,2,53,56,,53,41,,64,64,,71,,51,41,60,,,36,4,10,11,,4,8,7,8,7,9,,7,8,9,7,8,10,11,8,9,12,11,8,6,10,7,10,3,7,10,8,6,10,,11,6,6,,3,13,9,17,7,17,2,7,4,5,8,12,16,15,,13,12,14,,14,16,13,9,16,,16,11,9,,54,,,46,41,50,,62,43,,,,53,,38,,66,,,,57,41,53,28,33,,,,5,12,5,7,25,21,,27,20,26,16,23,26,,19,,,7,21,,13,6,23,28,28,23,15,7,14,15,35,46,34,23,36,25,12,11,9,4,9,13,,30,32,30,22,,7,13,7,5,15,,32,17,,,,,8,13,,10,4,20,6,11,7,7,14,21,10,14,18,6,10,,5,,,12,22,19,,14,15,,19,7,13,13,15,,14,9,14,27,21,24,24,,,11,17,1,5,12,4,1,12,,15,7,24,8,31,,,,,,,,34,,,,,,,,,,,,,,,,27,,,,,,,,,,,,,,,,,,,,,,,,,,,,,,,,,,,,,,18,30,31,21,20,21,34,25,31,,,,58,41,,51,,,19,20,23,23,21,41,,46,51,,,,39,61,,28,10,19,,30,,,14,,,13,20,,,7,11,13,,,19,23,2,3,14,6,7,6,2,2,4,6,10,8,17,21,5,2,5,7,5,5,8,4,,,8,8,,,1,12,18,6,7,8,3,9,15,7,1,,,6,10,18,17,8,5,4,19,7,2,13,9,8,4,4,6,8,,,1,7,20,15,5,5,,12,13,10,,14,19,10,,16,,2,12,16,18,19,,20,18,,17,22,9,39,,,45,8,6,7,14,14,,16,,20,,,,17,17,10,17,,33,,18,,19,17,16,17,15,16,30,,34,24,26,,,23,22,23,,24,21,26,,,24,13,14,19,2,11,1,31,24,23,15,12,22,16,27,,1,12,22,29,26,,32,40,44,40,28,29,26,29,25,,34,32,32,20,29,22,26,24,16,19,19,,66,61,69,,51,,50,51,,48,69,47,,66,24,32,41,41,,38,28,,32,29,28,25,,32,28,37,27,28,,33,27,4,11,8,13,27,30,45,29,8,14,,32,35,32,,24,21,,16,10,23,24,,41,29,36,8,10,40,30,,24,30,21,49,39,33,44,46,5,44,,43,34,13,22,18,23,21,20,24,18,26,26,6,10,15,12,12,19,7,13,23,12,4,8,13,40,33,42,29,11,15,13,22,22,17,18,17,21,19,21,28,30,58,36,28,41,24,23,21,,30,32,42,6,9,,,18,7,14,5,27,25,26,22,23,30,22,22,34,34,,,,11,8,,6,5,,2,8,,,12,15,15,,,,,,29,20,29,29,10,,9,,8,6,10,11,12,7,,15,27,12,20,,,,,6,8,24,24,25,21,19,,12,17,12,19,14,,14,9,6,14,10,17,10,6,,20,19,25,22,14,5,9,7,29,,12,13,,7,13,,,6,7,,25,,14,,5,4,5,6,5,10,11,19,18,23,7,14,10,8,,15,16,,17,15,18,,26,20,,19,18,26,,12,6,19,19,,,14,8,19,,9,8,19,46,6,11,12,,21,,,30,14,21,13,19,74,33,35,8,,16,18,14,20,26,12,36,59,45,,,38,35,44,19,,,22,29,13,5,32,63,33,21,7,4,34,61,,,6,11,14,10,10,7,,12,,39,36,15,16,8,5,17,6,1,6,10,12,14,4,,,2,33,15,4,,20,,20,12,,17,7,,,34,13,13,9,34,17,35,36,34,15,27,12,2,,72,,5,50,,28,20,34,,12,10,13,39,8,26,10,14,26,4,52,25,36,,36,9,31,3,53,30,,32,38,26,14,,2,13,7,63,39,36,15,23,17,44,42,31,24,28,16,11,8,64,17,29,35,46,7,5,7,5,,,30,27,,20,22,17,27,10,,15,51,24,16,20,24,94,38,18,,1,27,18,34,21,5,16,,6,6,11,8,10,9,10,8,4,3,10,4,3,6,16,31,9,10,5,12,10,14,27,25,35,33,30,51,,32,38,27,33,44,30,21,,23,31,28,34,5,17,10,3,5,16,9,17,,29,19,16,54,51,54,50,,39,55,5,21,8,7,,14,8,6,12,,4,7,12,6,14,9,,24,28,24,42,34,34,36,27,42,,29,51,45,41,,9,9,,6,9,22,29,20,24,15,16,38,31,26,17,50,8,23,14,14,15,26,13,19,39,2,5,14,5,5,22,11,10,22,13,8,10,12,9,5,39,9,,14,20,19,19,18,10,20,28,25,22,19,38,37,17,30,22,23,41,28,46,18,98,66,2,5,18,16,6,18,,11,10,24,44,32,57,36,54,44,44,53,4,6,9,8,8,6,8,42,6,35,19,8,22,37,24,29,31,31,43,53,37,29,22,24,73,,31,47,44,38,9,10,16,6,10,5,24,29,28,10,35,22,26,26,,26,31,47,14,12,11,16,14,,7,10,10,28,34,7,10,7,13,11,7,16,17,10,9,,,13,63,,82,7,,53,47,1,7,4,4,75,56,21,16,12,11,5,11,9,11,2,29,48,63,37,28,74,35,45,20,3,18,17,12,11,6,10,11,9,14,60,77,7,8,14,66,34,14,28,33,,48,29,29,16,18,21,,12,17,32,58,53,21,9,39,39,36,51,34,50,19,36,24,22,10,4,16,10,14,13,,5,3,44,15,49,77,65,34,,6,4,2,3,5,28,44,29,3,5,20,62,22,8,4,4,4,6,2,,2,,18,68,11,9,16,3,8,11,12,7,4,25,39,34,36,8,18
20231004,11,PM2.5_24h,23,16,21,19,20,23,17,34,28,17,18,18,,,33,,32,28,34,,30,,30,33,,30,42,,39,45,53,42,47,56,34,,36,34,,32,,19,28,33,,34,,49,42,43,73,69,57,58,,61,7,,12,16,15,17,16,24,19,22,24,33,,24,35,32,39,31,28,,40,35,44,39,44,,,60,55,39,45,38,,15,16,,,12,14,13,14,,15,13,,16,12,17,14,14,,16,35,30,33,31,35,31,27,28,29,26,15,15,13,11,9,9,,9,12,13,14,14,13,12,14,16,15,17,18,14,14,13,8,12,8,11,7,,8,9,7,9,10,14,14,11,10,12,13,15,13,12,,12,12,11,13,12,13,4,10,6,7,5,26,,,,26,22,,23,26,24,,,,18,,9,11,13,11,13,13,12,12,18,,,,14,16,,17,20,19,18,16,,17,23,22,19,24,22,17,21,,17,,20,22,,15,17,,19,20,18,,18,16,20,18,9,13,7,,,12,9,9,18,18,17,18,,17,,,16,,9,12,,13,12,16,6,7,8,,25,23,26,22,24,21,19,16,21,18,17,11,24,19,17,22,19,24,,,16,15,17,14,,22,22,20,20,13,,24,18,13,,18,23,21,20,,21,22,22,28,21,,,15,15,13,17,17,17,25,23,17,24,27,25,23,22,,11,11,14,9,16,14,11,,13,11,9,13,11,14,11,13,11,9,16,8,34,38,,40,43,40,28,34,26,33,29,24,24,24,24,23,29,,25,19,21,26,21,15,24,17,30,33,32,27,,23,28,31,27,30,26,,26,23,22,21,,,28,26,27,29,28,27,29,23,26,26,24,,17,18,20,18,17,19,19,21,,11,11,12,12,5,,16,9,14,16,10,10,16,,,12,17,12,14,17,,26,21,23,26,,,26,14,13,20,17,19,14,16,25,18,13,,7,8,7,9,7,8,10,7,7,7,8,5,10,13,15,12,13,13,13,10,,16,13,10,15,,32,,36,35,,,,,27,,,,41,41,25,31,28,25,25,,17,13,12,11,11,18,13,16,14,11,16,,16,12,10,13,,10,12,13,12,15,17,12,17,15,,23,17,13,12,12,13,13,14,12,12,14,17,14,13,17,19,20,,,34,,31,29,34,29,35,,32,40,,,42,46,37,45,,31,35,41,,42,36,30,35,37,16,16,18,14,18,,,,,,,27,,40,33,24,32,20,16,20,14,10,16,,38,,,25,,28,25,26,27,25,25,29,26,,13,24,15,13,17,14,20,18,12,26,23,23,25,22,24,19,34,35,26,14,,17,20,24,,26,29,,28,30,27,26,21,,22,8,,,42,40,,,,14,16,14,14,34,41,,35,29,,53,58,,64,,36,35,40,,36,37,5,7,9,,19,16,20,20,18,16,,12,16,16,12,17,15,14,18,23,15,11,14,17,20,15,19,14,11,13,15,13,14,,12,11,6,,9,17,20,24,16,18,18,10,14,12,17,16,16,14,,17,15,14,,15,13,14,14,18,,14,17,9,,38,,37,32,29,35,,37,23,,,,36,,26,,33,,,,37,32,27,23,26,,,,5,8,3,6,22,21,,16,13,24,12,21,13,,15,,,5,10,11,6,4,29,27,30,30,11,7,12,15,24,31,26,22,26,20,11,9,17,18,17,22,,28,31,30,24,,8,11,8,10,18,24,28,18,,,,,24,23,,20,8,19,8,10,9,16,14,20,16,16,13,8,9,,12,12,,26,29,23,,13,16,,20,10,11,18,14,16,19,11,17,26,28,22,23,,,8,11,24,24,16,14,5,12,,17,7,25,24,29,,,24,,,,,18,,,,,,,,,,,,,,,,12,,,,,,,,,,,,,,,,,,,,,,,,,,,,,,,,,,,,,,12,28,26,24,23,26,28,26,27,,,,28,25,28,26,,,22,23,26,24,25,47,,50,51,29,,,31,44,,36,39,19,,23,,20,17,,,6,22,,,19,18,15,,,20,20,4,4,16,13,14,11,9,10,8,6,17,18,17,20,12,10,12,13,9,11,12,9,,12,15,13,,5,7,8,11,14,13,14,10,13,16,15,11,,,11,17,14,14,13,8,10,11,13,8,10,11,12,12,9,11,6,,,8,11,9,16,7,8,,16,11,10,,12,18,12,,18,19,9,18,17,18,24,,18,20,15,20,24,12,21,21,,25,9,10,12,10,14,,22,,37,,,,9,8,12,13,29,22,,22,,18,18,19,14,14,16,18,,23,22,24,,,20,22,22,,21,20,19,,,15,13,16,22,18,11,18,34,25,28,23,29,33,32,37,,12,25,27,28,29,,34,36,36,34,36,36,33,36,38,,43,45,44,26,31,30,30,28,22,30,25,,44,35,39,,36,32,35,32,,35,35,33,,41,29,29,35,34,,27,24,11,27,25,25,28,,33,33,39,14,20,,21,14,4,16,6,8,19,24,39,29,9,11,,30,27,28,,18,16,,15,10,21,24,,30,23,27,10,7,20,20,,18,28,24,33,27,25,29,29,7,24,26,24,22,27,43,40,44,48,37,41,38,39,42,5,8,12,10,9,8,11,16,13,13,4,6,6,35,35,38,29,12,17,11,16,19,17,21,23,22,17,20,26,27,53,35,28,24,28,19,21,,22,21,22,7,7,,3,13,6,11,5,19,14,19,18,25,22,15,19,18,24,,,,12,10,,10,8,2,4,7,4,,16,14,13,,,,,,16,15,17,17,13,,10,,5,9,9,11,11,9,,18,20,12,16,,,,,6,7,17,16,13,12,20,,8,9,7,13,16,,17,5,9,13,11,13,11,9,,16,20,17,17,11,12,10,9,13,,12,9,,9,7,,2,4,4,,16,,5,,1,4,7,5,6,7,21,24,22,22,10,11,10,8,,23,25,,15,14,16,,24,19,,23,17,22,,18,20,20,24,,,19,14,13,,13,10,17,62,5,13,23,,25,,,30,16,17,11,13,20,19,22,9,,16,15,15,23,30,34,48,56,58,,,24,22,23,12,,5,18,18,15,9,23,33,39,35,30,28,54,59,,25,12,17,18,9,16,15,,24,,32,38,25,17,8,9,14,8,9,13,15,11,13,4,,,27,26,15,27,,27,33,50,17,,19,12,,,21,15,12,17,26,21,26,17,25,15,23,17,10,16,59,,32,40,,22,24,34,29,13,12,17,39,14,21,10,19,16,30,35,17,24,14,35,14,35,5,39,29,,22,24,21,9,,14,27,13,46,24,25,14,17,15,27,29,24,17,41,13,19,13,38,17,31,21,36,6,8,6,7,,,34,18,34,15,20,4,24,17,,16,31,33,18,32,16,40,35,19,,13,31,28,32,26,5,15,6,6,7,10,8,10,10,8,7,13,16,12,8,8,5,27,27,12,16,6,15,18,19,25,31,39,40,39,30,30,21,25,27,17,28,25,29,27,14,23,31,28,8,42,31,28,41,15,10,21,12,26,18,20,36,31,34,33,32,33,30,6,14,7,5,8,18,17,8,15,21,8,11,11,10,11,22,,26,29,21,17,35,30,39,14,34,,32,36,37,36,7,9,10,,25,7,17,24,22,21,13,19,23,34,18,20,37,12,19,15,14,19,28,17,32,33,32,25,11,12,13,14,14,12,20,10,16,15,16,12,7,22,17,14,16,21,24,26,15,15,22,26,25,23,13,21,18,14,20,24,16,21,21,46,39,42,36,21,32,34,19,12,15,15,19,23,21,25,24,37,27,38,29,33,34,7,11,9,9,14,11,9,30,32,29,30,20,25,27,19,30,41,34,28,25,31,34,9,16,44,,35,45,46,35,24,26,18,18,12,13,14,21,25,13,30,26,22,24,28,18,25,24,11,14,9,10,10,,7,11,5,19,31,9,7,10,11,22,18,18,15,14,10,18,15,15,43,32,47,19,,62,25,32,41,28,35,45,34,62,75,58,44,49,49,47,40,36,21,29,33,21,26,48,26,36,17,11,21,26,14,12,10,15,14,6,9,61,80,8,7,61,38,25,13,23,23,38,24,28,27,13,12,21,,16,24,29,37,15,21,23,17,16,38,43,45,34,29,30,26,21,11,8,21,17,15,19,,6,4,14,24,36,61,36,30,,16,24,14,19,12,12,38,24,12,9,24,37,24,30,37,12,25,15,27,14,14,,17,46,16,11,23,10,9,16,16,6,1,27,39,32,37,19,16
20231004,11,PM10,11,5,9,10,8,14,14,12,5,11,10,10,,,15,,15,13,14,,16,,23,17,,35,10,,73,63,58,81,56,71,50,,35,21,,23,,25,25,,,44,,94,,96,34,,42,,,41,20,,29,24,18,9,3,26,1,3,29,,,28,51,23,56,105,96,,104,103,,103,49,,,65,48,44,36,,,9,22,,,12,10,24,11,,27,16,,19,23,18,14,25,,9,11,14,20,13,13,41,8,9,27,23,,10,6,,21,6,,11,13,10,8,16,17,12,23,2,16,,17,10,25,22,23,27,22,24,21,,25,27,27,27,22,17,27,27,29,29,28,27,27,25,,20,22,21,18,21,20,14,19,13,14,13,63,,,,48,46,,46,41,44,,,,27,,31,59,28,27,17,22,22,29,,,,,33,21,,22,25,28,14,15,,14,36,48,48,34,46,31,28,,33,,38,32,,25,25,,31,22,20,,24,25,25,28,19,25,48,,,30,17,24,30,29,,35,,42,,,14,,24,21,,,18,28,11,32,20,,52,41,46,43,40,31,29,27,39,31,27,29,34,29,39,39,36,39,,,27,12,37,26,,68,88,37,39,19,,36,18,16,,21,66,56,68,,66,66,73,,66,,,78,78,80,88,83,88,74,62,66,68,77,57,64,70,,27,38,29,38,29,33,20,,28,31,33,54,37,43,25,35,37,46,63,54,54,46,,45,58,51,48,52,47,,35,41,46,49,71,40,42,,37,49,41,66,45,54,44,51,44,53,48,66,,,39,46,68,79,58,,70,47,61,73,,,43,40,42,43,45,42,54,40,44,46,42,,33,38,,33,35,37,43,38,,23,24,30,25,14,,15,10,,16,18,4,7,,,27,19,7,25,9,,42,40,41,41,,,,,24,41,29,24,,36,48,31,27,,33,13,17,19,24,25,15,20,14,12,58,13,9,10,27,15,18,12,11,8,,26,13,21,15,,33,,25,36,,,,,21,,,,38,57,67,51,63,59,51,,50,44,42,33,26,40,41,44,30,33,42,,19,39,38,18,,14,27,20,16,27,17,12,17,22,,30,19,25,18,15,12,18,31,13,22,38,24,18,32,36,33,41,,,75,,78,73,78,58,122,,103,68,,,96,85,92,105,,52,53,85,,51,83,75,61,44,78,,73,56,73,,,,,,,63,,90,107,83,90,48,44,56,48,61,71,,75,,,48,,40,44,28,50,60,57,31,57,,45,49,42,47,49,38,41,48,36,29,31,32,53,39,45,42,42,48,30,46,,40,36,35,,36,34,,58,40,44,46,42,,57,27,,,101,80,,,,20,23,19,20,,82,,78,98,,118,108,,108,,120,81,146,,,34,24,26,22,,18,17,16,31,22,25,,16,14,,26,11,17,16,16,22,21,5,19,16,18,16,26,30,18,14,15,21,15,,13,9,22,,13,7,18,14,10,12,6,13,8,31,7,27,37,36,,24,25,29,,23,25,20,35,24,,23,26,27,,54,,,46,51,49,,98,105,,,,98,,96,,108,,,,100,61,87,55,69,,,,22,17,28,23,47,50,,33,30,35,26,29,34,,37,,,21,33,,24,10,29,35,31,33,22,30,30,26,57,46,57,50,53,47,24,24,16,15,13,21,,41,46,44,35,,31,28,21,3,20,24,46,29,,,,,38,31,,37,4,6,18,12,10,8,18,14,14,22,25,19,17,,11,,,27,29,28,,26,43,,45,8,11,14,13,,15,8,8,27,24,24,25,,,40,36,31,51,39,33,15,52,,28,32,93,119,55,,,,,,,,66,,,,,,,,,,,,,,,,63,,,,,,,,,,,,,,,,,,,,,,,,,,,,,,,,,,,,,,26,39,53,42,41,54,44,62,60,,,,116,78,80,83,,,105,110,68,70,73,124,,107,115,,,,64,81,,46,32,59,,83,,,35,,,41,33,,,45,42,23,,,32,20,29,28,34,32,31,30,21,26,24,86,16,12,9,23,24,21,25,9,16,29,65,18,,,22,14,,9,12,38,34,30,24,21,20,23,43,13,4,,,25,17,20,37,10,14,31,26,9,18,15,17,10,12,19,16,10,,,5,5,48,3,10,12,,9,30,34,,24,24,19,,29,,9,34,22,34,37,,44,37,,44,34,29,50,,,55,26,18,25,24,28,,19,,37,,,,35,42,37,35,,45,,32,,37,38,41,37,54,31,115,,27,30,28,,,29,31,34,,37,34,37,,,35,21,11,14,17,35,7,48,31,34,24,17,44,46,41,,35,35,49,34,37,,58,58,103,60,44,43,43,41,49,,58,60,44,30,51,42,41,37,38,47,44,,113,123,108,,102,,93,58,,90,108,75,,77,49,65,61,56,,46,38,31,40,67,42,46,,41,50,40,52,63,,42,50,8,13,14,16,43,34,29,34,18,16,,45,60,53,,30,42,,29,14,26,46,,51,41,40,25,13,,72,45,37,50,46,64,60,48,70,68,39,46,,55,61,34,27,22,29,25,26,38,27,40,36,14,20,28,29,21,26,18,27,33,17,9,14,13,60,79,92,62,33,55,32,39,46,25,41,36,34,46,51,43,64,88,73,47,52,38,59,43,,61,45,44,24,18,,6,27,21,20,25,37,27,21,33,42,34,41,34,70,32,,,,14,16,,11,11,17,7,5,11,,16,20,21,,,,,,35,32,24,30,32,,8,,7,13,16,16,21,16,,29,34,26,22,,,,,13,15,39,37,35,27,26,,22,12,13,29,10,,21,24,25,17,7,16,7,9,,18,23,28,30,16,6,12,7,39,,28,9,,15,11,,,19,15,,51,,37,,7,9,8,17,48,21,38,,71,68,9,22,15,16,,27,39,,14,17,26,,42,114,23,32,39,41,,26,12,28,27,,,30,16,25,,13,26,21,24,6,41,65,,76,,,48,17,28,24,77,119,165,148,8,,44,32,32,52,66,32,150,172,131,,,71,62,82,32,,11,44,45,38,7,62,84,41,36,16,10,57,132,,,18,18,22,22,21,14,,32,,66,58,38,22,25,17,36,32,26,18,22,18,22,2,,,47,52,24,13,,51,,46,15,,32,21,,,63,21,27,24,44,31,70,68,63,20,45,14,17,,110,,12,52,,38,45,49,,31,20,29,79,24,45,15,26,45,12,101,30,75,,78,15,66,20,110,42,,33,41,31,34,,37,60,21,69,58,56,30,37,32,113,100,46,55,54,28,37,12,86,61,62,45,97,20,15,13,7,,,23,50,,23,35,32,41,27,,28,88,44,29,41,36,100,55,32,,12,41,25,39,29,16,36,,19,18,26,26,23,33,36,21,10,15,17,46,10,22,20,60,22,15,9,20,60,14,33,40,51,38,60,67,,47,56,39,68,53,56,44,,43,48,40,51,4,39,23,14,14,28,29,40,,35,31,31,82,92,85,73,49,35,57,13,15,4,15,,24,20,19,15,,11,9,11,10,15,32,,39,27,31,87,83,66,75,66,85,,56,105,106,75,,24,16,,21,6,27,35,18,44,20,17,62,36,41,46,72,21,43,35,36,28,51,19,42,90,7,4,12,16,32,31,33,19,46,14,16,22,17,18,2,50,16,17,34,59,48,46,24,43,28,58,27,31,48,63,,36,36,35,35,66,42,77,38,133,100,5,15,29,47,22,33,,25,33,48,81,102,109,77,106,84,55,63,12,12,28,8,13,15,15,59,23,49,41,17,51,83,54,63,75,77,87,95,55,58,46,46,122,,72,96,101,76,38,54,21,52,9,10,42,64,38,41,43,29,43,46,,38,43,62,17,19,33,23,20,,29,10,50,41,33,13,15,,23,18,11,31,26,19,16,,,34,109,,136,55,,91,103,32,18,21,23,129,105,47,58,51,34,38,77,106,78,65,66,72,147,45,,111,78,45,25,18,27,46,13,15,19,14,25,48,56,245,246,14,11,32,122,78,24,41,70,,83,41,45,36,28,29,,26,40,52,63,21,34,25,62,90,67,103,72,85,82,61,32,34,24,21,25,24,30,37,,,5,70,31,69,104,129,57,,15,11,5,7,17,28,70,58,18,7,43,97,32,25,33,9,7,14,3,,9,11,38,117,28,24,42,20,24,15,46,13,13,39,78,66,88,21,26
20231004,11,PM10_24h,40,27,41,36,40,39,39,63,50,36,35,36,,,68,,65,58,70,,60,,66,59,,63,66,,88,93,91,87,91,91,74,,69,72,,62,,63,57,59,,61,,65,67,66,110,101,109,130,,106,27,,33,31,23,43,44,46,51,35,56,58,,56,66,59,68,69,71,,87,95,83,86,82,,,109,110,79,78,84,,31,31,,,28,30,31,28,,40,41,,37,48,37,36,35,,37,70,57,65,60,53,53,53,63,44,34,41,37,39,35,34,24,,34,35,39,23,21,22,32,26,24,25,27,28,24,22,31,23,24,20,21,22,,21,23,22,21,24,23,29,24,25,30,24,24,22,22,,27,28,26,26,23,26,15,17,15,17,14,47,,,,41,39,,43,41,33,,,,29,,24,32,27,23,25,24,21,25,34,,,,35,29,,27,28,25,24,24,,29,28,36,38,36,43,33,27,,24,,34,38,,37,31,,35,30,26,,29,29,34,40,18,28,28,,,28,22,21,36,36,35,40,,37,,,29,,29,29,,30,25,30,17,20,19,,50,42,45,42,41,34,38,34,36,29,29,25,39,29,34,33,33,33,,,39,34,40,39,,47,50,39,34,26,,33,34,18,,35,46,44,47,,48,61,48,53,31,,,36,37,37,35,37,41,51,48,44,48,53,48,50,50,,19,20,18,19,18,19,16,,17,17,16,19,14,19,14,16,19,19,27,20,53,55,,54,76,48,44,54,42,48,37,44,47,44,54,38,54,,39,40,40,61,34,33,34,34,49,51,52,44,,39,51,50,43,47,39,,39,40,37,43,,,49,45,46,48,44,43,55,70,43,41,35,,29,30,31,28,30,36,34,63,,24,25,23,23,13,,26,12,20,29,16,17,25,,,19,34,19,27,24,,39,33,38,41,,,40,27,24,25,27,25,29,28,29,24,19,,16,11,17,17,22,16,14,13,9,10,16,8,25,23,25,22,23,18,25,16,,30,26,21,25,,43,,41,41,,,,,47,,,,68,82,61,65,72,59,59,,44,21,21,20,22,22,28,27,27,26,29,,22,27,22,29,,31,27,29,27,44,34,30,32,36,,43,39,55,24,28,25,27,28,26,30,36,48,36,38,43,40,44,,,68,,63,72,64,53,79,,71,71,,,74,78,71,77,,55,59,80,,75,65,68,59,55,40,34,36,28,43,,,,,,,58,,76,59,48,66,39,37,41,21,30,31,,71,,,37,,35,33,39,47,44,50,50,53,,34,45,28,30,38,26,38,36,31,38,33,35,40,39,40,44,39,42,38,26,,32,31,37,,41,40,,56,52,64,60,29,,40,13,,,82,72,,,,41,42,38,48,46,53,,49,60,,91,88,,98,,80,78,97,,75,49,16,19,14,,37,43,43,51,40,65,,48,41,36,39,35,47,30,37,51,29,26,34,36,57,32,41,36,24,26,29,32,27,,20,16,20,,14,34,32,33,35,35,24,23,17,23,22,22,25,22,,20,23,24,,15,24,21,25,21,,25,24,11,,48,,53,46,42,45,,68,63,,,,69,,64,,59,,,,69,45,51,41,45,,,,14,12,18,14,38,39,,21,20,25,18,21,19,,22,,,19,18,13,15,6,39,45,42,46,21,26,23,27,35,38,46,38,44,33,21,20,23,26,19,29,,41,48,42,39,,21,28,21,15,36,39,49,37,,,,,53,43,,40,11,21,23,19,22,20,21,23,23,22,22,21,17,,25,22,,41,42,45,,29,38,,45,15,15,25,21,26,32,24,27,35,34,31,36,,,25,34,81,64,77,66,16,25,,29,22,83,88,94,,,46,,,,,38,,,,,,,,,,,,,,,,33,,,,,,,,,,,,,,,,,,,,,,,,,,,,,,,,,,,,,,22,41,41,42,45,51,45,51,44,,,,61,67,62,54,,,54,70,56,64,65,95,,103,86,48,,,54,68,,65,65,59,,76,,51,37,,,36,23,,,49,50,26,,,24,25,19,21,37,37,35,39,33,31,39,37,34,37,36,44,35,35,49,36,26,26,37,23,,47,38,25,,14,14,25,26,33,28,22,31,26,32,29,27,,,28,22,23,46,14,22,24,26,12,13,16,20,27,23,21,20,11,,,13,24,24,28,14,15,,14,29,29,,22,26,19,,29,26,20,33,26,32,48,,31,35,39,45,32,29,25,23,,26,37,32,22,19,22,,35,,45,,,,21,25,16,30,43,38,,30,,25,23,25,34,36,36,54,,38,29,43,,,30,30,31,,32,38,30,,,32,27,26,27,29,41,26,50,38,41,35,37,60,61,54,,46,44,49,46,47,,53,47,63,48,54,56,54,52,59,,68,66,62,42,48,52,46,46,43,54,51,,66,61,57,,65,49,65,45,,67,72,52,,50,53,49,54,54,,38,35,25,34,44,36,55,,50,46,45,40,41,,37,38,7,32,15,14,35,38,37,37,26,23,,46,43,47,,28,27,,28,16,33,35,,41,33,32,25,17,29,43,31,30,42,39,41,48,41,42,43,27,25,41,31,37,52,49,54,51,60,51,57,50,49,53,10,15,21,22,20,22,18,20,22,21,10,13,12,66,81,82,70,25,39,23,36,44,47,38,42,30,41,49,40,57,62,54,36,39,31,29,36,,44,34,32,17,15,,9,24,21,21,16,27,20,20,22,39,27,28,31,38,32,,,,22,22,,22,16,18,13,14,24,,25,21,20,,,,,,27,25,23,24,23,,14,,7,14,15,17,16,21,,23,26,20,25,,,,,12,13,24,22,22,21,26,,17,11,11,21,16,,23,11,24,16,12,16,12,14,,23,32,26,25,19,12,17,17,27,,23,18,,14,7,,8,12,11,,32,,12,,6,9,15,12,15,12,56,72,65,56,13,22,17,18,,48,42,,19,20,34,,39,43,29,42,35,43,,35,30,32,33,,,39,28,15,,18,28,18,19,6,38,69,,57,,,74,26,21,19,52,58,69,75,20,,41,28,32,87,87,98,166,183,159,,,59,46,55,20,,31,40,42,43,12,51,46,54,67,61,54,87,110,,66,31,28,25,24,37,26,,35,,48,62,38,23,19,19,37,28,25,39,36,21,26,8,,,62,51,31,59,,71,61,88,23,,26,20,,,44,30,35,27,34,34,52,37,47,21,36,30,27,24,102,,58,53,,33,41,46,39,40,22,31,74,21,40,23,37,35,61,62,25,40,28,67,19,63,8,75,43,,25,30,23,29,,37,72,27,50,31,41,22,25,23,66,65,36,43,66,21,26,27,53,38,50,23,70,15,14,15,15,,,34,44,71,21,32,10,36,30,,31,54,59,24,55,32,65,62,33,,39,44,40,44,39,20,35,26,16,21,23,22,25,30,28,22,25,35,22,65,26,24,30,44,23,20,15,26,29,30,35,50,59,53,70,49,54,38,42,46,35,53,46,54,33,31,38,46,57,16,69,63,72,77,24,25,44,19,33,30,27,61,54,46,44,45,42,43,14,19,11,12,16,26,27,23,23,26,17,15,9,18,13,35,,33,31,31,45,63,55,72,33,65,,54,76,81,67,12,16,16,,43,9,22,32,22,28,23,30,39,40,46,40,57,26,39,33,31,30,55,24,48,67,57,51,28,23,23,24,23,23,36,23,32,30,25,24,16,30,22,30,38,62,54,59,38,37,34,57,30,37,50,42,37,29,29,32,27,46,36,88,62,84,91,41,62,62,57,26,22,22,32,37,28,48,63,62,50,71,45,49,57,13,15,22,10,26,26,44,42,43,39,40,33,40,72,37,63,74,64,69,51,47,63,22,36,82,,72,78,95,69,58,77,24,51,17,28,31,50,42,40,56,37,37,44,43,32,35,33,17,27,25,19,21,,24,15,21,26,27,13,14,21,22,35,29,33,30,26,21,54,42,40,67,48,76,49,,93,66,72,73,78,72,95,62,98,138,102,108,114,109,106,97,98,49,55,79,40,37,80,45,48,19,27,23,48,28,24,20,23,26,21,44,195,187,15,12,89,93,59,52,40,51,63,45,44,45,31,20,25,,21,53,47,47,19,30,39,33,42,70,75,76,65,60,74,42,36,20,20,28,31,34,30,,15,4,28,102,55,88,76,47,,36,50,28,36,43,25,56,47,28,18,50,66,34,71,63,26,44,34,50,28,27,23,42,82,33,26,44,36,29,34,37,11,8,43,81,54,71,42,23
20231004,11,SO2,3,3,3,3,3,3,3,3,3,1,3,3,,,7,,3,5,4,,6,,8,4,,14,3,,11,4,4,10,5,6,,,4,5,,2,,12,11,13,,7,,8,,10,4,,6,,,5,1,,1,3,6,7,6,4,2,2,1,,,5,4,8,6,9,11,,17,18,14,16,15,,,7,,15,13,9,,5,5,,,8,5,4,6,,8,9,,9,6,8,7,5,,6,6,10,10,7,6,6,6,10,3,9,5,6,5,5,7,6,,5,6,4,6,6,6,5,2,4,4,7,6,7,6,8,4,9,7,8,8,,5,6,6,5,5,3,7,5,9,6,5,9,4,167,,8,10,10,8,8,11,6,6,7,6,7,12,,,,14,11,,,8,8,,,,14,,7,17,8,9,6,7,13,16,9,,,,12,10,,6,6,7,6,6,,7,,7,8,6,7,10,9,,11,,11,10,,10,5,,8,9,9,,,7,10,7,6,8,5,,,6,8,6,6,5,,6,,10,,,4,,5,6,,,4,6,,5,5,,4,4,2,1,2,5,6,6,7,6,5,5,8,5,5,6,8,7,,,5,3,3,4,,4,6,4,,7,,4,6,7,,7,11,8,8,,8,8,7,,9,,,15,14,12,13,13,16,8,6,8,8,8,8,8,11,,10,7,6,8,7,8,6,,7,5,4,6,6,4,,4,3,3,2,6,4,7,,3,5,10,5,4,5,6,7,3,6,9,5,5,7,,3,6,7,8,9,8,8,11,9,11,6,12,,,5,7,11,9,7,,11,13,6,12,,,6,5,11,6,,7,4,7,6,9,7,,8,8,12,8,8,16,9,11,,6,7,5,8,6,,5,8,,6,6,5,6,,,8,6,7,6,5,,3,1,3,2,,,,6,5,4,5,5,6,10,4,6,6,,12,9,10,7,19,11,7,7,9,8,7,6,7,6,4,6,,5,3,5,,6,1,4,6,,3,,6,6,,,,,8,,,,9,32,5,3,3,5,6,,13,7,4,7,10,6,5,5,4,5,5,,3,4,5,7,,17,8,6,21,17,19,5,4,18,,5,18,14,9,8,9,5,6,8,6,21,12,12,16,6,6,3,,,14,,11,10,12,6,13,,15,7,,,17,18,15,23,,7,7,24,,9,12,17,14,6,14,,11,13,7,,,,,,,11,,7,11,9,11,10,6,10,9,10,13,,15,,,13,,10,9,13,11,15,14,10,10,,10,9,10,12,8,12,10,15,13,15,4,7,8,8,6,7,5,6,5,10,,7,9,9,,4,6,,8,8,5,5,10,,18,6,,,10,10,,,,8,6,12,8,,16,,25,24,,14,20,,20,,32,13,39,,18,10,9,15,8,,6,10,10,8,9,7,,7,5,,6,6,9,7,12,10,,123,6,7,8,12,6,9,7,7,8,9,7,,5,2,5,,4,5,7,5,5,5,5,4,4,4,5,8,7,6,,8,10,7,,6,7,10,8,13,,11,8,14,,4,,9,4,2,1,,17,15,,,,6,,5,,11,,,,9,8,9,8,9,,,,7,5,8,6,6,7,,7,6,7,6,5,3,,8,,,5,7,,3,9,4,11,12,7,6,4,4,5,10,10,11,10,12,8,3,3,5,4,7,7,,7,5,7,9,,11,32,9,4,4,,6,3,,,,,2,1,,,2,2,2,2,3,4,6,9,3,1,6,3,4,,2,,,7,1,5,,7,5,,4,,5,7,6,6,8,10,5,3,4,4,6,,,9,5,28,16,8,4,9,8,,18,7,18,9,10,,,8,,,,,11,,,,,,,,,,,,,,,,11,,,,,,,,,,,,,,,,,,,,,,,,,,,,,,,,,,,,,,6,4,3,3,4,17,21,13,24,,,,10,11,10,9,,,22,,23,29,26,,,17,18,,,,7,7,,10,9,9,,15,,9,8,,,5,5,,,7,5,3,,,1,3,11,12,10,10,8,3,5,8,5,6,9,8,8,9,6,6,4,5,5,6,7,4,,,6,4,,7,6,12,14,7,3,4,6,7,7,8,,,,6,10,12,10,11,8,5,7,3,4,5,6,,4,4,3,1,,,7,3,26,1,2,6,,6,4,5,,8,6,5,,7,,10,14,2,8,6,,7,7,10,7,4,,7,6,,6,4,4,6,9,8,,7,,8,,,,5,11,9,7,,9,,5,,4,7,5,7,7,7,8,,8,4,9,,,,6,6,,4,4,6,,,5,3,6,11,5,13,12,25,23,22,10,,11,,14,,5,4,6,8,,,19,6,14,10,10,12,8,11,5,,12,9,16,1,4,1,4,5,,14,4,,17,34,32,,8,,,6,,5,4,8,,8,13,8,11,9,,6,4,8,7,6,9,9,,6,6,6,4,6,,11,7,9,7,7,6,8,8,6,8,4,3,,12,,6,,8,6,,9,6,6,6,,7,6,6,,8,22,,6,9,8,7,19,8,6,8,10,4,3,4,4,2,3,5,4,6,10,8,6,6,6,6,4,1,3,8,3,4,3,1,3,4,6,6,11,14,7,12,10,2,,3,11,8,11,6,6,6,11,8,10,9,45,42,8,8,8,9,10,,21,10,10,6,3,,2,5,,6,7,7,7,7,10,4,8,8,10,8,15,,,,4,6,,7,8,14,14,17,7,,7,5,8,,,,,,5,4,4,8,5,,5,,7,11,9,9,8,16,,6,7,5,6,,,,,1,2,5,4,2,5,6,,2,7,6,13,18,,8,10,6,11,6,6,3,4,,5,6,5,9,7,10,4,5,24,,8,4,,7,8,,10,10,2,,6,,7,,6,7,5,6,8,7,17,15,16,17,17,6,7,5,,120,64,,10,7,4,,10,7,3,4,6,5,,5,6,2,2,,,10,4,3,,8,12,10,12,10,10,10,,10,,,15,7,3,6,8,7,3,7,6,,9,8,8,5,6,2,5,5,5,,,18,13,22,5,,4,8,9,3,7,3,14,5,17,4,4,6,15,,,6,12,5,8,5,4,,4,,,6,6,6,9,9,13,10,10,9,8,6,5,4,,,3,9,9,,,6,,30,4,,8,9,,,11,5,10,11,18,8,13,16,14,7,12,6,6,,19,,5,,,3,4,8,,2,9,,11,,11,3,8,10,5,9,7,8,15,13,1,12,7,12,8,,8,7,6,7,,2,13,6,7,9,8,6,9,7,16,9,19,4,10,7,8,4,9,4,9,9,16,7,7,5,4,,,7,8,,8,10,8,8,6,,14,10,14,8,12,5,9,8,5,,5,7,7,15,50,5,,,4,6,7,6,8,5,8,8,3,7,14,8,10,6,6,10,9,8,7,9,12,9,6,6,6,4,6,4,,6,2,5,10,10,11,8,7,10,7,8,2,2,7,5,5,,10,4,7,,8,4,4,6,10,12,9,5,2,,7,5,7,8,,6,8,11,26,,4,,7,8,10,2,,3,9,8,12,16,12,15,10,12,,12,12,11,12,13,4,4,,8,6,9,8,6,7,4,9,10,4,9,10,51,6,7,6,8,9,,6,8,15,3,3,8,10,5,5,5,8,20,1,8,7,7,11,6,14,7,6,5,2,2,10,10,10,5,11,7,8,8,9,8,10,10,4,10,11,8,11,7,9,13,4,,13,6,4,8,6,6,8,5,8,9,29,10,8,11,13,10,9,5,12,6,7,,2,7,6,6,6,6,8,10,7,9,15,11,13,10,9,11,6,9,8,,,18,19,14,2,6,7,6,8,2,10,5,2,4,10,4,10,10,,10,2,6,4,4,2,6,4,,7,4,6,9,8,6,6,5,7,6,,7,6,5,5,11,,8,10,,19,63,,8,,3,4,1,5,13,34,3,5,9,10,9,9,9,8,12,9,7,9,1,6,24,7,10,8,10,7,14,5,4,4,4,5,8,9,27,30,6,4,9,91,10,13,8,7,,9,8,8,19,9,,,8,4,1,,8,8,2,,9,12,,18,13,9,,9,6,6,4,5,9,6,4,,,5,14,6,9,15,12,4,,1,3,3,1,9,56,14,10,7,12,6,10,7,5,1,3,3,3,3,,5,8,,21,8,6,8,4,7,,4,7,4,10,14,12,17,10,12
20231004,11,SO2_24h,3,2,3,3,3,3,3,3,3,2,3,3,,,9,,5,7,6,,8,,6,6,,8,5,,10,5,6,8,7,9,8,,3,6,,2,,12,11,12,,8,,9,11,11,8,8,8,8,,8,2,,2,2,7,11,10,10,15,9,3,3,,6,8,9,8,5,10,,18,12,12,14,11,,,9,13,11,17,11,,7,7,,,10,8,6,9,,11,14,,9,8,12,10,8,,8,7,11,9,9,9,7,8,11,7,9,6,7,6,6,8,7,,6,7,5,8,6,6,6,3,5,5,7,9,7,6,8,5,9,7,8,8,,4,6,7,5,5,3,5,4,7,5,4,7,3,11,,8,10,9,8,8,10,6,6,7,6,7,9,,,,5,7,,6,6,6,,,,10,,6,8,11,8,6,8,10,9,9,,,,12,10,,4,4,3,8,8,,9,8,8,10,7,8,7,6,,11,,8,8,,8,5,,6,8,8,,9,6,9,7,6,9,5,,,8,8,7,6,5,4,6,,8,,,3,,5,5,,6,4,6,6,5,5,,4,4,3,4,3,6,6,6,6,6,5,5,7,4,5,5,5,6,,,5,3,3,4,,4,4,5,6,7,,8,6,9,,7,6,4,6,,4,4,4,8,5,,,9,9,9,8,9,8,5,4,6,7,6,6,6,8,,8,6,6,8,7,7,6,,7,4,4,6,5,4,4,4,3,3,2,6,4,7,,3,5,9,4,4,5,6,6,3,6,9,6,5,7,,3,6,6,8,6,6,6,7,10,7,6,9,,7,5,6,7,6,4,,7,7,4,6,,,6,4,12,5,7,8,4,6,5,9,5,,7,6,10,7,7,10,8,8,,6,7,5,8,6,,5,8,5,6,5,5,6,,,7,7,7,6,6,,2,2,3,2,,,3,8,5,3,3,6,5,8,4,7,5,,9,7,9,7,16,7,7,7,9,8,7,6,7,6,5,6,7,5,3,5,,5,2,5,7,,4,,8,11,,,,,27,,,,13,22,6,3,4,5,8,,11,7,4,7,9,6,5,5,4,5,7,,4,4,5,13,,19,14,13,16,31,29,7,5,14,,6,8,6,10,8,10,6,10,11,7,18,10,10,13,7,7,4,,,10,,11,11,13,7,10,,13,8,,,11,14,10,12,,8,8,19,,8,6,7,8,7,11,5,6,7,3,,,,,,,11,,7,9,8,9,9,6,10,4,6,8,,21,,,14,,11,9,13,8,9,10,11,9,,9,8,8,9,8,6,11,10,13,13,3,6,8,6,6,7,5,6,5,10,,7,8,7,,5,8,,10,8,6,6,6,,10,6,,,10,11,,,,14,13,16,12,10,11,,15,17,,14,16,,17,,17,11,14,,11,11,10,14,9,,7,11,11,13,14,8,,13,9,11,9,9,11,7,17,22,8,14,7,16,16,15,16,17,8,8,9,10,7,,5,2,5,,4,6,6,7,6,6,6,4,4,9,5,7,6,5,,7,8,6,,5,7,8,7,10,,11,8,11,,5,,3,3,3,2,,11,10,,,,5,,5,,7,,,,8,8,7,8,8,,,,6,4,8,6,6,6,,7,6,7,6,4,3,,8,,,4,7,9,3,9,4,9,8,6,6,4,4,5,12,7,9,10,8,8,3,3,4,6,7,8,,7,5,8,9,,8,13,6,5,5,5,6,4,,,,,4,6,,5,6,2,3,3,3,3,4,7,2,1,6,4,5,,2,3,,8,3,6,,7,5,,5,8,5,8,6,7,8,10,6,4,5,3,6,,,12,4,49,56,31,6,9,6,,8,7,11,6,8,,,6,,,,,8,,,,,,,,,,,,,,,,9,,,,,,,,,,,,,,,,,,,,,,,,,,,,,,,,,,,,,,6,2,3,2,4,8,6,7,9,,,,8,7,9,7,,,16,20,16,18,19,12,,13,13,8,,,6,7,,16,11,3,,7,,11,11,,,5,5,,,7,6,6,,,3,3,10,12,11,11,8,5,8,10,9,8,11,11,10,14,9,9,5,12,10,14,12,6,,4,6,8,,9,6,10,10,7,3,6,7,7,7,7,6,,,7,11,8,11,11,9,6,7,3,8,11,6,2,4,4,3,1,,,8,4,5,1,2,6,,5,5,5,,5,6,4,,7,10,8,9,1,7,7,,5,5,7,3,2,7,6,5,,4,5,5,6,8,7,,7,,8,,,,5,9,6,5,13,7,,4,,4,6,5,7,7,7,7,,10,4,14,,,4,5,4,,6,10,5,,,6,4,6,7,17,11,11,31,23,24,23,23,16,11,17,,9,6,24,20,11,,16,11,14,6,9,13,9,12,16,,19,18,24,3,6,3,5,7,,10,5,,12,8,10,,8,6,7,4,,4,4,5,,5,8,3,7,3,,5,4,7,6,6,7,8,,6,6,5,5,6,,10,6,9,7,6,6,9,9,7,9,4,4,,9,7,6,,8,7,,8,7,7,6,,6,6,6,10,8,14,18,6,8,14,9,8,9,9,7,10,4,3,4,3,2,4,7,7,8,7,8,7,7,6,8,4,1,2,6,4,4,3,2,3,4,6,6,8,15,10,10,11,5,5,7,12,8,9,6,6,5,11,9,25,23,24,32,6,7,5,8,9,,12,6,5,6,3,,2,5,8,7,7,8,8,6,9,5,8,9,10,7,7,,,,4,7,,7,7,11,12,12,9,,9,7,8,,,,,,6,4,5,8,5,,5,,7,7,10,11,11,18,,6,5,6,6,,,,,1,1,5,5,4,5,5,,3,6,5,9,9,,8,9,6,11,7,6,4,4,,5,8,5,9,7,8,4,5,17,,8,4,,8,7,,9,8,4,,6,,7,,6,7,7,5,7,7,8,11,11,12,8,7,7,5,,89,64,,12,8,4,,9,7,4,4,6,12,,5,6,3,3,,,10,6,3,,9,12,12,12,11,11,9,,11,,,10,7,2,6,6,5,4,6,7,,9,8,8,6,6,4,3,5,5,,,10,11,9,3,,4,9,11,3,9,2,12,5,8,6,6,8,14,,6,6,8,5,8,5,4,,4,,9,7,4,6,9,10,8,9,7,9,7,7,5,4,,,5,8,8,8,,8,12,23,4,,6,8,,,7,7,9,8,9,6,9,10,10,8,10,6,6,7,16,,6,4,,3,5,6,6,3,12,3,16,3,11,3,6,5,7,9,8,6,16,9,2,7,7,7,8,,8,8,7,7,,3,13,6,5,6,6,5,10,6,12,8,8,4,22,7,10,5,9,7,8,7,10,7,7,6,5,,,8,6,6,9,8,6,7,8,,6,9,18,7,19,6,8,7,4,,8,6,11,24,50,5,6,10,4,7,8,6,9,5,7,8,3,13,12,12,16,7,7,9,9,8,7,8,9,10,5,5,5,7,6,4,5,6,3,5,8,7,12,8,7,9,5,8,3,3,12,7,7,9,8,3,4,8,7,3,4,9,8,9,7,6,2,2,9,6,9,9,10,6,13,12,18,14,6,8,8,8,10,2,,3,9,8,7,5,6,15,6,9,,12,8,9,18,10,5,5,,9,5,10,9,6,7,4,7,11,12,9,10,18,5,5,6,7,7,12,5,12,9,3,3,10,12,4,5,5,8,13,2,8,8,7,11,6,10,8,6,6,4,5,11,10,9,5,10,7,8,8,7,6,14,6,4,9,8,7,8,7,13,11,5,10,9,5,3,6,5,5,8,5,7,8,11,10,7,10,9,6,23,5,16,6,7,11,6,4,7,4,5,7,6,7,4,10,12,11,12,7,7,9,4,8,8,,23,15,14,10,46,26,6,20,8,3,7,3,4,5,9,5,8,9,8,6,2,6,4,4,2,6,4,,8,4,6,9,8,6,7,4,8,5,7,6,6,4,5,19,11,14,8,12,10,21,,10,11,3,2,3,5,9,14,5,8,12,14,12,14,12,11,16,8,8,9,1,5,15,6,12,8,9,7,13,5,4,4,5,5,8,7,11,10,6,4,10,36,6,16,10,8,8,5,9,9,12,10,8,,6,4,3,4,8,6,5,9,9,10,10,17,11,10,10,8,6,7,5,5,8,4,5,,5,5,6,8,8,13,7,6,,2,3,2,2,13,15,8,7,14,14,6,11,6,7,2,3,2,3,3,9,8,8,5,19,8,5,8,5,7,6,4,7,5,9,12,12,12,8,11
20231004,11,NO2,14,2,6,13,12,15,16,12,5,3,7,10,,,8,,13,11,12,,9,,17,12,,17,,,46,22,25,37,29,35,14,,6,6,,5,,21,20,21,,12,,39,45,40,29,,22,,,39,6,,5,5,3,,4,4,8,2,17,16,,17,11,11,7,42,47,,28,30,,28,39,,,23,31,36,25,25,,6,15,,,13,8,8,9,,12,12,,9,7,9,13,13,,4,14,14,14,21,,13,8,14,10,12,14,11,5,6,12,5,,6,5,6,4,6,8,6,3,10,11,,9,5,8,5,10,17,15,15,9,,19,13,14,14,19,20,14,13,15,15,17,,13,12,,13,10,15,15,14,,10,12,10,8,8,17,,,,24,19,,,16,15,,,,13,,19,26,,22,22,17,16,21,,,,,14,11,,15,11,13,8,8,,17,12,15,15,12,12,6,7,,8,,15,,,26,28,,25,22,20,,,21,18,23,11,13,,,,11,9,6,6,4,,9,,25,,,17,,18,16,,,6,8,,5,4,,25,,12,,15,11,11,12,19,14,12,10,,5,19,20,15,17,,,4,4,7,5,,11,16,14,,11,,,13,10,,11,23,25,24,,20,23,30,,11,,,27,38,37,40,34,31,39,40,36,51,43,41,47,56,,33,29,28,35,24,37,26,,22,17,17,9,7,,10,12,12,14,7,6,38,17,,16,30,22,10,24,18,,11,20,16,18,23,10,7,,14,11,10,17,15,9,21,12,28,28,32,21,,27,17,13,21,22,21,,30,25,19,23,,,16,9,18,10,,2,11,11,23,27,21,,15,11,26,13,16,13,15,10,,7,16,8,10,9,,16,19,15,26,19,,17,,,22,25,,25,25,,23,24,22,25,,,33,12,7,16,5,8,,9,12,10,7,,16,12,10,13,18,15,11,11,11,9,15,11,23,22,35,17,25,17,15,9,,23,17,21,26,,,,12,31,,,,,12,,,,15,14,56,36,36,64,37,,19,14,12,13,11,11,13,15,13,15,12,,5,11,10,8,,14,8,8,9,12,10,17,16,10,,7,13,11,8,11,7,13,11,20,10,15,8,6,10,7,12,7,,,17,,29,24,27,20,24,,26,26,,,27,28,25,40,,13,22,28,,16,21,24,25,14,12,,18,11,19,,,,,,,20,,28,30,38,32,13,12,21,14,15,15,,18,,,6,,2,4,3,15,19,18,11,12,,9,12,11,15,11,13,8,16,10,13,10,8,8,5,4,4,6,7,7,10,,8,6,10,,,4,,4,,9,8,12,,20,10,,,36,32,,,,8,7,6,10,,52,,46,47,,35,35,,36,,71,73,72,,,18,12,15,12,,8,13,9,13,9,13,,6,8,,4,2,8,11,12,18,,17,9,12,6,7,9,6,,8,6,10,8,,4,5,5,,5,6,7,4,6,4,4,9,6,,5,21,29,14,,30,18,26,,15,14,18,16,12,,19,15,7,,22,,,30,16,14,,53,42,,,,37,,43,,38,,,,42,37,19,31,19,,,,28,30,14,20,15,11,,16,20,20,16,12,6,,9,,,2,13,15,8,6,5,7,7,10,5,4,9,4,14,10,10,14,13,9,5,5,10,19,16,16,,30,,,22,,12,21,,4,14,13,10,20,,,,,17,14,,18,6,21,10,14,14,9,12,6,8,6,8,7,6,,14,,,22,25,22,,29,,,36,20,11,31,30,32,39,30,34,21,28,27,26,,,19,11,11,9,13,9,16,46,,21,33,38,22,9,,,32,,,,,20,,,,,,,,,,,,,,,,8,,,,,,,,,,,,,,,,,,,,,,,,,,,,,,,,,,,,,,14,13,13,16,,25,22,25,27,,,,43,39,44,43,,,25,,23,22,26,49,,55,61,,,,20,20,,28,16,29,,36,,,15,,,8,6,,,5,8,4,,,3,3,5,5,9,8,5,9,7,7,2,,11,8,5,7,6,6,13,6,5,8,4,4,,,9,2,,7,9,13,17,5,4,12,4,,23,7,8,,,5,6,13,6,4,2,3,14,4,6,5,4,,6,6,10,2,,,4,8,20,2,9,8,,2,6,7,,12,6,11,,9,21,21,16,4,27,,,11,14,,16,13,13,19,20,,16,6,6,10,9,9,,6,,13,,,,16,12,13,7,16,15,,19,,20,27,31,6,2,4,9,,7,10,7,,,6,7,7,,7,5,6,,,12,4,6,5,8,5,6,14,14,16,11,,16,,19,,6,4,10,12,12,,5,12,24,16,14,18,14,16,21,,22,19,19,2,12,8,6,10,15,15,14,,48,50,,,43,51,47,23,,28,38,34,,34,16,25,19,20,,36,31,24,19,32,33,20,,16,23,16,11,12,,19,19,6,24,14,17,22,23,17,16,17,20,,16,19,15,,14,13,,3,3,,13,,12,18,13,12,15,11,14,16,12,17,14,8,12,14,14,15,7,15,11,12,13,9,12,10,9,13,10,,11,9,8,4,6,4,,3,4,8,12,,5,4,11,11,17,18,18,16,7,,9,11,8,12,12,5,9,10,4,10,13,20,14,10,9,9,12,13,,16,6,5,9,14,,19,4,,14,15,14,18,24,20,28,32,29,16,20,24,,,,8,13,,8,14,26,24,27,,,,17,11,,,,,,9,10,11,8,7,,4,,6,4,4,3,4,5,,8,,10,5,,,,,3,6,10,,6,7,10,,2,7,10,11,11,,8,8,6,8,7,6,4,4,,4,4,6,6,11,10,5,4,14,,8,8,,6,17,,6,9,9,,4,,22,,4,6,4,15,11,19,27,,40,50,11,17,14,12,,17,17,,16,17,31,,17,28,21,,16,14,,12,10,2,8,,,11,6,13,,7,21,12,2,4,8,16,,15,,,33,19,17,19,31,44,61,68,8,,25,14,18,15,16,6,62,50,34,,,42,44,49,6,,30,26,28,12,5,20,45,9,17,16,3,24,49,,,6,8,15,15,22,15,,7,,,20,28,8,12,9,14,26,19,12,,10,25,5,,,14,14,,,,15,,14,2,,26,10,,,16,11,27,4,20,21,15,15,13,15,13,21,15,15,40,,9,19,,8,5,14,13,10,4,,17,5,33,24,11,10,9,48,39,16,,33,4,21,10,40,10,,5,4,5,18,,4,19,30,29,28,34,7,11,9,49,37,24,11,20,25,11,24,,12,32,25,31,9,6,23,15,,,16,14,43,18,16,16,14,12,,15,39,16,9,31,8,36,14,15,,,28,25,11,17,21,11,,5,8,15,16,17,19,18,8,6,11,9,15,3,13,8,16,,18,4,5,37,4,4,11,27,18,19,32,46,13,16,6,14,28,21,5,6,6,23,10,7,1,10,9,11,,16,19,18,,14,17,13,42,37,32,29,,16,,4,5,5,11,22,18,11,8,15,,11,22,8,32,28,28,,30,17,21,27,35,21,19,16,24,,24,28,29,31,9,7,5,,13,9,32,25,2,13,4,12,11,4,6,14,24,,23,22,,18,,15,14,27,4,5,,2,15,16,21,25,18,4,26,10,10,9,5,18,6,5,22,65,27,40,14,11,8,8,4,4,13,19,17,7,11,9,9,22,7,28,6,32,28,6,18,17,9,8,19,,10,11,22,42,42,50,40,41,39,23,19,4,3,14,5,23,23,4,28,9,23,19,16,28,31,20,26,16,24,32,29,15,34,10,13,40,,22,26,28,21,12,11,12,12,10,6,7,20,10,8,9,2,9,12,,20,14,8,1,5,4,3,2,,10,12,,12,18,14,8,5,10,21,16,25,5,20,7,8,,16,48,,43,14,,34,,10,3,2,9,36,28,15,24,20,17,11,15,13,9,10,32,37,47,19,16,48,30,37,17,14,18,10,25,14,21,19,11,46,34,29,39,20,20,24,66,30,17,3,17,,40,11,17,18,25,23,,21,8,16,25,,18,13,49,39,21,,15,38,17,35,23,32,25,18,10,22,28,22,,,2,28,6,15,25,52,11,,17,16,4,9,10,19,29,26,8,11,17,46,14,2,8,8,8,13,3,5,8,7,,48,12,8,16,5,9,3,6,10,8,23,26,21,27,13,19
20231004,11,NO2_24h,21,5,20,18,27,23,23,30,18,7,26,27,,,27,,25,28,31,,26,,33,30,,39,27,,39,31,36,32,32,31,18,,27,37,,37,,29,64,28,,19,,34,47,32,46,37,38,58,,74,17,,20,20,14,32,27,30,32,12,24,27,,26,30,25,25,31,36,,25,44,36,30,57,,,54,62,61,67,43,,22,29,,,23,15,16,17,,15,18,,15,12,13,16,20,,6,18,18,18,20,17,18,16,21,20,15,24,17,16,14,14,9,,15,16,17,10,11,13,12,14,19,19,19,18,10,15,18,15,22,23,16,16,,21,15,18,17,22,26,20,23,21,21,19,23,20,16,,19,15,21,27,14,21,17,18,17,16,16,31,,,,28,23,,34,24,26,,,,19,,24,27,28,29,34,28,19,24,28,,,,19,18,,20,18,16,16,15,,21,29,33,31,36,34,13,18,,13,,26,21,,24,21,,23,22,19,,27,18,17,18,16,16,11,,,13,12,11,15,8,16,18,,18,,,25,,18,16,,9,7,9,7,7,7,,20,19,13,15,18,13,14,14,23,19,16,12,15,10,14,29,17,20,,,7,8,9,7,,13,16,12,9,10,,11,9,10,,10,18,25,31,,28,27,34,25,9,,,20,29,21,23,30,29,23,24,22,28,23,23,27,24,,19,19,16,20,16,22,15,,15,14,15,7,6,7,9,10,10,11,6,5,35,26,,34,42,23,24,32,19,34,12,18,20,22,21,19,22,,13,16,12,26,9,11,11,9,21,26,25,17,,13,32,24,15,12,12,,13,15,11,13,,,21,13,21,24,16,14,14,26,24,35,17,,10,11,16,12,16,18,18,27,,9,18,9,10,8,,22,15,16,24,15,22,21,,,19,29,17,21,24,,18,14,18,17,,,20,9,7,14,5,7,5,11,10,9,7,,17,8,12,13,16,15,16,15,13,9,14,7,25,21,27,22,25,18,21,14,,16,23,22,25,,37,,33,42,,,,,18,,,,38,28,54,50,37,50,37,,15,13,10,12,9,10,14,17,13,15,14,,9,12,9,20,,18,16,18,16,41,24,21,25,35,,13,14,14,13,12,13,17,17,19,16,16,16,16,22,12,15,11,,,37,,30,36,36,26,21,,27,24,,,35,43,38,46,,23,27,27,,40,36,31,46,24,17,14,14,8,26,,,,,,,22,,27,21,22,32,34,27,37,10,8,13,,32,,,6,,4,6,8,14,15,13,13,10,,14,13,10,9,16,8,11,10,11,15,17,14,17,6,5,4,15,10,11,7,,7,10,13,,8,8,,9,10,15,14,5,,22,10,,,28,23,,,,23,20,15,21,25,31,,27,26,,28,32,,30,,62,63,47,,61,21,18,21,19,,12,17,17,22,16,15,,16,18,12,9,10,12,12,22,32,14,14,15,16,22,15,14,12,12,16,15,14,12,,9,10,9,,9,21,27,20,17,22,11,13,9,14,12,23,28,13,,21,11,22,,9,13,15,19,11,,19,17,5,,29,,31,29,19,20,,28,23,,,,20,,27,,27,,,,31,22,20,29,17,,,,26,22,13,19,19,17,,11,16,12,14,13,5,,12,,,3,10,13,6,4,5,10,8,12,8,5,6,9,12,18,20,16,20,20,5,4,9,15,13,15,,24,27,25,23,,10,16,15,8,16,16,12,16,,,,,14,11,,11,5,14,9,12,12,10,12,8,7,6,8,10,9,,16,17,,29,33,31,,27,30,,34,13,12,27,19,23,31,24,27,23,32,28,25,,,14,7,29,25,39,28,9,14,,12,9,42,32,16,,,24,,,,,20,,,,,,,,,,,,,,,,16,,,,,,,,,,,,,,,,,,,,,,,,,,,,,,,,,,,,,,15,19,11,19,24,26,20,20,28,,,,23,25,25,33,,,28,34,29,28,32,41,,50,44,16,,,16,21,,45,40,39,,33,,16,14,,,10,7,,,10,12,10,,,7,5,9,12,12,10,7,14,14,11,8,15,16,16,12,16,11,11,16,10,13,13,16,17,,10,10,5,,7,8,10,15,10,7,12,7,17,22,14,16,,,14,13,10,18,9,9,9,15,4,7,12,6,18,14,16,18,4,,,7,17,10,2,9,7,,4,13,14,,18,19,17,,17,15,21,14,14,20,27,,14,17,25,20,15,13,14,16,,13,7,8,9,16,13,,22,,32,,,,17,14,14,11,19,18,,15,,18,28,24,8,5,7,8,,14,17,16,,,10,12,11,,13,16,12,,,11,4,8,8,12,6,9,23,18,23,17,11,16,15,15,,7,6,8,7,9,,6,11,10,9,12,10,12,14,31,,29,26,14,3,10,8,6,8,14,16,14,,30,28,28,,33,26,32,18,,17,23,28,,25,23,26,19,22,,24,19,17,18,17,14,25,,18,13,15,14,10,,20,14,7,22,5,4,24,29,27,26,16,19,,14,13,14,,10,8,,6,5,10,14,,8,13,14,10,14,15,9,10,9,12,11,8,9,11,12,11,6,12,8,9,10,11,12,10,9,13,9,11,11,9,9,4,6,4,6,3,4,9,7,10,6,5,8,11,28,31,26,30,14,12,13,19,20,18,20,12,11,9,6,10,12,16,13,13,14,12,11,19,,15,11,10,6,8,,8,6,12,10,12,10,15,16,17,13,19,16,12,13,24,,,,7,11,,8,14,24,22,25,24,,21,13,10,,,,,,9,9,13,9,9,,4,,7,4,9,6,7,9,,7,3,5,4,,,,,3,4,7,5,5,7,7,,2,6,6,10,11,,9,9,6,10,8,8,6,7,,5,6,6,7,12,9,5,10,10,,8,12,,8,12,,5,6,12,,7,,10,,2,4,9,10,10,11,38,50,55,47,7,15,13,12,,32,25,,11,10,20,,16,15,27,26,13,11,,12,12,7,17,,,15,14,16,,7,12,14,7,8,9,25,,21,,,24,21,14,15,26,26,41,36,9,,25,16,7,14,21,13,36,43,37,,,35,26,30,6,,17,20,24,16,11,22,18,22,46,36,18,31,43,,39,15,19,19,16,25,20,,26,,30,25,20,7,15,16,9,11,24,16,12,8,22,5,,,26,14,16,21,,30,32,30,7,,25,21,,,37,20,36,11,24,24,25,20,26,20,11,25,14,14,35,,26,20,,12,10,16,14,15,7,8,29,6,29,18,8,8,34,27,29,9,15,53,4,41,10,44,12,,5,5,4,12,,19,28,32,22,16,23,12,16,12,26,22,25,17,27,16,29,29,29,10,26,18,33,8,7,14,17,,,34,18,37,16,31,4,16,20,,17,20,14,19,46,8,23,18,16,,13,36,34,16,22,11,8,21,7,15,20,20,24,25,20,12,15,20,17,15,9,16,11,23,23,23,9,11,23,13,11,24,42,30,31,27,35,12,26,17,8,14,16,17,15,7,16,17,12,7,32,23,33,24,16,13,21,16,16,15,16,35,25,23,20,16,21,22,7,8,9,13,14,14,13,6,14,20,11,14,6,26,15,21,,18,14,14,26,43,27,33,11,29,,32,36,38,23,11,9,9,,15,11,24,32,7,11,6,14,13,6,21,13,17,21,16,22,14,15,15,14,15,36,14,12,17,10,20,13,17,32,23,7,31,25,17,16,15,11,12,14,20,58,23,42,19,16,19,9,6,6,24,11,11,8,9,15,7,16,10,22,28,27,45,14,27,47,16,10,21,22,22,32,20,25,19,30,23,28,25,20,28,14,8,14,3,20,18,11,21,19,14,21,21,18,50,13,36,26,23,29,18,33,38,14,25,33,,26,44,52,54,24,39,18,21,13,14,8,21,15,11,15,4,10,13,11,9,9,5,1,11,5,3,3,,14,11,26,10,17,14,7,6,12,19,17,22,7,25,9,26,16,20,25,27,46,24,,44,34,33,37,40,44,38,23,27,52,34,46,35,31,28,32,38,31,20,33,23,24,35,17,27,18,14,16,22,29,19,21,24,11,11,28,22,32,15,11,36,52,23,19,4,20,10,20,16,21,12,21,19,,14,18,32,32,14,16,11,29,33,36,51,40,24,19,25,27,28,26,12,14,24,23,16,,10,5,11,13,15,31,22,15,,16,26,9,23,21,11,25,27,19,21,17,33,12,25,34,17,15,21,28,22,24,6,22,31,15,10,19,13,13,7,18,7,5,23,40,24,36,14,15
20231004,11,O3,47,47,59,51,47,49,38,50,64,46,46,49,,,69,,69,70,76,,76,,70,71,,85,66,,43,66,56,54,56,55,82,,76,83,,77,,68,75,62,,58,,66,67,62,58,,54,46,,54,73,,72,70,78,68,68,74,67,71,50,53,,53,74,73,72,51,48,,74,80,74,78,42,,,61,51,45,59,,,65,62,,,67,70,70,70,,63,64,,66,71,67,68,65,,69,70,71,69,61,71,81,73,71,73,82,59,61,66,64,62,67,,63,68,66,61,54,58,50,57,54,56,50,55,60,54,59,95,94,96,91,104,,96,99,88,90,80,74,88,82,81,75,81,80,87,73,,91,95,92,98,89,96,114,111,102,108,100,101,,,,86,91,,94,98,96,,,,100,,80,72,75,81,78,89,77,82,79,,,,76,97,,90,94,94,115,116,,117,101,106,106,106,108,124,134,,126,,111,105,,70,52,,68,70,60,,62,72,71,55,94,99,94,,,85,95,103,108,107,106,100,,65,,,89,,74,72,,92,96,91,91,102,98,,56,55,60,65,65,91,91,93,79,72,84,85,78,86,70,71,78,82,,,111,97,109,98,,118,122,40,48,54,,44,44,60,,46,122,112,118,,122,118,125,116,122,,,130,102,94,117,127,127,27,29,22,11,21,19,19,11,,26,30,30,24,28,38,27,,42,43,24,34,33,35,27,32,35,32,35,19,47,62,,69,73,106,89,60,50,58,86,97,85,89,95,87,84,,93,85,88,132,157,122,120,105,84,70,66,98,,82,80,77,136,120,125,,61,84,112,77,,,86,89,75,80,84,90,70,84,68,63,64,,77,84,75,72,64,89,77,87,,75,72,75,69,14,,12,7,15,5,3,22,17,,,15,14,6,12,10,,19,22,25,19,,,17,49,76,74,66,71,72,68,65,82,74,,36,30,28,23,28,25,48,50,43,49,44,35,42,35,28,46,28,42,36,55,,26,37,41,25,,65,,71,62,,,,,83,,,,67,63,15,30,22,12,29,,35,27,37,44,38,34,30,29,30,31,34,,30,38,34,77,,77,74,79,77,69,67,59,58,67,,72,68,73,79,72,68,66,75,74,74,77,75,78,79,99,96,101,,,128,,104,114,110,100,69,,76,92,,,108,120,107,98,,128,109,114,,127,139,123,114,121,144,,144,147,136,,,,,,,72,,62,87,81,73,118,127,119,152,141,141,,149,,,83,,83,77,87,112,124,120,100,114,,75,74,79,69,71,72,77,82,80,61,86,84,82,72,76,64,78,76,80,84,,79,89,87,,51,79,,99,89,96,101,68,,73,36,,,64,74,,,,66,63,70,63,16,23,,29,25,,11,26,,33,,24,36,25,,26,109,80,73,80,,68,67,66,63,68,63,,70,65,67,68,67,66,65,66,58,61,59,64,75,78,79,75,,67,68,70,70,67,,55,53,54,,51,66,60,64,61,67,52,40,48,35,45,60,48,59,,45,59,50,,49,59,53,64,53,,61,60,64,,26,,17,13,20,26,,38,41,,,,21,,20,,21,,,,20,20,43,20,27,,,,11,12,21,15,49,53,,34,29,32,34,47,56,,62,,,72,50,47,48,68,65,72,70,76,55,65,68,68,102,98,102,90,96,99,68,64,46,40,45,42,,16,23,18,18,,44,43,44,44,26,33,17,16,,,,,36,43,,36,20,15,24,23,17,25,40,36,31,38,40,35,33,,32,,,22,8,12,,12,10,,10,26,46,31,27,30,27,35,30,39,39,34,34,,,56,98,73,78,70,76,52,16,,65,32,44,56,78,,,106,,,,,140,,,,,,,,,,,,,,,,148,,,,,,,,,,,,,,,,,,,,,,,,,,,,,,,,,,,,,,33,61,40,54,58,58,59,58,59,,,,23,31,30,30,,,25,46,54,55,47,32,,43,42,48,,,41,36,,48,58,20,,13,,56,66,,,71,63,,,75,77,71,,,66,68,73,78,98,96,103,74,69,68,69,74,70,58,65,63,68,71,61,68,80,79,77,77,,,62,76,,68,67,62,60,69,68,76,77,46,48,62,53,,,70,72,57,61,73,65,66,49,95,58,64,46,57,56,57,55,68,,,92,45,25,,44,44,,50,99,98,,94,96,106,,86,70,82,72,,69,85,,49,52,47,51,50,47,46,50,,53,48,45,29,101,101,,94,,91,,,,49,53,54,54,66,77,,45,,40,46,33,97,97,110,127,,62,65,68,,,78,84,89,,74,74,76,,,103,38,37,36,38,33,25,12,16,14,22,40,47,52,46,,28,23,24,22,19,,80,84,80,81,58,56,59,55,14,,14,17,16,47,48,45,42,47,55,71,68,,47,36,39,,30,19,24,76,,68,34,44,,35,66,65,62,69,,38,39,42,51,45,48,66,,70,48,68,29,29,,31,31,84,28,30,22,68,64,73,81,29,30,,35,44,40,,43,43,,48,28,27,32,,53,44,46,18,34,34,21,26,36,27,29,35,39,39,42,36,32,35,36,34,31,24,24,23,22,21,44,44,48,42,52,47,46,45,52,49,23,57,36,39,55,42,49,52,80,96,73,75,61,56,59,72,75,63,94,89,92,90,71,91,91,83,88,78,85,81,82,83,,96,94,114,59,49,,49,32,24,26,22,28,30,24,26,19,28,33,33,24,31,,,,24,23,,25,30,18,20,17,15,,38,34,23,,,,,,38,38,41,44,8,,22,,40,60,56,52,50,49,,44,49,43,58,,,,,75,69,42,40,61,62,29,,78,45,42,57,58,,45,42,34,39,36,34,32,29,,57,58,65,62,34,40,36,47,16,,22,20,,41,34,,35,35,39,,48,,85,,31,31,75,49,57,43,44,29,35,23,33,18,23,43,,92,88,,44,43,51,,56,47,65,71,84,91,,78,79,99,94,,,79,92,72,,100,69,79,54,42,84,51,,45,,,27,54,59,59,66,43,24,18,68,,53,35,26,44,47,84,13,27,39,,,19,13,14,25,,45,46,50,45,51,82,26,64,90,69,68,69,45,,15,73,94,93,100,70,88,,95,,138,99,21,47,37,40,91,23,83,67,64,19,68,40,,,52,92,67,71,,58,59,71,50,,85,110,,,109,91,82,133,88,95,122,119,101,84,48,8,22,11,11,,72,45,,83,75,38,34,90,84,63,151,55,23,29,45,125,71,24,72,149,74,112,65,117,36,74,69,,71,70,64,45,,69,67,5,48,22,25,63,68,65,45,28,34,30,18,40,100,29,20,58,45,47,129,29,39,16,34,,,85,80,59,58,121,89,52,92,,67,15,45,101,50,107,27,99,54,,76,70,76,116,100,31,92,,107,99,93,90,91,86,90,103,58,66,74,66,78,84,92,117,85,90,116,131,,114,85,100,78,74,94,94,87,62,100,91,119,65,66,99,90,84,61,88,106,76,71,71,67,69,61,74,75,,86,49,51,23,28,36,40,46,24,22,64,68,61,75,14,18,21,30,10,17,20,9,59,31,17,16,,13,31,31,133,104,125,148,145,140,,114,82,87,56,34,35,35,,73,70,48,58,48,36,64,76,97,77,73,95,70,72,75,67,80,80,,52,70,133,62,62,71,80,85,66,58,81,108,94,84,83,86,98,113,116,107,130,36,17,40,34,49,68,89,115,75,69,76,128,106,82,95,83,95,144,93,53,82,68,50,73,64,75,94,79,52,57,96,91,40,13,22,45,27,31,31,67,53,64,47,11,46,,9,70,27,42,17,23,38,16,89,138,104,142,76,59,100,122,103,153,137,87,,98,115,116,124,68,71,75,43,50,33,126,119,94,98,94,77,78,75,75,74,28,38,75,66,73,72,68,,94,47,65,62,52,21,31,38,27,56,68,69,102,78,95,69,65,73,18,40,35,73,,84,24,70,75,68,67,71,62,70,55,60,62,68,58,58,72,68,46,15,11,20,53,55,22,21,9,21,12,131,29,33,32,31,26,29,38,55,45,19,47,60,28,44,64,82,98,93,74,95,90,68,87,64,,52,87,31,20,71,35,40,73,80,109,97,139,59,42,27,26,10,16,39,36,71,76,58,,44,49,113,82,44,20,44,51,,35,52,59,53,64,20,69,110,75,74,65,9,44,82,77,55,61,35,58,68,75,57,76,56,68,49,59,52,99,70,101,41,45,33,145,109,135,68,93
20231004,11,O3_24h,161,148,165,159,161,174,155,164,157,155,145,152,,,152,,142,142,164,,162,,141,151,,142,139,,183,187,180,181,183,182,175,,155,159,,150,,157,153,154,,150,,160,159,158,187,79,175,169,,191,116,,118,119,122,140,135,144,130,130,154,160,,157,150,145,141,155,144,,168,167,179,168,144,,,162,144,143,143,120,,93,87,,,101,100,105,106,,142,138,,148,140,144,144,143,,142,152,153,156,146,155,174,165,151,149,153,129,133,137,140,142,144,,133,145,137,82,70,75,69,73,71,76,70,73,77,68,72,98,106,99,105,104,,105,113,99,101,80,74,88,82,81,75,81,80,87,82,,91,95,92,98,93,96,114,111,102,108,100,110,,,,115,128,,123,125,120,,,,100,,80,78,78,86,78,89,77,82,79,,,,76,97,,90,94,94,115,116,,117,101,106,106,106,108,124,134,,126,,115,105,,154,108,,138,137,132,,142,126,150,119,136,165,142,,,135,145,159,136,132,136,123,,128,,,93,,98,97,,125,129,125,116,127,122,,166,172,157,156,152,134,140,154,81,74,86,92,84,86,82,72,80,86,,,148,137,142,122,,147,131,98,105,107,,102,110,107,,104,140,133,129,,142,139,142,142,122,,,163,167,162,167,156,157,136,138,144,134,134,144,132,131,,60,54,61,62,63,58,65,,70,71,36,48,47,45,40,45,44,39,45,33,185,205,,198,205,224,167,198,138,200,151,186,180,170,183,115,151,,122,127,115,206,157,125,164,139,214,189,183,195,,181,194,180,196,209,181,,178,173,138,159,,,188,201,188,114,118,133,125,137,160,163,144,,99,112,109,96,90,105,81,94,,75,75,75,69,42,,36,27,54,50,35,56,39,,,28,45,39,34,88,,84,89,86,79,,,89,110,91,90,84,84,77,73,79,92,81,,68,66,70,72,73,70,74,75,69,75,71,71,100,94,106,95,97,91,101,91,,114,113,93,107,,65,,71,62,,,,,148,,,,162,151,119,99,131,132,110,,99,43,52,56,56,46,46,39,44,45,45,,42,48,54,117,,133,117,132,135,119,117,127,122,120,,156,165,163,114,113,110,107,172,170,178,170,154,181,169,169,167,171,,,135,,122,136,125,126,152,,147,148,,,154,165,155,148,,131,134,176,,127,139,125,124,138,144,110,151,151,139,,,,,,,143,,145,133,139,140,137,153,145,152,143,141,,188,,,113,,116,104,140,188,197,182,183,173,,84,74,79,76,92,82,102,109,114,111,102,86,97,131,129,118,78,76,80,93,,105,168,162,,159,169,,129,126,128,133,114,,121,60,,,147,144,,,,118,116,120,112,194,204,,198,212,,140,146,,157,,155,151,158,,156,155,108,103,116,,146,143,146,144,143,140,,150,143,152,144,147,147,131,138,130,143,129,127,155,166,164,150,158,134,133,130,129,136,,63,63,63,,63,80,75,75,78,88,72,77,74,92,82,73,63,72,,73,80,81,,73,80,72,76,74,,87,77,98,,122,,124,118,121,123,,177,170,,,,131,,137,,135,,,,145,142,133,93,93,,,,47,54,63,59,65,71,,55,48,49,52,60,71,,69,,,72,74,71,69,80,87,105,112,100,75,80,82,81,110,98,102,101,99,108,68,64,86,82,96,87,,64,65,62,61,,69,78,74,59,63,84,74,66,,,,,86,84,,87,60,64,60,65,67,61,86,91,96,96,84,81,84,,94,100,,58,74,85,,88,95,,90,69,87,77,84,78,80,84,82,116,112,112,106,,,133,120,164,148,153,161,86,93,,123,82,108,106,111,,,138,,,,,158,,,,,,,,,,,,,,,,148,,,,,,,,,,,,,,,,,,,,,,,,,,,,,,,,,,,,,,44,91,81,88,89,119,120,120,119,,,,133,136,135,134,,,138,125,129,132,131,166,,168,165,105,,,102,122,,147,140,93,,94,,140,146,,,122,67,,,134,131,124,,,91,92,84,86,137,134,126,142,132,133,129,137,151,135,140,149,138,157,139,146,136,139,126,131,,84,137,156,,103,103,104,98,139,131,110,112,106,108,113,75,,,80,73,75,76,80,76,80,68,106,77,72,81,75,68,76,68,89,,,97,75,76,,88,89,,77,99,103,,97,101,106,,94,92,98,92,119,110,115,,51,53,60,56,52,56,78,86,,85,106,101,61,101,101,,96,,96,,,,67,73,72,69,112,111,,67,,63,61,57,132,129,137,133,,88,89,87,,,98,92,108,,113,109,110,,,142,83,98,90,82,90,58,41,42,47,44,104,106,120,109,,126,125,123,128,122,,86,101,101,105,108,111,103,109,79,,82,78,86,100,110,105,107,114,119,144,139,,160,150,153,,144,138,136,127,,141,146,131,,129,149,148,145,144,,127,149,122,134,115,118,117,,114,115,111,34,39,,41,34,84,90,87,100,93,91,95,96,44,47,,99,94,101,,78,79,,56,42,54,54,,91,89,86,36,39,44,63,59,65,65,60,45,58,58,53,52,44,54,50,52,48,93,98,97,96,90,113,88,106,98,84,56,59,50,54,51,42,58,56,53,61,46,62,59,162,167,148,136,76,87,75,108,116,88,117,131,124,123,110,127,122,144,142,101,114,81,88,87,,96,94,114,77,73,,73,76,71,65,72,71,75,69,74,90,90,102,91,105,99,,,,43,44,,39,47,34,40,36,32,,72,76,66,,,,,,82,84,86,86,31,,48,,62,64,68,64,62,69,,96,98,95,98,,,,,107,69,98,97,71,70,75,,81,53,54,72,78,,53,53,47,50,40,39,41,37,,60,58,65,64,77,72,44,62,64,,54,46,,48,60,,58,59,56,,69,,118,,46,44,75,77,79,77,132,122,117,119,52,66,57,99,,103,104,,74,76,112,,127,133,82,84,114,121,,93,91,99,94,,,81,92,72,,100,69,79,60,62,91,147,,143,,,107,67,64,61,124,121,117,110,89,,112,95,93,96,101,104,106,105,102,,,89,87,87,61,,86,116,114,87,77,118,180,205,159,147,146,185,168,,100,137,94,93,148,82,88,,96,,162,154,84,77,64,62,116,81,99,143,140,37,79,61,,,158,161,134,152,,151,156,158,60,,89,110,,,109,91,82,133,124,128,132,120,111,84,98,32,44,69,142,,145,139,,121,172,88,82,105,121,92,191,55,95,95,112,126,146,137,76,159,107,128,67,128,66,146,98,,79,78,75,64,,112,151,24,132,86,100,67,69,70,165,140,103,30,81,63,100,89,140,128,128,82,166,73,43,71,68,,,85,117,151,86,121,118,71,92,,116,150,101,101,147,146,133,160,74,,154,71,82,120,108,81,116,86,107,99,124,104,100,99,97,108,128,125,131,143,126,114,92,127,89,93,116,131,79,114,131,167,187,179,236,215,211,133,185,172,119,168,170,158,104,126,175,189,134,118,144,167,147,147,74,98,109,64,114,64,68,140,147,137,141,116,127,133,80,81,81,84,39,37,42,34,73,50,30,37,59,47,39,75,,84,83,103,152,171,132,201,156,164,,124,154,158,131,66,83,82,,160,70,87,90,56,64,78,93,109,104,108,124,142,96,145,132,134,143,131,87,110,164,142,148,129,124,85,79,71,89,108,94,84,83,86,98,113,124,107,130,122,133,110,116,92,122,159,170,107,115,117,128,146,111,156,159,97,206,151,174,174,162,155,152,166,144,120,79,64,71,97,96,63,138,144,143,139,143,146,144,138,73,96,22,46,71,62,142,85,85,93,81,88,94,144,146,130,159,156,126,140,140,140,153,155,170,,154,156,166,147,140,146,75,161,82,94,126,137,146,167,155,102,118,116,100,90,105,84,80,66,73,72,68,,110,85,65,94,75,30,67,62,65,113,114,140,138,95,119,113,119,129,213,207,167,120,,193,158,154,150,142,156,165,157,177,176,182,199,196,191,188,187,184,146,119,124,118,140,164,138,96,29,60,43,131,113,99,96,111,53,102,120,114,117,72,73,156,153,134,141,109,178,142,214,201,201,123,87,79,,76,118,120,128,84,86,86,155,166,151,153,189,148,139,103,96,89,51,48,50,144,143,174,,72,72,131,102,106,136,168,110,,163,174,147,162,118,71,155,138,116,77,140,142,103,158,152,123,165,154,147,106,100,79,116,168,123,70,108,73,153,147,104,63,59,70,198,124,175,160,103
20231004,11,O3_8h,39,37,50,33,40,40,21,52,50,42,34,26,,,56,,71,72,61,,71,,53,43,,42,43,,27,55,31,43,52,52,130,,50,52,,42,,66,52,74,,69,,34,31,35,33,,24,14,,39,46,,51,49,48,35,24,30,28,39,39,33,,45,58,48,52,25,26,,55,39,47,57,21,,,27,20,18,22,7,,48,43,,,61,64,58,61,,55,58,,46,56,59,56,53,,55,101,99,103,94,115,115,104,88,98,109,38,42,43,48,46,41,,41,42,42,54,47,47,46,53,51,52,46,51,50,47,49,80,82,79,85,82,,85,82,73,79,45,44,52,44,48,42,44,52,49,56,,54,62,63,55,66,55,86,82,74,81,71,39,,,,30,29,,29,31,31,,,,59,,50,52,50,50,50,54,55,52,58,,,,64,67,,58,58,64,64,70,,65,40,60,57,48,48,78,71,,70,,57,48,,56,47,,53,48,42,,46,59,54,49,78,84,88,,,75,80,85,59,86,72,76,,43,,,53,,68,66,,79,88,81,81,89,84,,60,59,66,65,61,76,84,37,45,40,51,53,47,52,47,35,46,45,,,75,79,73,83,,62,58,49,55,62,,53,56,65,,55,84,74,82,,74,69,90,70,91,,,82,76,80,82,72,63,35,39,41,33,30,39,26,32,,44,37,44,42,38,47,45,,45,49,28,37,37,38,34,37,38,33,39,23,23,31,,33,33,50,55,28,24,17,50,48,40,47,51,57,46,,48,46,61,51,70,56,57,58,41,24,31,38,,53,31,22,69,62,58,,46,51,57,52,,,53,44,42,41,32,34,61,49,29,24,48,,42,39,42,38,32,27,33,27,,54,47,51,51,22,,5,7,14,8,5,24,13,,,13,11,10,13,9,,20,26,23,24,,,29,61,79,79,72,73,73,67,70,84,76,,26,31,24,19,26,21,40,35,37,41,38,38,30,29,20,32,24,39,20,38,,23,24,33,20,,45,,49,44,,,,,73,,,,63,54,11,15,13,9,45,,39,29,38,44,40,34,30,28,30,30,31,,26,38,38,60,,68,59,62,63,35,55,35,29,40,,58,58,58,75,73,66,66,61,62,49,61,62,67,66,89,88,87,,,43,,56,44,43,44,57,,46,56,,,58,64,47,40,,61,60,67,,41,44,41,34,57,92,,101,108,55,,,,,,,32,,34,58,70,25,33,56,46,124,117,110,,71,,,52,,54,41,49,93,98,96,90,96,,32,38,47,51,28,44,43,52,48,33,29,26,25,66,66,57,44,45,43,50,,43,56,54,,59,69,,73,65,70,77,43,,25,15,,,50,54,,,,46,44,51,50,25,28,,28,27,,10,18,,26,,8,14,13,,10,98,52,53,54,,52,57,54,40,49,53,,56,46,51,48,46,48,56,57,46,59,50,46,65,52,62,66,63,58,43,43,43,50,,43,44,43,,44,62,59,61,56,64,49,40,46,42,44,42,38,46,,37,47,36,,35,58,53,62,57,,58,56,74,,21,,9,14,13,20,,33,31,,,,22,,23,,11,,,,17,19,37,5,12,,,,10,9,12,10,40,35,,38,35,38,35,46,55,,34,,,36,42,38,26,70,58,57,56,58,34,51,68,34,43,36,28,38,34,34,49,43,42,40,42,34,,26,29,34,19,,28,16,25,24,14,22,17,19,,,,,32,38,,33,24,17,23,24,20,24,38,36,29,36,38,19,22,,22,17,,6,4,7,,6,5,,5,27,30,22,24,22,23,26,28,18,21,24,26,,,84,93,66,56,44,58,56,44,,48,44,28,35,65,,,77,,,,,93,,,,,,,,,,,,,,,,86,,,,,,,,,,,,,,,,,,,,,,,,,,,,,,,,,,,,,,31,41,27,35,34,42,31,48,34,,,,33,30,30,22,,,22,17,36,32,20,37,,38,38,45,,,31,23,,23,16,5,,7,,66,69,,,66,57,,,60,63,61,,,63,66,51,51,85,88,97,62,63,64,64,63,56,49,50,48,53,62,54,55,59,64,54,48,,,44,54,,71,68,59,56,54,54,64,67,28,31,25,60,,,71,51,44,45,52,64,62,47,83,60,60,52,60,58,60,58,71,,,82,56,47,,50,50,,55,54,54,,39,52,49,,46,42,51,45,48,41,45,,36,38,27,38,38,35,47,49,,55,41,34,26,48,57,,50,,38,,,,29,35,32,23,20,33,,34,,30,28,22,93,91,95,98,,26,30,23,,,33,38,26,,36,23,27,,,64,34,34,33,34,30,19,8,13,11,16,38,43,47,46,,32,27,27,28,27,,67,68,71,70,50,50,46,45,4,,7,8,8,45,49,46,44,46,47,58,60,,16,37,39,,29,37,29,59,,52,40,28,,17,28,38,37,43,,39,30,34,38,29,50,34,,47,46,51,27,25,,12,26,57,14,16,18,34,37,34,41,26,26,,33,48,34,,42,42,,41,27,29,29,,37,30,28,21,28,29,28,30,35,31,26,28,36,38,34,33,27,36,38,34,37,20,16,21,20,22,45,47,44,43,49,49,51,47,51,45,15,42,34,30,36,31,39,41,20,84,19,20,34,20,35,26,28,22,46,43,50,49,35,50,45,27,32,50,53,25,30,25,,29,35,36,66,62,,63,25,23,28,21,27,30,24,26,27,35,44,37,17,23,,,,22,21,,21,23,18,21,15,25,,16,27,16,,,,,,28,32,31,38,2,,8,,29,33,32,33,34,33,,46,51,47,56,,,,,74,62,39,39,64,63,23,,69,23,20,38,36,,32,34,19,15,12,11,19,14,,48,51,56,52,9,12,32,26,8,,13,8,,25,20,,33,32,27,,36,,77,,27,26,48,48,51,52,14,8,11,10,31,23,22,25,,90,86,,40,48,72,,47,55,35,36,86,85,,62,68,74,66,,,64,73,48,,87,58,66,48,26,80,46,,39,,,26,35,50,47,58,45,20,19,48,,40,29,28,56,60,73,24,24,30,,,28,38,28,11,,65,38,42,34,33,40,42,38,49,53,59,59,35,,5,48,53,64,82,57,64,,49,,54,53,22,32,12,14,94,30,46,52,44,16,61,37,,,38,50,46,80,,58,61,60,41,,34,60,,,36,62,52,77,34,36,56,52,31,61,42,7,22,14,6,,57,41,,47,77,21,29,88,60,64,76,47,7,16,55,84,50,28,69,104,60,30,59,33,25,34,55,,68,68,65,37,,46,74,6,34,14,27,35,36,32,39,36,26,12,9,44,48,22,10,84,25,46,53,26,25,13,14,,,60,33,25,60,59,91,40,54,,68,24,44,52,28,61,26,49,37,,50,53,62,108,101,35,88,,88,79,76,77,74,69,81,86,22,50,55,69,63,55,53,36,72,57,87,81,42,70,38,44,29,33,44,39,37,35,38,54,68,52,42,55,22,43,36,55,67,42,44,57,45,55,45,63,35,,48,35,37,22,26,26,30,40,23,23,64,69,62,72,12,17,19,24,8,23,20,14,51,28,29,10,,20,33,32,68,39,58,75,91,61,,48,41,39,42,17,25,24,,69,48,26,27,41,35,38,32,37,66,20,49,23,57,53,46,60,51,71,59,62,64,49,49,66,56,47,42,46,69,57,51,58,54,50,56,77,74,70,75,41,25,64,41,43,53,44,100,42,42,44,73,54,51,40,50,54,64,54,41,54,47,18,78,57,49,43,44,36,46,59,37,29,28,44,28,33,22,40,48,20,50,47,9,31,17,10,53,19,13,12,18,11,13,35,114,41,75,40,31,79,48,46,99,77,60,,57,51,52,50,49,50,50,40,37,18,82,54,63,91,38,61,40,34,52,31,24,40,67,33,35,36,32,,80,21,25,56,46,12,26,23,22,46,48,51,84,58,87,41,33,39,34,35,15,36,,34,15,28,29,48,20,23,54,44,19,46,34,37,36,37,40,35,44,25,17,13,34,21,24,13,10,18,15,57,17,19,28,22,22,60,35,62,53,17,60,42,9,35,73,40,51,92,45,63,52,34,82,71,,40,37,18,13,70,27,32,63,60,45,30,63,63,40,26,11,4,8,28,28,49,48,68,,42,55,88,75,28,12,38,31,,34,48,59,32,50,9,30,76,60,68,60,4,54,31,53,19,55,24,25,57,53,35,38,36,59,54,54,58,83,58,46,28,40,29,65,49,63,57,90
20231004,11,O3_8h_24h,39,51,50,33,40,40,21,52,83,68,34,28,,,61,,83,74,61,,80,,70,63,,42,51,,39,55,32,55,52,55,137,,50,70,,76,,93,52,100,,90,,34,31,37,36,74,43,29,,43,52,,61,49,57,49,33,30,33,74,46,57,,71,60,59,59,65,47,,55,39,56,57,21,,,28,20,18,22,7,,50,45,,,72,73,67,70,,85,77,,77,78,74,81,74,,95,138,139,137,133,147,143,154,118,122,133,49,53,49,56,60,52,,51,46,47,69,60,58,62,66,64,68,62,65,59,59,65,86,93,79,97,94,,91,95,83,83,45,44,52,44,48,42,44,52,49,56,,64,69,63,55,66,65,86,82,74,81,71,45,,,,53,50,,45,43,60,,,,59,,51,52,53,50,50,54,64,52,58,,,,64,67,,58,58,64,64,70,,65,40,60,57,48,48,78,71,,70,,57,63,,56,49,,53,48,43,,46,59,54,49,88,91,88,,,75,80,96,94,101,102,88,,83,,,67,,68,66,,91,94,93,82,91,87,,86,86,82,88,66,76,84,37,45,47,51,53,47,52,50,35,56,48,,,106,103,95,107,,66,58,52,56,65,,56,60,66,,59,135,74,82,,74,69,100,94,107,,,96,97,95,89,110,82,77,76,86,79,75,79,80,82,,58,51,58,57,63,50,60,,68,58,32,42,42,40,36,41,41,35,41,28,58,61,,54,39,73,55,67,47,17,107,70,76,65,62,62,49,,48,46,61,66,70,56,58,71,69,60,64,62,,74,57,56,69,70,67,,63,69,60,69,,,66,52,68,41,35,34,85,49,52,47,62,,50,57,55,49,52,55,33,27,,57,47,51,51,33,,7,10,14,8,9,26,13,,,16,15,17,14,9,,51,42,40,36,,,46,75,82,82,74,74,74,70,73,88,78,,26,41,28,24,26,25,52,55,57,47,58,54,32,29,25,32,25,39,20,38,,44,24,33,21,,45,,49,44,,,,,87,,,,63,54,82,20,73,81,82,,62,30,40,45,42,34,36,30,31,32,33,,27,38,41,60,,72,70,72,63,41,55,55,40,46,,135,148,137,75,73,66,66,99,113,84,66,77,86,85,95,91,88,,,43,,56,44,43,54,86,,76,60,,,58,64,47,40,,61,60,67,,41,48,42,34,57,99,113,116,108,57,,,,,,,73,,34,77,98,59,33,58,52,124,117,116,,124,,,62,,73,59,66,126,130,118,130,124,,56,59,60,55,47,61,59,56,60,38,29,26,25,106,107,98,44,45,43,53,,43,56,59,,116,123,,110,120,113,103,65,,25,15,,,58,69,,,,46,48,73,62,75,60,,70,70,,42,35,,46,,8,30,13,,38,128,69,65,54,,125,118,130,116,111,124,,93,96,96,90,96,79,122,70,85,123,104,96,73,72,68,72,70,76,76,75,61,75,,49,54,53,,53,74,71,69,71,69,50,54,52,59,58,62,52,63,,59,66,62,,40,80,68,74,72,,86,77,94,,54,,12,20,45,40,,56,52,,,,59,,58,,28,,,,62,61,64,5,17,,,,11,9,13,11,43,38,,53,42,45,40,46,55,,37,,,36,46,52,26,76,68,72,70,76,35,61,68,38,43,36,28,41,34,34,49,43,42,44,48,40,,54,58,58,52,,28,19,25,32,14,26,28,21,,,,,32,38,,38,33,26,32,30,29,30,39,40,33,39,40,39,44,,22,17,,7,15,28,,6,5,,5,36,30,22,24,22,23,26,28,36,35,40,36,,,103,98,66,68,66,60,86,93,,76,75,28,35,65,,,81,,,,,93,,,,,,,,,,,,,,,,94,,,,,,,,,,,,,,,,,,,,,,,,,,,,,,,,,,,,,,31,41,52,35,34,54,67,60,52,,,,54,35,46,46,,,36,25,52,41,30,42,,38,43,50,,,50,36,,23,16,5,,7,,87,90,,,68,57,,,60,63,65,,,65,68,51,52,85,88,97,64,63,64,64,63,111,92,106,94,70,72,67,60,64,68,60,48,,87,45,78,,97,102,82,94,61,55,67,71,52,59,49,72,,,78,51,44,45,52,68,80,60,101,62,60,59,65,58,69,62,73,,,82,74,68,,62,62,,60,54,54,,39,52,49,,48,64,66,56,48,51,45,,49,52,34,55,49,52,47,52,,55,54,50,33,48,57,,50,,38,,,,36,35,34,23,20,42,,40,,52,41,47,102,103,115,114,,26,30,23,,,33,38,26,,36,23,27,,,88,34,34,33,35,30,28,8,13,11,16,59,55,66,59,,39,37,34,35,34,,67,68,71,77,83,85,80,82,4,,12,8,20,45,53,50,46,50,47,58,60,,58,71,73,,46,60,55,84,,74,71,65,,56,32,51,38,43,,69,70,63,62,62,61,38,,48,54,51,28,28,,27,26,60,14,16,18,34,37,44,41,26,33,,54,66,60,,52,51,,41,35,40,45,,37,36,32,34,36,29,36,33,35,36,31,44,58,55,53,52,33,47,46,43,46,40,39,42,39,37,52,54,52,51,55,56,59,48,51,51,17,43,38,32,45,31,39,41,29,96,23,20,34,30,35,26,28,22,60,46,64,66,35,50,45,31,33,50,53,25,30,25,,29,35,36,67,72,,73,31,33,36,33,42,47,42,44,49,50,57,50,26,47,,,,25,26,,23,31,30,32,26,28,,42,35,21,,,,,,54,56,51,54,2,,8,,39,33,32,38,34,34,,62,63,61,63,,,,,74,64,39,39,64,63,26,,69,23,21,40,40,,37,42,19,15,12,11,29,31,,49,53,58,52,9,12,32,26,12,,15,11,,25,28,,46,47,48,,49,,86,,46,44,48,67,71,64,14,8,11,10,36,24,22,25,,90,86,,62,70,87,,81,81,35,36,96,100,,62,68,78,74,,,64,73,50,,87,58,71,48,34,80,46,,45,,,44,35,53,47,59,61,52,43,52,,79,48,30,77,70,73,24,24,30,,,28,39,30,29,,83,53,57,68,38,40,89,68,49,70,72,59,37,,5,66,53,64,82,57,66,,49,,54,58,45,35,12,16,99,36,58,74,76,20,67,38,,,71,86,59,85,,62,62,60,41,,44,60,,,36,62,52,77,72,52,56,97,42,61,68,12,24,14,32,,57,62,,47,131,43,48,88,72,67,118,55,26,16,60,99,50,54,69,104,60,30,59,33,35,64,55,,68,68,67,53,,54,101,6,69,39,50,38,36,32,51,76,51,14,14,54,48,22,25,103,42,48,53,30,34,14,14,,,60,72,40,86,63,102,47,54,,91,62,58,52,28,88,68,98,41,,71,53,62,108,101,37,92,73,95,91,90,88,81,71,82,86,22,57,64,83,63,70,53,45,72,57,87,81,42,70,43,44,44,33,62,45,54,58,41,71,75,67,54,58,22,43,72,68,108,42,44,76,56,62,62,69,45,61,56,38,38,38,67,75,63,55,23,62,65,70,65,72,12,21,22,24,22,31,21,19,51,28,38,45,,41,48,51,96,39,75,110,110,61,,48,50,39,46,22,46,38,,132,52,37,27,41,35,62,50,37,74,20,70,28,58,96,55,80,86,71,63,62,64,75,71,66,65,55,52,56,69,57,51,62,54,61,60,77,92,70,75,52,82,76,84,72,64,44,141,42,50,58,73,69,51,40,50,54,65,54,60,54,60,18,112,69,49,52,44,48,65,59,37,40,77,85,55,64,67,86,69,31,50,60,9,41,22,17,58,39,21,39,33,31,38,81,121,59,75,59,55,79,48,50,99,77,63,,57,51,52,50,57,59,50,40,37,18,90,54,69,91,91,70,46,42,52,31,31,44,71,33,35,40,39,,88,23,31,68,50,14,31,32,23,49,59,62,100,58,91,41,33,67,84,62,15,42,,34,15,52,29,48,61,50,112,72,19,53,36,45,58,65,40,35,54,55,54,18,46,26,70,13,13,18,20,57,17,19,28,22,27,100,78,66,54,17,73,55,9,40,89,46,66,125,71,64,75,70,82,72,,68,61,30,16,71,49,35,100,95,45,42,80,81,47,50,28,4,10,37,36,49,53,88,,47,62,89,88,64,14,74,62,,58,49,59,32,58,19,71,80,60,68,60,22,59,92,53,19,86,24,25,66,60,43,62,48,59,66,58,67,93,58,46,38,54,60,98,49,69,136,90
20231004,11,CO,0.2,0.2,0.2,0.2,0.1,0.1,0.3,0.2,0.2,0.2,0.2,0.5,,,0.2,,0.2,0.3,0.3,,0.4,,0.5,0.3,,1,0.5,,1.1,0.9,1,1,1.1,0.9,0.9,,0.6,0.4,,0.3,,,0.2,0.3,,,,1,,0.9,0.4,,0.1,0.1,,0.4,0.3,,0.1,0.2,0.2,0.1,0.2,0.2,0.2,0.1,0.2,,,0.2,0.3,0.3,0.1,0.6,0.5,,0.9,0.9,,0.9,1,,,0.6,0.8,1.1,0.5,0.6,,0.4,0.4,,,0.2,0.4,0.3,0.3,,0.4,0.5,,0.3,0.4,0.5,0.4,0.3,,0.3,0.4,0.5,0.4,0.5,,0.5,0.5,0.5,0.4,0.4,,0.3,0.2,0.2,0.2,0.2,,0.3,0.3,0.4,0.2,0.3,0.5,0.4,0.5,,0.5,,,0.4,0.6,0.3,0.5,0.6,0.4,0.6,0.5,,0.4,0.5,0.4,0.7,0.4,,0.2,0.6,0.4,0.4,0.4,0.4,0.6,0.4,,0.6,0.6,0.6,0.5,0.6,,0.2,0.6,0.5,0.4,0.6,0.6,,,,0.5,0.5,,0.5,0.5,0.5,,,,0.4,,1.1,1.5,,1.2,,0.9,1.1,1.4,,,,,0.7,0.6,,0.5,0.7,0.6,0.5,0.4,,0.2,0.8,0.6,0.7,0.6,0.7,0.4,0.5,,0.3,,0.7,,,0.5,0.6,,0.4,0.5,0.4,,0.6,0.5,0.6,0.6,0.5,0.5,0.5,,,0.4,0.6,0.5,0.5,0.4,0.5,0.5,,0.6,,,0.4,,0.9,0.5,,0.6,0.5,0.5,0.3,0.4,0.3,,0.6,,0.5,,0.6,0.4,0.4,0.4,0.7,0.4,0.5,0.3,0.6,0.4,0.7,0.7,0.5,0.6,,,0.3,0.4,0.5,,,0.4,0.5,0.8,,0.6,,0.6,0.7,0.5,,0.8,0.7,0.7,0.7,,0.5,0.6,0.6,,0.5,,,0.8,0.9,1.3,0.7,0.6,0.9,1,1.1,0.3,0.9,0.8,0.9,0.8,1,,0.9,0.7,0.5,0.8,0.5,0.6,0.6,,0.5,0.7,0.4,0.6,,,0.9,0.6,0.6,0.5,0.8,0.4,0.9,0.9,,0.7,0.7,0.9,0.9,0.8,0.7,0.7,0.6,1,0.6,1.1,0.7,0.8,0.5,,0.6,0.8,1,1,0.9,0.7,0.6,0.8,0.8,0.6,0.7,0.9,,0.9,0.8,0.6,0.7,,0.6,,0.7,0.8,0.7,0.7,,,0.9,0.9,0.9,0.7,0.7,0.9,0.8,0.7,0.6,0.7,0.6,,0.8,0.7,,0.8,0.6,0.8,0.6,0.7,,0.4,0.4,0.4,0.2,0.4,,0.8,1.1,0.6,0.7,0.9,,0.8,,,1,0.9,,1.1,1.3,,0.6,0.6,0.6,0.7,,,,0.8,0.5,0.3,0.5,0.5,,0.3,0.3,0.4,0.3,,0.7,0.5,0.6,0.8,0.5,,0.4,0.2,0.3,0.3,0.3,0.3,0.7,0.8,1,0.7,0.8,0.7,0.6,0.7,,,0.2,0.7,0.7,,0.4,,0.4,0.5,,,,,0.3,,,,0.5,0.5,0.6,0.5,0.8,0.6,0.6,,0.5,0.6,0.7,0.6,0.4,0.8,0.7,0.7,0.7,0.5,0.7,,0.5,0.8,0.5,0.4,,0.6,0.3,0.5,0.5,0.4,0.3,0.5,0.5,0.4,,0.4,0.6,0.3,0.5,0.5,0.4,0.5,,0.3,0.2,0.2,0.3,0.4,0.5,0.7,0.7,0.6,,,0.7,,0.4,0.4,0.7,0.6,0.7,,0.6,0.7,,,0.7,1,0.9,0.7,,0.3,0.4,0.7,,0.3,0.6,0.6,0.6,0.6,0.8,,0.8,0.6,0.4,,,,,,,0.4,,0.6,0.5,0.6,0.4,0.8,0.5,0.6,0.4,0.5,0.6,,0.5,,,0.7,,0.8,0.8,0.6,0.8,1,0.9,0.6,1,,0.7,0.8,0.9,0.7,0.7,0.7,0.5,0.9,0.6,0.6,0.7,0.8,0.7,,0.7,0.7,0.8,0.8,0.8,1,,0.7,0.8,0.8,,0.2,0.7,,0.8,,0.9,0.8,1,,0.6,0.8,,,0.6,0.6,,,,0.3,0.3,0.4,0.4,1.5,2.1,,1.8,1.6,,1.4,1.4,,1.5,,1.3,0.8,1.5,,,0.6,0.2,0.3,0.3,,0.4,0.6,0.4,0.7,0.4,0.5,,0.3,0.5,,0.4,0.3,0.2,0.5,0.4,0.6,0.5,,0.5,0.4,0.4,0.5,0.6,0.3,0.4,0.4,0.4,,0.4,,0.2,0.1,0.3,,0.2,0.3,0.2,0.2,0.4,0.3,0.3,0.3,0.3,,0.3,0.5,0.7,0.7,,0.5,0.8,0.7,,0.7,0.8,0.8,0.9,0.7,,0.6,1,1.2,,1,,,1,0.8,0.8,,2,1.6,,,,0.9,,0.9,,1,,,,0.8,0.8,0.6,,0.7,,,,0.8,0.7,0.7,0.6,0.9,0.7,,0.8,0.6,0.8,0.7,0.5,0.7,,0.7,,,0.4,0.6,0.6,0.7,0.7,0.8,0.8,0.9,0.7,0.5,0.7,0.6,0.5,0.6,0.7,0.8,0.9,0.8,0.5,0.4,0.4,0.6,0.7,0.7,0.7,,0.8,0.8,,0.7,,0.6,1.9,,0.5,0.4,,0.6,0.6,,,,,0.5,0.7,,0.6,0.5,0.6,0.4,0.3,0.3,,0.7,0.6,,0.5,0.8,0.8,0.5,,0.7,,,0.7,0.9,0.8,,0.5,0.6,,0.8,,0.7,0.8,0.7,0.7,0.7,0.8,0.7,0.8,0.7,0.8,0.7,,,0.5,0.2,0.7,0.2,0.3,0.2,0.3,0.6,,0.6,0.4,0.7,0.4,0.3,,,0.7,,,,,0.7,,,,,,,,,,,,,,,,0.6,,,,,,,,,,,,,,,,,,,,,,,,,,,,,,,,,,,,,,0.8,0.7,0.7,0.9,0.9,0.5,0.5,0.5,0.4,,,,2.2,1.9,1.9,1.6,,,,0.7,0.6,0.7,0.7,0.9,,0.9,1,1,,,1,1.1,,0.6,,0.5,,0.7,,0.5,0.3,,,0.4,,,,0.4,0.4,0.1,,,0.1,0.3,0.2,,0.6,0.4,0.4,0.4,0.2,0.3,0.4,0.2,0.4,0.3,0.5,0.4,0.4,0.2,0.3,0.4,0.3,0.3,0.5,0.4,,,0.9,0.4,,0.3,0.4,0.6,0.7,0.3,0.3,0.4,0.4,0.5,0.6,0.4,0.4,,,0.1,0.1,0.3,,0.1,0.1,0.2,0.2,0.2,0.3,0.3,0.2,0.5,0.6,0.3,0.4,0.1,,,0.6,0.2,,,0.3,0.4,,0.1,0.3,0.3,,0.4,0.3,0.4,,0.3,0.3,0.3,0.2,0.2,0.5,,,0.6,0.6,0.5,0.8,0.4,0.6,1,,,0.8,0.4,0.5,0.7,0.3,0.3,,0.4,,0.5,,,,0.8,0.6,0.6,0.6,,0.5,,0.7,,0.9,0.7,0.9,0.6,,0.6,0.9,,0.4,0.6,0.6,,,,0.7,0.7,,0.5,0.5,0.7,,,0.5,0.3,0.5,,0.5,0.4,0.7,1.1,0.6,0.8,0.5,0.8,0.6,0.7,0.8,,,0.5,0.3,0.6,0.7,,1.3,0.9,1.7,1.1,1.1,0.3,0.8,0.9,0.7,,1.3,1.5,1.3,0.8,0.8,0.8,1,0.8,,0.3,0.5,,2.1,2.7,2.8,,0.9,,0.7,0.6,,0.6,0.6,0.9,,0.8,0.6,0.5,0.6,0.8,,0.7,0.8,0.7,0.6,0.5,0.6,0.3,,0.4,0.3,0.3,0.9,0.8,,1.3,1,0.7,0.9,1,0.8,0.7,0.5,0.8,0.6,0.5,0.7,,0.7,,0.5,,0.7,0.8,,0.8,0.7,0.9,0.7,,0.6,0.6,0.6,,1.1,0.7,0.8,0.8,1,0.9,0.7,0.9,0.7,0.9,0.7,0.8,0.6,0.7,0.6,0.8,0.7,0.9,0.9,0.9,0.7,,0.6,0.6,0.6,0.6,0.6,0.8,0.7,0.9,0.6,0.6,0.8,0.5,0.9,0.8,0.3,0.7,0.7,0.6,0.9,0.9,,0.7,0.5,0.5,0.4,0.7,0.7,,0.5,,0.6,0.5,0.7,0.6,0.7,0.9,0.9,0.9,0.9,0.5,,0.8,,0.7,0.7,0.6,0.6,0.8,,0.5,0.7,0.4,0.5,0.3,0.7,0.5,0.7,,0.8,0.6,0.6,0.9,0.7,0.7,,,,0.6,0.5,,0.5,,0.4,0.6,0.6,,,0.7,0.7,0.5,,,,,,0.6,0.7,0.6,0.6,0.8,,0.5,,0.4,0.5,0.6,0.6,0.6,0.6,,0.4,,0.5,0.5,,,,,0.2,0.5,0.7,,0.1,0.2,0.8,,0.3,0.6,0.5,0.7,0.7,,0.6,0.6,0.7,0.7,0.4,0.3,0.5,0.5,,0.3,0.5,0.2,0.2,0.5,0.3,0.4,0.2,0.9,,0.6,0.3,,0.4,0.5,,,0.4,0.5,,0.6,,0.3,,0.4,0.3,0.5,0.8,0.6,0.7,0.6,0.6,0.7,0.9,0.8,0.8,0.7,0.4,,0.4,0.6,,0.8,0.8,0.5,,0.3,0.5,0.3,0.4,0.4,0.4,,0.4,0.4,0.1,0.1,,,0.6,0.4,0.4,,0.5,0.5,0.5,0.3,0.6,0.6,0.4,,0.5,,,0.7,0.4,0.5,0.4,0.6,1,0.8,0.8,0.6,,0.5,0.2,0.4,0.6,0.7,0.3,1.3,1,0.5,,,0.9,1.1,0.9,0.3,,0.6,0.3,0.5,0.4,0.5,0.7,1.6,0.8,1.2,0.4,0.5,1,1,,,0.4,0.8,0.5,0.4,0.5,0.5,,,,0.7,0.7,0.7,0.8,0.8,0.9,0.9,0.8,0.2,0.3,0.3,0.5,0.5,0.5,,,0.2,0.8,0.6,0.4,,0.4,0.4,0.4,0.7,,0.6,0.7,,,1.2,0.4,1,0.3,0.4,0.5,0.8,1,0.6,0.3,0.5,0.5,0.9,,1.2,,0.2,0.7,,0.5,,0.4,0.4,0.6,0.3,0.3,0.5,0.3,0.9,0.5,0.5,0.7,0.2,1.2,0.5,0.3,0.3,1.1,0.2,0.7,0.4,0.6,0.9,,0.6,0.5,0.5,0.4,,0.3,0.3,1.2,0.8,0.9,0.7,0.7,0.5,0.6,1.3,1,0.7,0.8,1.3,0.6,0.5,0.7,,0.8,0.5,1,0.8,0.5,0.4,0.8,0.7,,,0.4,0.5,0.5,1,0.7,0.4,0.6,0.5,,0.3,0.8,0.5,0.2,0.6,0.9,0.9,0.9,0.7,,0.4,0.7,0.3,0.6,0.8,0.6,0.6,,0.8,0.5,0.4,0.5,0.5,0.6,0.6,0.7,0.2,0.3,0.6,0.3,0.3,0.4,0.5,0.5,0.7,0.5,0.3,0.4,0.3,0.4,0.7,0.8,1,0.8,0.7,1.1,,0.7,0.9,0.8,0.5,0.7,0.7,0.6,0.6,0.8,0.9,0.9,0.6,,0.2,0.1,0.4,0.2,0.6,0.2,0.4,,0.4,0.6,,1,1.2,0.7,0.9,0.3,1,1.2,0.4,0.3,0.4,0.8,,0.9,0.7,0.7,0.8,0.8,0.6,,0.7,0.6,0.5,0.7,,0.7,0.4,0.7,0.8,0.8,0.4,0.6,0.5,0.5,,0.5,0.5,0.6,0.5,,0.6,0.5,,0.8,0.3,0.6,0.8,0.7,0.8,0.7,0.8,0.6,0.8,0.7,0.6,1.1,0.6,0.7,0.4,0.6,0.7,,0.6,1.1,0.8,0.2,0.2,,0.3,0.6,1,0.6,0.6,0.9,0.5,1,0.5,0.5,0.5,0.2,0.6,0.6,0.3,0.6,0.6,0.4,0.5,0.4,0.4,0.8,0.8,0.7,0.7,1,0.7,,0.7,0.6,0.8,0.8,0.8,0.7,1.2,0.4,1.1,0.5,0.3,,0.5,0.4,0.4,0.7,0.6,0.4,0.5,0.9,1,0.9,2.8,0.6,0.5,1,0.8,0.6,0.2,0.2,0.8,0.5,1.1,1,0.2,0.8,0.6,0.8,0.8,0.5,0.8,0.4,0.6,0.6,1.4,0.7,0.7,0.6,0.3,0.3,0.4,0.7,0.4,,0.6,0.7,0.7,,0.3,0.3,0.5,0.3,0.5,0.8,0.8,0.4,0.5,0.6,1,0.8,0.6,0.6,0.8,0.6,0.7,0.7,0.3,0.3,,0.6,0.5,,0.6,0.8,,0.5,0.7,1.3,0.5,0.5,0.8,0.6,0.5,0.5,0.5,0.4,0.4,0.4,0.4,0.6,1.5,,2.2,0.4,,1,,0.4,0.4,0.3,0.3,0.9,1,0.3,0.2,0.3,0.2,0.1,0.2,0.3,0.2,0.4,0.9,1.1,0.9,0.8,0.7,2.5,0.7,1.1,0.7,0.9,0.9,0.7,0.7,0.7,0.8,0.6,0.7,0.5,0.8,0.6,0.6,0.7,0.8,0.4,1.5,1.4,0.3,0.8,0.7,0.8,0.9,0.8,0.9,0.6,0.5,0.4,,0.8,0.4,0.6,1.1,,0.4,0.6,0.7,0.9,0.4,,0.7,0.5,0.5,,0.8,0.7,0.8,0.6,0.8,0.4,0.7,0.5,,0.2,0.1,0.7,0.2,1.2,1.3,1.4,0.8,,0.4,0.2,0.3,0.2,0.4,0.6,0.6,0.7,0.3,0.2,0.4,0.7,0.6,,0.5,0.2,0.2,0.2,0.2,0.4,0.3,0.5,0.3,2,0.4,0.3,0.2,0.4,0.6,0.5,0.3,0.3,0.4,0.7,0.6,0.6,0.8,0.4,0.5
20231004,11,CO_24h,0.5,0.4,0.5,0.5,0.5,0.4,0.5,0.5,0.5,0.4,0.4,0.7,,,0.5,,0.5,0.6,0.6,,0.6,,0.6,0.5,,0.7,0.7,,1,0.9,0.9,0.9,1,0.9,1.2,,0.6,0.5,,0.5,,0.5,0.5,0.6,,0.4,,1,0.6,0.8,0.8,0.8,0.5,0.6,,0.9,0.4,,0.2,0.3,0.3,0.5,0.6,0.5,0.7,0.4,0.5,0.4,,0.5,0.5,0.5,0.3,0.4,0.4,,1.2,1.1,1.2,1.2,1,,,1.2,1.2,1.2,1.1,1.2,,0.5,0.6,,,0.3,0.5,0.3,0.4,,0.6,0.6,,0.5,0.5,0.6,0.6,0.5,,0.5,0.7,0.8,0.7,0.8,0.7,0.7,0.8,0.8,0.7,0.6,0.4,0.4,0.4,0.5,0.3,0.3,,0.4,0.4,0.5,0.5,0.4,0.6,0.5,0.6,0.8,0.7,0.6,0.8,0.5,0.7,0.5,0.5,0.6,0.4,0.7,0.5,,0.4,0.5,0.4,0.6,0.4,0.8,0.2,0.7,0.4,0.4,0.5,0.4,0.6,0.4,,0.6,0.6,0.6,0.6,0.6,0.7,0.2,0.6,0.5,0.5,0.7,0.5,,,,0.5,0.5,,0.5,0.4,0.4,,,,0.4,,1.1,0.7,1,1,1.1,1,1,0.9,0.6,,,,0.7,0.6,,0.6,0.4,0.5,0.6,0.4,,0.4,0.7,0.6,0.6,0.7,0.6,0.4,0.4,,0.3,,0.6,0.5,,0.5,0.5,,0.4,0.5,0.5,,0.7,0.5,0.6,0.5,0.5,0.5,0.5,,,0.5,0.6,0.5,0.5,0.4,0.5,0.5,,0.5,,,0.5,,0.7,0.5,,0.5,0.4,0.5,0.4,0.4,0.3,,0.6,0.5,0.5,0.5,0.6,0.5,0.5,0.5,0.7,0.5,0.6,0.3,0.7,0.5,0.7,0.7,0.5,0.6,,,0.3,0.4,0.4,0.4,,0.3,0.4,0.7,0.9,0.5,,0.6,0.6,0.4,,0.7,0.4,0.5,0.5,,0.4,0.5,0.4,0.4,0.4,,,0.6,0.7,0.9,0.5,0.5,0.7,0.7,0.8,0.1,0.6,0.5,0.7,0.6,0.7,,0.7,0.6,0.5,0.7,0.5,0.5,0.5,,0.5,0.7,0.4,0.6,0.5,0.6,0.7,0.5,0.6,0.5,0.7,0.3,0.9,0.9,,0.8,0.9,0.9,0.9,0.9,0.7,0.8,0.6,0.9,0.5,1,0.7,0.8,0.6,,0.5,0.7,0.9,1,0.7,0.6,0.6,0.7,0.7,0.6,0.6,0.8,,0.8,0.8,0.6,0.5,0.7,0.5,,0.6,0.6,0.6,0.6,,,0.9,0.9,0.9,0.7,0.8,0.9,0.8,0.8,0.6,0.7,0.5,,0.7,0.7,0.8,0.8,0.5,0.8,0.7,0.7,,0.4,0.4,0.4,0.4,0.3,,0.8,1,0.6,0.6,0.9,0.8,0.8,,,0.9,0.9,0.9,0.9,1.2,,0.6,0.6,0.5,0.6,,,0.6,0.8,0.4,0.2,0.4,0.5,0.4,0.2,0.3,0.3,0.3,,0.6,0.5,0.6,0.7,0.5,0.6,0.4,0.3,0.3,0.3,0.3,0.2,0.7,0.8,0.9,0.7,0.7,0.7,0.6,0.7,,0.9,0.2,0.7,0.7,,0.7,,0.7,0.8,,,,,0.7,,,,0.8,0.8,0.8,0.7,0.9,0.7,0.7,,0.4,0.5,0.6,0.6,0.4,0.8,0.7,0.7,0.7,0.6,0.7,,0.4,0.8,0.5,0.6,,0.6,0.6,0.7,0.6,0.7,0.5,0.7,0.7,0.7,,0.7,0.7,0.6,0.7,0.7,0.6,0.6,0.5,0.5,0.4,0.5,0.5,0.7,0.7,0.7,0.6,0.5,,,0.8,,0.4,0.5,0.8,0.6,0.6,,0.5,0.6,,,0.6,0.8,0.9,0.7,,0.4,0.5,1.3,,0.4,0.6,0.5,0.6,0.7,0.7,0.3,0.7,0.5,0.3,,,,,,,0.3,,0.5,0.3,0.5,0.4,0.8,0.5,0.6,0.3,0.3,0.5,,0.5,,,0.7,,0.8,0.8,0.6,0.8,0.8,0.6,0.5,0.8,,0.7,0.8,0.7,0.6,0.7,0.5,0.5,0.8,0.7,0.7,0.7,0.8,0.7,0.7,0.7,0.7,0.8,0.8,0.9,0.8,,0.6,0.7,0.7,,0.5,0.6,,0.9,0.9,1.1,0.9,0.9,,0.7,0.7,,,0.5,0.3,,,,0.6,0.6,0.5,0.6,1.1,1.6,,1.2,1,,1.3,1.3,,1.4,,1,0.7,0.9,,0.8,0.6,0.2,0.3,0.3,,0.7,0.8,0.8,1.2,0.8,0.7,,0.5,0.7,0.7,0.6,0.6,0.4,0.6,1,1.5,0.6,0.5,0.7,0.6,0.7,0.7,0.8,0.5,0.5,0.5,0.6,0.6,0.5,,0.3,0.4,0.3,,0.2,0.5,0.5,0.4,0.5,0.5,0.4,0.5,0.4,0.3,0.4,0.6,0.7,0.7,,0.6,0.8,0.8,,0.7,0.7,0.7,0.8,0.6,,0.6,0.9,0.9,,0.8,,1.1,0.8,0.7,0.8,,1.1,0.9,,,,0.6,,0.6,,0.9,,,,0.6,0.7,0.5,0.8,0.6,,,,0.7,0.7,0.7,0.6,0.9,0.7,,0.7,0.6,0.7,0.6,0.5,0.6,,0.6,,,0.4,0.6,0.5,0.6,0.7,0.8,0.7,0.8,0.6,0.5,0.6,0.6,0.6,0.5,0.7,0.9,0.8,0.7,0.4,0.3,0.4,0.7,0.7,0.7,0.7,,0.8,0.8,0.8,0.6,,0.6,1,0.6,0.6,0.5,0.7,0.6,0.6,,,,,0.6,0.7,,0.6,0.5,0.5,0.4,0.3,0.3,0.4,0.7,0.7,0.5,0.5,0.8,0.9,0.6,,0.7,0.5,,1,0.6,0.8,,0.5,0.6,,0.7,0.5,0.7,0.8,0.7,0.7,0.8,0.7,0.7,0.8,0.6,0.7,0.7,,,0.8,0.2,1.4,0.7,1,0.7,0.2,0.2,,0.4,0.2,0.6,0.3,0.3,,,0.5,,,,,0.6,,,,,,,,,,,,,,,,0.6,,,,,,,,,,,,,,,,,,,,,,,,,,,,,,,,,,,,,,0.8,0.8,0.7,0.9,0.9,0.4,0.5,0.4,0.4,,,,1.3,1,1.1,1,,,0.6,0.6,0.6,0.7,0.6,0.8,,0.8,0.9,0.8,,,0.8,0.8,,0.7,0.9,0.6,,0.7,,0.6,0.3,,,0.4,0.4,,,0.4,0.4,0.4,,,0.3,0.3,0.2,0.2,0.6,0.5,0.5,0.5,0.5,0.4,0.7,0.5,0.6,0.6,0.7,1,0.4,0.4,0.4,0.4,0.5,0.4,0.7,0.5,,0.2,1.3,0.6,,0.2,0.3,0.6,0.6,0.4,0.5,0.4,0.4,0.5,0.6,0.5,0.4,,,0.2,0.2,0.3,0.3,0.2,0.3,0.2,0.3,0.2,0.4,0.5,0.2,0.6,0.6,0.4,0.5,0.2,,,0.7,0.3,0.3,,0.4,0.5,,0.2,0.4,0.4,,0.3,0.3,0.5,,0.4,0.3,0.3,0.3,0.3,0.5,0.4,,0.6,0.7,0.5,0.8,0.5,0.7,0.8,0.8,,0.6,0.4,0.5,0.5,0.3,0.3,,0.6,,0.7,,,,0.6,0.5,0.5,0.5,0.5,0.3,,0.6,,0.7,0.6,0.7,0.6,0.6,0.6,0.7,,0.5,0.7,0.8,,,0.7,0.8,0.7,,0.6,0.6,0.7,,,0.5,0.3,0.5,0.3,0.5,0.4,0.8,1.3,0.7,1,0.6,0.8,0.6,0.8,0.9,,,0.5,0.4,0.6,0.7,,1.3,0.9,1.4,1.1,1,0.4,0.7,0.9,0.9,,1.5,1.8,1.1,0.8,0.8,0.8,1,0.9,,0.4,0.6,,1,0.7,0.7,,0.8,1,0.8,0.4,,0.5,0.4,0.6,,0.6,0.6,0.5,0.5,0.7,,0.6,0.7,0.6,0.6,0.5,0.6,0.4,,0.5,0.4,0.4,0.6,0.6,,1.1,0.9,0.7,0.9,0.9,0.6,0.7,0.6,0.8,0.7,0.5,0.7,,0.6,0.6,0.5,,0.7,0.7,,0.8,0.9,1,0.9,,0.5,0.5,0.6,1,1,0.6,0.8,0.8,0.8,0.9,0.8,0.9,0.7,0.8,0.7,0.7,0.5,0.6,0.8,0.8,0.6,0.8,1,1,0.8,0.9,0.7,0.7,0.6,0.7,0.7,0.7,0.7,0.8,0.6,0.6,0.9,0.5,0.8,0.8,0.3,0.7,0.6,0.5,0.9,0.9,0.7,0.7,0.5,0.6,0.5,0.7,0.7,0.7,0.6,0.5,0.6,0.6,0.6,0.5,0.7,0.7,0.7,0.8,0.8,0.4,0.7,0.8,,0.5,0.5,0.5,0.4,0.7,,0.4,0.7,0.4,0.5,0.3,0.6,0.5,0.6,0.5,0.7,0.6,0.6,0.9,0.6,0.6,,,,0.5,0.5,,0.4,,0.5,0.5,0.6,0.6,,0.6,0.5,0.4,,,,,,0.5,0.6,0.6,0.5,0.8,,0.5,,0.4,0.5,0.6,0.7,0.7,1,,0.4,0.4,0.5,0.5,,,,,0.2,0.4,0.6,0.6,0.1,0.1,0.6,,0.3,0.6,0.5,0.6,0.5,,0.7,0.5,0.7,0.6,0.4,0.4,0.4,0.5,,0.4,0.5,0.2,0.3,0.5,0.3,0.3,0.2,0.6,,0.5,0.4,,0.5,0.3,,0.3,0.4,0.4,,0.7,,0.3,,0.3,0.2,0.5,0.7,0.5,0.6,0.5,0.7,0.8,0.7,0.7,0.7,0.6,0.4,,0.9,1,,0.7,0.7,0.4,,0.2,0.4,0.4,0.5,0.4,0.4,,0.5,0.6,0.2,0.2,,,0.8,0.6,0.4,,0.5,0.5,0.5,0.4,0.6,0.6,0.4,,0.5,,,0.6,0.5,0.6,0.5,0.5,0.6,0.4,0.4,0.6,,0.4,0.2,0.4,0.6,0.7,0.4,0.8,0.8,0.6,,,0.7,0.7,0.6,0.3,,0.4,0.3,0.5,0.4,0.6,0.6,1.1,0.8,0.7,0.5,0.7,1,0.9,,0.8,0.5,0.8,0.4,0.4,0.4,0.5,,0.5,,0.6,0.7,0.7,0.6,0.8,1,0.5,0.6,0.3,0.5,0.5,0.5,0.5,0.4,,,0.5,0.7,0.6,0.7,,0.6,0.6,0.7,0.7,,0.4,0.7,,,1,0.4,1,0.3,0.4,0.5,0.7,0.7,0.5,0.3,0.5,0.6,0.9,0.7,1.2,,0.4,0.5,,0.4,0.6,0.4,0.4,0.7,0.3,0.3,0.5,0.3,0.8,0.5,0.5,0.5,0.4,1.1,0.4,0.3,0.3,1.1,0.2,0.7,0.4,0.4,0.9,,0.6,0.4,0.5,0.4,,0.4,0.6,1.1,0.7,0.7,0.6,0.7,0.6,0.6,0.8,0.7,0.6,0.8,1.3,0.6,0.6,0.7,1.1,0.6,0.5,0.7,0.6,0.5,0.4,0.6,0.6,,,0.7,0.4,0.5,0.9,0.4,0.3,0.6,0.6,,0.5,0.6,0.6,0.3,0.8,0.8,0.6,0.7,0.7,,0.6,1,0.6,0.6,1,0.5,0.3,0.5,0.7,0.6,0.4,0.5,0.5,0.6,0.6,0.7,0.3,0.5,0.5,0.4,0.3,0.3,0.6,0.5,0.7,0.6,0.3,0.4,0.4,0.5,0.7,0.8,1,0.8,0.7,1,0.7,0.6,0.9,0.8,0.5,0.7,0.7,0.7,0.8,0.6,0.7,0.9,0.7,,0.3,0.4,0.6,0.5,0.7,0.2,0.4,0.4,0.4,0.7,0.8,0.8,1,0.5,0.7,0.3,0.8,1,0.5,0.4,0.5,0.8,0.3,0.8,0.6,0.7,0.7,0.7,0.6,0.5,0.7,0.6,0.4,0.7,,0.6,0.4,0.7,0.6,0.7,0.4,0.5,0.4,0.4,,0.6,0.5,0.4,0.5,0.6,0.5,0.5,,0.9,0.4,0.6,0.8,0.6,0.8,0.7,0.9,0.5,0.6,0.7,0.6,0.9,0.5,0.6,0.4,0.4,0.6,0.8,0.6,1.1,0.6,0.5,0.5,0.6,0.3,0.7,0.9,0.6,0.6,0.9,0.5,1,0.6,0.5,0.6,0.3,0.4,0.7,0.4,0.5,0.7,0.5,0.7,0.4,0.5,0.8,0.7,0.7,0.7,1,0.5,0.6,0.7,0.6,0.7,0.6,0.7,0.6,1,0.4,0.8,0.5,0.6,0.6,0.5,0.5,0.4,0.6,0.7,0.5,0.6,0.8,0.7,0.7,0.9,0.5,0.4,0.7,0.7,0.5,0.5,0.4,0.8,0.5,1,1,0.3,0.6,0.7,0.7,0.8,0.6,0.7,0.4,0.4,0.7,0.9,0.5,0.7,0.5,0.4,0.4,0.3,0.7,0.3,,0.6,0.7,0.7,0.5,0.8,0.9,0.6,0.5,0.5,0.8,0.5,0.3,0.8,0.5,0.8,0.6,0.6,0.6,1,0.5,0.6,0.6,0.5,0.4,0.4,0.6,0.5,,0.5,0.7,0.6,0.6,0.7,1.1,0.5,0.5,0.7,0.6,0.5,0.4,0.4,0.4,0.4,0.6,0.4,0.7,1,1.2,1.2,0.6,,1,0.7,0.5,0.6,0.6,0.5,1,1,0.7,0.8,0.7,0.7,0.4,0.7,0.8,0.8,1,0.8,0.9,0.6,0.6,0.7,1.3,0.6,1,0.7,0.9,0.9,0.7,0.7,0.7,0.8,0.6,0.7,0.3,0.7,0.6,0.6,0.6,0.7,0.9,1.5,0.9,0.4,0.8,0.6,0.8,0.7,0.8,0.9,0.6,0.4,0.4,,0.8,0.4,0.5,0.9,0.4,0.4,0.6,0.5,0.5,0.6,0.9,0.7,0.4,0.5,0.6,0.8,0.7,0.7,0.7,1,0.5,0.6,0.5,,0.3,0.1,0.4,0.3,0.9,1.2,0.9,0.7,,0.5,0.5,0.1,0.4,0.6,0.5,0.5,0.5,0.6,0.4,0.5,0.6,0.5,0.4,0.6,0.4,0.5,0.4,0.6,0.5,0.4,0.5,0.4,1.3,0.4,0.3,0.3,0.5,0.6,0.2,0.4,0.3,0.4,0.6,0.6,0.7,0.7,0.7,0.5
20231004,12,AQI,16,16,20,18,15,18,14,20,21,14,15,17,,,24,,24,24,26,,26,,24,25,,24,,,48,54,30,57,61,51,,,24,25,,26,,24,26,,,27,,94,93,89,32,,35,,,33,24,,23,24,26,23,23,25,22,24,19,,,22,41,25,43,59,59,,72,77,,75,30,,,,,28,29,,,21,21,,,24,23,23,24,,24,22,,23,24,23,23,23,,23,25,24,24,21,,36,26,25,27,29,20,30,22,22,21,22,,21,23,22,21,17,22,18,34,,19,,24,27,20,20,31,31,30,31,34,,33,36,30,31,31,,32,29,29,27,32,,30,133,,36,34,32,35,32,34,38,35,32,36,34,56,,,,57,48,,,52,44,,,,37,,32,29,,30,32,33,27,32,31,,,,32,35,,36,36,36,40,40,,40,,44,44,38,41,40,43,,40,,42,37,,28,25,,31,25,22,,,29,28,29,30,46,,,,32,29,34,33,33,,32,,34,,,30,,26,25,,,32,31,,33,32,,53,,43,44,40,29,30,29,31,24,28,46,,,31,34,34,39,,,35,33,34,33,,61,65,40,29,24,,43,24,,,22,56,53,59,,57,55,62,,62,,,70,67,67,65,65,68,63,62,70,63,63,70,55,58,,28,33,32,34,35,36,36,,29,28,41,46,48,,,40,39,43,64,47,50,46,,49,56,60,54,46,48,,48,48,45,55,64,45,46,,54,52,40,59,88,53,72,54,53,49,53,51,,,48,45,63,104,58,,69,54,,54,,,54,42,45,44,,46,56,37,38,42,46,,35,33,56,36,30,46,40,39,,,29,29,26,15,,19,16,,23,23,,10,,,19,13,14,25,15,,38,23,28,29,,,49,,31,41,36,35,,36,44,35,28,,22,15,15,21,25,,17,17,16,17,22,13,13,15,23,15,,16,12,17,,26,16,16,15,,,,48,42,,,,,27,,,,39,45,61,57,47,67,58,,44,43,46,45,48,52,43,45,28,41,46,,30,51,44,25,,25,25,27,26,29,24,22,22,24,,30,24,25,26,26,24,24,,25,25,28,26,28,51,34,46,56,,,68,,57,57,63,62,73,,73,59,,,66,73,60,73,,48,53,67,,48,62,51,51,58,53,,54,53,64,,,,,,,58,,67,79,56,,,44,53,54,55,62,,57,,,43,,43,47,38,45,56,56,45,73,,35,46,52,47,43,40,48,41,34,39,35,31,49,,,46,39,43,39,,,43,43,46,,,40,,53,44,39,50,42,,45,19,,,76,69,,,,24,23,25,24,92,107,,92,76,,92,87,,97,,73,67,86,,94,52,31,28,35,,23,22,23,36,25,25,,24,22,28,23,22,23,22,22,21,21,59,22,25,29,27,44,,24,24,24,,23,,22,17,18,,17,22,21,22,22,22,23,15,16,,20,25,31,58,,23,26,24,,24,20,22,36,25,,20,26,30,,78,,,69,60,69,,84,83,,,,78,,65,,99,,,,78,77,70,,59,,,,19,18,28,20,35,37,,38,37,43,28,36,34,,37,,,24,31,,22,19,32,38,39,41,22,39,38,29,53,50,51,40,50,49,24,24,17,14,15,19,,50,52,62,46,,,25,20,16,22,,33,27,,,,,39,32,,37,10,18,20,12,14,23,17,19,26,21,17,14,19,,12,,,19,29,26,,24,,,37,,20,19,22,20,18,18,23,35,32,25,26,,,56,33,27,37,25,30,20,40,,30,18,64,67,51,,,63,,,,,58,,,,,,,,,,,,,,,,62,,,,,,,,,,,,,,,,,,,,,,,,,,,,,,,,,,,,,,32,35,50,41,38,53,49,58,58,,,,73,77,85,64,,,49,,47,51,53,93,,77,60,67,,,57,88,,32,,53,,65,,51,37,,,37,24,,,39,43,24,,,32,35,34,,33,37,34,29,,23,23,27,23,20,23,28,23,24,26,23,26,26,38,25,,,22,25,,23,23,29,23,30,20,24,24,23,30,25,,,,34,20,25,44,22,21,29,22,30,19,22,19,,18,18,18,22,,,29,15,30,,14,15,,19,38,34,,33,34,36,,31,28,30,29,130,34,36,,37,43,32,48,32,,45,48,,51,23,20,27,34,35,,30,,31,,,,34,42,31,36,,42,,34,,34,31,34,35,,41,90,,54,30,28,,,33,32,35,,41,29,37,,,40,16,20,25,20,21,11,45,42,33,22,,45,44,45,,28,33,38,29,,,59,53,82,69,48,,45,44,46,,52,55,50,28,54,46,40,37,,48,44,,99,94,83,,71,,76,63,,71,90,58,,79,52,51,51,52,,48,43,,45,52,36,40,,50,49,50,39,52,,48,53,25,18,15,20,47,43,53,36,26,22,,53,52,51,,42,40,,36,19,,43,,55,43,46,,11,,,,50,56,48,63,56,55,59,62,40,53,67,54,49,37,32,29,32,38,25,34,26,33,35,15,18,35,,16,20,20,28,,19,13,18,18,58,54,55,57,33,,29,34,43,,42,33,32,39,51,45,57,65,52,40,45,36,,37,,54,48,55,20,21,,17,22,,18,16,,28,35,30,50,46,46,40,51,39,,,,16,12,,9,9,12,11,11,,,,17,15,,,,,,,28,33,35,25,,11,,15,20,20,19,18,19,,32,,24,35,,,,,21,20,54,51,29,28,29,,26,16,20,30,25,,21,16,21,16,14,20,12,11,,23,26,32,30,18,17,15,18,,,25,27,,15,19,,,17,15,,24,,35,,12,13,23,17,,15,37,44,40,46,,18,13,19,,29,29,,25,17,26,,38,62,,31,31,36,,24,26,33,31,,,28,28,27,,33,25,28,500,15,38,56,,72,,,,24,29,26,53,76,59,66,26,,26,31,24,53,51,32,117,111,84,,,65,61,72,22,,20,42,45,35,22,52,89,49,27,24,23,53,87,,76,25,35,35,29,24,30,,31,,,54,38,23,16,22,36,25,32,23,,17,26,,,,37,40,30,24,,51,,39,32,,33,39,,,57,35,36,43,57,54,61,64,63,33,49,20,12,16,93,,25,,,40,37,32,,36,27,,62,,46,17,29,40,24,80,32,62,,54,21,57,14,73,59,,38,45,36,28,,23,30,22,,24,42,26,32,26,81,72,43,51,53,35,37,12,90,68,48,45,73,13,14,14,10,,,42,48,,25,39,35,45,35,,25,75,44,34,32,40,156,51,33,,25,36,27,43,32,22,,,35,32,32,29,32,31,32,34,20,24,25,38,26,34,34,58,,33,37,42,,38,45,42,49,52,57,64,,48,55,38,65,57,43,36,,40,50,47,47,26,39,24,23,,23,31,42,,48,27,34,82,67,69,69,,52,,20,35,20,25,,19,22,22,14,,8,,19,17,20,26,,31,36,40,62,63,62,52,56,67,,51,81,75,67,,15,18,,26,29,32,38,36,39,24,32,52,39,39,36,59,,41,34,36,30,,22,31,69,20,21,24,27,32,29,26,30,51,33,33,32,33,36,37,45,37,42,,61,53,51,28,50,31,44,38,35,45,65,64,31,49,32,40,62,47,57,27,124,69,24,25,25,40,24,30,,32,32,40,63,66,85,68,89,67,45,57,20,15,19,19,,,24,23,18,38,39,15,28,,57,53,73,64,64,79,55,52,53,54,68,,57,59,68,54,27,39,30,38,18,10,41,56,35,52,40,32,42,41,59,35,48,75,26,20,,23,24,,32,28,38,40,46,13,19,15,22,20,,30,34,26,31,31,,25,95,,79,41,,98,,24,24,23,21,86,69,33,38,31,25,40,54,54,53,52,64,72,88,55,50,114,66,69,29,10,21,44,20,21,11,25,24,42,27,156,134,14,15,29,89,68,24,39,61,,63,45,48,42,29,,,26,35,53,,23,23,25,,67,62,,58,69,74,49,38,37,22,24,22,26,30,35,,,18,75,36,70,92,90,51,,16,19,20,18,24,32,62,53,25,24,45,84,28,26,24,19,21,15,20,,25,,,102,33,,39,22,31,,37,18,16,51,58,51,64,24,33
20231004,12,PM2.5,5,2,4,5,3,5,4,4,2,5,4,4,,,4,,5,5,8,,4,,7,4,,8,4,,26,19,21,12,28,24,25,,10,16,,7,,7,7,,,7,,70,69,66,10,,18,15,,14,2,,2,6,3,2,2,9,2,6,2,10,,2,19,9,18,16,22,,52,36,,50,11,,,,14,11,11,6,,3,4,,,3,4,4,3,,11,7,,8,5,7,5,6,,6,4,4,3,4,4,4,5,4,5,6,5,5,9,5,5,5,,7,8,6,5,4,7,3,6,2,6,5,6,6,6,6,7,13,8,13,7,,10,9,8,11,7,,9,7,5,10,9,19,9,13,,7,8,9,7,10,8,1,8,2,,3,29,,,,34,31,,23,27,24,,,,13,,5,9,,7,5,9,12,7,20,,,,12,15,,12,16,13,17,9,,7,25,24,22,19,25,17,13,,10,,21,22,,11,10,,12,13,15,,15,14,14,11,9,32,8,,,10,8,7,16,13,21,11,,16,,,8,,8,11,,13,14,13,11,6,6,,28,,27,26,25,17,10,11,12,7,9,9,14,,7,14,14,17,,,16,15,17,13,,38,43,22,17,7,,30,15,9,,15,29,32,22,,27,27,24,,34,,,39,41,42,41,39,32,43,40,38,45,45,41,36,38,,17,14,22,16,24,24,13,,20,10,20,30,33,,17,28,27,25,46,17,34,30,,34,38,43,38,28,30,28,33,33,29,39,35,31,31,,38,26,25,37,47,31,52,36,37,34,33,31,,,33,31,45,78,41,,50,30,,38,,,38,29,31,26,,31,28,22,25,29,32,,19,23,23,21,16,30,25,21,,8,13,10,12,5,,13,11,,10,16,6,6,,,7,6,6,17,10,,16,10,2,20,,,34,8,17,27,22,24,,22,27,24,19,,10,10,7,8,10,10,7,7,8,7,7,7,4,10,7,6,7,11,7,3,,12,11,6,10,,,,33,29,,,,,8,,,,15,24,18,28,24,22,31,,14,27,26,31,27,36,26,28,19,26,25,,21,22,17,5,,4,4,4,2,2,9,4,7,5,,8,4,11,10,7,9,10,5,4,9,9,,6,6,17,28,36,,,34,,30,29,37,44,41,,39,42,,,27,28,27,53,,21,27,46,,31,34,19,27,29,17,,20,28,27,,,,,,,41,,39,56,32,31,18,27,27,34,24,44,,27,,,28,,30,23,26,31,35,36,31,38,,24,30,36,26,30,28,29,19,14,27,21,19,22,25,20,21,27,28,26,32,,30,30,32,,17,25,,26,25,24,8,29,,22,6,,,51,42,,,,3,9,8,5,68,80,,68,41,,68,64,,72,,49,38,55,,70,36,6,9,10,,5,9,7,11,12,10,,7,8,9,8,8,10,10,7,6,12,12,8,6,9,7,9,4,7,10,8,5,11,,11,6,2,,2,13,6,14,6,12,16,6,4,,14,13,14,14,,9,11,10,,13,13,9,11,17,,14,9,2,,57,,53,50,43,50,,61,42,,,,57,,37,,74,,,,57,56,51,30,33,,,,7,12,5,9,23,18,,26,16,30,18,25,21,,18,,,2,19,43,14,10,22,26,27,22,15,10,9,20,34,35,31,23,35,25,11,11,8,5,6,10,,35,36,44,30,,,12,8,5,10,8,21,9,,,,,9,11,,9,3,1,2,5,7,16,10,13,13,12,11,9,9,,6,,,13,19,18,,12,15,,20,7,13,13,15,14,12,11,16,24,22,17,14,,,12,17,,5,12,8,4,11,,21,7,30,17,11,,,32,,,,,29,,,,,,,,,,,,,,,,24,,,,,,,,,,,,,,,,,,,,,,,,,,,,,,,,,,,,,,22,24,31,15,10,24,29,18,29,,,,53,44,63,41,,,15,10,13,8,25,47,,46,43,48,,,40,65,,15,4,19,,28,,10,11,,,,16,,,6,8,10,,,11,24,3,2,9,7,6,6,2,2,5,8,9,8,16,19,4,2,5,6,5,5,8,4,,,8,6,,,3,10,7,6,5,5,3,6,5,6,2,,,5,9,17,11,7,5,5,11,6,2,15,12,6,2,4,5,4,,,1,10,14,10,7,5,,13,13,8,,9,18,16,,14,5,4,5,15,22,18,,19,25,14,20,14,14,31,32,,35,3,4,10,14,9,,11,,20,,,,16,14,13,19,34,29,,18,,17,17,14,20,,19,34,,38,21,19,,,23,22,22,,23,20,24,,,26,8,14,17,9,2,2,31,29,22,12,14,24,18,31,,2,18,18,14,22,,42,34,39,50,29,25,26,30,22,,34,29,33,18,31,25,28,24,36,19,19,,74,70,54,,51,,54,45,,47,67,38,,58,22,27,34,36,,33,30,,31,24,25,16,,35,28,35,20,24,,33,20,2,11,6,14,29,30,37,25,7,14,,37,36,33,,29,17,,22,13,23,30,,39,29,32,9,6,,,,35,32,24,45,38,38,41,44,6,37,48,38,24,18,22,20,22,26,16,22,18,23,24,5,10,15,,9,8,8,14,,9,3,5,12,36,28,36,27,14,18,20,22,28,17,20,17,20,24,20,31,28,46,32,28,31,25,22,18,,26,33,39,7,3,,,14,8,9,5,27,19,24,21,28,32,26,25,29,27,,,,11,8,,5,4,,2,6,,,8,10,9,,,,,,,14,23,24,7,,7,,1,5,12,11,11,9,,22,,14,24,,,,,6,9,33,34,12,19,20,,14,10,14,18,9,,14,4,4,9,9,14,6,5,,16,18,22,21,12,4,10,9,12,,12,8,,5,11,,10,4,3,,13,,10,,7,5,4,6,4,8,10,10,11,11,6,12,9,9,,14,11,,17,10,17,,22,21,,16,21,25,,11,6,18,17,,,18,10,11,,11,9,17,852,9,9,11,,19,,,22,3,8,4,12,9,26,36,,,10,17,13,22,24,14,61,50,42,,,36,31,35,15,,4,19,22,12,6,29,66,34,10,4,4,31,56,,28,5,10,11,12,11,8,,10,,,36,21,16,5,4,17,9,5,6,10,11,13,3,,,2,24,18,5,,20,16,15,22,,17,5,,,39,15,7,14,40,19,38,44,34,11,29,14,2,5,69,,8,52,,28,19,22,12,12,10,14,29,14,28,10,14,21,4,55,22,42,16,22,11,36,1,42,42,,26,31,25,9,,13,13,5,54,12,29,14,22,18,42,48,27,17,28,18,10,8,67,21,24,28,43,9,4,8,4,,,29,22,28,17,22,9,24,11,,17,48,22,13,9,25,119,28,19,,1,25,16,30,18,4,,,6,10,11,9,9,10,11,8,4,5,2,4,1,7,10,32,,10,5,13,,10,31,26,34,36,32,46,40,33,39,26,35,40,30,21,21,22,33,32,27,3,2,7,4,7,16,4,16,,33,16,17,60,48,48,47,31,36,73,3,24,4,5,13,10,10,5,8,9,5,,12,5,14,5,,19,25,28,44,36,44,17,29,42,,27,44,42,36,10,7,10,,6,12,22,26,25,27,11,17,30,27,27,13,42,9,23,12,14,13,,15,17,43,2,5,4,11,9,12,18,12,24,8,7,8,9,11,3,28,9,,,17,30,20,19,17,21,24,26,24,16,47,39,19,34,22,27,41,29,39,3,94,42,2,4,7,9,7,14,11,10,10,22,45,34,63,38,55,48,31,40,7,8,13,13,5,6,8,16,1,26,22,7,11,29,29,24,53,39,44,58,35,26,24,27,44,,31,31,23,27,8,7,6,6,11,6,23,30,24,12,28,19,26,23,29,21,33,55,9,12,11,16,14,,7,19,26,28,32,8,13,8,12,12,,15,17,11,10,5,6,5,71,48,54,8,,73,42,2,5,2,2,55,48,3,8,7,5,2,10,4,4,3,31,52,57,39,35,86,37,50,20,6,14,24,14,10,5,17,14,17,,58,86,8,8,11,66,46,2,27,34,,44,31,33,18,15,,,10,17,37,54,4,16,8,44,34,39,56,31,48,22,25,26,14,13,14,15,12,12,13,,,4,55,4,51,68,67,30,,4,3,2,3,13,22,44,24,4,5,16,62,19,6,5,4,3,5,3,,4,,10,76,12,7,10,3,8,6,15,8,4,33,27,29,31,7,12
20231004,12,PM2.5_24h,21,15,19,17,18,21,15,32,26,15,16,17,,,32,,31,27,33,,29,,29,32,,30,40,,39,44,52,42,46,55,34,,36,34,,31,,19,27,34,,33,,49,43,44,70,70,56,57,,59,7,,11,15,14,16,15,23,18,21,23,32,,23,35,32,39,31,28,,41,36,44,40,42,,,58,52,38,43,38,,13,14,,,11,12,11,12,,14,13,,15,11,16,13,14,,15,34,30,32,30,35,31,27,28,29,25,15,14,13,10,9,9,,9,12,13,13,13,13,11,14,16,15,16,17,13,14,13,8,12,8,11,7,,8,9,7,9,11,14,14,11,11,12,13,16,13,12,,12,12,11,13,12,12,4,10,6,7,5,27,,,,27,22,,24,26,24,,,,18,,9,11,13,11,13,13,12,12,18,,,,13,16,,17,20,19,19,16,,16,23,22,20,24,22,17,21,,18,,20,22,,15,17,,19,19,18,,18,16,20,17,9,14,7,,,12,9,9,18,18,17,18,,17,,,16,,9,12,,13,12,15,6,7,8,,26,23,26,22,24,21,19,16,21,18,17,11,24,19,17,22,20,24,,,16,15,17,14,,23,23,20,20,13,,24,18,13,,18,24,21,20,,22,23,22,29,21,,,16,17,15,18,17,17,26,24,18,25,28,26,24,23,,11,12,15,10,17,15,12,,13,11,10,14,12,15,11,14,12,10,18,9,34,38,,40,43,41,27,34,26,32,29,24,25,24,25,24,29,,26,19,22,26,22,16,25,18,30,34,32,27,,23,28,30,28,32,26,,28,23,22,22,,,29,26,27,29,28,27,30,23,26,27,24,,17,18,20,18,18,19,19,21,,11,11,12,12,5,,16,9,14,16,10,9,15,,,12,16,11,14,17,,26,20,22,26,,,26,14,13,20,17,19,13,17,25,18,13,,7,8,8,9,7,8,10,7,7,7,8,5,10,12,14,11,12,12,13,10,,16,12,10,14,,32,,36,34,,,,,26,,,,40,39,25,31,27,25,25,,17,14,13,12,12,19,14,17,15,12,17,,16,12,11,11,,8,10,12,11,14,17,12,16,14,,22,16,11,12,12,12,13,13,12,12,14,16,14,13,17,19,21,,,34,,31,29,35,30,36,,33,41,,,42,46,37,46,,31,35,41,,42,37,29,36,37,17,17,18,15,19,,,,,,,28,,40,34,24,32,20,17,20,15,11,17,,39,,,25,,28,25,25,27,25,25,29,26,,13,24,16,14,18,14,21,18,13,26,23,22,24,22,24,19,34,35,26,15,,17,20,25,,25,29,,28,29,27,26,21,,22,8,,,43,41,,,,13,15,13,13,36,43,,36,29,,54,58,,64,,37,35,41,,38,38,5,7,9,,18,16,20,19,18,16,,12,15,16,12,17,14,14,17,23,15,12,14,17,20,14,19,14,11,13,15,13,14,,12,10,6,,9,17,20,24,16,19,18,10,14,12,17,16,16,15,,17,15,14,,16,13,14,14,18,,14,17,8,,39,,38,32,30,36,,38,24,,,,38,,27,,35,,,,38,33,29,24,27,,,,5,8,4,6,23,21,,17,13,26,13,22,14,,16,,,5,10,12,7,5,29,27,30,30,11,7,12,16,25,31,27,22,27,20,11,9,16,17,16,21,,29,31,30,25,,7,11,8,10,18,23,28,17,,,,,24,23,,20,8,18,8,10,9,16,14,20,16,16,14,8,9,,12,12,,25,29,22,,13,16,,20,10,11,17,14,16,18,11,17,26,27,22,23,,,8,11,23,22,16,14,5,12,,17,7,26,24,29,,,24,,,,,19,,,,,,,,,,,,,,,,13,,,,,,,,,,,,,,,,,,,,,,,,,,,,,,,,,,,,,,12,28,27,24,23,26,28,26,28,,,,29,26,30,27,,,22,23,26,23,25,45,,50,50,31,,,32,45,,35,37,19,,23,,19,16,,,5,22,,,18,18,15,,,19,20,4,4,16,12,14,10,8,9,8,6,17,17,17,20,11,9,12,12,9,11,12,8,,12,15,13,,5,7,8,11,13,12,13,9,12,15,15,10,,,10,17,15,14,13,8,10,11,13,7,11,11,11,11,9,11,6,,,8,11,9,16,8,8,,16,11,10,,12,18,13,,18,18,8,17,17,19,24,,18,21,15,21,24,12,22,22,,27,9,10,11,11,14,,22,,36,,,,10,9,13,14,30,23,,22,,18,18,19,15,14,16,19,,24,22,24,,,20,23,22,,21,20,19,,,16,13,16,22,17,10,16,33,25,27,22,28,33,31,36,,12,25,27,27,28,,34,36,36,34,36,35,33,36,37,,43,44,43,25,31,29,29,27,23,30,25,,46,37,40,,37,32,36,33,,36,37,34,,42,29,29,35,34,,27,24,11,27,25,26,28,,33,33,39,15,20,,22,14,4,16,6,8,20,25,40,29,9,11,,31,28,29,,18,16,,16,10,22,25,,31,24,27,10,7,20,20,,18,28,24,33,27,26,29,30,6,25,28,25,23,26,41,39,42,46,35,39,37,38,40,5,8,12,10,9,8,11,16,13,13,4,6,6,36,35,38,29,12,17,11,16,19,17,21,23,23,18,20,26,26,54,34,29,25,28,19,21,,22,22,23,7,7,,3,13,6,11,5,19,15,19,18,25,23,16,19,18,24,,,,12,10,,10,7,2,4,7,4,,16,14,13,,,,,,16,15,17,18,13,,10,,5,9,8,11,11,9,,18,21,12,16,,,,,6,7,17,16,13,12,20,,8,9,7,14,16,,16,5,9,13,11,13,11,9,,17,20,17,17,12,12,10,9,13,,12,9,,9,8,,3,4,4,,16,,5,,2,4,7,5,6,7,20,24,21,22,10,11,10,8,,22,23,,16,14,16,,24,19,,23,17,22,,18,20,20,24,,,19,14,13,,13,9,17,97,5,13,22,,24,,,29,16,17,11,13,20,19,22,8,,16,16,15,23,30,34,49,56,57,,,25,21,23,12,,6,19,18,15,9,23,34,39,35,30,27,53,57,,24,11,17,17,8,16,14,,24,,32,39,25,17,8,9,14,8,8,12,14,11,13,4,,,26,26,16,27,,27,32,48,18,,19,12,,,22,15,12,17,27,22,27,18,26,15,23,16,10,15,60,,31,42,,22,23,33,28,13,12,17,40,14,21,10,18,16,29,35,17,25,14,35,13,36,5,40,29,,22,24,21,9,,14,27,13,47,24,26,15,18,16,27,30,24,18,40,13,19,12,39,17,31,22,37,6,8,6,6,,,32,18,35,15,20,5,24,17,,15,32,32,18,29,17,44,35,19,,13,31,28,32,25,5,15,6,6,7,10,8,11,10,8,7,12,15,11,7,7,4,27,27,12,16,6,15,18,19,26,31,38,39,39,31,31,21,25,27,18,29,25,30,27,14,24,31,28,8,42,30,27,40,15,10,21,12,26,18,20,37,31,35,34,32,34,32,6,15,7,5,8,18,16,8,15,21,8,11,11,10,12,22,,26,29,21,18,35,32,38,15,35,,33,37,38,37,7,9,10,,25,7,18,24,22,21,13,19,23,33,18,20,37,12,19,15,14,19,28,17,32,34,30,24,10,12,13,14,14,12,20,10,16,15,16,12,7,23,17,14,16,21,25,26,14,15,23,26,26,23,12,22,19,14,20,25,16,22,21,46,38,45,37,20,31,33,19,12,15,15,19,22,21,26,25,39,28,39,29,34,35,7,10,9,9,14,11,8,30,32,29,29,19,24,28,20,31,43,34,29,26,31,34,10,17,45,,36,45,47,35,23,26,17,17,11,13,15,21,25,13,29,26,22,24,29,19,25,25,11,14,9,10,11,,7,11,5,20,31,8,8,10,11,22,19,18,15,14,10,16,14,14,45,33,48,18,,62,25,31,40,28,34,45,34,59,73,55,42,47,48,46,39,35,22,31,35,23,26,50,27,37,17,10,20,27,14,12,9,15,14,7,8,62,79,8,7,58,40,26,12,23,23,38,25,28,27,13,12,21,,16,24,29,38,14,21,23,18,17,38,45,45,36,29,29,25,21,11,9,21,17,15,19,,6,4,16,23,37,61,38,30,,14,22,13,17,12,12,38,25,10,9,24,38,24,29,36,11,23,14,26,12,12,,16,48,16,11,22,10,9,15,16,6,1,27,40,32,37,18,16
20231004,12,PM10,11,6,9,11,8,12,13,9,4,14,10,10,,,15,,15,15,19,,14,,16,14,,19,15,,48,57,30,64,71,52,40,,17,22,,26,,23,18,,,27,,92,94,82,32,,35,50,,33,23,,16,24,13,13,8,20,6,2,13,24,,22,41,25,43,68,67,,94,104,,100,30,,,58,35,28,29,45,,5,14,,,11,12,18,11,,24,15,,17,19,16,13,23,,12,12,16,21,13,14,36,8,9,27,29,16,30,9,14,10,10,,12,11,13,9,16,22,18,34,6,15,20,24,27,20,17,19,28,19,23,20,,20,21,22,24,24,,17,19,19,22,12,21,24,23,,19,20,21,19,20,19,9,20,12,16,7,61,,,,63,48,,56,53,44,,,,27,,17,24,,27,12,19,24,22,22,,,,28,14,,19,21,24,19,15,,15,34,44,44,34,41,36,25,,33,,42,37,,28,25,,31,23,20,,24,29,28,29,18,25,41,,,27,19,22,25,25,42,32,,34,,,15,,24,22,,15,18,29,13,30,20,,56,42,43,44,40,22,30,21,31,22,27,46,27,14,31,34,34,39,,,26,18,22,27,,71,79,40,29,24,,39,24,18,,21,61,56,68,,63,59,73,,73,,,90,83,83,80,80,85,76,73,90,63,74,89,60,66,,28,33,26,34,30,36,36,,22,28,41,46,39,,30,30,39,43,57,47,50,46,,47,62,56,48,46,48,40,37,42,45,50,77,40,46,,42,53,40,67,48,56,44,58,41,39,55,51,,,39,27,63,61,52,,55,57,43,58,,,48,38,44,44,,46,62,37,38,42,42,,34,24,62,36,30,46,40,39,,24,29,29,26,15,,12,9,,23,15,4,6,,,19,13,6,16,12,,38,23,28,27,,,32,,31,41,36,27,,36,44,31,27,,22,12,15,21,25,22,13,10,12,11,22,12,12,10,23,15,14,11,12,5,,26,11,16,15,,,,24,32,,,,,13,,,,39,45,72,64,47,83,65,,44,43,46,38,48,42,43,45,28,41,46,,24,51,44,13,,16,17,18,12,29,19,22,22,24,,30,18,24,16,14,12,18,,22,20,28,24,28,52,34,46,61,,,85,,63,63,75,48,95,,95,66,,,81,95,70,90,,48,56,83,,48,73,51,51,66,56,,58,56,78,,,,,,,65,,83,107,61,63,51,44,56,58,59,71,,63,,,43,,40,47,36,42,62,62,22,96,,33,46,45,47,39,32,48,41,34,34,35,31,49,42,,46,35,43,39,47,,35,36,35,,40,40,,56,44,39,50,36,,45,19,,,101,88,,,,20,21,15,22,95,88,,88,101,,129,112,,130,,96,83,122,,101,32,31,28,35,,19,18,16,36,25,25,,16,17,28,16,12,12,15,16,18,19,68,18,11,29,10,44,18,18,14,16,21,15,,22,12,14,,9,16,14,11,15,13,15,15,14,,8,25,31,66,,23,26,13,,19,20,22,36,20,,20,26,30,,59,,63,55,51,52,,117,116,,,,98,,79,,111,,,,103,62,80,45,68,,,,19,15,28,20,35,37,,32,37,33,28,32,34,,37,,,19,31,32,22,11,27,33,36,41,13,39,38,25,56,50,52,40,50,49,22,19,15,13,13,19,,48,52,65,46,,,25,16,7,22,26,33,27,,,,,39,32,,37,2,18,20,12,14,15,14,15,26,21,16,10,19,,12,,,15,29,25,,24,38,,37,5,14,16,12,19,15,14,15,24,27,17,26,,,61,31,27,37,24,30,20,40,,22,18,77,84,52,,,76,,,,,63,,,,,,,,,,,,,,,,73,,,,,,,,,,,,,,,,,,,,,,,,,,,,,,,,,,,,,,31,27,50,41,38,55,49,66,65,,,,87,103,89,77,,,49,58,47,51,56,136,,104,70,63,,,60,76,,32,28,56,,79,,52,37,,,37,24,,,39,43,13,,,32,24,34,23,26,37,32,29,18,22,22,27,7,13,19,14,22,16,26,7,18,22,38,10,,,20,22,,15,8,29,14,30,20,21,21,15,30,5,13,,,34,15,20,44,6,12,29,22,12,13,15,19,6,12,14,15,8,,,4,5,30,7,14,11,,10,38,34,,17,27,17,,25,20,13,27,21,34,36,,37,43,32,48,32,26,45,48,,52,23,20,27,21,22,,25,,31,,,,34,42,31,36,51,40,,34,,34,31,34,35,,33,129,,26,29,23,,,24,25,35,,41,29,37,,,38,16,13,17,20,21,5,39,37,33,22,20,45,44,41,,28,33,38,29,34,,49,56,114,58,48,45,45,44,46,,54,59,50,28,58,46,38,37,37,48,44,,110,125,115,,92,,102,53,,92,98,66,,65,54,52,51,54,,44,38,28,38,54,29,40,,48,49,47,39,54,,44,56,8,18,14,17,47,39,31,32,26,22,,46,53,51,,33,40,,36,13,35,40,,51,43,36,29,10,,,70,43,61,48,55,61,60,68,63,40,42,66,47,49,37,31,28,30,31,25,34,26,32,34,11,18,35,,16,20,14,28,,17,13,18,14,65,58,60,64,33,39,28,34,43,26,42,29,24,39,52,44,63,79,54,36,45,36,53,37,,57,48,57,12,21,,5,22,17,18,16,37,18,17,29,50,41,46,40,52,32,,,,11,12,,8,4,12,9,7,,,,14,13,,,,,,,28,20,28,25,,6,,4,8,18,16,18,19,,18,,24,30,,,,,12,14,57,52,29,21,26,,14,10,14,30,15,,21,16,21,13,8,12,6,8,,19,23,27,23,17,6,14,9,44,,25,27,,8,19,,10,17,12,,24,,24,,9,8,4,10,,14,37,44,40,46,,18,11,16,,27,15,,15,17,26,,38,74,21,31,31,31,,23,15,25,26,,,28,13,15,,18,20,21,18,10,38,62,,94,,,60,8,14,13,56,101,68,82,1,,26,31,24,55,52,32,184,171,118,,,80,72,93,6,,9,42,45,35,10,54,98,40,21,11,12,55,124,,102,18,17,19,23,23,15,,19,,,57,38,23,11,22,36,25,30,17,20,17,21,,,,37,40,30,15,,51,22,39,26,,33,18,,,63,17,18,29,49,58,72,78,75,12,49,15,12,16,119,,17,45,,39,37,25,,36,17,26,73,24,46,17,29,40,12,110,16,73,56,58,16,63,4,96,46,,31,34,29,28,,23,30,22,62,24,41,26,25,24,111,94,43,52,55,35,17,5,102,85,48,45,95,12,12,14,6,,,14,48,102,23,37,13,45,24,,22,100,44,23,32,35,148,51,33,,16,32,22,36,22,22,,,16,20,24,25,24,31,27,19,10,15,12,38,13,34,13,66,,14,14,22,,10,37,42,47,37,64,68,56,48,60,37,80,64,43,36,,40,50,47,47,24,39,18,15,19,21,22,42,,39,27,34,76,82,88,88,46,34,51,15,17,5,15,15,19,22,22,14,10,7,,11,14,10,26,,31,27,36,68,75,68,53,61,83,,51,112,99,83,15,12,18,,16,8,30,31,27,39,24,30,53,29,28,34,65,,41,34,36,26,,22,31,88,6,4,8,15,12,24,26,20,52,22,14,16,13,20,7,44,17,17,,71,55,52,25,50,30,44,26,33,45,77,78,31,40,24,33,63,47,64,27,161,88,5,13,12,40,19,30,10,18,28,40,74,81,110,85,127,78,42,45,11,12,18,13,8,16,11,23,7,37,39,15,28,73,63,56,85,77,78,103,60,53,51,58,85,,64,68,86,58,27,39,7,38,8,4,37,61,34,53,36,32,42,41,67,35,45,72,17,19,31,21,24,,26,19,36,38,27,13,19,12,22,19,,30,26,22,16,31,17,20,109,70,108,41,,96,103,11,23,15,12,122,88,33,38,31,25,40,57,57,56,54,77,68,125,39,19,98,81,60,25,9,21,39,19,21,9,16,24,42,27,262,218,14,12,29,123,86,17,36,71,,75,42,48,42,21,,,26,35,52,58,13,22,25,73,83,73,81,65,88,98,49,29,37,22,24,18,26,27,35,,,2,82,36,72,90,129,52,,10,10,5,7,23,21,65,56,23,5,45,94,26,22,20,10,6,10,4,,7,22,35,116,33,,39,22,25,17,37,7,12,51,66,51,78,20,24
20231004,12,PM10_24h,37,25,36,33,36,35,35,60,47,34,32,33,,,66,,63,57,68,,59,,63,58,,61,65,,87,92,89,86,90,90,73,,69,71,,62,,62,56,60,,60,,66,69,67,107,102,108,128,,104,26,,31,28,22,42,42,45,46,32,54,56,,55,66,58,67,70,72,,88,96,84,88,80,,,106,106,76,75,84,,29,29,,,25,28,28,25,,39,39,,35,46,35,34,34,,33,68,57,64,59,53,53,52,62,44,34,39,36,38,33,33,24,,33,35,38,22,20,22,31,24,23,24,26,27,23,21,31,22,24,20,21,22,,21,23,22,21,24,24,29,23,25,30,24,25,23,22,,27,27,25,26,23,26,15,17,15,17,14,48,,,,42,40,,44,42,34,,,,30,,24,33,27,23,25,25,21,25,34,,,,34,28,,27,28,25,25,25,,29,29,37,39,37,43,34,28,,25,,34,38,,36,31,,35,30,26,,29,29,33,39,18,28,28,,,28,22,21,35,36,36,40,,37,,,29,,28,28,,29,25,29,17,21,20,,50,42,44,42,41,34,38,33,37,29,29,26,40,28,34,34,34,34,,,39,34,40,39,,48,51,39,33,25,,33,33,18,,34,48,45,49,,49,62,49,53,33,,,38,40,39,36,38,43,53,50,46,50,55,50,51,52,,20,20,18,20,19,20,17,,18,17,17,21,16,20,14,17,20,21,29,22,53,55,,54,77,49,43,54,42,48,37,44,47,44,55,38,53,,40,41,40,61,35,34,34,34,49,50,52,45,,38,50,48,44,47,40,,40,41,36,44,,,50,45,47,48,44,43,56,69,43,42,35,,29,31,32,28,30,37,35,63,,24,25,23,23,13,,25,12,20,29,16,16,23,,,19,32,19,27,23,,39,32,37,41,,,39,28,24,25,27,25,28,28,30,24,19,,17,11,17,17,22,17,14,13,9,10,17,8,24,23,25,21,22,17,25,16,,30,25,20,25,,43,,40,40,,,,,46,,,,67,79,61,66,70,60,59,,42,22,23,22,24,23,29,28,28,27,30,,22,28,24,27,,29,25,27,25,43,33,29,32,35,,42,37,54,24,27,24,26,27,25,29,36,47,37,38,43,40,45,,,70,,64,74,66,54,81,,73,72,,,76,80,72,78,,55,59,81,,74,67,67,60,56,42,34,37,29,46,,,,,,,59,,77,62,49,67,40,38,42,23,31,33,,72,,,37,,34,33,39,47,45,50,49,53,,34,45,29,30,38,27,38,36,31,38,33,35,40,38,40,43,39,43,38,27,,32,31,37,,41,40,,56,52,64,59,29,,40,13,,,85,74,,,,38,40,36,45,49,55,,51,62,,93,89,,99,,82,80,99,,77,49,16,19,14,,36,42,41,50,40,62,,45,39,35,37,33,44,29,36,50,29,27,33,35,55,31,41,35,24,26,28,32,27,,19,16,19,,13,34,31,32,34,35,23,22,16,22,20,22,26,24,,20,23,24,,16,23,20,25,20,,24,24,12,,49,,54,47,42,46,,71,65,,,,72,,66,,62,,,,72,47,53,42,46,,,,14,12,19,14,39,39,,22,21,27,19,22,21,,23,,,19,18,14,16,7,39,44,42,46,20,26,24,27,36,39,46,38,46,34,22,20,22,25,19,28,,42,48,43,40,,21,28,21,15,34,37,46,36,,,,,53,42,,40,11,21,23,19,22,20,21,23,23,22,22,21,17,,25,22,,39,41,44,,29,38,,45,15,15,25,20,26,31,24,27,34,34,30,36,,,26,34,79,62,77,66,16,25,,29,21,84,87,95,,,48,,,,,40,,,,,,,,,,,,,,,,35,,,,,,,,,,,,,,,,,,,,,,,,,,,,,,,,,,,,,,23,41,42,43,46,52,45,53,46,,,,63,70,64,56,,,54,69,56,63,65,96,,102,85,49,,,55,69,,63,63,60,,77,,50,36,,,34,23,,,47,48,25,,,24,25,20,21,36,36,35,37,31,29,36,35,33,35,34,42,33,33,46,33,25,25,36,22,,46,37,25,,14,14,25,26,32,27,21,31,25,31,28,26,,,28,22,23,47,14,22,24,26,13,12,16,20,27,22,21,19,11,,,13,24,25,28,14,15,,13,30,30,,22,26,19,,29,26,19,32,26,32,49,,32,36,40,46,33,29,27,25,,28,36,31,22,20,23,,36,,45,,,,21,27,18,30,44,39,,31,,26,23,25,34,36,36,55,,38,29,42,,,29,31,31,,32,38,30,,,32,24,25,26,28,40,24,49,37,40,34,35,58,60,52,,45,43,48,44,45,,53,47,64,49,53,56,54,52,59,,68,66,62,41,48,51,45,45,43,54,51,,69,65,61,,67,50,68,46,,70,75,54,,52,54,49,54,54,,39,35,26,34,45,36,55,,50,46,45,41,43,,37,40,8,32,15,13,36,38,37,37,26,24,,47,44,48,,29,28,,30,16,34,37,,42,34,32,26,17,29,43,32,30,43,39,41,48,42,42,43,28,26,43,33,38,51,48,52,50,58,50,56,48,48,51,10,16,22,22,20,22,18,20,22,20,10,13,12,66,81,82,71,25,40,24,37,44,47,39,42,30,41,49,40,57,62,54,37,40,32,29,35,,45,36,33,17,15,,9,24,21,21,16,27,20,20,23,38,28,28,32,39,32,,,,21,22,,21,16,17,12,14,23,,26,21,20,,,,,,28,26,23,24,23,,14,,7,14,14,17,17,21,,24,27,20,25,,,,,12,13,24,22,23,21,26,,17,11,11,22,16,,23,11,24,16,12,16,11,14,,23,32,26,26,19,12,17,17,28,,23,18,,14,7,,8,13,11,,32,,13,,6,9,15,12,15,12,56,73,64,57,13,22,17,18,,46,40,,19,20,33,,38,44,29,42,35,43,,35,29,32,33,,,38,27,15,,18,28,18,19,6,38,69,,58,,,74,25,21,19,52,60,68,75,19,,39,28,31,85,87,96,169,183,160,,,58,45,54,19,,30,40,41,41,12,52,48,53,66,60,53,86,109,,69,30,28,25,24,36,25,,35,,49,63,38,23,19,20,37,28,26,37,35,21,26,8,,,61,50,31,57,,71,61,83,24,,26,19,,,46,30,34,27,35,36,54,39,49,21,38,28,26,23,104,,57,54,,34,41,45,38,40,21,30,75,21,41,23,36,35,60,64,25,42,28,67,19,64,7,77,43,,25,30,23,30,,35,71,26,52,31,41,23,26,23,69,67,36,44,65,22,26,26,56,40,51,25,72,15,14,15,14,,,33,44,75,20,33,11,37,31,,30,57,57,24,53,32,69,62,34,,37,44,38,43,38,20,35,26,16,21,23,22,25,31,28,22,23,33,21,64,25,23,30,46,23,20,15,26,30,29,36,49,58,53,72,51,55,38,43,46,36,54,45,53,33,31,39,46,56,16,68,62,70,76,24,25,45,20,34,30,28,62,55,49,47,45,43,44,14,18,10,11,17,25,26,23,23,26,16,16,10,17,13,35,,33,31,31,47,64,56,73,34,66,,56,79,84,69,12,16,16,,42,9,22,33,23,29,23,30,40,40,46,40,57,27,39,34,32,31,55,24,47,69,54,47,26,22,23,25,24,23,37,23,31,30,25,24,15,31,22,30,39,62,54,59,36,37,34,56,30,36,50,43,39,29,28,32,28,47,36,87,62,89,94,39,60,61,56,26,22,22,32,37,29,50,65,64,52,75,46,50,57,12,15,23,10,25,25,42,41,42,39,39,32,39,74,39,65,76,64,71,53,47,64,24,37,84,,73,79,95,70,57,78,24,51,16,27,32,51,42,41,54,37,37,43,45,33,36,35,17,27,26,20,21,,24,15,22,27,27,13,14,21,22,34,29,34,30,26,21,53,40,38,70,51,78,48,,94,67,71,72,77,71,97,63,96,136,99,105,111,108,106,96,98,51,56,83,41,37,81,47,50,19,26,23,48,27,23,20,23,25,22,43,199,188,15,12,85,96,61,49,40,52,62,47,44,45,31,20,25,,21,53,48,49,19,30,39,35,45,71,76,76,68,62,74,42,36,21,21,29,31,34,31,,14,3,31,99,56,89,78,48,,32,46,25,33,42,25,57,49,27,17,50,68,33,70,63,24,41,33,47,28,25,23,41,83,32,25,41,34,29,32,37,12,8,43,82,55,72,41,23
20231004,12,SO2,3,3,3,1,3,1,3,3,3,1,3,3,,,7,,3,5,4,,6,,6,4,,7,4,,6,3,3,7,5,6,3,,3,7,,3,,10,8,12,,6,,10,11,12,4,,6,5,,6,3,,1,3,6,6,6,4,2,2,1,1,,4,4,8,6,6,9,,18,13,,17,11,,,6,,8,11,8,,5,5,,,8,5,4,6,,8,9,,8,6,7,7,4,,5,6,11,9,7,6,6,5,9,3,8,5,6,5,5,7,6,,5,6,4,6,6,5,6,3,4,3,7,6,7,6,7,4,9,7,8,8,,4,6,6,5,5,3,6,4,10,6,4,8,4,4,,7,9,9,8,8,10,6,6,6,6,6,9,,,,12,10,,8,8,8,,,,10,,6,14,8,9,6,6,16,13,8,,,,12,9,,4,4,6,6,5,,7,,7,9,7,8,9,7,,9,,12,10,,9,6,,7,8,9,,8,6,9,8,6,8,5,,,7,7,7,6,5,4,5,,10,,,4,,5,5,,5,4,5,6,5,5,,4,,3,2,2,5,6,6,6,7,5,5,,5,6,7,9,6,,,5,3,3,3,,4,7,5,7,7,,4,7,7,,7,8,6,8,,7,6,7,8,10,,,14,15,14,14,12,12,7,6,8,8,7,8,9,11,,8,7,6,8,7,8,6,,7,5,5,6,6,4,4,4,4,3,2,6,4,7,,3,6,11,4,4,5,6,7,3,6,8,6,5,7,,3,6,7,9,7,7,7,10,8,8,6,9,,11,3,6,11,7,6,,10,11,6,10,,,6,5,12,6,7,8,4,6,6,9,8,,9,7,12,8,8,25,10,11,,6,7,5,8,6,,5,8,4,6,6,6,6,,,7,6,8,6,5,,2,1,2,2,,,3,6,5,3,5,6,5,8,4,7,5,,6,6,10,7,16,8,7,6,8,8,6,6,7,5,4,6,5,6,3,5,,5,1,4,6,,3,,6,5,,,,,11,,,,9,10,19,3,4,6,7,,19,7,4,7,10,6,5,5,4,5,3,,3,4,5,7,,24,8,6,14,20,15,6,4,22,,5,12,10,9,6,9,5,,8,6,16,9,10,12,7,6,4,,,16,,8,8,11,6,14,,15,5,,,13,15,12,14,,6,7,22,,7,11,10,10,7,11,,8,12,5,,,,,,,13,,7,11,10,,,7,10,8,9,11,,11,,,12,,10,6,11,10,12,12,10,10,,8,8,6,9,7,10,10,9,9,9,4,7,8,8,6,7,5,6,6,,,6,8,8,,,6,,7,6,4,5,9,,11,6,,,10,9,,,,8,7,11,6,18,28,,40,42,,13,18,,16,,44,13,59,,22,10,9,13,8,,5,12,9,9,8,8,,6,6,7,7,6,9,7,13,8,9,10,6,6,9,8,5,7,7,7,7,,7,,5,2,5,,4,5,6,5,4,5,6,5,4,3,5,8,7,6,,8,9,7,,6,8,9,7,9,,11,9,11,,6,,9,4,2,1,,15,14,,,,5,,6,,9,,,,9,8,8,,10,,,,6,5,8,6,6,7,,7,6,7,6,4,3,,7,,,5,6,10,3,8,4,10,10,7,5,4,4,5,9,8,10,8,10,8,3,3,4,5,7,7,,8,7,8,9,,,24,9,4,5,4,5,4,,,,,1,3,,1,2,2,3,2,3,3,6,7,3,2,6,2,4,,2,,,7,1,5,,7,,,3,8,5,7,6,6,8,9,5,4,5,3,6,,,9,6,14,11,6,4,10,6,,41,7,14,9,10,,,7,,,,,12,,,,,,,,,,,,,,,,11,,,,,,,,,,,,,,,,,,,,,,,,,,,,,,,,,,,,,,7,4,4,4,4,16,13,12,33,,,,16,13,14,12,,,11,14,12,16,15,13,,17,15,6,,,7,15,,7,,7,,12,,9,8,,,5,5,,,6,6,3,,,1,3,8,12,10,10,7,2,,8,5,5,9,8,7,9,5,6,4,2,5,6,7,4,,,5,7,,7,5,8,10,7,2,5,6,6,6,7,5,,,6,11,12,11,11,7,6,7,3,4,5,6,3,1,4,2,1,,,6,10,8,2,2,6,,5,3,4,,6,5,4,,6,9,11,14,2,8,7,,8,7,10,6,4,6,7,5,,6,4,4,6,8,7,,7,,8,,,,6,14,9,7,,15,,6,,4,9,5,7,7,8,8,,7,4,10,,,5,5,7,,4,4,5,,,7,6,10,12,10,5,12,25,16,17,8,23,14,9,13,,5,4,5,6,17,,15,6,11,5,15,12,8,14,4,,10,8,15,2,4,2,4,5,,11,3,,14,24,23,,10,8,9,6,,5,6,6,,7,12,7,10,7,,5,4,8,7,6,8,9,,7,6,5,5,6,,11,7,9,7,6,6,7,8,7,8,3,3,,11,8,5,,9,7,,10,8,7,7,,6,6,6,10,8,17,7,6,8,7,6,12,8,8,9,10,4,3,4,4,2,4,5,5,7,5,8,7,7,6,6,4,1,4,6,3,4,3,2,,5,6,6,8,10,7,9,10,5,4,7,10,7,11,6,6,4,11,7,8,6,28,25,6,8,6,,9,,17,10,10,6,3,,2,5,7,6,7,,7,6,8,4,6,7,9,8,9,,,,4,6,,7,5,13,16,17,6,,8,6,7,,,,,,5,4,4,8,4,,5,,7,8,10,10,9,18,,6,6,6,6,,,,,1,1,8,12,4,5,6,,2,6,5,11,14,,8,9,6,11,5,4,3,4,,5,6,6,9,6,9,4,5,16,,8,4,,7,8,,,10,3,,5,,7,,6,7,5,5,7,6,17,16,17,16,8,6,6,5,,75,43,,10,6,4,,10,7,3,4,5,8,,5,6,2,2,,,9,4,3,,8,13,10,11,10,11,10,,12,,,,6,2,6,7,5,3,7,7,,9,8,8,5,6,2,5,6,5,,,14,11,13,5,,4,8,9,5,10,2,16,5,7,4,4,4,17,,9,6,7,5,7,5,4,,5,,17,6,6,6,8,9,7,11,6,8,7,6,5,4,,,3,7,9,6,,5,10,16,6,,8,8,,,23,6,9,9,15,13,12,18,12,6,10,6,6,7,17,,5,4,,3,3,6,9,3,9,2,8,,13,3,6,5,5,10,7,9,,10,1,12,7,9,8,,8,7,6,7,,1,12,6,6,6,8,5,8,7,15,8,10,3,6,8,10,4,7,4,8,9,19,8,8,6,4,,,7,6,4,8,9,6,7,6,,5,9,14,6,8,5,,6,6,,5,6,7,14,23,6,8,,4,7,8,6,8,5,7,8,3,7,16,8,10,6,6,10,9,8,7,9,,8,6,5,6,5,6,4,7,6,3,5,10,10,8,7,7,9,7,9,2,2,7,6,5,4,10,3,7,,10,6,5,9,9,10,8,6,2,3,7,5,7,10,8,6,8,12,22,16,4,10,8,8,10,1,,2,9,8,10,11,10,13,9,16,,9,13,13,10,8,5,6,,10,6,8,8,6,7,4,8,10,5,7,10,30,5,6,6,7,8,1,5,8,16,3,3,12,11,4,7,6,8,19,4,8,7,7,11,6,10,6,6,,2,3,10,11,14,6,10,7,8,8,8,7,9,9,4,8,11,8,9,6,11,12,4,8,8,4,4,7,5,6,9,6,6,9,24,12,9,10,12,10,9,5,8,8,,10,2,3,6,5,6,7,8,,6,8,16,10,20,9,10,11,8,9,9,,2,13,14,12,3,5,7,6,7,2,8,3,2,5,7,5,7,8,8,8,2,11,4,4,2,6,4,,8,4,18,9,8,7,7,5,8,6,8,6,6,4,6,10,10,8,19,,20,72,,8,,3,8,3,4,10,21,2,5,10,10,8,9,8,9,12,8,7,9,1,5,19,7,11,7,9,7,10,5,4,4,4,4,9,6,15,14,6,4,7,58,16,13,8,7,8,8,8,9,14,9,8,,8,4,3,9,8,7,1,,9,15,16,15,12,10,21,9,6,6,3,5,9,5,4,,5,5,25,5,8,16,10,4,,1,3,3,1,8,44,12,9,7,11,4,11,6,6,1,3,3,3,3,6,5,8,6,24,8,7,8,5,7,4,3,7,4,10,12,9,16,8,10
20231004,12,SO2_24h,3,2,3,3,3,3,3,3,3,2,3,3,,,9,,5,7,6,,7,,6,6,,8,5,,10,4,6,8,7,9,8,,3,6,,2,,11,11,13,,8,,9,11,11,8,8,8,8,,8,2,,2,2,7,11,10,9,11,8,3,2,,6,7,9,8,5,10,,18,12,12,14,11,,,8,13,11,16,10,,7,7,,,10,8,6,8,,11,14,,9,7,11,10,8,,7,7,11,9,9,9,7,8,11,7,9,6,7,6,6,8,7,,6,7,5,7,6,6,6,3,5,4,7,9,7,6,8,4,9,7,8,8,,4,6,7,5,5,3,5,4,7,5,4,7,3,11,,8,10,9,8,8,10,6,6,7,6,7,9,,,,6,7,,6,6,6,,,,10,,7,8,11,8,6,8,10,9,9,,,,12,10,,4,4,4,8,8,,9,7,8,10,7,8,7,6,,11,,9,8,,8,5,,6,8,8,,9,6,9,7,6,9,5,,,8,8,7,6,5,4,6,,8,,,3,,5,5,,6,4,6,6,5,5,,4,4,3,4,2,6,6,6,6,6,5,5,7,4,5,5,6,6,,,5,3,3,4,,4,4,5,6,7,,8,6,9,,7,6,4,6,,5,4,4,8,5,,,9,9,9,9,9,8,5,5,6,7,6,6,6,8,,8,6,6,8,7,7,6,,7,4,4,6,5,4,4,4,3,3,2,6,4,7,,3,5,9,4,4,5,6,6,3,6,9,6,5,7,,3,6,6,8,6,6,6,7,10,7,6,9,,7,5,6,8,6,4,,7,7,4,6,,,6,4,12,5,7,8,4,6,5,9,5,,7,6,10,7,7,11,8,8,,6,7,5,8,6,,5,8,5,6,5,5,6,,,7,7,7,6,6,,2,2,3,2,,,3,7,5,3,3,6,5,8,4,7,5,,9,7,9,7,16,8,7,7,9,8,7,6,7,6,5,6,7,5,3,5,,5,2,5,7,,4,,8,10,,,,,26,,,,13,20,7,4,4,5,8,,11,7,4,7,9,6,5,5,4,5,6,,4,4,5,13,,20,13,12,16,31,29,8,5,15,,6,8,6,10,8,10,5,10,11,7,18,10,10,13,7,7,4,,,10,,11,11,13,7,11,,13,8,,,11,14,10,12,,8,8,19,,7,6,7,8,7,11,5,6,7,3,,,,,,,11,,7,9,8,9,8,6,10,4,6,8,,21,,,13,,11,8,13,8,9,10,11,9,,9,8,8,9,8,6,11,10,13,13,3,6,8,6,6,7,5,6,5,10,,7,8,7,,5,8,,9,8,6,6,6,,11,6,,,10,11,,,,13,13,15,11,10,12,,16,17,,14,16,,17,,18,11,16,,12,11,10,14,9,,7,11,11,13,14,8,,13,9,11,9,9,10,7,16,22,8,14,6,15,16,15,15,17,8,8,9,10,7,,5,2,5,,4,6,6,6,6,6,6,4,4,9,5,7,6,5,,7,8,6,,5,7,9,7,10,,11,8,11,,5,,3,3,3,2,,11,10,,,,5,,5,,7,,,,8,8,7,8,8,,,,6,4,8,6,6,6,,7,6,7,6,4,3,,8,,,4,7,9,3,9,4,9,8,6,6,4,4,5,12,7,9,10,8,8,3,3,4,6,7,7,,7,5,8,9,,8,13,6,5,5,5,6,4,,,,,4,6,,5,6,2,3,2,3,3,4,7,2,1,6,4,5,,2,3,,8,3,6,,7,5,,5,8,5,7,6,7,8,10,6,4,5,3,6,,,12,4,42,55,31,6,9,6,,9,7,11,6,8,,,6,,,,,8,,,,,,,,,,,,,,,,9,,,,,,,,,,,,,,,,,,,,,,,,,,,,,,,,,,,,,,6,2,3,2,4,9,6,7,10,,,,8,7,9,7,,,15,20,16,18,19,11,,12,12,8,,,6,7,,15,11,3,,7,,10,10,,,5,5,,,6,6,6,,,2,3,10,12,11,11,8,5,8,10,9,8,11,11,10,14,9,8,5,11,10,14,11,6,,4,6,8,,8,6,9,10,7,3,6,7,7,7,7,6,,,7,10,8,11,11,9,6,7,3,6,9,6,2,4,4,3,1,,,8,4,5,1,2,6,,5,4,5,,5,6,4,,7,10,8,9,1,7,7,,6,5,7,3,3,7,6,5,,5,4,5,6,8,7,,7,,8,,,,5,10,6,5,13,7,,4,,4,6,5,7,7,7,7,,10,4,14,,,4,5,4,,6,10,5,,,6,4,6,7,16,11,11,31,23,24,22,22,16,11,17,,9,6,23,19,11,,16,10,14,6,9,13,9,12,15,,19,17,24,2,6,2,5,6,,10,5,,12,9,11,,8,6,7,4,,4,4,6,,5,8,3,7,3,,5,4,7,7,6,7,8,,6,6,5,5,6,,10,6,9,7,6,6,9,9,7,9,4,4,,9,7,6,,8,7,,8,7,7,6,,6,6,6,10,8,14,17,6,8,13,9,9,9,9,7,10,4,3,4,3,2,4,6,5,6,6,8,7,7,6,8,4,1,2,6,4,4,3,2,3,4,6,6,8,15,10,10,11,5,5,7,12,8,9,6,6,5,11,9,25,22,23,31,6,7,5,7,9,,13,6,5,6,3,,2,5,8,7,7,8,8,6,9,5,7,8,10,7,7,,,,4,7,,7,7,11,12,12,9,,9,7,8,,,,,,6,4,5,8,5,,5,,7,7,10,11,11,19,,6,5,6,6,,,,,1,1,5,5,4,5,5,,3,6,5,9,9,,8,9,6,11,7,6,4,4,,5,8,5,9,7,9,4,5,16,,8,4,,7,7,,9,8,4,,6,,7,,6,7,7,5,7,7,8,11,11,12,8,7,7,5,,79,58,,12,8,4,,9,7,4,4,6,12,,5,6,2,3,,,10,5,3,,8,12,12,12,11,11,9,,11,,,10,7,2,6,6,5,4,6,7,,9,8,8,6,6,4,3,5,5,,,10,10,9,3,,4,9,11,3,9,2,12,5,8,6,5,7,13,,6,6,8,5,8,5,4,,4,,9,7,4,6,9,11,8,9,7,9,7,6,5,4,,,5,8,8,8,,7,12,21,4,,6,8,,,8,7,9,8,9,6,10,11,10,8,10,6,6,7,16,,6,4,,3,5,5,6,3,12,3,16,3,10,3,6,5,7,9,8,6,16,8,2,7,7,7,8,,8,8,7,7,,2,13,6,5,6,6,5,10,6,11,8,8,4,21,7,10,4,9,7,8,8,10,7,7,6,5,,,8,6,6,8,8,6,7,8,,6,9,17,7,18,6,8,7,5,,8,6,11,23,47,5,6,10,4,7,8,6,9,5,7,8,3,12,11,11,15,7,7,9,9,8,7,8,9,10,5,5,5,7,6,4,5,6,3,5,8,7,12,8,7,9,5,8,3,3,12,7,7,9,8,3,5,8,7,3,4,9,8,9,7,6,2,2,8,6,9,9,10,6,12,12,18,14,6,8,8,8,10,2,,3,9,8,7,5,7,15,6,9,,12,8,9,18,10,5,5,,9,5,10,9,6,7,4,8,11,12,9,10,18,5,5,6,7,7,12,5,12,10,3,3,10,12,4,5,5,8,13,2,9,8,7,11,6,10,8,7,6,4,5,11,10,9,5,10,7,8,8,7,6,14,6,4,9,8,7,7,7,13,11,4,9,9,5,3,6,5,5,8,5,6,8,11,10,7,10,9,7,21,5,15,6,7,11,5,4,7,4,5,7,6,7,4,10,12,11,12,7,7,9,4,8,8,,23,15,14,10,45,26,7,19,8,3,7,3,4,5,8,5,8,9,8,6,2,6,4,4,2,6,4,,8,4,7,9,8,6,7,4,8,5,7,6,6,4,5,18,11,13,8,13,10,23,,10,11,3,3,3,5,9,14,5,8,12,14,11,13,12,11,16,8,8,9,1,5,15,6,11,8,9,7,13,5,4,4,5,5,8,7,10,10,6,4,9,38,6,14,10,8,8,5,8,9,12,10,8,,7,4,3,4,8,6,5,9,9,10,10,17,11,9,10,8,6,7,5,5,8,4,5,,5,5,7,8,8,13,6,6,,2,3,2,2,12,16,9,7,13,14,6,11,6,7,2,3,2,3,3,9,7,8,5,19,8,5,8,5,7,5,4,7,5,9,12,12,12,8,11
20231004,12,NO2,13,2,7,12,14,13,14,9,5,5,8,10,,,7,,11,11,11,,8,,12,8,,11,,,31,22,21,28,24,23,15,,2,8,,6,,20,15,15,,7,,28,41,26,19,,12,,,16,4,,4,5,2,5,3,3,9,2,14,,,14,9,9,6,21,35,,18,26,,25,24,,,23,22,19,19,10,,6,12,,,11,8,8,9,,10,12,,8,6,7,12,12,,4,12,14,12,19,,12,4,12,11,13,12,9,5,5,10,5,,5,4,5,4,9,7,5,3,9,8,,9,4,8,5,10,18,18,14,8,,17,9,12,12,17,15,12,10,12,14,11,13,13,9,,7,4,10,12,11,8,8,10,9,8,7,14,,,,27,14,,17,16,15,,,,11,,10,20,15,19,14,13,17,15,14,,,,7,6,,11,7,10,9,8,,21,10,12,10,11,11,5,7,,8,,12,11,,24,26,,22,21,19,,25,18,18,22,15,12,3,,,8,10,6,5,4,13,8,,20,,,18,,15,14,,,6,7,,5,4,,22,23,12,12,15,9,11,11,16,16,12,9,13,5,15,20,17,14,,,3,5,4,5,,12,22,14,14,13,,17,12,10,,14,22,18,24,,22,18,30,21,15,,,28,35,36,27,29,19,33,37,34,40,38,40,41,47,,29,30,23,36,22,37,26,,14,20,17,10,12,9,,12,10,14,7,6,23,12,,16,29,23,10,13,11,9,10,16,14,15,27,10,8,,13,11,9,17,12,6,13,11,22,25,25,14,,,13,8,18,18,16,,29,19,15,16,,,18,7,20,10,9,5,7,10,13,23,15,,8,7,20,15,13,8,12,8,,4,14,6,7,9,,14,19,,24,18,24,19,,,23,22,27,22,26,,21,18,19,19,,,24,9,8,13,5,7,5,8,10,9,6,,13,10,12,12,16,,9,8,8,6,8,8,22,22,34,18,26,17,17,13,,22,18,23,26,,,,18,27,,,,,12,,,,15,12,65,50,23,48,54,,16,14,12,14,12,11,14,17,14,16,13,,6,13,11,8,,14,5,7,8,13,9,18,14,11,,8,12,11,8,7,7,13,12,18,11,14,6,5,9,8,14,11,,,20,,19,18,23,12,20,,25,22,,,20,23,16,28,,10,20,24,,15,18,16,18,15,9,,13,11,17,,,,,,,32,,33,34,21,14,,11,16,16,11,15,,14,,,4,,1,3,2,12,16,16,10,9,,6,11,13,13,10,9,6,12,10,10,10,6,8,6,4,5,5,6,6,8,,6,5,8,,8,3,,4,4,6,8,12,,9,8,,,40,36,,,,7,6,4,8,54,59,,58,49,,40,38,,38,,63,51,63,,65,17,11,16,10,,8,16,8,13,9,15,,5,7,5,4,3,6,11,16,16,16,19,10,12,6,7,9,5,7,8,6,10,8,,4,6,4,,4,6,7,4,3,5,4,10,6,10,5,17,20,9,,24,12,19,,9,16,16,14,12,,24,16,7,,23,,,30,14,14,,50,40,,,,41,,41,,40,,,,38,40,19,25,20,,,,30,28,11,22,12,9,,15,20,19,16,11,8,,8,,,2,13,,6,9,5,8,6,10,4,4,9,4,10,9,10,12,12,8,4,4,9,19,15,13,,20,16,27,19,,7,16,9,4,18,,16,20,,,,,19,13,,13,4,19,10,14,12,9,11,7,8,6,7,6,6,,21,,,16,28,21,,18,27,,39,15,13,29,27,36,29,25,31,24,33,27,29,,,14,8,6,5,10,10,35,38,,19,18,30,14,8,,,39,,,,,17,,,,,,,,,,,,,,,,9,,,,,,,,,,,,,,,,,,,,,,,,,,,,,,,,,,,,,,16,12,12,14,11,22,16,21,26,,,,39,44,44,37,,,15,22,13,14,16,55,,51,48,18,,,18,20,,9,,30,,32,,19,16,,,8,6,,,5,7,3,,,4,2,4,5,8,8,5,8,7,7,2,7,12,9,5,6,5,6,14,6,4,6,4,2,,,7,3,,5,4,6,6,5,5,12,3,8,10,4,6,,,4,6,10,6,3,2,4,13,5,4,4,3,3,6,5,8,2,,,3,6,8,2,9,5,,2,7,5,,10,5,9,,8,11,18,10,5,20,13,,14,15,26,14,14,18,19,19,,16,4,4,12,8,6,,9,,13,,,,14,10,10,6,,9,,20,,17,28,23,7,3,6,7,,5,9,7,,,4,6,5,,7,4,4,,,11,4,6,5,10,6,6,14,15,18,11,17,16,16,16,,6,8,10,10,,,6,16,13,12,13,18,12,15,22,,21,18,17,2,10,8,6,9,13,12,8,,39,41,41,,42,39,45,23,,19,30,30,,26,14,18,12,15,,26,23,19,17,17,16,15,,16,21,18,13,22,,19,16,6,24,12,17,24,23,19,19,14,21,,16,17,13,,13,12,,6,3,,14,,14,14,10,,20,16,15,12,11,16,14,5,13,18,13,14,6,14,11,11,12,9,13,11,10,14,8,10,10,8,8,4,8,4,6,2,4,10,9,9,8,5,12,10,1,8,10,13,11,9,13,9,8,,12,4,6,6,3,7,10,13,9,10,9,8,,10,,16,5,4,8,7,,10,4,9,16,15,10,15,20,15,29,29,29,16,19,18,,,,9,12,,7,14,22,21,21,26,,11,12,10,,,,,,6,10,11,6,5,,5,,4,2,3,3,3,8,,6,4,9,4,,,,,2,5,12,10,4,6,12,,2,6,10,7,10,,7,4,6,6,7,7,3,3,,4,8,4,5,10,7,4,4,11,,6,8,,6,15,,7,8,7,,6,,8,,3,4,4,11,8,17,26,24,25,26,9,16,14,11,,16,11,,15,12,19,,16,25,16,14,11,10,,9,8,2,8,,,15,8,11,,7,16,8,2,3,9,16,,15,,,,17,13,10,18,19,30,39,10,,18,12,23,13,12,8,58,37,24,,,38,33,39,6,,15,17,18,8,6,14,52,3,13,12,2,23,47,,32,6,6,12,16,20,14,,10,,27,20,25,8,8,9,7,24,15,10,,10,19,5,,,11,8,18,8,,14,13,12,8,,25,9,,,17,7,16,4,21,20,21,16,11,9,11,22,16,18,40,,8,20,,8,5,9,,10,3,,13,,26,19,11,7,8,47,40,13,9,24,4,22,7,29,12,,4,4,3,17,,4,15,29,,20,28,6,10,8,49,44,19,11,19,30,10,22,41,10,16,23,28,8,8,22,13,,,15,6,,19,15,6,10,10,,16,37,15,9,14,9,35,7,18,,6,18,14,10,16,20,11,,5,9,14,17,15,19,13,8,5,9,10,14,2,14,6,13,8,15,5,5,,4,5,10,22,13,21,27,,11,19,5,14,24,15,5,7,6,18,12,4,2,8,8,11,5,14,12,15,,12,19,15,47,34,24,25,22,14,17,4,4,5,10,,16,12,7,14,11,10,,7,33,25,25,,23,7,21,19,31,19,14,12,23,,15,30,28,35,,4,7,,10,6,24,22,7,12,3,12,7,5,8,8,13,17,20,19,14,13,10,13,17,23,4,7,10,2,9,11,19,18,15,6,18,4,7,7,5,12,6,4,,56,25,42,16,17,8,7,4,2,11,24,14,6,11,7,8,20,6,21,5,30,30,6,13,12,6,9,14,,11,11,19,30,39,48,44,50,46,19,15,4,2,13,5,21,,3,23,4,19,19,16,17,22,20,16,15,30,40,40,16,23,12,12,24,,14,18,20,13,10,10,6,11,7,8,6,13,6,10,5,2,8,8,8,12,14,11,1,4,4,2,1,,10,8,15,10,14,14,9,5,11,21,,22,5,19,7,8,9,12,54,,26,12,,24,,1,4,1,10,30,15,2,20,10,12,6,6,4,7,10,42,33,46,16,20,37,29,34,15,17,16,7,23,15,17,22,11,49,18,16,19,22,14,22,64,37,14,3,17,9,34,12,16,13,24,,,16,4,18,,11,10,10,41,31,28,36,12,36,18,25,19,35,32,17,6,21,21,13,,,2,32,8,16,25,50,10,,10,14,4,9,7,13,35,26,9,10,11,44,12,2,5,7,8,8,4,6,8,5,20,50,12,10,17,5,10,,5,9,6,23,21,11,24,12,12
20231004,12,NO2_24h,20,5,19,17,26,22,23,29,18,6,25,27,,,27,,24,28,30,,26,,32,30,,38,28,,39,30,36,32,32,31,18,,27,37,,36,,29,63,28,,19,,34,48,32,46,38,38,59,,70,16,,19,19,14,31,26,29,31,11,23,27,,26,30,25,25,32,37,,25,45,37,30,57,,,53,62,61,65,42,,21,28,,,22,14,15,16,,15,18,,15,12,13,16,20,,6,18,18,18,20,18,18,16,21,19,15,23,17,15,14,14,9,,15,16,16,10,11,12,12,14,18,18,18,17,10,14,17,14,22,23,16,16,,21,15,18,17,22,25,20,23,20,21,19,22,20,16,,18,15,20,26,14,21,16,18,17,16,16,31,,,,28,23,,34,24,27,,,,19,,24,27,27,29,33,27,19,24,27,,,,19,18,,20,18,16,16,15,,22,29,33,31,36,34,13,18,,14,,26,21,,24,21,,23,22,19,,27,19,17,18,16,16,10,,,13,12,10,15,8,16,18,,18,,,25,,18,16,,9,7,9,8,7,6,,21,19,13,15,18,13,14,14,22,19,15,12,15,10,14,29,17,20,,,7,8,9,7,,13,16,12,9,10,,11,9,10,,10,18,25,32,,28,27,34,25,10,,,20,30,22,23,30,29,24,25,22,29,24,24,28,26,,19,19,17,20,16,22,16,,15,15,15,7,6,7,9,10,10,11,6,5,35,25,,34,42,23,24,32,19,33,12,18,20,21,21,18,21,,13,15,12,26,10,10,11,9,21,26,25,17,,13,32,24,15,13,12,,14,15,12,13,,,21,13,21,24,16,14,14,26,24,36,17,,10,11,16,12,16,18,19,27,,9,18,9,10,8,,22,15,16,24,15,22,21,,,19,29,17,21,24,,18,14,17,17,,,19,9,7,14,5,7,5,11,10,9,7,,17,8,12,13,16,15,16,15,13,9,14,7,25,21,28,21,25,17,21,14,,17,23,23,25,,37,,32,42,,,,,18,,,,37,28,56,51,36,50,38,,15,14,10,12,9,10,14,17,13,16,14,,9,12,10,19,,17,15,17,16,40,23,21,25,34,,13,14,14,13,12,13,17,17,19,16,16,16,15,21,12,15,11,,,38,,31,37,35,26,22,,27,24,,,36,44,39,46,,23,28,27,,40,36,31,46,23,17,14,14,8,26,,,,,,,23,,27,22,22,32,35,27,37,10,8,14,,32,,,6,,4,6,8,14,15,13,13,10,,14,13,10,10,16,8,11,10,11,15,17,14,17,6,5,4,15,10,12,7,,7,10,12,,9,8,,9,10,15,14,5,,22,10,,,29,24,,,,22,19,14,20,27,32,,28,28,,29,33,,31,,63,64,48,,63,21,17,20,18,,12,17,16,22,15,15,,16,18,12,9,10,12,12,22,32,14,14,15,16,22,14,14,12,11,16,15,14,12,,7,9,8,,8,21,26,19,16,21,10,12,8,13,11,23,28,13,,21,11,22,,9,14,15,19,11,,19,17,5,,29,,32,30,18,21,,29,24,,,,21,,28,,28,,,,32,24,20,30,18,,,,26,23,13,19,19,16,,11,16,13,14,13,5,,12,,,3,11,13,6,4,5,10,8,12,8,5,6,9,12,18,20,16,20,20,5,4,9,15,13,14,,24,26,25,23,,9,16,15,8,16,16,12,16,,,,,15,12,,11,5,14,9,12,12,10,12,8,7,6,8,10,9,,16,17,,28,32,30,,27,30,,35,14,12,28,20,24,32,25,28,24,32,28,25,,,14,7,28,24,39,28,10,15,,12,8,42,32,16,,,26,,,,,20,,,,,,,,,,,,,,,,16,,,,,,,,,,,,,,,,,,,,,,,,,,,,,,,,,,,,,,15,19,11,19,24,26,20,20,29,,,,24,26,26,34,,,28,34,29,28,32,42,,50,44,16,,,17,22,,44,41,40,,33,,16,14,,,10,7,,,9,11,10,,,6,5,9,12,12,10,7,14,14,11,8,15,16,16,12,16,11,10,16,10,13,13,15,16,,10,10,5,,7,8,9,14,10,7,12,7,16,21,13,16,,,14,13,10,17,9,9,9,15,4,6,11,6,18,14,15,18,4,,,7,17,11,2,9,7,,3,13,14,,18,18,17,,17,16,21,14,14,21,27,,15,17,25,19,15,13,14,16,,13,7,8,9,15,13,,22,,32,,,,17,14,14,11,20,18,,15,,18,28,24,8,5,7,8,,14,17,16,,,10,12,11,,13,16,12,,,11,4,8,8,11,6,8,23,18,23,17,12,16,15,15,,7,6,8,7,9,,6,12,11,9,12,11,12,15,31,,29,26,15,3,10,8,5,8,14,16,14,,31,28,29,,34,27,33,18,,17,24,29,,26,23,26,19,22,,24,19,17,18,17,14,25,,19,14,15,14,10,,20,14,7,23,6,5,24,29,27,26,16,19,,14,14,14,,11,8,,6,5,10,14,,9,13,14,10,15,15,9,10,9,12,12,8,9,11,12,11,6,12,8,9,10,11,12,10,10,13,8,11,10,9,8,4,6,4,6,3,4,9,7,10,6,5,8,11,28,31,25,30,14,12,13,19,20,18,20,12,11,9,6,9,12,16,13,13,14,12,11,19,,15,11,10,6,7,,8,6,12,11,12,10,14,15,17,14,20,17,12,13,23,,,,7,11,,8,14,24,22,25,24,,21,13,10,,,,,,9,9,13,9,9,,5,,7,4,9,6,7,9,,7,3,6,4,,,,,3,4,7,5,5,7,7,,2,6,6,10,11,,9,9,6,10,8,8,6,7,,5,6,6,7,12,9,5,10,10,,8,12,,8,12,,5,6,10,,7,,10,,2,4,9,10,10,12,38,50,54,48,7,15,13,13,,31,24,,11,10,20,,16,15,28,26,13,11,,12,12,6,17,,,15,14,16,,7,12,14,6,8,10,24,,21,,,24,21,14,15,26,26,40,36,9,,24,15,8,14,21,13,37,43,36,,,34,25,30,6,,17,20,23,15,10,22,20,21,46,36,18,30,43,,39,15,19,19,16,25,19,,26,,31,26,20,7,15,16,9,12,24,16,13,8,22,5,,,26,14,17,21,,29,32,29,7,,25,21,,,37,20,35,11,24,24,25,21,26,20,11,25,15,14,36,,26,20,,12,10,15,14,15,7,8,29,6,29,18,8,8,34,28,29,10,14,53,4,42,11,45,12,,5,5,4,12,,18,27,32,23,16,23,12,16,12,27,23,24,17,27,17,29,29,30,10,26,18,33,8,7,15,17,,,33,18,38,16,31,4,16,20,,16,21,13,19,46,8,24,18,16,,13,35,33,16,21,12,8,20,7,15,20,20,24,25,19,12,15,19,17,15,9,16,11,23,22,23,9,11,23,13,11,24,41,30,32,28,36,12,27,17,8,15,17,17,15,7,16,17,12,7,32,23,33,24,16,13,21,17,16,16,17,36,26,23,20,16,21,22,6,8,9,13,14,14,13,7,13,20,11,14,6,26,15,21,,18,13,14,26,44,27,33,12,30,,33,36,39,24,11,8,9,,15,10,24,32,7,11,6,15,13,6,21,13,17,21,17,22,14,15,14,14,15,36,13,11,17,9,20,13,17,31,23,7,31,24,16,16,15,11,12,14,20,58,23,43,18,16,19,9,6,6,23,11,11,8,9,14,7,17,10,22,27,27,46,13,27,47,16,10,21,23,22,31,20,26,20,32,24,29,26,21,29,13,8,13,3,21,17,11,21,19,14,21,21,17,50,14,36,27,23,30,20,33,38,14,25,33,,26,45,50,54,24,39,18,21,13,14,8,21,15,11,15,4,10,13,12,10,9,5,1,11,5,3,3,,14,11,26,10,17,14,7,6,12,19,17,23,7,24,9,25,16,20,27,28,46,24,,44,35,32,37,39,44,39,23,27,52,33,45,34,31,28,32,37,32,21,35,24,24,36,18,28,18,14,17,22,29,20,21,24,11,13,28,22,32,15,11,36,54,24,18,4,20,10,21,16,21,13,21,19,,14,18,32,33,14,15,11,30,34,36,52,40,25,19,25,27,29,27,12,14,24,23,16,,10,4,12,13,16,31,23,15,,16,25,8,22,20,11,25,28,18,21,17,34,11,25,34,16,15,20,28,21,23,6,22,32,15,10,18,13,12,7,17,7,5,22,40,24,37,14,15
20231004,12,O3,50,51,61,55,47,55,44,62,67,42,46,53,,,75,,74,75,82,,82,,75,80,,76,63,,65,77,64,71,74,74,85,,74,80,,73,,74,82,70,,68,,98,94,102,80,,70,65,,76,76,,73,72,82,72,71,78,70,74,58,62,,60,79,79,78,79,74,,108,90,103,101,62,,,64,64,67,69,76,,67,66,,,75,73,73,75,,69,69,,72,75,72,72,69,,73,78,76,75,67,76,86,82,78,75,85,62,66,68,68,65,70,,65,72,69,65,52,62,56,60,60,60,54,59,64,55,63,99,97,95,97,108,,104,114,95,98,97,90,101,90,90,86,102,96,96,266,,115,107,102,109,100,106,119,111,102,113,107,130,,,,88,115,,116,108,111,,,,116,,101,90,91,95,102,103,86,100,98,,,,100,109,,114,113,113,125,125,,126,120,132,130,121,125,128,137,,128,,123,108,,79,66,,78,79,67,,72,81,76,60,94,100,90,,,102,92,106,105,103,120,94,,82,,,94,,83,78,,97,101,98,92,105,101,,73,72,68,73,73,92,96,92,91,74,88,92,85,89,78,71,80,95,,,111,104,107,105,,144,144,47,55,58,,52,50,,,49,133,123,117,,124,132,129,127,124,,,146,137,136,159,157,157,30,29,23,23,25,20,26,18,,27,27,36,23,33,30,26,,52,37,26,32,31,38,32,32,39,34,35,20,85,88,,106,99,131,99,94,83,94,112,118,98,105,108,106,100,,107,100,106,145,190,135,152,146,112,109,96,132,,120,108,109,166,160,152,,86,115,128,111,,,113,109,96,98,105,116,91,98,98,84,99,,111,105,105,98,95,110,98,104,,,79,85,78,16,,11,9,16,7,5,26,18,,,16,19,8,14,12,,28,37,34,33,,,35,50,80,80,72,77,80,73,72,87,82,,45,39,36,32,38,36,53,54,50,53,51,41,41,37,29,44,28,44,29,54,,32,28,41,27,,77,,68,71,,,,,85,,,,73,70,14,27,46,27,21,,43,31,38,44,41,35,34,28,34,35,36,,30,39,40,80,,78,80,84,81,73,74,61,66,71,,77,74,77,82,81,76,74,79,79,77,79,82,85,84,107,126,160,,,129,,119,126,120,122,89,,86,99,,,124,134,128,111,,141,118,127,,133,136,138,142,126,111,,123,140,121,,,,,,,59,,61,84,118,115,132,138,135,158,147,146,,158,,,85,,82,75,90,114,135,147,102,118,,108,93,104,96,102,106,87,95,87,74,103,87,104,79,78,68,86,84,88,105,,100,100,100,,,81,,104,86,103,118,95,,106,46,,,61,71,,,,75,71,78,74,36,48,,48,56,,9,24,,31,,47,65,56,,45,112,84,76,84,,72,68,72,69,75,66,,75,70,75,71,70,72,69,68,65,66,61,68,80,83,86,80,,74,75,76,76,72,,54,53,56,,54,70,66,69,69,70,51,40,49,38,47,71,68,75,,61,72,75,,76,60,61,73,54,,57,67,63,,32,,23,17,27,32,,53,52,,,,22,,26,,19,,,,30,22,49,35,31,,,,21,25,32,22,58,64,,35,29,32,34,46,53,,73,,,75,56,44,56,60,70,83,84,94,66,72,82,78,126,117,116,107,118,101,76,76,52,43,46,48,,32,35,34,37,,54,69,62,49,38,32,21,21,,,,,37,44,,44,32,25,30,27,25,31,52,46,45,51,54,44,39,,23,,,38,26,13,,31,20,,16,,64,46,43,33,42,55,45,36,31,34,28,,,63,103,82,84,77,81,32,35,,84,45,56,68,86,,,102,,,,,166,,,,,,,,,,,,,,,,157,,,,,,,,,,,,,,,,,,,,,,,,,,,,,,,,,,,,,,34,70,47,65,66,69,73,68,69,,,,37,34,37,48,,,32,58,67,68,64,47,,49,49,45,,,41,37,,81,72,30,,31,,64,68,,,73,65,,,81,82,75,,,64,66,74,81,103,100,106,78,73,72,73,78,72,62,70,70,72,74,63,72,83,82,80,79,,,68,78,,71,73,71,71,72,62,75,76,71,74,78,53,,,73,64,60,61,70,66,64,50,93,60,63,49,59,56,56,56,69,,,92,41,35,,44,46,,57,107,108,,104,108,114,,99,89,94,92,259,92,105,,52,56,47,60,52,49,56,60,,64,60,58,28,107,109,,96,,96,,,,73,74,76,68,81,94,,53,,52,51,46,103,101,129,130,,83,85,85,,,94,94,100,,83,81,81,,,125,41,43,41,43,39,35,16,21,19,26,,50,53,52,,29,27,26,25,19,,75,77,77,81,73,67,70,72,17,,21,23,23,51,49,45,43,46,65,85,88,,74,66,62,,42,38,33,71,,84,56,56,,53,71,80,74,76,,52,59,51,53,65,71,78,,72,52,63,29,26,,31,35,80,47,48,36,67,66,70,70,34,28,,40,48,42,,49,51,,36,35,41,38,,57,56,51,26,31,37,24,30,39,34,32,44,51,47,58,51,48,44,42,45,42,29,32,33,33,28,61,50,60,51,57,47,48,51,59,50,29,61,48,48,58,37,50,49,124,120,109,109,77,,77,92,99,94,123,104,101,102,85,107,117,112,115,93,101,86,94,95,,112,100,118,61,49,,52,40,31,30,29,38,42,33,36,21,31,35,34,41,44,,,,23,25,,26,27,23,25,25,16,,52,52,45,,,,,,49,45,46,51,22,,35,,47,63,63,58,56,54,,50,53,48,64,,,,,67,62,58,58,68,68,49,,83,49,47,74,79,,51,45,44,51,42,44,37,34,,56,54,63,60,57,54,39,55,42,,41,35,,46,48,,39,41,46,,50,,110,,38,39,72,52,59,46,47,52,55,54,45,32,31,58,,92,92,,46,54,78,,63,52,81,79,95,98,,76,82,104,99,,,78,89,86,,103,80,87,56,48,87,53,,47,,,42,75,90,81,84,81,66,54,83,,73,44,34,46,51,80,29,46,52,,,29,25,32,52,,63,59,66,51,68,97,31,102,84,76,73,76,58,,26,78,110,110,90,76,95,,98,,157,105,34,70,49,45,100,30,100,72,68,18,81,38,,,59,100,81,76,,63,68,77,38,,96,123,,,149,111,113,137,97,115,142,152,127,104,52,7,18,9,14,,78,46,,88,79,56,50,102,86,62,162,54,38,42,50,122,76,25,74,158,82,131,66,119,44,92,64,,72,71,66,46,,70,75,6,60,39,38,73,78,77,53,22,46,32,22,36,117,29,23,62,69,59,158,37,43,22,32,,,86,106,77,65,124,109,63,109,,72,21,49,106,77,126,24,98,58,,78,84,86,119,102,37,97,,109,100,102,90,100,92,100,107,64,76,77,71,83,87,108,140,101,104,118,133,,119,95,110,110,104,107,115,129,78,108,104,146,104,98,113,108,113,85,110,126,81,82,74,72,76,68,98,93,,94,56,55,32,33,51,47,53,29,29,61,69,64,77,17,18,19,31,15,22,23,7,60,28,22,25,,25,52,37,159,110,133,144,148,166,,131,92,98,56,43,45,41,,81,90,59,62,42,41,73,100,118,96,85,113,109,77,92,78,90,96,,64,76,159,64,66,75,84,100,90,72,95,121,104,105,101,104,115,118,144,116,132,,28,48,34,51,68,97,122,75,81,92,166,119,94,124,93,127,169,103,68,86,103,69,75,77,77,108,75,71,78,100,100,55,21,23,55,28,22,24,76,69,63,47,16,51,,19,75,39,56,32,23,37,34,117,142,118,160,68,57,93,129,120,162,146,118,,113,133,130,135,74,74,96,55,56,32,129,156,94,136,98,86,89,107,88,102,40,49,82,64,86,71,67,,101,61,73,62,64,27,38,46,36,62,78,82,108,82,98,75,68,80,36,43,81,72,,125,40,76,75,71,67,95,114,81,66,76,79,81,75,75,78,74,33,23,13,28,55,83,34,25,14,20,16,139,27,25,34,30,27,42,64,75,72,23,48,64,38,40,74,94,117,101,118,119,124,105,91,72,,66,110,32,26,73,54,45,117,108,102,105,148,62,41,53,34,11,15,36,46,80,96,82,,50,55,142,82,45,26,64,55,,50,58,61,55,75,45,56,119,78,75,84,12,53,82,76,60,67,46,64,73,80,64,100,66,69,52,60,53,97,74,112,57,49,34,156,127,154,74,104
20231004,12,O3_24h,161,148,165,159,161,174,155,164,157,155,145,152,,,152,,142,142,164,,162,,141,151,,142,139,,183,187,180,181,183,182,175,,155,159,,150,,157,153,154,,150,,160,159,158,187,78,175,169,,191,116,,118,119,122,140,135,144,130,130,154,160,,157,150,145,141,155,144,,168,167,179,168,144,,,162,144,143,143,120,,93,87,,,101,100,105,106,,142,137,,148,140,144,144,143,,142,152,153,156,146,155,174,165,151,149,153,129,133,137,140,142,144,,133,145,137,82,70,75,69,73,71,76,70,73,77,68,72,99,106,96,105,108,,105,114,99,101,97,90,101,90,90,86,102,96,96,266,,115,107,102,109,100,106,119,111,102,113,107,130,,,,115,128,,123,125,120,,,,116,,101,90,91,95,102,103,86,100,98,,,,100,109,,114,113,113,125,125,,126,120,132,130,121,125,128,137,,128,,123,108,,154,100,,138,137,132,,142,126,150,110,136,165,142,,,135,145,159,136,132,136,123,,128,,,94,,98,97,,125,129,125,116,127,121,,166,172,157,156,152,134,140,154,91,74,88,92,85,89,82,72,80,95,,,148,137,142,122,,147,144,98,105,107,,102,110,107,,104,140,133,129,,142,139,142,142,124,,,163,167,162,167,157,157,136,138,144,134,134,144,132,131,,60,54,61,62,63,58,65,,70,71,36,48,47,45,40,45,44,39,45,31,185,205,,198,205,224,167,198,138,200,151,186,180,170,183,115,151,,122,127,115,206,190,135,164,146,214,189,183,195,,181,194,180,196,209,181,,178,173,138,159,,,188,201,188,114,118,127,125,137,160,163,144,,111,112,109,98,95,110,98,104,,75,79,85,78,42,,36,27,54,50,35,56,39,,,28,45,39,34,88,,84,89,86,79,,,89,110,91,90,84,84,80,73,79,92,82,,68,66,70,72,73,70,74,75,69,75,71,71,100,94,106,95,97,91,101,91,,114,113,93,107,,77,,71,71,,,,,148,,,,162,151,119,99,131,132,110,,99,43,52,56,56,46,46,39,44,45,45,,42,48,54,117,,133,117,132,135,119,117,127,122,120,,156,165,163,114,113,110,107,172,170,178,170,154,181,169,169,167,171,,,135,,122,136,125,126,152,,147,148,,,154,165,155,148,,141,134,176,,133,139,138,142,138,144,109,151,151,139,,,,,,,143,,145,133,139,140,137,153,145,158,147,146,,188,,,113,,116,104,140,188,197,182,183,173,,108,93,104,96,102,106,99,109,114,111,103,87,104,131,129,118,86,84,88,105,,105,168,162,,159,169,,129,126,128,133,114,,121,60,,,147,144,,,,118,116,120,112,194,204,,198,212,,140,146,,157,,155,151,158,,156,155,108,103,116,,146,143,146,144,143,140,,150,143,152,144,147,147,131,138,130,143,129,127,155,166,164,150,158,134,133,130,129,136,,63,63,63,,63,80,75,75,78,88,72,77,74,92,82,73,68,75,,73,80,81,,76,80,72,76,74,,87,77,98,,122,,124,118,121,123,,177,170,,,,131,,137,,135,,,,145,142,133,93,93,,,,47,54,63,59,65,71,,55,48,49,52,60,71,,73,,,75,74,71,69,80,87,105,112,100,73,80,82,81,126,117,116,107,118,108,76,76,86,82,96,87,,64,65,62,61,,69,78,74,59,63,84,74,66,,,,,86,84,,87,60,64,60,65,67,61,86,91,96,96,84,81,84,,94,100,,58,74,85,,88,95,,90,69,87,77,84,78,80,84,82,116,112,112,106,,,133,120,164,148,153,161,86,93,,123,82,108,106,111,,,138,,,,,166,,,,,,,,,,,,,,,,157,,,,,,,,,,,,,,,,,,,,,,,,,,,,,,,,,,,,,,44,91,81,88,89,119,120,120,119,,,,133,136,135,134,,,138,125,129,132,131,166,,168,165,105,,,102,122,,147,140,93,,94,,140,146,,,122,67,,,134,131,124,,,91,92,84,86,136,133,126,142,132,133,129,137,151,135,140,149,138,157,139,146,136,139,126,131,,82,137,156,,103,103,104,98,139,131,110,112,106,108,113,75,,,80,73,75,76,80,76,80,68,106,77,72,81,75,68,76,68,89,,,97,75,76,,88,89,,77,107,108,,104,108,114,,99,92,98,92,259,110,115,,52,56,60,60,52,56,78,86,,85,106,101,61,107,109,,96,,96,,,,73,74,76,69,112,111,,67,,63,61,57,132,129,137,133,,86,87,87,,,98,94,108,,113,109,110,,,142,83,98,90,82,90,58,41,42,47,44,104,106,120,109,,126,125,123,124,122,,86,101,101,105,108,111,103,109,79,,82,78,86,100,110,105,107,114,119,144,139,,160,150,153,,144,138,136,127,,141,146,131,,129,149,148,145,144,,127,149,122,134,115,118,117,,114,115,111,34,39,,41,35,84,90,87,100,93,91,95,96,44,47,,99,94,101,,78,79,,56,42,54,54,,91,89,86,36,39,44,63,59,65,65,60,45,58,58,58,52,48,54,50,52,48,93,98,97,96,90,113,88,106,98,84,56,59,51,59,51,42,61,56,53,61,46,62,59,162,167,148,136,77,87,77,108,116,94,123,131,124,123,110,127,122,144,142,101,114,86,94,95,,112,100,118,77,73,,73,76,71,65,72,71,75,69,74,90,90,102,91,105,99,,,,43,44,,39,47,34,40,36,32,,72,76,66,,,,,,82,84,86,86,31,,48,,62,64,68,64,62,69,,96,98,95,98,,,,,107,69,98,97,71,70,75,,83,53,54,74,79,,53,53,47,51,42,44,41,37,,60,58,65,64,77,72,44,62,64,,54,46,,48,60,,58,59,56,,69,,118,,46,44,75,77,79,77,132,122,117,119,52,66,57,99,,103,104,,74,76,112,,127,133,82,84,114,121,,93,91,104,99,,,81,92,86,,103,80,87,60,62,91,147,,143,,,107,75,90,81,124,121,117,110,89,,112,95,93,96,101,104,106,105,102,,,89,87,87,61,,86,116,114,87,77,118,180,205,159,147,146,185,168,,100,137,110,110,148,82,95,,98,,162,154,84,77,64,62,116,81,100,143,140,37,81,61,,,158,161,134,152,,151,156,158,60,,96,123,,,149,111,113,137,124,128,142,152,127,104,98,32,44,69,142,,145,139,,121,172,88,82,105,121,92,191,55,95,95,112,126,146,137,76,159,107,131,67,128,66,146,98,,79,78,75,64,,112,151,24,132,86,100,73,78,77,165,140,103,32,81,63,117,89,140,128,128,82,166,73,43,71,68,,,86,117,151,86,124,118,71,109,,116,150,101,106,147,146,133,160,74,,154,84,86,120,108,81,116,86,109,100,124,104,100,99,100,108,128,125,131,143,126,114,108,140,101,104,118,133,54,119,131,167,187,179,236,215,211,133,185,172,146,168,170,158,108,126,175,189,134,118,144,167,147,147,74,98,109,63,114,64,68,140,147,137,141,116,127,133,80,81,81,84,39,37,42,34,73,50,30,37,60,47,39,75,,84,83,103,159,171,133,198,156,166,,131,154,158,131,66,83,82,,160,90,87,90,56,64,78,100,118,104,108,124,142,96,145,132,134,143,131,87,110,164,142,148,129,124,100,90,72,95,121,104,105,101,104,115,118,144,116,132,71,133,110,116,92,122,159,170,107,115,117,166,146,109,156,159,127,206,151,174,174,162,155,152,166,144,120,79,71,78,100,100,63,138,144,143,139,143,146,144,138,73,96,22,51,71,62,142,85,85,93,81,88,94,144,146,130,160,156,126,140,140,140,162,155,170,,154,156,166,147,140,146,96,161,82,94,129,156,146,167,155,102,118,116,100,102,105,84,82,66,86,72,68,,110,85,73,94,75,30,67,62,65,112,114,140,138,95,119,113,119,129,213,207,167,120,,193,158,154,150,142,156,165,157,177,176,182,199,196,191,188,187,184,146,119,124,118,140,164,138,96,29,60,43,139,113,99,96,111,53,102,120,114,117,72,73,156,153,134,141,109,178,142,214,201,201,123,91,79,,76,118,120,128,84,86,86,155,166,151,153,189,148,139,103,96,89,51,48,50,144,143,174,,72,72,142,102,106,136,168,110,,163,174,147,162,118,71,155,138,116,77,140,142,103,158,152,123,165,154,147,106,100,79,116,168,122,70,108,73,153,147,112,63,59,70,198,127,175,160,104
20231004,12,O3_8h,41,38,53,40,42,43,26,54,50,40,39,32,,,60,,69,72,64,,73,,56,48,,47,46,,31,58,34,45,54,52,124,,55,55,,47,,67,58,74,,71,,42,41,43,40,,29,23,,44,50,,54,52,53,39,32,36,34,43,41,37,,46,60,50,54,28,30,,61,49,56,63,29,,,34,28,26,30,17,,50,46,,,63,65,59,62,,57,60,,50,59,61,58,55,,57,93,90,94,85,104,107,97,82,92,103,42,45,48,53,48,47,,46,50,49,56,47,48,46,53,52,52,47,51,52,48,51,83,84,82,86,87,,88,85,76,82,54,53,60,50,55,50,56,61,57,83,,63,69,70,63,72,63,90,86,78,86,76,54,,,,36,41,,41,41,43,,,,68,,58,58,59,58,59,61,60,59,63,,,,68,74,,67,66,72,74,78,,75,56,72,68,63,61,86,82,,80,,66,60,,60,48,,57,54,47,,49,62,58,50,80,87,88,,,78,81,89,67,88,77,80,,49,,,62,,70,67,,82,89,84,84,92,87,,61,60,66,66,63,78,86,47,53,46,57,60,55,58,52,41,52,52,,,78,81,77,85,,73,68,48,55,61,,52,55,66,,54,84,80,84,,80,76,90,77,94,,,90,89,84,90,83,74,31,34,35,28,27,34,26,26,,40,35,42,37,36,44,42,,45,47,28,36,35,37,33,36,38,33,38,22,29,38,,44,44,60,61,36,32,30,55,58,47,55,58,65,53,,59,55,69,65,86,65,72,70,50,35,38,50,,62,42,35,81,78,69,,51,59,66,59,,,62,54,50,51,45,48,63,55,40,32,54,,51,48,52,45,39,39,42,38,,54,51,56,54,19,,6,7,15,7,5,25,14,,,13,11,8,13,9,,20,26,22,24,,,28,58,79,78,72,73,74,67,70,84,76,,29,31,26,21,28,24,40,35,36,41,37,37,30,31,20,34,22,39,20,43,,24,26,34,20,,59,,56,52,,,,,74,,,,63,56,12,18,12,10,40,,38,29,37,43,39,34,31,28,30,30,32,,27,37,38,62,,70,62,64,66,41,57,38,34,46,,59,58,60,80,76,69,71,64,64,52,64,65,70,69,90,92,96,,,58,,65,56,54,54,58,,49,63,,,69,77,60,53,,75,68,78,,56,58,53,51,68,94,,103,113,67,,,,,,,35,,38,64,73,40,48,65,60,130,121,113,,84,,,56,,57,46,55,94,101,103,89,98,,40,45,54,55,38,50,49,57,53,40,40,36,38,65,65,57,52,51,51,58,,51,62,60,,56,69,,76,66,74,80,50,,37,20,,,50,54,,,,51,48,55,52,24,26,,27,27,,7,16,,24,,16,21,18,,16,96,56,56,58,,54,58,55,42,52,54,,58,50,53,50,49,50,55,58,45,57,49,47,67,57,65,68,63,59,45,47,46,52,,45,45,45,,45,63,59,61,57,64,50,39,46,40,44,45,41,48,,38,49,42,,41,57,53,63,55,,55,56,69,,21,,10,12,16,22,,34,33,,,,21,,22,,12,,,,15,17,39,10,14,,,,11,11,15,11,42,39,,36,34,37,35,47,55,,38,,,42,43,38,30,68,60,60,60,63,38,54,75,40,56,48,42,48,48,46,53,47,43,39,40,34,,24,26,31,18,,32,23,30,26,18,24,18,19,,,,,34,40,,35,24,17,23,24,20,24,40,37,31,38,40,21,24,,24,17,,10,7,7,,10,7,,7,28,36,27,28,25,27,31,32,18,21,22,24,,,79,92,67,58,48,62,52,41,,49,42,35,39,69,,,79,,,,,104,,,,,,,,,,,,,,,,93,,,,,,,,,,,,,,,,,,,,,,,,,,,,,,,,,,,,,,31,44,28,40,40,44,35,50,36,,,,34,30,33,26,,,21,23,39,35,24,37,,39,39,45,,,32,24,,32,25,9,,10,,64,68,,,66,59,,,64,66,63,,,63,66,58,58,89,91,98,64,64,65,66,65,58,50,52,51,55,64,54,57,63,68,59,52,,,48,58,,69,66,58,55,57,56,66,69,30,32,30,57,,,70,54,47,49,56,66,62,48,86,60,60,50,60,57,59,57,70,,,84,52,43,,49,49,,54,63,66,,50,62,60,,52,49,57,53,81,49,56,,38,40,30,40,40,36,49,51,,56,42,37,26,58,66,,58,,49,,,,35,40,37,29,32,43,,36,,31,31,24,93,91,98,102,,35,38,33,,,44,47,38,,43,34,36,,,72,34,34,34,35,31,20,9,15,13,18,39,43,47,46,,31,26,26,27,26,,70,70,73,72,52,51,49,48,6,,9,10,10,46,48,45,43,46,52,66,67,,24,37,39,,31,35,29,60,,54,40,29,,22,35,44,42,49,,39,32,34,37,31,51,39,,49,47,53,28,26,,15,28,58,19,21,20,41,45,41,47,28,26,,32,45,33,,41,42,,41,27,30,29,,40,34,31,22,29,31,29,30,36,32,26,30,37,38,36,34,29,35,37,35,37,20,17,21,21,22,46,47,45,43,50,48,50,48,53,45,17,45,36,35,39,32,41,43,35,91,33,33,40,19,40,38,39,34,55,55,57,56,42,59,55,39,44,59,63,35,41,35,,41,46,49,66,60,,61,26,25,27,21,27,30,24,26,26,34,43,37,19,24,,,,22,22,,21,22,17,20,15,23,,18,29,18,,,,,,30,33,32,40,4,,12,,31,38,37,36,37,36,,46,50,46,57,,,,,75,62,41,41,65,64,26,,70,27,24,43,43,,34,36,22,20,16,16,23,18,,49,51,56,54,16,18,33,31,12,,16,11,,28,24,,32,32,28,,36,,80,,27,26,51,47,51,50,19,15,18,17,31,23,22,31,,92,90,,41,48,70,,50,52,45,44,85,85,,65,70,80,74,,,70,79,52,,89,61,68,50,29,82,51,,43,,,25,41,54,52,62,48,24,23,53,,42,31,28,53,57,77,27,27,31,,,28,36,29,16,,63,38,43,36,37,47,37,48,55,58,61,59,38,,9,51,62,70,84,60,68,,61,,74,62,22,37,18,19,93,30,55,54,49,16,64,37,,,40,55,52,79,,57,60,62,42,,43,70,,,53,69,61,86,42,49,68,66,46,67,45,6,21,14,6,,60,41,,54,75,24,30,90,66,63,89,48,12,20,54,90,53,26,70,112,64,46,61,48,27,40,59,,68,69,65,37,,49,74,6,34,17,27,40,40,36,39,31,28,15,12,42,60,25,13,79,30,48,70,27,27,14,17,,,69,45,30,58,69,93,42,61,,65,21,44,61,36,70,23,54,39,,56,63,70,113,102,36,87,,90,82,79,78,77,70,84,89,29,53,60,68,65,60,61,50,78,64,92,89,,78,45,55,40,44,51,48,49,41,46,60,78,58,47,63,39,51,41,63,73,48,48,58,47,60,47,66,41,,55,37,39,22,26,23,30,41,24,23,64,69,63,71,14,17,19,25,9,22,20,12,53,29,27,10,,19,34,32,78,50,69,87,98,78,,60,48,50,44,21,27,26,,64,54,30,35,43,36,41,40,49,68,31,57,38,60,59,51,62,57,71,59,64,79,52,52,67,59,56,48,48,73,67,60,65,62,59,64,82,84,77,90,,25,60,37,44,55,53,102,48,46,51,86,63,57,52,57,63,79,61,43,58,53,26,75,61,54,53,49,40,51,65,49,31,22,40,30,30,18,34,50,27,52,46,10,33,16,11,56,20,19,13,18,16,14,48,115,52,88,45,34,82,54,56,108,86,66,,68,62,65,63,52,53,58,42,38,22,88,66,68,97,45,64,46,43,61,40,26,40,69,39,43,41,37,,83,27,33,58,48,15,28,26,23,48,52,56,87,62,89,46,38,43,32,36,24,41,,49,19,33,38,55,30,35,60,50,26,48,40,43,38,38,46,39,41,23,16,14,40,31,22,15,10,18,15,69,16,21,30,26,22,55,36,62,55,17,58,46,13,36,72,47,59,92,53,72,62,43,84,72,,43,48,20,14,69,28,35,76,67,53,43,77,61,41,27,14,6,9,30,30,53,55,69,,43,53,96,77,29,13,40,35,,36,49,61,39,53,14,33,80,63,68,66,5,53,39,56,26,55,29,32,58,57,39,49,39,60,52,54,56,85,62,59,31,40,27,83,60,77,58,94
20231004,12,O3_8h_24h,41,51,53,40,42,43,26,54,83,68,39,32,,,61,,83,74,64,,80,,70,63,,47,51,,39,58,34,55,54,55,137,,55,70,,76,,93,58,100,,90,,42,41,43,40,76,43,29,,44,52,,61,52,57,49,33,36,34,74,46,57,,71,60,59,59,65,47,,61,49,56,63,29,,,34,28,26,30,17,,50,46,,,72,73,67,70,,85,77,,77,78,74,81,74,,95,138,139,137,133,147,143,154,118,122,133,49,53,49,56,60,52,,51,50,49,69,60,58,62,66,64,68,62,65,59,59,65,86,93,82,97,94,,91,95,83,83,54,53,60,50,55,50,56,61,57,83,,64,69,70,63,72,65,90,86,78,86,76,54,,,,53,50,,45,43,60,,,,68,,58,58,59,58,59,61,64,59,63,,,,68,74,,67,66,72,74,78,,75,56,72,68,63,61,86,82,,80,,66,63,,60,49,,57,54,47,,49,62,58,50,88,91,88,,,78,81,96,94,101,102,88,,83,,,67,,70,67,,91,94,93,84,92,87,,86,86,82,88,66,78,86,47,53,47,57,60,55,58,52,41,56,52,,,106,103,95,107,,73,68,52,56,65,,56,60,66,,59,135,80,84,,80,76,100,94,107,,,96,97,95,90,110,82,77,76,86,79,75,79,80,82,,58,51,58,57,63,50,60,,68,58,32,42,42,40,36,41,41,35,41,28,58,61,,54,44,73,61,67,47,30,107,70,76,65,62,65,53,,59,55,69,66,86,65,72,71,69,60,64,62,,74,57,56,81,78,69,,63,69,66,69,,,66,54,68,51,45,48,85,55,52,47,62,,51,57,55,49,52,55,42,38,,57,51,56,54,33,,7,10,15,8,9,26,14,,,16,15,17,14,9,,51,42,40,36,,,46,75,82,82,74,74,74,70,73,88,78,,29,41,28,24,28,25,52,55,57,47,58,54,32,31,25,34,25,39,20,43,,44,26,34,21,,59,,56,52,,,,,87,,,,63,56,82,20,73,81,82,,62,30,40,45,42,34,36,30,31,32,33,,27,38,41,62,,72,70,72,66,41,57,55,40,46,,135,148,137,80,76,69,71,99,113,84,66,77,86,85,95,92,96,,,58,,65,56,54,54,86,,76,63,,,69,77,60,53,,75,68,78,,56,58,53,51,68,99,113,116,113,67,,,,,,,73,,38,77,98,59,48,65,60,130,121,116,,124,,,62,,73,59,66,126,130,118,130,124,,56,59,60,55,47,61,59,57,60,40,40,36,38,106,107,98,52,51,51,58,,51,62,60,,116,123,,110,120,113,103,65,,37,20,,,58,69,,,,51,48,73,62,75,60,,70,70,,42,35,,46,,16,30,18,,38,128,69,65,58,,125,118,130,116,111,124,,93,96,96,90,96,79,122,70,85,123,104,96,73,72,68,72,70,76,76,75,61,75,,49,54,53,,53,74,71,69,71,69,50,54,52,59,58,62,52,63,,59,66,62,,41,80,68,74,72,,86,77,94,,54,,12,20,45,40,,56,52,,,,59,,58,,28,,,,62,61,64,10,17,,,,11,11,15,11,43,39,,53,42,45,40,47,55,,38,,,42,46,52,30,76,68,72,70,76,38,61,75,40,56,48,42,48,48,46,53,47,43,44,48,40,,54,58,58,52,,32,23,30,32,18,26,28,21,,,,,34,40,,38,33,26,32,30,29,30,40,40,33,39,40,39,44,,24,17,,10,15,28,,10,7,,7,36,36,27,28,25,27,31,32,36,35,40,36,,,103,98,67,68,66,62,86,93,,76,75,35,39,69,,,81,,,,,104,,,,,,,,,,,,,,,,94,,,,,,,,,,,,,,,,,,,,,,,,,,,,,,,,,,,,,,31,44,52,40,40,54,67,60,52,,,,54,35,46,46,,,36,25,52,41,30,42,,39,43,50,,,50,36,,32,25,9,,10,,87,90,,,68,59,,,64,66,65,,,65,68,58,58,89,91,98,64,64,65,66,65,111,92,106,94,70,72,67,60,64,68,60,52,,86,48,78,,97,102,82,94,61,56,67,71,52,59,49,72,,,78,54,47,49,56,68,80,60,101,62,60,59,65,58,69,62,73,,,84,74,68,,62,62,,60,63,66,,50,62,60,,52,64,66,56,81,51,56,,49,52,34,55,49,52,49,52,,56,54,50,33,58,66,,58,,49,,,,36,40,37,29,32,43,,40,,52,41,47,102,103,115,114,,35,38,33,,,44,47,38,,43,34,36,,,88,34,34,34,35,31,28,9,15,13,18,59,55,66,59,,39,37,34,35,34,,70,70,73,77,83,85,80,82,6,,12,10,20,46,53,50,46,50,52,66,67,,58,71,73,,46,60,55,84,,74,71,65,,56,35,51,42,49,,69,70,63,62,62,61,39,,49,54,53,28,28,,27,28,60,19,21,20,41,45,44,47,28,33,,54,66,60,,52,51,,41,35,40,45,,40,36,32,34,36,31,36,33,36,36,31,44,58,55,53,52,33,47,46,43,46,40,39,42,39,37,52,54,52,51,55,56,59,48,53,51,17,45,38,35,45,32,41,43,35,96,33,33,40,30,40,38,39,34,60,55,64,66,42,59,55,39,44,59,63,35,41,35,,41,46,49,67,72,,73,31,33,36,33,42,47,42,44,49,50,57,50,26,47,,,,25,26,,23,31,30,32,26,28,,42,35,21,,,,,,54,56,51,54,4,,12,,39,38,37,38,37,36,,62,63,61,63,,,,,75,64,41,41,65,64,26,,70,27,24,43,43,,37,42,22,20,16,16,29,31,,49,53,58,54,16,18,33,31,12,,16,11,,28,28,,46,47,48,,49,,86,,46,44,51,67,71,64,19,15,18,17,36,24,22,31,,92,90,,62,70,87,,81,81,45,44,96,100,,65,70,80,74,,,70,79,52,,89,61,71,50,34,82,51,,45,,,44,41,54,52,62,61,52,43,53,,79,48,30,77,70,77,27,27,31,,,28,39,30,29,,83,53,57,68,38,47,89,68,55,70,72,59,38,,9,66,62,70,84,60,68,,61,,74,62,45,37,18,19,99,36,58,74,76,20,67,38,,,71,86,59,85,,62,62,62,42,,44,70,,,53,69,61,86,72,52,68,97,46,67,68,12,24,14,32,,60,62,,54,131,43,48,90,72,67,118,55,26,20,60,99,53,54,70,112,64,46,61,48,35,64,59,,68,69,67,53,,54,101,6,69,39,50,40,40,36,51,76,51,15,14,54,60,25,25,103,42,48,70,30,34,14,17,,,69,72,40,86,69,102,47,61,,91,62,58,61,36,88,68,98,41,,71,63,70,113,102,37,92,75,95,91,90,88,81,71,84,89,29,57,64,83,65,70,61,50,78,64,92,89,55,78,45,55,44,44,62,48,54,58,46,71,78,67,54,63,39,51,72,68,108,48,48,76,56,62,62,69,45,61,56,38,39,38,67,75,63,55,24,62,65,70,65,72,14,21,22,25,22,31,21,19,53,29,38,45,,41,48,51,96,50,75,110,110,78,,60,50,50,46,22,46,38,,132,54,37,35,43,36,62,50,49,74,31,70,38,60,96,55,80,86,71,63,64,79,75,71,67,65,56,52,56,73,67,60,65,62,61,64,82,92,77,90,68,82,76,84,72,64,53,141,48,50,58,86,69,57,52,57,63,79,61,60,58,60,26,112,69,54,53,49,48,65,65,49,40,77,85,55,64,67,86,69,31,52,60,10,41,22,17,58,39,21,39,33,31,38,81,121,59,88,59,55,82,54,56,108,86,66,,68,62,65,63,57,59,58,42,38,22,90,66,69,97,91,70,46,43,61,40,31,44,71,39,43,41,39,,88,27,33,68,50,15,31,32,23,49,59,62,100,62,91,46,38,67,84,62,24,42,,49,19,52,38,55,61,50,112,72,26,53,40,45,58,65,46,39,54,55,54,18,46,31,70,15,13,18,20,69,17,21,30,26,27,100,78,66,55,17,73,55,13,40,89,47,66,125,71,72,75,70,84,72,,68,61,30,16,71,49,35,100,95,53,43,80,81,47,50,28,6,10,37,36,53,55,88,,47,62,96,88,64,14,74,62,,58,49,61,39,58,19,71,80,63,68,66,22,59,92,56,26,86,29,32,66,60,43,62,48,60,66,58,67,93,62,59,38,54,60,98,60,77,136,94
20231004,12,CO,0.2,0.2,0.2,0.2,0.2,0.1,0.3,0.2,0.2,0.2,0.2,0.5,,,0.2,,0.2,0.3,0.3,,0.3,,0.4,0.3,,0.4,0.5,,0.9,0.8,0.7,0.8,0.9,0.7,,,0.5,0.4,,0.3,,,0.2,0.3,,,,1,0.7,0.9,0.4,,0.1,,,0.3,0.3,,0.1,0.2,0.2,0.1,0.2,0.2,0.2,0.1,0.2,0.2,,0.2,0.3,0.4,0.1,0.4,0.4,,1,1,0.9,1,0.8,,,0.6,0.6,0.5,0.4,,,0.4,0.4,,,0.2,0.4,0.3,0.3,,0.4,0.5,,0.3,0.4,0.4,0.4,0.3,,0.3,0.4,0.5,0.4,0.5,0.4,0.6,0.3,0.5,0.4,0.4,0.2,0.3,0.2,0.2,0.2,0.1,,0.3,0.3,0.4,0.2,0.3,0.5,0.4,0.4,,0.5,0.3,0.2,0.4,0.5,0.3,0.5,0.7,0.4,0.7,0.5,,0.4,0.5,0.4,0.6,0.4,0.6,0.2,0.6,0.3,0.3,0.3,,0.6,2.1,,0.5,0.6,0.6,0.5,0.6,0.6,0.2,0.6,0.5,0.4,0.6,0.6,,,,0.6,0.6,,,0.5,0.5,,,,0.3,,1,1.1,0.8,0.9,0.6,0.9,1.4,1.2,0.4,,,,0.6,0.6,,0.5,0.3,0.6,0.4,0.3,,0.2,0.7,0.7,0.8,0.7,0.7,0.5,0.5,,0.4,,0.7,0.8,,0.5,0.6,,0.4,0.5,0.4,,,0.5,0.6,0.6,0.5,0.5,,,,0.4,0.7,0.5,0.5,0.4,,0.5,,0.6,,,0.4,,0.8,0.5,,,0.5,0.5,0.3,0.4,0.3,,0.6,0.6,0.5,0.5,0.6,0.4,0.4,0.4,0.7,0.5,0.6,0.3,0.7,0.4,0.8,0.9,0.7,0.5,,,0.3,0.4,0.4,0.4,,0.4,0.5,0.8,0.8,0.6,,0.7,0.7,0.5,,0.8,0.6,0.5,0.7,,0.5,0.5,0.6,0.5,0.5,,,0.7,0.9,1.3,0.6,0.6,0.7,1,1.1,0.4,0.9,0.8,0.9,0.9,1,,0.7,0.6,0.6,0.8,0.5,0.5,0.6,,0.5,0.8,0.4,0.6,0.7,,0.9,0.6,0.7,0.5,0.8,0.4,0.8,0.8,,0.7,0.7,1,0.9,0.8,0.7,,0.6,0.9,0.6,1,0.8,0.8,0.5,,0.6,0.8,1,0.9,0.9,0.6,0.6,0.9,0.8,0.6,0.7,0.9,,,0.8,0.6,0.6,0.7,0.6,,0.7,0.7,0.7,0.7,,,0.9,0.8,0.9,0.7,,0.9,0.8,0.7,0.6,0.7,0.6,,0.7,0.6,0.6,0.8,0.5,0.8,0.6,0.6,,0.3,0.4,0.3,0.2,0.3,,0.8,1.1,,0.7,0.9,,0.8,,,1,0.9,0.9,1.1,1.3,,0.6,0.6,0.6,0.6,,,0.6,0.8,0.5,0.3,0.4,0.5,0.5,0.2,0.3,0.4,0.3,,0.7,0.5,0.6,0.8,0.5,0.6,0.3,0.2,0.3,0.2,0.3,0.2,0.7,0.8,1,0.7,,0.6,0.6,0.7,,0.7,0.2,0.7,0.7,,0.4,,0.4,0.5,,,,,0.3,,,,0.5,0.3,0.6,0.7,0.8,0.5,0.7,,0.7,0.6,0.7,0.6,0.5,0.8,0.7,0.7,0.7,0.6,0.7,,0.5,0.9,0.5,0.4,,0.7,0.4,0.5,0.4,0.4,0.4,0.5,0.5,0.4,,0.4,0.5,0.3,0.5,0.5,0.4,0.5,0.2,0.3,0.2,0.2,0.3,0.3,0.5,0.7,0.7,0.6,,,0.8,,0.3,0.4,0.7,0.5,0.7,,0.6,0.7,,,0.7,0.9,0.9,0.5,,0.3,0.4,0.6,,0.3,0.5,0.5,0.5,0.6,0.7,,0.7,0.6,0.3,,,,,,,0.4,,0.6,0.4,0.6,0.4,0.8,0.5,0.6,0.5,0.5,0.7,,0.6,,,0.6,,0.8,0.7,0.5,0.7,1,0.8,0.6,1,,0.7,0.8,0.9,0.7,0.7,0.7,0.5,0.7,0.6,0.6,0.6,0.7,0.7,,0.6,0.7,0.7,0.7,0.8,0.9,,0.7,0.8,0.7,,0.2,0.6,,0.7,0.6,0.9,0.7,1,,0.6,0.7,,,0.6,0.4,,,,0.3,0.3,0.3,0.3,1.9,3,,2.5,2.5,,1.4,1.4,,1.5,,1.1,0.8,1.2,,1.2,0.6,0.2,0.3,0.3,,0.4,0.7,0.4,0.8,0.4,0.6,,0.3,0.5,0.3,0.4,0.3,0.2,0.5,0.5,0.6,0.6,0.4,0.5,0.4,0.4,0.5,0.6,0.3,0.4,0.4,0.5,0.4,0.4,,0.3,0.2,0.2,,0.2,0.3,0.2,0.2,0.3,0.3,0.3,0.3,0.3,0.2,0.3,0.5,0.5,0.7,,0.5,0.8,0.7,,0.7,0.8,0.8,0.9,0.8,,0.6,1,1.2,,1,,1.1,1.1,0.8,0.9,,1.8,1.7,,,,1,,0.8,,1,,,,0.7,0.9,0.6,0.8,0.7,,,,0.7,0.7,0.7,0.6,0.9,0.7,,0.8,0.6,0.8,0.6,0.5,0.7,,0.6,,,0.4,0.6,,0.6,0.7,0.8,0.8,0.9,0.7,0.5,0.7,0.6,0.5,0.6,0.7,0.6,0.9,0.7,0.5,0.3,0.4,0.6,0.7,0.7,0.7,,0.8,0.8,0.7,0.6,,0.5,1.6,0.5,0.5,0.4,0.6,0.6,0.6,,,,,0.5,0.7,,0.6,0.5,0.6,0.4,0.3,0.3,0.4,0.7,0.6,0.4,0.5,0.8,0.8,0.5,,0.7,,,0.7,0.7,0.8,,0.4,0.6,,0.7,0.4,0.6,0.7,0.6,0.7,0.7,0.6,0.6,0.8,0.7,0.7,0.7,,,0.5,0.2,0.6,0.1,0.3,0.3,0.4,0.3,,0.6,0.3,0.8,0.3,0.3,,,0.7,,,,,0.6,,,,,,,,,,,,,,,,0.7,,,,,,,,,,,,,,,,,,,,,,,,,,,,,,,,,,,,,,0.8,0.7,0.7,0.9,0.9,0.4,0.5,0.5,0.4,,,,2.3,2.5,2.1,1.5,,,0.5,,0.5,0.5,0.6,0.9,,0.9,0.8,1,,,1,1.1,,0.4,0.4,0.5,,0.6,,0.4,0.3,,,0.4,0.2,,,0.4,0.4,0.2,,,0.1,0.3,0.2,,0.6,0.4,0.4,0.4,0.2,0.3,0.4,0.3,0.4,0.3,0.5,0.4,0.4,0.2,0.3,0.4,0.3,0.3,0.5,0.4,,,0.6,0.4,,0.3,0.3,0.5,0.5,0.4,0.3,0.3,0.4,0.5,0.5,0.4,,,,0.1,0.1,0.3,0.3,0.1,0.1,0.2,0.2,0.2,0.2,0.3,0.2,,0.5,0.3,0.4,0.1,,,0.6,0.2,0.3,,0.3,0.4,,0.1,0.3,0.3,,0.3,0.3,0.4,,0.2,0.2,0.2,0.2,0.2,0.6,0.4,,0.6,0.7,0.5,0.9,0.4,,1,0.9,,0.8,0.4,0.5,0.7,0.2,0.2,,0.4,,0.5,,,,0.8,0.6,0.6,0.6,0.7,0.5,,0.7,,0.8,0.7,0.8,0.6,0.5,0.7,0.8,,0.4,0.6,0.6,,,0.7,0.7,0.7,,0.5,0.5,0.7,,,0.6,0.2,0.5,0.4,0.5,0.4,0.7,1.1,0.7,0.9,0.5,0.8,0.6,0.7,0.9,,,0.5,0.4,0.6,0.7,,1.3,0.9,1.7,1.1,1,,0.8,0.9,0.5,,1.5,1.7,1,0.9,0.8,0.8,1,0.8,,0.3,0.5,,1.7,1.7,1.9,,1,,0.8,0.6,,0.6,0.5,0.8,,0.7,0.6,0.6,0.6,0.8,,0.6,0.8,0.6,0.6,0.4,0.6,0.3,,0.4,0.3,0.3,0.9,0.9,,1.2,1,0.7,0.9,1,0.8,0.7,0.5,0.8,0.6,0.5,0.8,,0.7,0.6,0.5,,0.7,0.8,,0.8,0.7,0.8,0.7,,0.6,0.6,0.6,1,1.1,0.7,,0.8,0.8,0.9,0.8,0.9,0.8,1,0.8,0.8,0.5,0.7,0.6,0.8,0.7,0.9,1,0.9,0.7,0.8,0.6,0.6,0.6,0.6,0.6,0.8,0.8,0.9,0.6,0.7,0.8,0.5,0.8,,0.3,0.8,0.6,0.6,0.8,0.9,0.6,0.7,0.6,,0.9,0.7,0.7,0.7,0.5,0.5,0.6,0.5,0.6,0.6,0.7,0.7,0.7,0.9,0.9,0.4,0.7,0.7,,0.6,0.7,0.6,0.6,0.7,,0.5,0.7,,0.5,0.3,0.7,0.5,0.6,0.5,0.8,0.7,0.7,1,0.7,0.6,,,,0.6,0.5,,0.5,,0.4,0.5,0.6,0.5,,0.6,0.6,0.4,,,,,,0.5,0.6,0.6,0.6,0.7,,0.5,,0.3,0.5,0.6,0.6,0.6,1.1,,0.4,0.4,0.5,0.5,,,,,0.2,0.5,0.7,0.6,0.1,0.2,0.7,,0.3,0.6,0.5,0.6,0.6,,0.6,0.5,0.6,0.6,0.4,0.3,0.5,0.4,,0.3,0.5,0.2,0.2,0.4,0.1,0.4,0.2,,,0.5,0.3,,0.4,0.5,,0.3,0.4,0.4,,0.6,,0.3,,0.4,0.2,0.4,0.8,0.5,0.7,0.5,0.4,0.5,0.5,0.7,0.8,0.7,0.4,,0.5,0.6,,0.8,0.7,0.5,,0.3,0.5,0.2,0.3,0.4,0.4,,0.4,0.4,0.1,0.1,,,0.6,0.5,0.4,,0.5,0.5,0.4,0.3,0.5,0.6,0.4,,0.5,,,0.9,0.4,0.4,0.4,0.4,0.5,0.5,0.4,0.6,,0.3,0.3,0.4,0.6,0.6,0.3,1.1,1,0.4,,,0.9,0.9,0.9,0.3,,0.5,0.3,0.4,0.4,0.5,0.6,2.3,0.7,0.5,0.3,0.5,0.8,0.9,,0.5,0.4,0.8,0.4,0.4,0.5,0.5,,0.3,,0.7,0.7,0.7,0.7,0.6,0.8,0.5,0.8,0.1,0.3,,0.5,0.5,0.4,,,0.2,0.6,0.6,0.2,,0.4,,0.3,0.8,,0.5,0.6,,,2.6,0.4,1,0.4,0.5,0.6,1,1.5,0.6,0.2,0.5,0.6,0.9,0.7,1.3,,0.2,,,0.4,0.6,0.4,0.3,0.6,0.2,,0.6,0.3,0.8,0.5,0.5,0.5,0.2,1.2,0.5,0.3,0.2,0.7,0.2,0.6,0.4,0.5,0.9,,0.6,0.4,0.5,0.4,,0.2,0.3,1.2,0.8,0.7,0.6,0.7,0.5,0.6,1.5,1,0.6,0.9,1.1,0.8,0.5,0.7,1,0.8,0.4,0.9,0.7,0.5,0.4,0.9,0.7,,,0.4,0.4,,1,0.6,0.3,0.6,0.5,,0.4,0.8,0.5,0.2,0.4,0.9,1,0.7,0.7,,0.4,0.7,0.2,0.5,0.6,0.7,0.6,,0.8,0.5,0.4,0.5,0.5,0.6,0.6,0.7,0.2,0.2,0.6,0.3,0.3,0.4,0.5,0.5,0.6,0.5,0.3,0.4,,0.4,0.7,0.8,0.8,0.8,0.7,1,0.7,0.6,0.9,0.8,0.6,0.7,0.7,0.6,0.6,0.7,0.9,0.9,0.6,,0.1,0.1,0.4,,0.7,0.2,0.5,,0.6,0.7,0.7,0.9,1.2,0.7,0.9,,1,,0.4,0.3,0.4,0.8,0.7,0.9,0.7,0.7,0.8,,0.6,,0.7,0.7,0.4,0.7,,0.6,0.3,0.7,0.7,0.7,0.4,0.6,0.5,0.6,,0.6,0.5,0.5,0.6,0.6,0.5,0.5,,0.7,0.3,0.6,0.8,0.7,0.8,0.7,0.8,0.5,0.8,0.7,0.6,1,0.6,0.7,0.4,0.6,0.6,0.8,0.5,1.1,0.8,0.2,0.2,0.5,0.3,0.6,0.9,0.7,0.6,0.9,0.6,0.9,0.4,0.4,0.5,0.2,0.5,0.6,0.3,,0.4,0.4,0.5,0.4,0.5,0.8,0.8,0.6,0.7,1,0.7,0.7,0.8,0.7,0.8,0.8,0.8,0.7,1,0.4,1.1,0.4,0.3,0.3,0.3,0.4,0.4,0.6,0.6,0.4,0.4,1,1,0.9,2.2,0.6,0.6,1.1,0.8,0.6,0.2,0.2,0.8,0.5,1.1,1,0.2,0.6,0.6,0.7,0.8,0.5,0.7,0.4,0.6,0.6,1.7,0.6,0.7,0.7,0.5,0.3,0.5,0.7,0.3,,0.6,0.7,0.6,1,0.3,0.3,0.4,0.3,0.5,0.8,0.5,0.4,0.4,0.6,0.9,0.8,0.6,0.6,0.9,0.6,0.7,0.7,0.3,0.3,,0.6,0.5,,0.5,0.8,0.6,0.5,0.7,1.3,0.5,0.5,0.7,0.7,,0.5,0.5,0.4,0.4,0.4,,0.6,1.7,1.4,1.4,0.4,,0.8,,0.3,0.5,0.3,0.3,0.9,0.7,0.2,0.2,0.2,0.1,0.1,0.2,0.2,0.2,0.4,0.9,1.1,0.9,0.9,0.8,1.9,0.8,1.1,0.6,1,0.9,0.6,0.8,0.7,0.8,0.6,0.7,0.4,0.6,0.5,0.4,0.8,0.7,0.4,1.4,2.1,0.3,0.8,0.7,,0.9,0.9,0.9,0.7,0.5,0.4,,0.7,0.4,0.7,1.2,0.4,0.4,0.6,0.7,0.7,0.5,,0.7,0.5,0.5,0.6,0.8,0.9,0.8,0.5,0.8,0.4,0.6,0.5,,,0.1,1.7,0.2,1.3,1.3,1.4,0.8,,0.4,0.2,0.2,0.2,0.3,0.5,0.7,0.7,0.3,0.2,0.4,0.6,0.6,0.3,0.5,0.3,0.1,0.2,0.2,,0.3,0.5,,2.3,0.3,0.3,0.2,0.4,0.6,0.5,0.2,0.3,0.4,0.7,0.6,0.6,0.7,0.4,0.4
20231004,12,CO_24h,0.4,0.4,0.5,0.5,0.5,0.4,0.5,0.5,0.5,0.4,0.4,0.7,,,0.5,,0.5,0.6,0.6,,0.6,,0.6,0.5,,0.7,0.7,,0.9,0.9,0.9,0.9,1,0.9,1.2,,0.6,0.5,,0.5,,0.4,0.5,0.6,,0.4,,0.9,0.6,0.8,0.8,0.8,0.5,0.6,,0.9,0.4,,0.2,0.3,0.3,0.4,0.6,0.5,0.6,0.4,0.5,0.4,,0.5,0.5,0.5,0.3,0.4,0.4,,1.2,1.1,1.2,1.2,1,,,1.1,1.2,1.1,1.1,1.3,,0.5,0.6,,,0.3,0.5,0.3,0.4,,0.5,0.6,,0.4,0.5,0.6,0.6,0.5,,0.5,0.7,0.7,0.7,0.8,0.7,0.7,0.7,0.8,0.7,0.6,0.4,0.4,0.3,0.5,0.3,0.3,,0.4,0.4,0.5,0.5,0.4,0.6,0.5,0.6,0.8,0.7,0.6,0.8,0.5,0.7,0.5,0.5,0.6,0.4,0.7,0.5,,0.4,0.5,0.4,0.6,0.4,0.8,0.2,0.7,0.4,0.4,0.5,0.4,0.6,0.4,,0.6,0.6,0.6,0.6,0.6,0.7,0.2,0.6,0.5,0.5,0.7,0.5,,,,0.5,0.5,,0.5,0.4,0.4,,,,0.4,,1.1,0.8,1,1,1.1,1,1,0.9,0.6,,,,0.7,0.6,,0.6,0.4,0.5,0.6,0.4,,0.3,0.7,0.6,0.7,0.7,0.6,0.4,0.5,,0.3,,0.6,0.5,,0.5,0.5,,0.4,0.5,0.5,,0.7,0.5,0.6,0.5,0.5,0.5,0.5,,,0.5,0.6,0.5,0.5,0.4,0.5,0.5,,0.5,,,0.5,,0.7,0.5,,0.5,0.4,0.5,0.4,0.4,0.3,,0.6,0.5,0.5,0.5,0.6,0.5,0.5,0.5,0.7,0.5,0.6,0.3,0.7,0.5,0.7,0.7,0.5,0.6,,,0.3,0.4,0.4,0.4,,0.3,0.4,0.7,0.9,0.5,,0.7,0.6,0.4,,0.7,0.5,0.5,0.5,,0.4,0.5,0.4,0.4,0.4,,,0.6,0.7,0.9,0.5,0.5,0.7,0.7,0.8,0.1,0.7,0.6,0.7,0.6,0.7,,0.7,0.6,0.5,0.7,0.5,0.5,0.5,,0.5,0.7,0.4,0.6,0.5,0.6,0.7,0.5,0.6,0.5,0.7,0.3,0.9,0.9,,0.8,0.9,0.9,0.9,0.8,0.7,0.8,0.6,0.9,0.5,1,0.7,0.8,0.6,,0.5,0.7,0.9,1,0.8,0.6,0.6,0.7,0.7,0.6,0.6,0.8,,0.8,0.8,0.6,0.5,0.7,0.5,,0.6,0.6,0.6,0.6,,,0.9,0.9,0.9,0.7,0.8,0.9,0.8,0.8,0.6,0.7,0.5,,0.7,0.7,0.8,0.8,0.5,0.8,0.7,0.7,,0.4,0.4,0.4,0.3,0.3,,0.8,1,0.6,0.6,0.9,0.8,0.8,,,0.9,0.9,0.9,0.9,1.2,,0.6,0.6,0.5,0.6,,,0.6,0.8,0.4,0.2,0.4,0.5,0.4,0.2,0.3,0.3,0.3,,0.6,0.5,0.6,0.7,0.5,0.6,0.4,0.3,0.3,0.3,0.3,0.2,0.7,0.8,0.9,0.7,0.7,0.7,0.6,0.7,,0.9,0.2,0.7,0.7,,0.6,,0.6,0.7,,,,,0.7,,,,0.7,0.7,0.8,0.7,0.9,0.7,0.7,,0.4,0.5,0.6,0.6,0.4,0.8,0.7,0.7,0.7,0.6,0.7,,0.4,0.8,0.5,0.6,,0.6,0.6,0.7,0.6,0.6,0.5,0.7,0.7,0.6,,0.7,0.7,0.6,0.7,0.7,0.6,0.6,0.5,0.5,0.4,0.5,0.5,0.7,0.7,0.7,0.7,0.5,,,0.8,,0.4,0.5,0.8,0.6,0.6,,0.5,0.6,,,0.6,0.8,0.9,0.7,,0.4,0.5,1.3,,0.4,0.6,0.5,0.6,0.7,0.7,0.3,0.7,0.5,0.3,,,,,,,0.4,,0.5,0.3,0.5,0.4,0.8,0.5,0.6,0.3,0.3,0.5,,0.5,,,0.7,,0.8,0.8,0.6,0.8,0.8,0.6,0.5,0.8,,0.7,0.8,0.7,0.6,0.7,0.5,0.5,0.8,0.7,0.7,0.7,0.8,0.7,0.7,0.7,0.7,0.8,0.8,0.9,0.8,,0.6,0.7,0.7,,0.5,0.6,,0.9,0.9,1.1,0.9,0.9,,0.7,0.7,,,0.5,0.3,,,,0.6,0.5,0.5,0.6,1.1,1.6,,1.3,1.1,,1.4,1.3,,1.4,,1,0.7,0.9,,0.8,0.6,0.2,0.3,0.3,,0.7,0.8,0.8,1.2,0.8,0.7,,0.5,0.7,0.7,0.6,0.6,0.4,0.6,0.9,1.5,0.6,0.5,0.7,0.6,0.7,0.7,0.8,0.5,0.5,0.5,0.6,0.6,0.5,,0.3,0.3,0.3,,0.2,0.5,0.4,0.4,0.5,0.5,0.4,0.5,0.4,0.3,0.4,0.6,0.7,0.7,,0.5,0.8,0.8,,0.7,0.7,0.7,0.8,0.6,,0.6,0.9,0.9,,0.8,,1.1,0.8,0.7,0.8,,1.1,0.9,,,,0.7,,0.6,,0.9,,,,0.6,0.7,0.5,0.8,0.6,,,,0.7,0.7,0.7,0.6,0.9,0.7,,0.7,0.6,0.7,0.6,0.5,0.6,,0.6,,,0.4,0.6,0.5,0.6,0.7,0.8,0.7,0.8,0.6,0.5,0.6,0.6,0.6,0.5,0.7,0.9,0.8,0.7,0.4,0.3,0.4,0.7,0.7,0.7,0.7,,0.8,0.8,0.8,0.6,,0.6,1,0.6,0.6,0.5,0.7,0.6,0.6,,,,,0.6,0.7,,0.6,0.5,0.5,0.4,0.3,0.3,0.4,0.7,0.7,0.5,0.5,0.8,0.9,0.6,,0.7,0.5,,0.9,0.6,0.8,,0.5,0.6,,0.7,0.5,0.7,0.8,0.7,0.7,0.8,0.7,0.7,0.8,0.6,0.7,0.7,,,0.8,0.2,1.2,0.6,1,0.6,0.2,0.3,,0.4,0.2,0.6,0.3,0.3,,,0.5,,,,,0.6,,,,,,,,,,,,,,,,0.6,,,,,,,,,,,,,,,,,,,,,,,,,,,,,,,,,,,,,,0.8,0.8,0.7,0.9,0.9,0.4,0.5,0.4,0.4,,,,1.3,1.1,1.2,1,,,0.6,0.6,0.6,0.7,0.6,0.8,,0.8,0.8,0.8,,,0.8,0.8,,0.7,0.9,0.6,,0.7,,0.6,0.3,,,0.4,0.4,,,0.4,0.4,0.4,,,0.3,0.3,0.2,0.2,0.6,0.5,0.5,0.4,0.5,0.4,0.7,0.5,0.6,0.6,0.7,0.9,0.4,0.4,0.4,0.4,0.5,0.4,0.7,0.5,,0.2,1.3,0.5,,0.2,0.3,0.6,0.6,0.4,0.4,0.4,0.4,0.5,0.6,0.5,0.4,,,0.2,0.2,0.3,0.3,0.2,0.2,0.2,0.3,0.2,0.3,0.5,0.2,0.6,0.6,0.4,0.5,0.2,,,0.7,0.3,0.3,,0.4,0.5,,0.2,0.4,0.4,,0.3,0.3,0.5,,0.4,0.3,0.3,0.3,0.3,0.5,0.4,,0.6,0.7,0.5,0.8,0.5,0.7,0.8,0.8,,0.6,0.4,0.5,0.5,0.3,0.3,,0.6,,0.7,,,,0.6,0.5,0.5,0.5,0.5,0.3,,0.6,,0.7,0.6,0.7,0.6,0.6,0.6,0.7,,0.5,0.7,0.8,,,0.7,0.8,0.7,,0.6,0.6,0.7,,,0.5,0.3,0.5,0.3,0.5,0.4,0.8,1.3,0.7,1,0.6,0.8,0.6,0.8,0.9,,0.1,0.5,0.4,0.6,0.7,,1.3,0.9,1.4,1.1,1,0.4,0.7,0.9,0.9,,1.6,1.9,1.1,0.8,0.8,0.8,1,0.9,,0.4,0.6,,1.1,0.8,0.7,,0.8,1,0.8,0.4,,0.5,0.4,0.6,,0.6,0.6,0.5,0.5,0.7,,0.6,0.7,0.6,0.6,0.5,0.6,0.4,,0.5,0.4,0.4,0.6,0.7,,1.2,0.9,0.7,0.9,0.9,0.6,0.7,0.6,0.9,0.7,0.5,0.7,,0.6,0.6,0.5,,0.7,0.7,,0.8,0.9,1,0.8,,0.5,0.5,0.6,1,1.1,0.6,0.8,0.8,0.8,0.9,0.8,0.9,0.7,0.8,0.7,0.7,0.5,0.6,0.8,0.8,0.6,0.8,1,1,0.8,0.9,0.7,0.6,0.6,0.7,0.7,0.7,0.7,0.8,0.6,0.6,0.9,0.5,0.8,0.8,0.3,0.7,0.6,0.5,0.9,0.9,0.7,0.7,0.5,0.6,0.5,0.7,0.8,0.7,0.6,0.5,0.6,0.6,0.6,0.5,0.7,0.7,0.7,0.8,0.8,0.4,0.7,0.8,,0.5,0.5,0.5,0.4,0.7,,0.4,0.7,0.4,0.5,0.3,0.6,0.5,0.6,0.5,0.7,0.6,0.5,0.9,0.6,0.6,,,,0.5,0.5,,0.4,,0.4,0.5,0.6,0.6,,0.6,0.5,0.4,,,,,,0.5,0.6,0.6,0.5,0.8,,0.5,,0.4,0.5,0.6,0.7,0.7,1,,0.4,0.4,0.5,0.5,,,,,0.2,0.4,0.6,0.6,0.1,0.1,0.6,,0.3,0.6,0.5,0.6,0.5,,0.7,0.5,0.7,0.6,0.4,0.4,0.4,0.5,,0.4,0.5,0.2,0.3,0.5,0.3,0.3,0.2,0.6,,0.5,0.4,,0.5,0.3,,0.3,0.4,0.4,,0.7,,0.3,,0.3,0.2,0.5,0.7,0.5,0.6,0.5,0.7,0.8,0.7,0.7,0.7,0.6,0.4,,0.8,0.9,,0.7,0.7,0.4,,0.2,0.4,0.4,0.5,0.4,0.4,,0.5,0.6,0.2,0.2,,,0.8,0.6,0.4,,0.5,0.5,0.5,0.4,0.6,0.6,0.4,,0.5,,,0.6,0.5,0.6,0.5,0.5,0.6,0.4,0.4,0.6,,0.4,0.2,0.4,0.6,0.7,0.4,0.8,0.8,0.6,,,0.7,0.7,0.6,0.3,,0.4,0.3,0.5,0.4,0.6,0.6,1.1,0.8,0.7,0.5,0.7,1,0.9,,0.8,0.5,0.8,0.4,0.4,0.5,0.5,,0.5,,0.6,0.7,0.7,0.7,0.8,1,0.5,0.6,0.3,0.5,0.4,0.5,0.5,0.4,,,0.5,0.6,0.6,0.7,,0.6,0.6,0.7,0.7,,0.4,0.7,,,1,0.4,1,0.3,0.4,0.5,0.7,0.7,0.5,0.3,0.5,0.6,0.9,0.7,1.2,,0.4,0.5,,0.4,0.6,0.4,0.4,0.7,0.3,0.3,0.5,0.3,0.8,0.5,0.5,0.5,0.4,1.1,0.4,0.3,0.3,1.1,0.2,0.7,0.4,0.4,0.9,,0.6,0.4,0.5,0.4,,0.4,0.6,1.1,0.7,0.7,0.6,0.7,0.6,0.6,0.8,0.7,0.5,0.9,1.3,0.6,0.6,0.7,1.1,0.7,0.5,0.8,0.6,0.5,0.4,0.6,0.6,,,0.7,0.4,0.5,0.9,0.4,0.3,0.6,0.6,,0.4,0.6,0.6,0.3,0.7,0.8,0.7,0.7,0.7,,0.6,0.9,0.5,0.6,1,0.5,0.3,0.5,0.7,0.6,0.4,0.5,0.5,0.6,0.6,0.7,0.3,0.5,0.5,0.4,0.3,0.3,0.6,0.5,0.7,0.6,0.3,0.4,0.4,0.5,0.7,0.8,1,0.8,0.7,1,0.7,0.6,0.9,0.8,0.5,0.7,0.7,0.7,0.8,0.6,0.7,0.9,0.7,,0.3,0.4,0.6,0.5,0.7,0.2,0.4,0.4,0.4,0.7,0.8,0.8,1,0.5,0.7,0.3,0.8,1,0.5,0.4,0.5,0.8,0.3,0.8,0.6,0.7,0.7,0.7,0.6,0.5,0.7,0.6,0.4,0.7,,0.6,0.4,0.7,0.6,0.8,0.4,0.5,0.4,0.4,,0.6,0.5,0.4,0.5,0.6,0.5,0.5,,0.9,0.4,0.6,0.8,0.6,0.8,0.7,0.9,0.5,0.7,0.7,0.6,0.9,0.5,0.6,0.4,0.4,0.6,0.8,0.6,1.1,0.6,0.5,0.4,0.5,0.3,0.7,0.9,0.6,0.6,0.9,0.5,1,0.6,0.5,0.6,0.3,0.5,0.7,0.4,0.5,0.7,0.5,0.7,0.4,0.5,0.8,0.7,0.7,0.7,1,0.5,0.6,0.7,0.6,0.7,0.6,0.7,0.6,1,0.4,0.8,0.5,0.6,0.6,0.5,0.5,0.4,0.6,0.7,0.5,0.6,0.8,0.7,0.7,0.9,0.5,0.4,0.7,0.7,0.5,0.4,0.4,0.8,0.5,1,1,0.3,0.6,0.7,0.7,0.8,0.6,0.7,0.4,0.4,0.7,1,0.5,0.7,0.5,0.4,0.4,0.3,0.7,0.3,,0.6,0.7,0.6,0.6,0.7,0.9,0.6,0.5,0.5,0.8,0.5,0.3,0.8,0.5,0.8,0.6,0.6,0.6,1,0.5,0.6,0.6,0.5,0.4,0.4,0.6,0.5,,0.5,0.7,0.6,0.6,0.7,1.1,0.5,0.5,0.7,0.6,0.5,0.5,0.4,0.4,0.4,0.6,0.4,0.7,1.1,1.3,1.3,0.6,,0.9,0.7,0.5,0.6,0.6,0.5,1,0.9,0.7,0.8,0.7,0.7,0.4,0.7,0.8,0.8,0.9,0.8,0.9,0.6,0.6,0.7,1.3,0.6,1.1,0.7,0.9,0.9,0.7,0.7,0.7,0.8,0.6,0.7,0.3,0.7,0.6,0.6,0.6,0.7,0.9,1.5,0.9,0.4,0.8,0.6,0.8,0.8,0.8,0.9,0.6,0.4,0.4,,0.8,0.4,0.5,0.9,0.4,0.4,0.6,0.5,0.5,0.6,0.9,0.7,0.5,0.5,0.6,0.8,0.7,0.7,0.7,1,0.5,0.6,0.5,,0.3,0.1,0.5,0.3,0.9,1.2,0.9,0.7,,0.5,0.5,0.1,0.4,0.6,0.5,0.6,0.5,0.6,0.4,0.5,0.6,0.5,0.4,0.6,0.4,0.5,0.4,0.5,0.5,0.4,0.5,0.4,1.3,0.4,0.3,0.2,0.5,0.6,0.2,0.4,0.3,0.4,0.6,0.6,0.7,0.7,0.7,0.5
20231004,13,AQI,17,18,20,18,18,20,18,22,22,15,16,19,,,25,,30,25,31,,27,,25,28,,25,25,,41,56,46,56,48,55,43,,25,26,,26,,26,28,32,,26,,94,92,85,29,,26,39,,28,26,,25,28,27,24,24,26,25,25,20,22,,22,42,27,40,56,45,,75,73,72,77,25,,,51,30,25,25,,,23,22,,,26,25,25,26,,24,24,,24,25,24,25,22,,24,27,26,27,24,27,46,28,27,26,33,21,21,22,22,21,23,,22,23,22,20,19,21,22,37,18,25,20,21,40,20,24,31,31,30,32,33,,33,35,29,31,36,,38,34,32,33,35,34,35,30,,35,37,35,38,35,39,39,35,33,37,35,54,,,,54,55,,55,54,52,,,,39,,37,35,,37,38,37,35,37,38,,,,40,38,,43,41,42,41,41,,42,,46,44,44,43,42,45,,41,,43,40,,31,25,,32,27,25,,27,29,30,28,29,49,,,,30,27,30,32,32,38,29,,32,,,32,,,30,,31,32,31,,35,33,,47,,38,32,27,31,30,30,34,24,29,29,27,28,27,24,31,29,,,42,39,38,38,,60,56,38,24,22,,35,26,,,27,58,55,59,,,57,58,59,59,,,65,65,64,62,63,60,60,60,60,62,67,66,61,55,,26,30,28,35,32,29,26,,19,38,39,42,46,,,38,35,36,,40,55,43,,49,56,60,53,48,51,46,49,48,44,58,57,40,43,,58,46,35,57,116,55,105,68,52,48,49,48,,59,52,45,93,98,74,,56,49,,50,,,43,46,50,44,46,49,52,33,39,38,51,,46,39,55,43,42,40,42,33,,,32,30,26,13,,19,12,10,19,13,12,11,,,12,16,15,23,,,30,16,14,22,,,28,,31,38,34,27,34,34,45,32,27,,19,15,15,15,18,18,19,19,18,18,19,15,14,16,15,15,15,18,16,18,,19,11,21,13,,,,40,40,,,,,,,,,30,46,62,62,40,57,63,,34,50,42,42,54,55,46,50,31,45,46,,38,54,39,26,,25,26,27,26,29,24,23,24,31,,30,24,25,27,26,25,25,,26,25,27,31,28,32,53,51,52,,,58,,59,58,62,59,60,,59,53,,,53,57,52,,,55,58,63,,52,61,48,46,54,52,,52,48,59,,,,,,,64,,69,67,54,,,48,51,53,36,46,,64,,,39,,47,36,39,39,52,57,38,52,,44,52,60,44,44,40,44,36,30,35,33,30,37,,112,56,42,43,38,45,,42,43,52,,38,35,,46,,35,40,47,,48,16,,,72,68,,,,25,24,26,25,100,104,,98,82,,88,88,,105,,52,40,55,,65,39,51,37,47,,25,25,24,30,25,24,,25,23,25,24,24,24,23,23,22,24,22,23,26,27,28,26,,24,24,25,,23,,15,13,14,,,24,23,23,23,24,30,17,16,24,26,28,28,43,,30,30,30,,30,22,23,41,23,,22,25,25,,83,,83,70,62,79,,94,83,,,,71,,58,,84,,,,67,64,70,43,59,,,,24,25,15,18,36,39,,34,34,43,33,38,33,,33,,,24,29,,18,23,32,46,40,46,22,28,27,43,48,51,49,42,40,35,24,26,20,17,17,18,,57,62,67,51,,,26,23,18,20,29,34,29,,,,,34,34,,28,10,40,12,19,9,19,20,18,29,20,24,19,17,,15,21,,24,24,44,,18,30,,35,21,29,23,24,24,20,24,23,42,40,32,22,,,65,34,28,43,26,28,26,29,,38,19,57,56,42,,,68,,,,,63,,,,,,,,,,,,,,,,60,,,,,,,,,,,,,,,,,,,,,,,,,,,,,,,,,,,,,,35,40,45,40,41,49,39,57,51,,,,61,58,58,49,,,41,49,34,41,45,60,,64,42,55,,,56,99,,28,,53,,56,,41,25,,,47,25,,,46,46,24,,,28,28,24,,35,32,33,26,,24,28,25,25,22,24,26,29,25,27,24,26,26,32,25,,,26,25,,25,26,23,23,27,25,23,28,23,25,25,18,,,31,19,26,30,22,21,20,17,29,19,21,19,19,18,19,18,22,,,29,15,15,,15,15,,20,37,36,,36,36,38,,35,33,35,33,32,42,43,,30,27,26,48,36,23,42,57,,47,23,23,37,36,36,,31,,37,,,,26,34,31,36,,46,,28,,35,22,31,39,54,43,87,,48,41,30,,,32,30,35,,39,27,27,,,44,21,25,25,28,19,14,43,58,34,19,,42,45,46,,25,39,38,43,42,,62,49,71,57,44,49,40,50,41,,53,51,40,29,54,48,44,43,,44,45,,88,89,99,,77,,80,69,,72,89,52,,72,49,43,51,53,,51,42,,46,46,36,35,,52,48,44,45,52,,38,52,30,24,21,27,49,38,45,35,40,25,,57,57,52,,34,43,,43,20,,28,,54,44,46,21,12,147,,,74,94,54,51,68,57,63,65,32,43,50,43,39,40,32,32,42,49,25,29,25,28,28,16,16,27,35,32,19,21,35,33,21,12,18,19,54,,52,59,49,35,43,39,48,36,51,36,33,34,52,49,54,60,48,43,40,36,,32,,42,51,54,24,15,,18,22,14,13,11,,28,33,29,52,48,42,39,54,42,,,,13,17,,8,10,10,12,10,,,18,18,15,,,,,,,22,20,28,17,,14,,16,20,19,19,18,19,,26,31,20,25,,,,,19,19,50,49,23,25,29,,27,17,16,25,25,,22,15,24,17,20,15,12,14,,20,28,23,29,19,26,16,19,32,,23,22,,18,18,,15,17,16,,20,,37,,14,14,22,17,18,17,33,29,29,23,18,18,11,19,,35,33,,22,21,27,,35,38,,,36,44,,25,25,34,30,,,27,31,29,,34,26,29,18,17,32,54,,59,,,,25,30,28,55,54,30,38,,,26,28,28,60,51,33,120,82,69,,,57,56,62,22,,23,35,29,32,25,55,89,46,27,25,25,59,60,,63,25,37,39,25,29,32,,32,,,50,,29,16,15,39,25,35,24,,15,30,11,,,22,34,37,26,,41,24,35,33,,34,41,,,56,40,41,44,52,54,65,62,53,37,46,16,10,17,99,,29,73,,42,29,33,34,36,28,32,67,,46,23,33,39,25,82,26,51,68,57,21,52,17,59,52,,29,32,33,38,,25,33,18,,17,51,24,28,29,81,68,38,46,51,31,38,16,80,75,38,48,68,16,17,14,10,,,45,42,,30,44,36,39,37,,30,68,48,35,28,44,,38,27,,26,35,28,37,34,19,32,,35,28,33,31,30,30,31,33,23,25,25,27,27,66,39,59,37,37,38,43,,38,45,42,49,54,58,47,78,50,54,38,53,52,40,38,,39,50,46,39,27,34,25,25,25,28,35,50,,46,25,29,93,70,60,67,59,60,75,20,35,20,24,18,20,20,16,15,15,10,,20,19,13,19,,22,39,40,67,56,55,56,46,70,,51,62,66,71,17,17,17,,27,29,32,36,45,38,25,40,50,42,33,37,53,,37,33,35,35,,24,35,68,20,22,25,27,34,35,30,35,50,38,39,39,41,40,38,59,38,41,,58,55,53,28,47,32,45,38,33,42,75,52,36,49,35,48,88,48,55,29,134,53,25,26,25,38,24,27,,32,32,37,63,66,92,69,80,52,36,39,20,18,16,16,,,32,18,27,23,45,18,15,58,56,48,48,63,69,45,53,52,51,51,69,,51,51,53,52,25,25,31,36,24,17,40,49,32,51,35,34,38,39,59,35,50,65,27,19,,24,23,,31,25,32,41,42,13,16,17,19,22,28,32,37,30,32,31,24,27,88,67,72,37,,53,,25,26,24,22,83,68,27,42,27,44,35,30,44,31,36,64,69,77,53,48,103,62,65,28,9,16,49,25,20,13,30,28,26,29,138,119,12,15,26,72,67,24,40,57,54,52,49,46,46,32,,,30,38,58,94,24,26,25,,57,55,60,50,78,72,46,41,36,36,31,30,28,35,32,,,20,60,56,84,88,95,64,,18,20,20,19,25,22,67,57,26,24,45,80,26,26,25,22,22,17,21,26,27,,,99,30,,63,20,27,,37,20,17,49,51,44,68,24,35
20231004,13,PM2.5,5,4,4,5,4,4,3,3,3,6,4,4,,,5,,14,7,15,,6,,5,5,,3,6,,19,22,20,19,30,29,26,,2,14,,8,,7,12,22,,6,,70,68,63,7,,12,10,,9,2,,1,3,5,2,3,7,2,6,5,8,,2,11,5,15,2,10,,46,30,46,41,7,,,8,7,8,9,6,,4,6,,,4,5,6,4,,10,6,,7,5,6,4,6,,6,5,5,3,4,4,4,6,4,4,5,6,5,7,4,4,4,,6,6,5,5,5,6,3,7,4,6,6,7,7,7,7,6,10,10,14,6,,11,10,7,11,5,,9,7,7,10,12,9,9,13,,7,8,8,8,9,9,,6,3,4,2,31,,,,38,39,,25,37,32,,,,12,,2,9,,5,9,7,7,7,12,,,,11,12,,11,14,14,14,12,,9,22,22,22,19,24,12,13,,7,,18,20,,12,10,,13,15,17,,17,12,14,11,10,34,9,,,10,9,9,11,12,17,9,,12,,,10,,6,9,,14,17,16,14,4,7,,23,,24,22,17,17,12,11,14,12,12,5,17,12,11,9,7,9,,,21,18,22,17,,37,33,17,14,7,,16,16,20,,12,34,29,32,,27,24,27,34,34,,,34,31,32,29,29,27,43,39,38,44,48,44,38,39,,12,19,17,14,22,20,12,,7,6,23,28,32,,18,26,24,25,39,21,37,29,,34,37,43,37,30,31,32,34,33,29,41,33,28,30,,41,24,22,35,53,31,58,37,36,33,34,31,,42,36,29,45,73,42,,37,28,,34,,,30,32,35,27,26,34,26,22,27,26,34,,21,27,26,23,21,28,24,22,,8,10,11,11,4,,13,8,7,8,9,4,6,,,5,11,10,16,9,,3,2,4,2,,,3,7,12,26,19,14,19,22,31,22,17,,8,8,10,7,8,10,9,5,7,8,7,6,4,11,5,7,8,12,8,2,,13,7,6,9,,29,,28,28,,,,,7,,,,9,24,26,34,20,18,29,,11,27,27,29,28,39,30,31,21,29,22,,26,24,20,2,,4,6,2,2,2,12,4,5,7,,7,4,10,8,8,10,10,5,6,8,5,9,4,6,26,29,28,,,24,,32,24,35,42,24,,19,34,,,14,14,12,39,,32,29,36,,29,35,19,27,34,27,,22,20,17,,,,,,,41,,39,46,22,29,29,24,28,34,15,20,,34,,,27,,31,21,27,27,33,29,26,28,,22,28,43,27,26,26,27,22,14,24,17,17,20,26,21,21,29,29,26,30,,28,30,36,,26,24,,24,,21,9,28,,23,5,,,45,39,,,,3,6,3,4,75,78,,73,41,,64,65,,79,,36,27,39,,36,27,7,6,8,,5,8,7,8,6,9,,6,7,7,7,7,8,9,6,6,11,12,8,6,8,5,8,3,7,10,8,5,11,,10,5,3,,2,13,5,10,6,11,21,5,9,3,18,11,10,13,,5,8,10,,12,14,12,17,16,,13,11,13,,61,,61,51,44,58,,70,45,,,,51,,39,,62,,,,48,46,51,29,33,,,,12,17,7,12,23,19,,20,19,30,20,26,20,,16,,,9,18,49,12,5,22,27,28,23,13,5,9,15,26,35,31,20,28,23,10,12,11,3,10,10,,40,44,48,35,,11,10,8,6,9,18,23,12,,,,,9,9,,9,7,28,2,13,5,13,7,12,16,9,13,13,4,,7,7,,9,13,21,,10,14,,19,8,13,12,14,13,11,12,14,29,28,22,12,,,13,17,,6,11,6,8,15,,26,1,27,13,12,,,44,,,,,31,,,,,,,,,,,,,,,,29,,,,,,,,,,,,,,,,,,,,,,,,,,,,,,,,,,,,,,24,23,28,17,15,21,27,22,27,,,,39,34,41,27,,,16,15,13,14,12,43,,46,29,39,,,37,74,,8,,19,,32,,11,8,,,9,16,,,8,8,8,,,7,19,9,2,12,7,8,6,3,2,5,9,6,7,15,18,4,,5,5,4,5,9,5,,,10,7,,8,5,5,7,4,6,5,4,6,8,5,4,,,,8,18,11,14,4,10,11,13,,11,13,6,2,4,6,4,,,2,8,10,6,8,6,,14,11,12,,11,16,12,,13,7,2,11,15,29,24,,17,16,15,13,25,3,27,29,,32,4,4,15,12,8,,11,,21,,,,15,14,10,17,35,25,,14,,14,15,13,25,20,20,31,,33,18,15,,,22,20,24,,22,18,18,,,24,5,17,17,19,2,4,30,41,22,11,13,25,21,31,,8,23,24,30,26,,44,30,40,40,30,22,25,27,24,,32,31,28,20,32,27,30,23,9,20,21,,65,66,74,,56,61,56,50,,50,66,36,,52,22,29,33,34,,33,29,,32,24,25,20,,29,22,28,24,24,,25,14,3,11,8,14,28,26,31,18,18,14,,40,40,36,,21,19,,23,12,24,16,,38,29,32,10,7,112,,,54,70,29,34,49,38,45,47,6,30,33,30,27,16,20,22,29,34,14,20,17,19,19,7,5,14,19,22,7,11,24,23,12,4,11,13,38,28,32,30,24,19,30,19,30,17,19,18,20,17,20,34,27,43,30,30,26,25,,17,,24,29,32,6,4,,,13,8,7,7,,19,23,20,31,33,29,23,34,29,,,,9,7,,5,5,,,5,,,12,12,10,,,,,,,14,14,19,5,,6,,4,5,12,10,10,8,,18,17,12,17,,,,,6,8,33,34,5,17,20,,9,2,9,12,11,,15,7,4,7,14,10,5,5,,12,14,12,20,7,3,7,3,10,,13,7,,9,6,,9,1,3,,8,,4,,2,2,4,5,4,7,7,7,9,7,5,12,7,12,,14,11,,15,13,17,,24,23,,22,20,23,,9,7,13,15,,,16,9,8,,7,6,20,3,8,12,12,,13,,,17,3,6,3,12,11,19,26,,,2,15,15,15,19,21,56,32,36,,,28,22,28,8,,10,21,10,12,7,32,66,32,4,4,5,29,29,,27,5,10,12,13,10,11,,10,,41,35,,16,3,4,17,8,9,6,9,9,12,3,,,2,16,22,6,,16,13,15,23,,15,7,,,34,11,10,14,33,28,39,36,31,14,30,9,2,10,74,,16,53,,29,19,23,22,14,7,16,34,10,26,10,14,18,6,60,18,27,12,27,11,29,3,31,36,,20,22,23,10,,8,10,4,49,7,34,13,19,20,42,47,24,13,32,14,9,7,59,24,26,25,35,7,5,6,5,,,31,15,21,21,17,4,16,11,,18,49,21,11,4,26,,26,15,,4,24,14,25,15,6,16,,5,11,11,8,10,9,8,9,5,5,5,4,4,7,14,38,9,9,5,11,,12,31,27,34,38,33,31,37,35,38,26,21,30,28,19,20,21,35,32,25,5,13,4,4,5,13,6,24,,32,13,14,69,51,43,48,24,43,55,3,24,6,4,12,5,8,10,10,10,7,8,9,13,9,13,,14,27,28,43,27,31,27,19,33,,27,19,27,46,9,6,8,,6,5,22,25,31,26,17,18,34,29,23,18,37,10,17,11,13,14,19,11,19,31,2,5,10,8,12,10,4,10,20,16,6,10,9,11,,34,11,5,,15,18,21,18,11,20,23,26,23,14,40,36,17,34,22,33,34,28,32,8,102,14,3,3,4,9,9,12,7,9,7,16,45,36,68,40,58,33,25,27,5,8,9,9,4,,8,7,14,15,31,10,10,20,29,29,17,34,41,22,37,25,30,27,27,,29,17,24,19,10,7,6,5,13,7,21,26,22,14,24,17,26,19,30,20,35,47,9,12,10,16,15,,5,16,22,23,29,8,10,7,11,12,8,16,17,11,9,2,4,2,65,48,52,5,,27,17,2,2,2,7,60,49,9,5,5,3,2,6,3,5,2,31,50,49,37,33,77,39,47,19,3,10,34,17,12,6,21,8,8,7,56,82,5,8,9,38,29,2,26,33,38,31,33,31,19,10,,,7,18,41,70,5,18,7,31,27,34,31,14,57,19,19,28,15,25,12,21,14,12,11,,,3,43,10,62,65,68,46,,4,3,3,3,6,10,48,24,5,6,18,59,15,3,9,5,3,4,3,6,5,,,74,15,4,15,5,9,2,13,2,3,32,24,27,39,6,11
20231004,13,PM2.5_24h,19,13,17,16,16,19,14,30,24,14,14,15,,,31,,31,27,33,,29,,28,32,,29,39,,38,43,52,41,46,54,34,,35,33,,31,,19,27,34,,31,,50,44,44,68,71,55,56,,58,6,,10,15,14,16,14,23,17,20,22,32,,22,35,31,38,31,28,,41,36,45,40,41,,,55,49,37,42,37,,11,12,,,10,11,10,10,,14,13,,15,11,16,13,14,,15,34,29,32,30,34,30,26,27,28,25,15,14,13,10,8,9,,9,12,12,13,13,12,11,14,15,14,15,17,13,13,13,8,11,8,11,6,,9,9,7,9,11,15,14,11,11,13,13,16,13,12,,11,12,10,13,12,12,4,10,6,7,5,28,,,,28,24,,25,27,24,,,,18,,9,11,13,11,13,13,12,12,18,,,,13,16,,17,21,19,19,16,,16,24,23,20,24,23,17,21,,17,,21,22,,15,16,,19,19,18,,18,16,20,17,9,14,7,,,11,9,9,18,17,17,18,,17,,,15,,9,12,,13,12,15,6,7,8,,26,24,26,22,24,21,18,16,21,18,17,11,24,19,17,22,20,24,,,16,16,17,15,,24,24,19,19,12,,24,18,13,,17,24,22,22,,23,23,23,29,22,,,17,18,16,19,18,18,27,25,19,26,30,26,25,24,,12,12,15,10,17,16,12,,14,11,11,14,14,15,11,14,13,11,20,9,34,38,,40,43,42,27,34,26,32,29,25,25,24,26,24,29,,28,20,22,26,24,16,26,19,30,34,32,28,,24,28,30,29,33,27,,28,24,21,23,,,29,26,27,29,28,28,30,24,27,27,24,,17,18,20,18,18,20,19,22,,11,11,12,12,5,,16,9,14,15,11,9,15,,,12,16,11,14,16,,25,20,21,25,,,25,14,13,21,17,19,14,17,24,18,13,,7,9,8,9,7,8,10,7,7,7,8,6,10,12,13,11,12,12,13,9,,16,12,10,14,,32,,36,34,,,,,25,,,,39,38,25,31,27,25,26,,16,15,14,13,13,21,15,18,15,13,17,,17,13,11,10,,7,9,10,10,14,17,12,16,14,,22,16,11,12,12,12,12,13,12,12,14,16,14,13,18,20,21,,,34,,32,29,36,31,37,,33,41,,,42,46,37,46,,32,35,41,,42,37,30,36,37,18,17,19,15,19,,,,,,,29,,41,35,24,32,21,18,21,16,12,18,,40,,,25,,27,24,25,26,26,26,28,26,,14,24,16,14,18,15,21,18,13,26,23,22,24,22,24,19,33,35,25,15,,18,20,25,,25,28,,27,29,27,25,21,,22,8,,,44,41,,,,12,14,12,12,38,44,,37,30,,54,59,,65,,38,35,41,,38,38,4,7,9,,18,15,19,19,18,16,,11,15,15,12,16,14,14,17,22,15,12,14,17,20,14,19,14,11,13,14,13,13,,11,10,5,,9,18,19,24,16,19,17,10,13,11,17,16,16,15,,16,15,14,,16,13,14,13,18,,14,16,8,,40,,39,34,31,38,,39,24,,,,39,,27,,37,,,,39,34,30,24,27,,,,5,9,4,7,23,21,,17,13,27,13,22,14,,16,,,5,11,14,7,5,29,28,30,30,11,7,12,16,25,32,27,22,28,20,11,10,15,16,16,20,,29,32,31,25,,7,11,8,10,17,22,27,16,,,,,24,23,,20,7,18,7,10,8,16,14,21,16,15,14,8,8,,11,12,,24,28,22,,14,16,,21,10,11,17,14,16,18,11,17,26,27,21,22,,,8,12,22,20,16,13,5,12,,17,7,26,24,29,,,25,,,,,20,,,,,,,,,,,,,,,,14,,,,,,,,,,,,,,,,,,,,,,,,,,,,,,,,,,,,,,13,29,27,24,23,27,29,26,28,,,,30,27,32,28,,,21,23,26,23,24,44,,50,49,32,,,33,46,,33,37,19,,23,,18,15,,,5,22,,,18,17,14,,,18,20,4,3,16,12,14,10,8,9,8,6,17,17,17,20,11,9,11,12,9,11,11,8,,11,15,12,,5,7,8,10,12,11,12,9,12,15,14,10,,,10,16,15,14,13,8,10,12,13,6,10,11,11,10,9,11,6,,,8,11,10,16,8,8,,16,11,10,,12,17,13,,18,17,8,17,17,20,25,,19,22,16,21,24,12,23,22,,28,8,9,11,11,14,,22,,36,,,,10,9,13,14,30,24,,22,,18,19,18,15,15,16,20,,24,22,24,,,20,22,22,,21,20,19,,,16,12,15,21,17,10,15,33,25,26,22,26,32,30,35,,12,25,27,27,28,,36,37,37,35,36,35,32,36,36,,42,43,42,25,30,29,29,27,22,30,25,,48,38,43,,38,34,37,35,,38,39,34,,44,29,29,35,34,,27,24,10,27,26,26,28,,33,32,39,16,21,,23,15,4,16,6,8,20,25,40,29,10,12,,32,29,29,,19,17,,16,10,22,25,,31,25,28,10,7,24,19,,19,30,24,34,28,26,30,30,6,26,29,26,23,26,39,38,41,45,34,38,35,36,38,5,8,12,10,10,8,11,16,14,13,4,6,7,36,35,38,30,13,17,12,16,20,17,22,23,23,18,20,26,26,55,34,29,26,28,19,21,,23,22,24,7,7,,3,13,6,11,5,19,15,19,18,25,23,16,19,19,25,,,,12,10,,10,7,2,4,7,4,,17,14,13,,,,,,16,16,18,18,12,,10,,5,9,8,11,11,9,,18,21,12,16,,,,,6,7,17,16,13,13,20,,8,9,7,14,16,,16,5,9,13,11,13,11,9,,17,21,17,18,12,11,10,9,12,,12,10,,9,7,,3,4,4,,16,,5,,2,4,7,5,6,7,20,24,21,22,10,11,10,8,,21,22,,16,14,15,,24,19,,23,18,22,,18,19,20,24,,,18,14,13,,13,9,18,96,5,13,22,,23,,,28,16,17,11,13,20,19,22,8,,16,16,15,23,30,33,50,56,56,,,24,21,23,12,,6,18,17,15,8,24,35,38,34,29,26,52,56,,25,11,17,17,8,16,14,,23,,33,39,25,17,8,9,14,8,9,12,14,11,13,4,,,25,26,16,26,,26,31,45,18,,19,12,,,23,15,13,17,28,23,28,20,27,15,24,16,9,15,60,,31,44,,22,23,32,27,14,12,17,40,14,21,10,18,17,28,36,17,26,13,36,13,36,4,40,30,,22,24,21,10,,14,27,12,48,24,26,15,19,16,28,31,24,18,40,14,19,12,41,17,32,22,38,6,8,6,6,,,32,18,35,15,20,5,24,17,,15,33,31,18,27,17,44,34,19,,12,30,27,31,24,5,15,5,6,8,10,8,11,10,8,7,10,14,10,7,7,4,26,28,12,15,6,15,19,19,26,31,38,39,39,31,32,22,26,27,18,29,26,30,26,14,24,31,28,8,41,29,27,40,15,9,22,12,27,18,20,38,32,36,35,31,34,33,6,16,7,5,8,17,15,9,15,20,8,11,11,10,12,21,,26,28,21,19,36,31,39,15,36,,34,37,39,39,7,8,10,,24,7,18,25,23,21,13,19,24,33,18,20,37,12,19,15,14,19,28,16,30,35,29,22,10,12,13,14,14,12,21,10,15,15,16,13,7,23,17,14,17,21,25,26,14,14,23,26,26,22,11,23,19,15,20,25,17,22,22,45,37,48,37,18,30,32,18,12,15,14,19,22,21,28,26,41,28,40,29,34,35,7,10,9,9,13,11,8,29,33,28,29,19,24,28,21,31,43,34,31,26,32,34,11,18,45,,37,45,46,35,22,25,17,17,11,13,15,22,25,13,29,26,22,24,30,19,26,26,11,14,9,10,11,,7,11,6,20,32,7,8,10,11,21,18,18,16,14,10,15,13,13,47,35,49,18,,61,24,31,39,28,33,47,34,57,71,53,41,45,47,44,37,34,22,32,37,24,28,52,28,38,17,10,19,28,14,12,9,15,14,7,8,62,79,8,7,55,41,27,11,23,24,39,25,28,27,14,13,21,,15,24,30,40,14,21,23,19,19,39,45,45,38,29,29,25,21,12,9,22,17,15,18,,6,4,17,23,38,62,40,31,,13,20,11,15,11,12,39,25,8,9,24,39,23,29,35,10,22,13,24,11,11,,16,49,16,11,22,9,9,14,16,6,1,28,40,33,38,18,16
20231004,13,PM10,10,9,10,10,9,10,9,7,5,15,9,9,,,15,,30,18,31,,18,,12,13,,13,18,,41,61,46,61,48,59,43,,19,13,,26,,14,22,31,,26,,83,86,77,22,,25,39,,26,20,,14,28,11,7,19,21,13,13,2,16,,9,42,26,40,61,45,,100,96,94,103,22,,,52,30,24,25,32,,7,9,,,12,12,11,12,,22,14,,17,18,16,14,22,,11,13,16,21,13,14,46,7,9,26,33,20,20,11,13,8,7,,12,13,13,8,19,21,22,37,9,25,20,21,40,20,24,19,23,19,20,21,,19,21,24,23,15,,27,17,22,23,10,21,14,24,,18,22,19,19,18,23,7,16,10,12,3,58,,,,58,56,,59,58,53,,,,19,,22,21,,9,22,19,12,24,18,,,,22,14,,20,19,28,22,15,,18,36,46,39,44,36,34,24,,30,,36,36,,31,24,,32,25,22,,27,29,30,28,20,24,41,,,26,20,23,19,21,36,27,,28,,,19,,23,21,,28,18,29,17,30,21,,47,36,38,31,27,31,29,20,34,24,29,24,24,22,27,24,31,29,,,42,28,37,36,,70,61,38,24,22,,35,26,18,,27,66,59,68,,70,63,66,68,68,,,80,80,78,73,66,70,66,69,69,56,70,81,71,58,,26,30,28,35,23,26,26,,18,38,39,42,37,37,,38,33,36,53,40,59,43,,45,61,61,47,48,52,43,39,44,44,50,64,38,43,,48,46,35,64,52,59,51,56,46,46,47,48,,60,34,34,61,70,69,,61,49,56,50,,,41,42,46,44,46,44,54,33,35,37,52,,46,32,60,43,42,38,42,28,,,32,28,26,13,,8,7,7,19,11,3,5,,,12,12,11,21,8,,30,16,12,22,,,28,,31,27,34,24,34,34,27,29,19,,14,12,12,15,18,18,9,12,11,8,10,13,7,11,7,15,15,7,16,4,,10,8,21,13,,38,,15,32,,,,,16,,,,30,46,74,73,40,63,76,,34,50,42,38,57,42,46,50,31,45,46,,30,58,39,12,,17,19,17,7,29,22,19,24,31,,30,18,25,14,16,14,18,32,20,20,25,31,10,32,55,51,54,,,66,,68,66,73,46,70,,68,56,,,56,63,53,73,,59,66,75,,53,71,48,46,58,53,,53,48,68,,,,,,,77,,88,83,58,61,48,48,51,56,29,46,,61,,,38,,47,36,32,32,54,63,27,54,,44,53,55,44,44,29,44,36,27,27,24,30,37,59,174,62,36,43,34,45,,42,34,41,,27,33,,46,,35,40,47,,48,8,,,93,85,,,,21,14,13,13,100,102,,102,113,,126,100,,116,,49,40,60,,80,36,51,37,47,,18,16,18,30,22,24,,10,12,10,18,16,11,15,15,17,20,21,18,16,25,19,17,15,18,14,16,21,15,,9,13,12,,2,16,18,8,18,9,17,17,12,24,11,28,24,43,,30,18,11,,18,22,23,41,18,,20,25,25,,62,,66,56,53,52,,121,116,,,,91,,66,,91,,,,72,61,76,43,68,,,,24,21,12,12,36,39,,34,34,34,33,29,33,,33,,,24,29,28,18,7,29,46,34,46,17,28,20,43,48,52,49,42,36,35,21,18,14,14,10,16,,55,61,67,52,,11,19,11,7,18,29,34,29,,,,,34,34,,28,1,22,12,12,9,9,19,17,29,20,24,4,12,,15,21,,18,11,44,,18,30,,35,7,9,21,19,14,12,13,14,24,22,17,22,,,79,31,20,43,11,21,26,29,,28,12,64,61,42,,,85,,,,,58,,,,,,,,,,,,,,,,70,,,,,,,,,,,,,,,,,,,,,,,,,,,,,,,,,,,,,,35,40,45,40,41,49,33,63,51,,,,72,66,62,49,,,41,49,34,41,45,70,,57,42,60,,,62,85,,24,,55,,62,,41,25,,,47,25,,,46,46,13,,,28,28,23,20,26,32,27,26,16,21,28,24,18,20,18,13,29,23,27,16,20,18,32,20,,,26,16,,17,6,15,13,27,25,19,28,16,25,18,18,,,31,13,17,30,6,12,17,17,13,15,11,16,7,6,11,13,7,,,4,4,13,23,13,13,,12,36,28,,29,22,27,,19,31,17,25,18,37,43,,30,27,26,48,27,23,42,63,,47,20,22,37,19,17,,15,,37,,,,24,34,31,36,57,46,,28,,35,22,31,35,58,42,123,,29,41,30,,,23,15,35,,39,23,22,,,37,21,17,17,17,19,3,42,41,34,19,20,42,45,46,,25,39,38,40,42,,51,49,91,57,44,49,40,50,41,,55,52,40,20,58,48,44,43,28,44,45,,104,122,106,,99,73,110,55,,94,86,48,,69,49,43,51,56,,51,41,35,40,46,33,35,,54,48,44,45,53,,38,54,2,24,21,24,49,38,29,35,40,25,,48,51,44,,34,43,,43,20,26,28,,53,44,35,21,12,,,90,85,89,57,52,71,63,64,69,32,39,50,39,39,40,32,32,34,36,23,29,24,26,27,12,14,27,35,15,19,17,26,30,20,12,18,19,55,46,53,67,49,35,34,39,48,36,51,34,27,31,53,38,58,56,48,36,40,34,,32,,42,51,58,24,14,,4,22,14,13,8,21,14,17,27,54,42,41,39,57,36,,,,12,17,,2,10,10,12,7,,,16,16,12,,,,,,28,22,12,11,17,,6,,2,7,19,15,16,18,,21,31,20,20,,,,,13,11,50,49,17,13,27,,17,4,8,25,16,,19,15,24,7,6,11,11,14,,20,28,23,24,18,5,16,2,32,,23,22,,9,15,,7,7,8,,20,,6,,5,9,4,3,,8,33,29,29,23,7,17,9,17,,28,21,,16,21,25,,34,38,18,,36,44,,21,15,24,30,,,27,12,9,,15,20,25,18,10,32,58,,67,,,,15,11,10,60,58,19,22,5,,24,28,28,69,52,33,189,113,88,,,63,62,73,22,,9,35,29,32,10,59,99,38,11,13,13,67,70,,76,17,16,21,23,23,21,,19,,,39,,23,14,9,39,25,25,16,19,15,23,1,,,21,34,37,18,,41,21,35,28,,31,17,,,61,16,17,22,54,58,74,73,56,19,46,16,8,17,114,,29,47,,40,29,31,34,36,13,32,68,21,46,23,33,28,16,112,14,51,86,63,15,53,4,68,48,,27,27,27,38,,21,33,18,50,12,51,23,22,23,111,85,38,46,51,31,26,16,80,100,34,48,85,16,11,14,7,,,21,42,67,14,32,5,39,29,,19,80,48,20,27,39,,36,27,,9,32,16,30,23,19,32,,13,23,22,24,24,30,28,18,12,17,3,15,10,81,20,68,21,13,14,16,,22,36,42,46,39,66,47,50,49,57,36,56,54,40,36,,39,50,46,39,11,34,12,15,14,23,22,50,,41,25,29,80,86,63,75,67,28,45,12,18,5,14,10,20,20,16,11,10,5,5,9,11,10,18,,22,32,38,83,61,59,61,46,90,,51,73,81,92,15,9,15,,18,9,22,25,34,33,16,38,50,31,30,29,55,,33,33,35,27,61,24,35,85,6,4,16,17,18,14,25,21,50,22,12,18,13,21,9,55,21,19,,65,60,56,28,47,29,45,24,31,42,64,45,36,42,35,38,56,48,59,20,163,56,6,8,8,38,22,25,13,23,23,37,60,81,124,88,109,54,34,35,13,4,16,9,15,,32,11,27,23,35,18,12,66,61,48,48,76,88,44,55,53,51,51,88,,52,52,56,54,21,23,6,36,4,7,30,49,32,51,34,34,36,39,68,23,45,63,22,14,32,21,13,,28,25,27,41,27,11,15,9,19,21,13,32,28,23,19,31,14,14,113,74,78,37,,55,39,4,14,14,17,116,77,19,42,25,44,35,30,44,31,36,78,68,103,40,27,106,74,56,19,9,16,48,12,20,8,27,28,18,29,226,188,8,12,26,94,83,18,40,64,46,51,44,44,46,16,,,19,33,61,73,14,25,25,82,63,60,70,50,90,93,46,41,36,24,31,26,27,28,28,,,,65,61,77,95,140,57,,9,9,6,7,22,22,65,63,23,5,45,102,26,26,18,13,7,8,4,9,9,15,,134,30,,76,20,27,22,29,6,15,49,51,44,85,21,27
20231004,13,PM10_24h,33,24,33,30,33,32,32,56,44,32,28,30,,,65,,63,56,68,,58,,62,57,,60,64,,85,91,88,85,89,88,72,,67,70,,61,,60,55,60,,60,,68,70,68,106,104,105,126,,103,24,,29,28,21,41,40,43,44,30,52,55,,53,66,58,67,71,73,,90,98,86,90,78,,,104,102,74,73,84,,27,27,,,23,26,26,22,,38,37,,32,45,34,33,34,,32,68,56,64,58,52,54,51,61,44,34,38,36,36,32,32,23,,31,33,36,21,20,22,31,23,23,24,26,27,24,20,30,22,24,20,21,22,,21,23,22,21,24,25,29,23,26,30,24,25,23,22,,26,27,25,25,22,26,14,17,15,17,14,50,,,,43,41,,46,43,36,,,,30,,24,33,27,23,25,25,21,26,33,,,,33,28,,27,28,26,25,25,,29,30,39,40,38,44,35,28,,25,,35,38,,36,30,,35,30,26,,29,29,33,39,18,27,29,,,28,21,21,35,35,36,39,,37,,,28,,28,28,,29,24,29,17,21,20,,50,42,44,42,40,33,37,33,37,30,30,27,40,29,35,34,34,35,,,39,34,40,39,,50,52,38,32,25,,32,33,18,,33,49,46,51,,51,63,51,55,35,,,40,42,41,38,40,44,54,51,47,51,56,52,52,52,,21,21,19,22,20,21,18,,18,18,18,23,17,21,15,18,21,22,31,24,53,55,,53,76,50,43,53,42,47,37,43,47,44,56,38,53,,41,42,41,60,36,35,35,35,48,50,52,46,,39,49,48,44,48,41,,40,41,36,45,,,50,45,47,48,44,43,57,69,44,42,35,,29,32,33,29,31,37,35,63,,24,25,23,24,13,,25,12,20,29,16,15,22,,,18,30,18,26,22,,38,32,35,40,,,38,27,25,25,27,25,29,28,29,24,19,,17,11,17,17,22,17,14,13,9,10,16,9,23,22,24,21,22,17,24,15,,30,24,20,24,,42,,39,40,,,,,45,,,,66,78,62,66,70,60,60,,42,24,24,23,25,24,30,30,29,28,31,,23,30,25,26,,28,24,25,23,42,33,29,32,35,,41,36,52,24,27,24,26,27,24,27,35,46,36,37,44,41,45,,,71,,66,75,68,55,82,,75,73,,,77,81,73,80,,56,60,82,,74,68,68,61,56,42,35,38,30,47,,,,,,,61,,79,63,50,68,41,39,44,24,31,34,,73,,,37,,35,32,38,46,45,50,48,53,,35,46,30,31,38,27,39,36,31,38,33,35,40,38,45,43,39,44,38,28,,32,31,37,,41,40,,55,52,63,59,29,,39,13,,,87,76,,,,35,38,33,42,52,57,,53,65,,96,90,,101,,83,80,99,,79,50,17,19,15,,35,40,40,49,39,58,,42,36,33,35,31,40,29,34,49,28,27,32,34,52,30,40,34,24,25,28,31,26,,17,16,18,,12,34,30,31,33,34,22,21,16,22,19,23,26,25,,21,24,24,,16,22,20,25,21,,23,24,12,,50,,56,48,43,47,,74,68,,,,74,,67,,64,,,,74,48,55,42,48,,,,14,13,19,15,40,39,,23,23,28,20,23,22,,24,,,20,19,15,16,7,40,44,41,46,20,26,23,29,37,39,47,38,46,34,22,20,22,24,18,27,,42,49,45,41,,21,28,21,15,33,36,45,35,,,,,53,42,,40,10,21,23,18,21,19,21,23,23,22,22,20,17,,24,22,,38,40,44,,30,39,,45,15,15,25,20,26,30,23,26,34,33,30,35,,,28,34,77,61,77,66,16,24,,29,20,84,87,95,,,50,,,,,41,,,,,,,,,,,,,,,,37,,,,,,,,,,,,,,,,,,,,,,,,,,,,,,,,,,,,,,24,42,43,44,47,53,45,54,46,,,,65,71,65,58,,,54,70,56,63,65,93,,101,83,50,,,56,70,,60,63,60,,78,,50,35,,,33,23,,,46,47,24,,,24,25,20,21,36,36,35,36,30,28,34,35,31,34,32,40,30,30,43,30,24,25,36,22,,44,36,24,,14,13,24,26,32,27,20,30,24,31,27,25,,,28,22,23,47,14,22,25,27,13,12,16,19,26,21,20,19,11,,,13,24,25,28,14,15,,13,30,30,,23,26,20,,29,27,19,32,26,33,50,,33,36,40,47,33,29,28,27,,29,35,30,22,20,23,,35,,45,,,,22,27,19,31,46,40,,31,,26,24,26,34,37,36,57,,38,30,42,,,29,30,31,,32,37,30,,,32,23,24,25,27,38,23,47,37,39,33,34,57,58,51,,44,42,48,44,45,,54,48,66,50,53,56,53,53,58,,68,65,61,39,48,50,44,44,43,54,51,,71,69,64,,70,52,71,48,,73,77,55,,54,54,49,55,55,,39,35,26,35,45,36,55,,51,47,45,42,45,,38,42,7,32,16,14,37,39,37,38,28,24,,48,45,48,,30,29,,31,17,34,37,,43,35,33,26,17,29,42,34,31,45,40,42,48,42,42,44,29,27,45,34,40,50,46,51,48,56,49,53,47,47,48,10,16,22,23,20,22,18,21,22,21,10,13,12,67,81,82,71,26,40,24,37,44,46,40,42,29,41,49,40,57,61,53,37,40,31,29,35,,45,37,35,18,15,,8,24,21,21,16,27,20,20,23,39,29,29,32,40,32,,,,21,21,,20,15,16,12,13,23,,26,21,20,,,,,,29,26,23,25,23,,14,,7,13,14,17,17,22,,24,27,20,25,,,,,12,13,24,22,23,21,26,,17,11,11,22,16,,22,10,24,16,11,16,11,14,,23,33,26,26,20,12,17,16,29,,23,18,,14,7,,8,12,11,,31,,12,,6,9,14,12,14,12,56,73,64,57,13,22,16,18,,44,38,,20,21,32,,37,43,28,42,35,43,,34,28,32,33,,,37,26,15,,18,27,18,19,6,38,68,,59,,,75,25,20,19,52,60,67,74,19,,39,28,31,86,88,94,172,182,159,,,57,44,54,19,,29,39,38,40,12,53,51,52,64,59,52,85,107,,70,30,28,25,24,35,25,,34,,50,63,37,23,19,19,37,28,26,36,34,20,25,7,,,59,50,32,56,,70,59,78,24,,27,19,,,47,29,34,28,36,38,55,41,51,22,38,27,26,23,105,,56,55,,34,41,44,37,40,21,30,76,22,41,23,35,35,58,67,24,43,31,69,18,65,7,78,44,,25,30,23,31,,34,70,25,53,31,42,24,26,24,71,68,36,45,65,23,27,26,58,42,52,26,73,15,13,15,14,,,32,44,76,20,33,11,37,31,,29,58,55,25,50,33,70,60,34,,35,43,38,43,37,20,35,26,16,21,23,22,25,31,27,22,21,31,20,63,24,24,30,48,23,20,15,26,31,30,36,49,58,52,73,51,56,39,44,45,38,54,45,53,33,32,39,47,55,16,68,60,69,75,25,25,46,20,35,31,29,63,57,51,49,46,43,44,14,18,10,12,17,24,26,23,23,25,16,15,10,17,13,34,,32,31,31,48,65,55,73,35,68,,57,80,85,72,12,16,16,,42,9,22,33,24,29,23,30,41,40,46,39,56,27,39,34,32,31,56,24,46,70,50,44,25,22,23,25,25,23,38,24,31,29,25,24,15,32,22,30,40,63,55,59,35,37,33,55,30,36,49,44,39,29,28,33,28,47,36,86,62,94,94,36,58,59,56,26,23,22,31,37,30,52,66,68,55,77,47,50,57,12,14,23,10,24,25,40,40,43,39,39,32,38,74,40,66,76,65,73,53,48,64,26,38,85,,74,80,95,71,56,77,23,51,16,27,32,51,42,42,53,37,37,43,47,33,36,36,17,26,26,20,21,,24,16,23,28,28,13,14,21,23,34,28,34,30,26,21,46,39,36,73,53,78,48,,93,66,70,70,75,69,99,64,94,134,96,102,108,105,104,94,96,54,57,86,42,38,84,49,51,20,26,22,50,26,24,19,23,25,21,42,200,188,15,12,81,98,64,48,40,52,62,47,44,45,31,20,25,,21,53,50,51,19,29,38,37,46,72,77,76,70,63,73,42,37,21,22,29,30,34,31,,13,2,32,98,58,90,82,48,,29,43,22,29,39,25,57,50,26,17,50,70,32,69,62,22,38,30,44,27,23,23,41,85,31,25,41,31,29,30,37,11,9,43,82,56,73,40,23
20231004,13,SO2,3,3,3,1,1,3,3,3,3,1,3,3,,,7,,3,5,4,,6,,4,4,,6,3,,4,3,2,4,4,5,4,,3,4,,3,,10,9,11,,5,,10,10,12,3,,5,4,,6,3,,1,3,6,6,5,4,2,2,1,1,,5,4,8,6,4,7,,14,12,11,13,6,,,7,5,5,10,,,6,5,,,8,6,5,6,,6,7,,6,6,7,6,4,,5,5,8,9,6,6,5,6,8,4,7,4,6,5,4,7,6,,5,7,4,6,6,6,5,3,4,3,6,6,7,6,7,4,10,7,8,9,,4,6,7,5,5,3,5,4,7,6,7,8,3,4,,7,9,8,8,7,10,6,6,6,6,7,8,,,,7,10,,7,8,7,,,,8,,5,10,7,8,6,6,12,12,8,,,,11,9,,3,2,4,6,5,,7,,6,9,7,8,8,7,,9,,11,10,,9,5,,7,8,9,,9,6,9,7,5,8,5,,,6,7,7,6,5,4,6,,8,,,4,,5,5,,6,4,6,6,5,5,,4,4,3,3,2,5,5,6,7,7,5,5,8,4,5,6,8,6,,,6,4,4,4,,3,6,4,5,7,,4,6,,,7,8,7,10,,,7,7,8,7,,,15,12,12,12,12,13,6,5,6,8,7,7,9,10,,8,6,6,8,7,8,6,,7,5,4,6,6,4,4,4,4,3,2,6,4,7,,3,5,13,5,4,5,6,6,3,6,8,5,5,7,,3,6,7,9,7,7,7,9,7,7,6,8,,9,4,6,9,5,6,,9,7,6,7,,,6,3,11,6,7,7,4,6,5,7,10,,9,12,15,8,8,19,9,8,,,6,6,8,6,,5,8,5,6,6,5,6,,,8,6,8,5,,,3,1,2,2,,,2,6,4,3,4,6,5,8,4,6,4,,6,5,9,7,15,7,6,6,9,8,6,5,6,6,4,6,5,6,2,5,,6,1,4,7,,2,,4,5,,,,,17,,,,8,8,8,4,4,7,6,,23,8,4,7,10,6,5,5,4,5,4,,4,4,5,8,,18,9,9,16,10,20,8,5,10,,4,8,6,10,8,10,6,,8,6,13,8,9,11,8,7,4,,,11,,7,8,11,5,11,,12,4,,,10,11,9,13,,7,9,10,,8,8,7,8,7,10,,6,8,4,,,,,,,12,,6,11,10,11,11,7,10,6,5,8,,14,,,11,,9,6,11,9,10,11,9,10,,8,8,7,8,7,7,10,8,7,9,3,6,7,8,6,7,5,5,5,10,,6,8,8,,4,6,,7,6,4,4,7,,8,5,,,11,7,,,,9,6,13,8,21,26,,37,42,,14,16,,18,,21,12,24,,16,13,9,11,8,,5,9,8,11,8,5,,7,6,8,6,7,8,7,12,8,8,10,6,6,9,6,5,7,7,7,8,,6,,5,2,5,,,5,5,5,5,5,5,4,4,3,5,8,6,6,,8,9,7,,6,10,9,8,8,,12,8,6,,8,,8,5,5,2,,14,13,,,,6,,5,,9,,,,11,8,9,9,9,,,,6,5,8,6,5,7,,7,6,7,7,4,3,,7,,,4,6,9,3,9,3,8,9,7,6,4,4,5,8,6,8,8,8,7,3,3,4,5,7,7,,8,6,7,8,,8,16,12,4,5,5,5,4,,,,,1,3,,3,2,2,2,2,3,3,5,7,2,2,6,2,4,,1,3,,7,1,5,,7,5,,3,8,4,7,6,6,7,10,5,4,5,2,6,,,10,6,13,9,5,4,10,6,,13,7,13,7,9,,,8,,,,,11,,,,,,,,,,,,,,,,10,,,,,,,,,,,,,,,,,,,,,,,,,,,,,,,,,,,,,,6,4,4,4,5,9,7,7,24,,,,10,9,10,7,,,10,12,10,12,11,11,,11,11,5,,,5,8,,7,7,6,,10,,9,8,,,5,5,,,5,5,6,,,2,3,9,,10,12,8,3,,8,5,6,8,8,7,9,5,6,4,1,6,6,7,4,,,4,9,,7,5,8,9,6,2,6,7,6,6,7,5,,,5,12,11,11,11,7,6,6,3,6,5,7,3,1,4,3,1,,,5,43,4,1,2,6,,5,3,4,,5,5,4,,5,11,8,10,3,8,6,,7,7,10,8,6,9,8,6,,6,4,4,6,8,6,,7,,8,,,,6,12,8,6,17,17,,8,,4,9,6,7,7,8,7,,7,4,9,,,4,4,4,,3,4,3,,,8,4,6,9,8,6,12,23,16,16,11,21,17,11,15,,9,5,6,10,13,,12,6,12,4,14,13,9,11,5,,9,6,14,2,5,3,4,5,,11,2,,12,18,17,,9,10,10,9,,7,9,4,,6,9,6,10,5,,6,4,8,7,6,7,8,,7,7,6,5,5,,11,6,9,6,6,6,8,8,6,8,3,4,,8,6,4,,8,10,,8,6,8,7,,6,6,6,10,8,12,12,10,10,10,5,7,10,4,11,11,4,2,4,4,2,4,6,5,7,6,8,6,6,6,6,4,1,3,6,2,4,3,1,4,4,6,6,6,10,6,8,9,14,4,10,8,7,9,5,6,4,10,7,7,5,25,25,7,7,5,8,8,,10,10,8,6,3,,2,6,6,6,7,13,6,6,8,4,7,8,9,8,8,,,,4,6,,7,6,11,11,12,6,,8,6,7,,,,,,5,4,4,8,5,,5,,7,8,9,11,9,18,,6,6,5,6,,,,,1,1,7,6,4,5,6,,3,6,5,9,9,,8,9,7,10,5,4,3,4,,5,6,5,9,6,8,4,6,8,,7,5,,7,8,,7,9,4,,5,,6,,5,7,5,5,7,7,17,13,14,14,10,6,6,6,,100,56,,10,6,3,,9,7,2,4,6,9,,5,6,2,3,,,9,4,3,,7,13,10,11,9,12,10,,11,,,32,6,2,6,7,5,4,6,7,,9,8,8,5,6,3,4,5,6,,,11,12,11,5,,4,11,12,4,8,1,21,5,5,4,4,4,12,,7,6,6,4,9,5,5,,5,,17,6,,6,7,7,8,12,9,7,6,6,5,4,,,4,6,9,6,,4,8,8,5,,8,8,,,18,7,9,9,11,10,9,16,10,8,10,6,6,7,17,,5,7,,3,3,5,10,2,9,2,11,3,14,3,6,4,5,16,7,6,11,8,2,9,7,9,8,,8,7,6,6,,1,11,6,5,6,7,5,8,6,15,10,15,4,6,7,9,4,5,4,8,9,17,7,7,6,4,,,5,5,3,8,9,6,6,6,,4,9,17,6,8,7,,5,8,,5,6,6,12,17,6,7,,4,7,7,5,9,5,7,8,3,7,14,9,12,7,6,12,9,8,7,8,,8,6,5,5,4,6,4,7,6,3,5,9,8,6,7,7,9,7,8,2,2,7,5,5,4,9,2,7,,18,8,7,7,9,9,8,7,2,4,7,4,7,9,9,6,7,12,16,15,2,6,8,8,10,2,,2,9,8,10,11,7,14,7,15,,7,8,9,11,8,4,4,,14,6,8,8,6,7,4,7,8,6,7,9,22,6,5,6,7,7,2,5,9,15,3,3,13,10,4,6,6,8,14,2,7,7,6,12,6,12,6,6,,3,4,11,10,15,5,10,7,8,8,8,7,10,8,4,8,10,8,4,4,12,10,4,8,6,5,5,7,6,6,9,6,6,9,19,16,12,10,11,7,9,5,12,7,,7,2,2,6,4,6,8,8,8,7,7,13,10,14,8,9,10,6,9,8,,1,10,11,11,2,5,6,5,8,2,7,2,1,6,5,5,5,6,8,8,3,9,4,4,,6,3,,8,4,14,8,7,7,7,5,7,6,8,6,6,3,4,10,10,7,25,23,18,37,,6,,3,3,3,7,12,11,2,5,9,11,8,10,8,7,11,10,9,11,1,5,17,7,11,7,11,8,10,5,4,4,5,4,9,4,8,7,6,4,10,26,8,13,9,7,8,5,9,8,10,8,7,,8,3,10,11,8,8,1,,8,13,15,14,10,10,31,11,6,7,4,5,9,5,4,,5,5,15,6,8,15,9,4,,1,3,3,1,9,12,11,9,8,11,1,15,6,6,3,3,3,3,3,6,5,8,5,19,7,5,7,4,6,4,3,7,4,9,11,8,14,7,9
20231004,13,SO2_24h,3,2,3,3,3,3,3,3,3,2,3,3,,,9,,5,7,6,,7,,6,6,,8,5,,10,4,5,8,6,9,8,,3,6,,2,,11,11,13,,8,,8,10,11,7,7,8,8,,8,2,,2,2,6,10,9,9,9,6,3,2,,6,7,9,8,5,10,,18,12,12,14,9,,,8,12,10,16,10,,6,7,,,9,7,6,8,,11,14,,9,7,11,9,7,,7,7,10,9,9,9,7,8,11,7,9,6,6,5,6,8,7,,6,7,5,7,6,6,6,3,5,4,7,9,7,6,8,4,9,7,8,8,,4,6,7,5,5,3,5,4,7,5,4,7,3,11,,8,10,9,8,8,10,6,6,7,6,7,9,,,,6,7,,6,7,6,,,,10,,7,8,11,8,6,8,10,9,9,,,,12,10,,4,4,4,8,8,,9,7,8,10,6,8,7,6,,11,,9,8,,8,5,,6,8,8,,9,6,9,7,6,9,5,,,7,8,7,6,5,4,6,,8,,,3,,5,5,,6,4,6,6,5,5,,4,4,3,4,2,6,6,6,6,6,5,5,7,4,5,5,6,6,,,5,3,3,4,,4,4,4,6,7,,7,6,9,,7,6,4,6,,5,5,4,8,5,,,9,9,9,9,9,8,5,5,6,7,6,6,6,8,,8,6,6,8,7,7,6,,7,4,4,6,5,4,4,4,3,3,2,6,4,7,,3,5,9,4,4,5,6,6,3,6,9,6,5,7,,3,6,6,8,6,6,6,7,10,7,6,9,,7,4,6,8,6,4,,7,7,5,7,,,6,3,12,5,7,8,4,6,5,9,5,,7,7,10,7,7,11,8,8,,6,7,5,8,6,,5,8,5,6,5,5,6,,,7,6,7,6,5,,2,2,3,2,,,3,7,5,3,3,6,5,8,4,7,5,,8,7,9,7,17,8,7,7,9,8,7,6,7,6,5,6,7,5,3,5,,5,2,5,7,,4,,8,10,,,,,25,,,,12,19,7,4,4,6,8,,11,7,4,7,9,6,5,5,4,5,6,,4,4,5,12,,19,12,12,16,32,30,8,6,15,,6,8,6,10,8,10,5,10,11,7,19,10,10,13,7,7,4,,,10,,11,11,14,7,11,,13,7,,,11,14,10,12,,8,8,18,,7,6,7,8,7,11,5,6,7,3,,,,,,,11,,7,9,8,9,9,6,10,4,6,8,,21,,,13,,11,8,12,8,9,10,11,9,,9,8,8,9,8,6,11,11,13,13,3,6,8,6,6,7,5,6,5,10,,7,8,7,,5,8,,9,8,6,6,6,,10,6,,,10,11,,,,13,12,14,10,10,12,,17,18,,14,16,,17,,19,11,17,,12,11,10,14,9,,6,11,11,13,13,8,,13,9,10,9,9,10,7,16,21,8,14,6,15,16,14,15,16,8,8,9,10,7,,5,2,5,,4,6,6,6,6,6,6,4,4,9,5,7,6,5,,7,8,6,,5,7,9,7,10,,11,8,11,,5,,4,3,3,2,,11,10,,,,5,,5,,8,,,,8,8,7,8,8,,,,6,4,8,6,6,6,,7,6,7,6,4,3,,8,,,4,7,9,3,9,4,10,8,6,6,4,4,5,12,7,9,10,8,8,3,3,4,6,7,7,,7,5,8,9,,8,13,7,5,5,5,6,4,,,,,4,6,,5,6,2,3,2,3,3,4,7,2,1,6,4,5,,2,3,,8,3,6,,7,5,,5,8,5,7,6,7,8,10,6,4,5,3,6,,,12,4,37,55,31,6,9,6,,9,7,11,6,8,,,6,,,,,8,,,,,,,,,,,,,,,,9,,,,,,,,,,,,,,,,,,,,,,,,,,,,,,,,,,,,,,6,2,3,2,4,9,6,7,10,,,,8,7,8,7,,,15,20,16,18,19,10,,12,11,8,,,6,7,,15,11,4,,7,,9,9,,,5,5,,,6,5,6,,,2,3,10,12,11,11,8,5,8,10,8,8,10,11,10,14,9,8,5,11,10,13,11,6,,4,6,8,,8,6,9,10,7,3,6,7,7,7,7,5,,,7,10,8,11,11,9,6,7,3,6,9,6,2,4,4,3,1,,,8,6,5,1,2,6,,5,4,5,,5,5,4,,7,10,8,9,1,7,7,,6,5,7,4,3,7,6,5,,5,4,5,6,8,7,,7,,8,,,,5,10,7,5,13,8,,4,,4,6,5,7,7,7,7,,10,4,14,,,4,5,4,,6,10,5,,,6,4,6,7,12,11,11,30,23,23,22,22,16,11,16,,8,5,23,19,11,,16,10,14,6,9,13,9,12,14,,18,16,23,2,5,2,4,6,,10,5,,12,10,11,,8,6,7,4,,4,4,6,,5,8,4,8,3,,5,4,7,7,6,7,8,,6,6,5,5,6,,10,6,9,7,6,6,9,9,7,9,4,4,,9,7,6,,8,7,,8,7,7,6,,6,6,6,10,8,14,17,6,8,13,8,9,9,8,7,10,4,3,4,4,2,4,5,4,6,5,8,7,7,6,8,4,1,3,6,4,4,3,2,3,4,6,6,8,15,10,10,11,6,5,7,13,8,9,6,6,5,11,9,24,22,23,31,6,7,5,8,9,,13,6,5,6,3,,2,5,8,7,7,8,8,6,9,5,7,8,9,7,7,,,,4,7,,7,7,11,12,12,9,,9,7,8,,,,,,5,4,5,8,5,,5,,7,7,10,11,11,19,,6,5,6,6,,,,,1,1,5,5,4,5,5,,3,6,5,9,9,,8,9,6,11,7,6,4,4,,5,8,5,9,7,8,4,5,15,,8,4,,7,7,,9,8,3,,6,,7,,6,7,7,5,7,7,8,11,11,13,8,7,6,5,,74,55,,12,8,4,,9,7,4,4,6,12,,5,6,2,3,,,10,5,3,,8,12,12,12,11,11,9,,11,,,10,7,2,6,6,5,3,6,7,,8,8,8,6,6,4,3,5,5,,,10,10,9,3,,4,8,10,3,9,2,12,5,8,6,5,7,12,,6,6,8,5,7,5,4,,4,,9,7,4,6,9,10,8,9,7,9,7,6,5,4,,,5,8,8,7,,7,12,20,4,,6,8,,,8,7,9,8,9,6,10,11,10,8,10,6,6,7,16,,6,4,,3,5,5,6,3,12,3,16,3,10,3,6,5,7,9,8,6,16,8,2,7,7,7,8,,8,8,7,7,,2,13,6,5,6,6,5,10,6,11,8,8,4,19,7,10,4,9,7,8,8,10,7,7,6,5,,,7,6,6,8,8,6,7,8,,5,9,17,7,16,6,8,7,5,,8,6,11,22,46,5,6,10,4,7,8,6,9,5,7,8,3,12,11,10,14,7,7,10,9,8,7,8,9,10,5,5,5,7,6,4,5,6,3,5,8,8,12,8,7,9,5,8,3,3,11,7,7,9,8,3,5,8,8,4,4,9,8,9,7,6,2,2,8,5,8,9,10,6,11,12,18,14,5,8,8,8,10,2,,2,9,8,7,5,7,15,6,9,,12,8,9,18,10,5,5,,9,5,10,9,6,7,4,8,10,12,9,10,17,5,5,6,7,7,12,5,11,10,3,3,10,12,4,5,5,8,13,2,9,8,7,11,6,10,8,7,6,4,5,11,9,9,5,10,7,8,8,7,6,15,6,4,9,8,7,7,7,13,11,4,9,9,5,3,6,5,6,8,5,6,8,12,10,7,10,10,7,19,5,16,6,7,11,5,4,7,4,5,7,6,7,4,10,12,11,12,7,7,9,4,8,8,,23,15,14,10,42,25,7,19,8,2,7,3,4,5,8,5,8,9,8,6,2,6,4,4,2,6,4,,8,4,7,10,8,6,7,4,8,5,7,6,6,4,5,17,10,12,9,13,10,24,,9,11,3,3,3,6,9,14,4,8,12,14,11,13,12,10,16,8,9,9,1,5,16,6,11,8,9,7,13,5,4,4,5,5,8,7,10,10,6,4,9,38,6,14,10,7,8,5,8,9,12,10,8,,7,4,3,5,8,6,5,9,9,10,10,17,12,9,11,8,6,7,5,5,8,4,5,,5,5,7,8,8,13,6,6,,2,3,2,2,12,15,9,7,13,14,6,11,6,7,2,3,3,3,3,8,7,8,5,19,8,5,8,5,7,5,4,7,5,9,12,12,13,8,11
20231004,13,NO2,10,2,6,11,19,10,8,7,5,5,5,8,,,8,,12,11,12,,9,,9,8,,8,12,,19,22,24,16,24,21,21,,2,5,,1,,16,20,16,,4,,28,40,28,11,,4,11,,3,3,,5,5,1,3,4,3,7,1,14,10,,11,9,9,6,7,16,,14,20,24,17,14,,,20,18,14,15,,,6,13,,,8,6,7,8,,8,8,,6,6,6,10,14,,4,11,13,8,16,9,8,3,10,9,12,11,9,5,5,11,4,,5,4,4,5,12,6,5,4,11,10,8,8,5,9,5,11,19,19,13,12,,17,9,17,12,11,15,12,6,12,12,10,12,13,9,,5,2,6,10,8,8,8,10,9,7,7,12,,,,22,15,,19,12,12,,,,10,,8,12,11,13,14,10,13,9,10,,,,2,7,,10,5,9,9,8,,22,10,10,10,11,9,4,5,,7,,10,10,,23,21,,20,22,18,,26,16,17,20,16,16,,,,8,15,10,4,2,10,8,,14,,,18,,9,9,,11,6,8,7,5,4,,16,14,9,9,13,9,10,9,18,15,11,7,10,4,11,21,19,15,,,5,6,5,5,,8,18,12,9,9,,18,10,,,10,22,20,25,,20,19,27,16,14,,,23,23,25,18,22,18,30,31,25,32,33,31,33,42,,25,24,19,31,17,30,18,,13,22,16,8,9,7,,11,11,13,,8,18,9,,11,24,24,10,11,10,10,10,14,12,14,13,6,7,,15,9,7,18,12,7,16,11,17,16,22,12,,17,11,8,17,14,14,,15,11,13,10,,,13,9,19,9,7,4,6,8,10,19,15,,7,6,11,10,17,7,11,6,,,12,6,6,10,,14,17,15,25,15,23,21,,,24,30,27,17,26,,15,15,13,15,,,20,6,6,12,5,6,5,7,6,6,6,,10,9,11,10,16,10,8,6,7,5,6,6,21,24,30,21,23,18,21,12,,22,15,26,26,,,,16,35,,,,,12,,,,12,10,49,58,16,33,45,,12,14,10,13,10,11,16,18,13,17,16,,9,14,8,9,,14,8,9,8,11,9,13,11,9,,5,12,10,8,11,8,12,11,18,11,14,7,5,9,10,14,9,,,17,,18,16,22,12,12,,18,13,,,15,16,9,,,15,17,18,,16,19,14,16,16,8,,10,8,12,,,,,,,43,,34,27,16,,16,14,16,16,5,10,,10,,,3,,1,3,2,10,16,14,7,7,,5,10,16,9,8,7,6,11,8,9,6,4,7,8,4,4,5,5,5,7,,6,4,10,,8,3,,2,4,6,5,7,,8,6,,,38,34,,,,7,7,5,8,50,60,,60,50,,36,31,,29,,36,27,34,,40,25,10,14,8,,7,10,8,13,8,9,,5,6,5,4,3,5,10,14,14,12,15,10,12,6,6,7,5,8,10,6,,9,,6,6,6,,6,5,6,4,2,4,5,8,6,8,5,15,15,6,,17,8,13,,6,15,15,18,12,,20,17,6,,25,,31,29,13,15,,48,38,,,,30,,36,,35,,,,29,32,19,31,18,,,,34,22,12,24,9,9,,15,18,18,18,11,7,,7,,,2,8,15,4,6,5,8,6,12,4,3,5,4,6,8,9,11,10,7,6,6,7,13,12,9,,18,13,18,14,,6,12,6,4,16,15,17,23,,,,,9,11,,9,4,18,8,14,12,9,12,8,8,5,10,5,4,,16,15,,12,11,28,,18,23,,35,11,12,20,16,21,21,18,17,27,33,29,28,,,12,7,5,4,10,9,37,32,,18,14,24,11,5,,,28,,,,,16,,,,,,,,,,,,,,,,9,,,,,,,,,,,,,,,,,,,,,,,,,,,,,,,,,,,,,,18,10,10,12,13,16,12,15,21,,,,33,33,34,30,,,14,17,13,12,14,31,,32,31,16,,,13,18,,9,8,28,,30,,17,13,,,8,6,,,4,6,2,,,4,3,3,5,9,8,5,8,7,7,2,7,12,7,4,6,4,6,11,5,4,6,5,3,,,6,3,,5,4,7,6,5,4,12,3,9,11,5,7,,,4,6,7,5,4,2,4,13,4,8,2,3,3,5,4,8,2,,,3,5,5,2,9,6,,2,3,5,,10,4,9,,8,11,14,8,5,17,10,,10,13,14,15,12,11,18,19,,17,4,4,12,8,6,,9,,14,,,,11,9,8,7,,9,,18,,16,23,20,7,5,6,6,,4,8,6,,,4,5,4,,6,2,3,,,11,4,5,3,7,5,6,15,15,18,14,14,18,16,15,,7,4,9,10,13,,5,12,9,8,11,16,11,13,25,,17,17,18,3,11,8,5,8,10,10,6,,35,37,38,,49,,49,26,,21,24,21,,25,10,18,15,15,,22,21,18,13,13,12,12,,15,15,17,12,18,,19,16,6,17,8,6,24,23,18,15,17,22,,14,13,14,,11,11,,6,4,,13,,7,14,8,10,20,16,13,10,10,17,16,3,16,11,12,14,5,14,10,11,10,10,13,12,10,15,6,9,9,8,7,4,6,4,5,2,3,8,6,11,5,5,11,15,9,10,11,13,22,8,17,7,7,9,9,4,5,5,3,6,8,11,8,9,8,8,8,9,,12,4,4,5,7,,7,3,9,11,11,,13,16,10,23,29,28,13,16,21,,,,6,12,,8,14,17,16,19,20,,13,12,7,,,,,,4,6,9,5,7,,5,,2,2,3,4,3,7,,6,3,6,3,,,,,2,5,10,8,5,5,14,,2,4,5,4,5,,5,4,6,6,6,6,3,3,,3,4,4,5,6,8,5,3,9,,6,8,,6,8,,4,5,6,,5,,2,,3,4,4,10,7,11,15,15,15,16,9,15,13,10,,11,12,,15,18,11,,14,19,13,13,10,9,,13,7,2,8,,,12,4,8,,6,12,9,2,3,6,17,,16,,,29,14,10,6,15,18,9,10,12,,15,10,20,13,13,7,44,26,19,,,24,23,32,5,,12,8,13,8,7,15,51,2,9,12,3,23,28,,33,6,7,11,22,14,16,,10,,25,15,,8,6,6,5,21,15,8,5,8,17,5,,,8,5,15,8,,9,9,10,8,,21,9,,,16,7,14,4,14,21,17,14,9,9,10,26,20,16,31,,8,25,,6,4,8,7,9,3,4,10,,34,12,10,6,9,39,34,9,8,23,3,21,4,22,10,,3,3,2,8,,2,14,32,22,13,26,6,9,8,44,37,23,9,20,23,11,21,38,8,13,23,25,7,8,15,12,,,11,5,11,17,12,2,9,10,,6,32,16,9,11,7,38,4,17,,5,13,15,8,13,20,8,,5,14,14,16,16,20,13,8,2,9,9,7,1,14,9,18,4,12,4,4,,4,5,9,15,11,20,18,25,10,15,6,7,17,7,5,4,5,15,11,2,2,8,8,11,5,11,10,13,,9,17,17,47,35,20,24,15,16,19,3,4,5,11,19,11,10,6,14,14,13,,7,21,18,21,,16,8,18,20,24,16,13,9,18,,16,18,20,43,3,4,5,,10,7,19,16,11,11,3,12,5,5,6,6,10,12,14,16,13,13,,11,18,20,4,8,11,2,8,7,15,11,12,6,15,3,5,6,4,12,6,4,,39,23,32,15,14,7,5,4,2,11,24,9,7,11,7,12,16,5,11,1,32,15,6,12,10,5,9,12,,12,11,16,25,39,38,43,54,30,18,9,4,2,14,3,21,16,3,12,7,12,15,12,13,20,20,16,8,30,26,10,16,19,11,18,22,,8,12,15,9,11,9,6,8,7,5,4,10,4,9,4,2,7,6,8,13,12,7,1,3,3,2,1,,13,10,14,9,14,15,5,5,10,22,14,19,6,18,8,9,8,8,53,43,24,8,,14,,1,1,2,12,28,13,2,11,8,10,5,4,6,7,10,39,31,37,14,10,34,25,30,17,14,15,8,26,14,20,17,12,22,14,11,11,10,14,20,35,28,12,2,13,6,20,10,14,7,16,17,,7,4,24,26,9,10,10,32,20,27,28,7,42,18,36,23,33,31,12,14,21,17,11,,7,2,23,10,16,24,49,14,,8,11,4,9,8,7,38,21,10,10,7,41,12,2,2,4,8,5,5,6,8,4,14,43,10,8,14,5,21,,4,5,6,17,16,8,23,10,8
20231004,13,NO2_24h,20,5,19,17,26,22,22,28,17,6,24,26,,,27,,24,28,31,,26,,32,30,,38,28,,39,30,36,32,31,30,18,,26,37,,36,,29,63,28,,19,,35,48,32,45,39,37,59,,65,15,,18,19,13,30,26,28,29,10,23,27,,26,30,25,25,32,37,,25,45,37,30,55,,,53,61,59,65,43,,20,27,,,21,13,14,16,,15,18,,14,11,13,16,20,,6,18,18,17,20,18,18,15,20,19,15,23,17,15,13,14,9,,15,15,16,9,11,12,11,13,18,18,18,17,9,14,16,14,22,23,16,15,,21,14,18,17,22,25,19,22,20,21,18,22,20,16,,18,15,20,26,14,21,16,18,17,16,16,31,,,,28,23,,34,24,27,,,,18,,24,27,27,29,33,27,19,24,26,,,,18,18,,20,17,15,16,15,,22,28,32,30,35,34,13,18,,14,,26,21,,24,21,,24,22,19,,28,19,18,19,16,16,11,,,13,12,10,15,8,16,18,,19,,,25,,18,16,,9,7,9,8,7,6,,21,19,13,15,18,13,14,14,22,19,15,12,15,10,14,29,17,20,,,7,8,9,7,,13,17,12,9,10,,12,9,10,,10,19,25,32,,29,28,35,25,10,,,21,30,22,23,30,29,25,26,22,30,25,25,29,27,,20,19,17,20,17,23,16,,15,15,15,8,7,7,9,10,10,11,6,5,35,25,,34,43,24,24,31,20,33,12,18,20,21,21,18,21,,13,16,12,26,10,10,11,10,21,26,25,18,,14,32,24,16,13,12,,14,15,12,13,,,21,13,21,24,16,14,14,26,24,36,17,,10,11,16,12,16,18,19,27,,9,19,9,10,8,,21,15,17,25,15,23,21,,,19,29,17,21,24,,17,14,16,16,,,19,8,7,14,5,7,5,11,10,9,7,,17,8,12,13,16,15,16,15,13,9,14,7,25,22,29,22,25,18,22,14,,17,23,23,25,,37,,32,42,,,,,18,,,,37,27,57,52,36,49,38,,15,14,10,12,9,10,14,17,13,16,14,,9,12,10,18,,17,14,17,16,40,22,21,25,34,,13,14,14,14,12,13,18,17,19,16,16,15,15,21,12,15,11,,,38,,31,37,36,27,22,,27,24,,,36,44,39,47,,24,28,27,,40,36,31,46,23,17,15,14,8,26,,,,,,,24,,28,23,22,33,35,27,38,11,8,13,,32,,,6,,3,6,8,14,15,13,13,10,,14,13,11,10,16,8,11,10,11,15,17,14,17,6,5,4,15,10,12,7,,7,10,12,,9,8,,9,10,15,14,5,,22,10,,,30,25,,,,21,18,13,19,28,34,,30,29,,30,34,,31,,64,65,49,,64,22,17,20,18,,12,16,16,22,15,15,,16,18,12,9,10,12,12,22,32,14,14,15,16,22,14,14,12,11,16,14,14,11,,7,8,8,,8,20,26,19,16,21,9,11,8,13,10,22,28,12,,21,11,22,,9,13,15,18,11,,19,17,5,,30,,33,30,19,21,,30,26,,,,22,,29,,29,,,,33,25,20,31,18,,,,26,23,13,19,18,16,,11,17,13,14,13,5,,12,,,3,10,13,6,4,5,11,8,12,8,5,6,9,12,18,20,17,20,20,5,4,9,15,13,14,,23,26,25,22,,9,16,15,8,16,15,12,16,,,,,15,12,,11,5,14,9,12,12,10,12,7,7,5,8,10,9,,16,17,,26,31,31,,27,31,,36,14,12,28,20,24,32,25,28,24,33,29,26,,,13,7,27,23,39,28,11,16,,13,9,42,32,17,,,27,,,,,21,,,,,,,,,,,,,,,,16,,,,,,,,,,,,,,,,,,,,,,,,,,,,,,,,,,,,,,15,19,11,19,24,27,21,21,29,,,,25,27,27,35,,,28,34,29,28,32,42,,50,45,16,,,17,22,,43,41,40,,34,,16,14,,,10,7,,,9,10,10,,,6,5,9,12,12,10,7,13,13,11,8,15,16,16,11,16,10,10,15,10,12,13,15,16,,10,10,5,,7,8,10,14,9,7,12,6,16,21,13,15,,,14,13,10,17,9,9,9,15,4,6,11,6,18,14,15,18,4,,,7,17,11,2,9,7,,3,12,14,,19,18,17,,17,16,21,14,14,21,27,,14,17,24,20,15,13,14,16,,13,7,8,9,15,13,,22,,32,,,,17,14,13,11,21,19,,15,,18,28,23,8,5,7,8,,14,17,16,,,10,12,11,,13,16,11,,,11,4,8,7,10,6,8,23,18,23,17,12,16,16,15,,7,6,9,7,9,,6,12,11,8,12,11,13,15,31,,30,26,15,3,10,8,5,8,14,16,14,,32,29,30,,36,28,35,19,,18,25,29,,27,24,26,20,23,,24,20,18,18,18,15,25,,19,14,15,14,10,,20,14,6,23,6,5,25,30,28,26,17,19,,15,14,14,,11,9,,6,5,10,14,,9,13,14,10,15,15,10,10,9,12,12,8,10,11,12,11,6,12,8,9,10,11,12,11,10,13,8,11,10,9,8,4,6,4,6,3,4,9,7,10,6,5,8,11,28,31,26,30,14,12,13,20,20,18,20,12,11,9,6,9,12,16,13,13,14,12,11,19,,15,11,11,6,7,,8,6,12,11,12,10,14,15,17,14,20,17,12,13,23,,,,7,11,,8,15,23,21,25,24,,21,13,10,,,,,,9,9,13,9,9,,4,,7,4,9,6,7,9,,7,3,6,4,,,,,3,4,7,5,5,7,8,,2,6,6,10,11,,9,9,6,10,8,8,6,7,,5,6,6,7,12,9,5,10,10,,8,12,,8,12,,5,6,10,,7,,10,,2,4,9,10,10,12,38,50,53,48,8,15,13,13,,29,23,,11,11,20,,16,15,28,26,13,11,,13,11,6,16,,,15,13,16,,7,12,13,4,8,10,24,,21,,,24,21,14,15,26,26,40,36,9,,24,15,8,14,21,13,37,43,35,,,34,24,30,6,,17,18,23,14,10,23,21,21,46,36,18,30,43,,40,14,19,18,16,25,19,,26,,32,26,19,7,15,16,9,12,24,15,12,8,21,5,,,25,14,18,21,,28,31,29,7,,25,21,,,37,19,34,11,24,24,26,21,26,20,11,25,15,14,36,,26,21,,11,10,15,14,15,7,8,29,6,30,19,8,8,34,29,30,10,14,53,4,42,11,45,12,,5,5,4,12,,18,27,32,23,16,23,12,15,12,29,24,24,17,28,18,29,29,31,10,26,18,34,8,7,15,17,,,32,18,38,16,31,4,16,19,,16,22,14,19,45,8,25,18,16,,13,34,33,15,21,12,8,21,7,15,20,20,23,25,19,12,14,18,17,14,9,16,11,22,21,22,9,11,23,13,11,24,41,30,32,28,36,12,27,17,9,15,16,17,15,7,16,17,12,7,32,23,33,24,16,13,22,17,17,16,17,37,26,24,21,17,21,23,6,7,8,13,14,14,12,7,13,19,11,14,6,26,15,20,,17,13,14,26,45,26,33,12,30,,33,37,39,25,11,8,9,,15,10,24,32,7,11,6,15,13,6,21,13,17,21,17,22,15,15,15,14,15,37,12,11,16,9,19,13,17,31,23,7,30,24,16,16,15,12,12,14,21,57,23,43,17,16,19,9,6,6,23,12,11,8,9,14,7,17,10,22,27,28,46,13,26,47,16,10,20,23,22,31,20,26,21,33,25,31,27,21,29,13,7,14,3,21,17,10,20,19,14,21,21,17,50,14,36,27,24,31,20,33,39,14,25,34,,26,45,49,54,23,38,17,21,13,14,8,21,15,11,15,4,10,13,12,10,9,5,1,11,5,3,3,,14,11,26,10,17,14,7,6,12,19,17,23,7,24,9,24,16,19,29,30,46,24,,44,36,32,37,39,44,40,23,26,52,33,45,34,30,27,32,37,33,22,35,24,24,37,19,29,18,15,16,22,29,20,21,24,11,13,27,22,33,15,11,35,55,25,18,4,20,10,22,16,21,13,21,19,,14,18,32,34,14,15,11,30,33,37,53,39,26,19,26,28,30,27,13,14,24,24,16,,10,4,11,13,16,31,25,15,,15,25,7,22,19,11,27,28,17,21,17,35,12,25,34,16,14,20,28,20,22,6,22,33,14,10,18,12,12,7,17,7,5,22,40,24,37,14,15
20231004,13,O3,53,56,63,57,56,61,57,68,69,46,50,60,,,80,,83,80,90,,85,,77,88,,80,77,,90,112,78,103,96,96,96,,77,81,,77,,83,89,74,,74,,106,104,110,91,,81,82,,89,82,,79,77,86,75,74,81,77,78,64,69,,70,86,86,85,95,91,,125,117,123,126,79,,,74,76,78,80,80,,71,70,,,83,80,80,82,,74,75,,76,78,75,77,70,,75,84,82,86,76,86,95,89,85,82,90,65,66,70,70,65,71,,68,73,70,63,50,64,55,59,57,60,56,60,64,57,64,97,97,96,101,105,,103,112,92,99,115,107,119,107,100,105,110,106,110,96,,109,118,112,121,111,122,122,112,104,118,110,142,,,,105,121,,122,125,124,,,,124,,117,112,116,118,121,117,112,118,119,,,,128,120,,137,129,133,131,130,,133,129,140,138,131,136,134,144,,131,,135,127,,90,80,,88,84,74,,79,91,86,74,90,91,92,,,93,84,95,100,101,121,90,,100,,,101,,102,96,,97,102,98,94,109,104,,100,105,77,83,82,94,94,96,86,74,86,90,85,88,78,71,78,90,,,134,124,121,121,,152,156,58,67,70,,60,61,69,,64,136,126,119,,132,133,136,143,132,,,162,163,162,168,170,168,33,36,33,34,30,28,34,23,,35,37,41,26,44,34,40,,58,38,27,37,35,42,42,38,44,38,42,24,144,109,,118,134,162,104,125,102,124,115,125,109,134,132,94,103,,137,103,104,136,232,158,210,174,140,141,124,153,,148,138,141,194,189,179,,153,135,138,146,,,130,133,117,116,121,138,93,104,122,111,131,,123,119,128,120,121,115,105,104,,58,60,96,68,16,,11,13,16,8,13,27,24,,,17,11,9,19,15,,41,45,42,41,,,45,47,92,90,77,84,82,75,82,93,85,,58,47,46,45,45,46,60,60,56,57,58,48,42,37,37,38,36,43,27,57,,32,35,35,29,,80,,74,66,,,,,,,,,80,74,30,27,58,45,33,,58,33,43,48,45,38,35,33,37,35,36,,33,41,50,83,,80,82,86,82,78,75,73,74,76,,80,76,79,86,82,78,77,83,83,80,84,86,89,90,160,160,158,,,140,,125,135,127,127,105,,102,122,,,116,126,121,121,,136,130,140,,127,126,130,144,128,130,,132,125,124,,,,,,,51,,57,106,128,124,130,141,142,133,113,116,,171,,,81,,82,83,90,124,153,156,96,126,,122,119,131,126,122,128,95,101,95,79,103,83,110,102,87,79,90,88,91,127,,120,103,108,,66,81,,97,84,96,113,116,,115,50,,,68,73,,,,78,74,81,78,51,56,,47,64,,23,38,,50,,80,89,89,,77,96,84,78,87,,77,77,74,70,77,72,,78,73,78,75,74,76,73,73,70,74,68,71,81,84,88,81,83,76,76,78,77,73,,41,41,42,,43,75,71,73,73,74,50,42,50,45,52,82,87,86,,91,94,96,,96,66,64,69,58,,69,67,62,,36,,24,24,39,36,,70,68,,,,32,,33,,30,,,,58,41,56,32,40,,,,23,42,46,26,68,69,,34,32,33,33,47,56,,78,,,75,70,55,57,73,73,98,96,107,70,77,84,90,126,120,125,119,127,109,74,83,62,53,52,56,,36,44,42,51,,64,82,73,55,64,34,23,18,,,,,52,49,,50,27,25,32,30,27,31,61,55,55,60,65,51,52,,35,41,,75,76,22,,42,32,,24,67,90,72,74,76,63,74,72,31,30,29,26,,,69,108,88,89,82,87,35,44,,88,59,67,78,98,,,126,,,,,170,,,,,,,,,,,,,,,,161,,,,,,,,,,,,,,,,,,,,,,,,,,,,,,,,,,,,,,33,79,65,77,80,83,87,83,85,,,,50,59,51,56,,,41,61,70,72,68,85,,82,74,48,,,42,47,,88,79,42,,45,,69,75,,,78,65,,,86,88,76,,,59,64,76,81,109,102,104,80,74,74,73,79,78,68,74,75,76,77,66,75,83,81,78,78,,,70,80,,77,82,72,73,71,62,73,76,72,74,78,52,,,71,60,60,60,68,66,63,50,92,58,66,52,59,56,58,56,70,,,91,43,36,,45,45,,63,117,115,,114,113,119,,109,103,109,104,101,104,118,,61,65,68,65,61,60,64,68,,70,72,73,39,113,113,,97,,95,,,,82,86,90,81,86,98,,63,,66,68,60,122,121,137,132,,91,91,93,,,95,96,101,,85,84,84,,,138,44,49,48,49,43,42,23,26,25,31,,51,58,57,,29,32,32,29,23,,78,81,80,85,93,90,91,95,18,,30,28,27,53,50,46,47,49,78,100,97,,86,85,86,,29,40,31,73,,79,77,72,,61,78,78,73,77,,60,59,56,61,72,75,83,,74,67,66,38,32,,26,37,96,65,64,84,67,67,77,79,28,30,,51,56,48,,51,52,,34,32,40,43,,63,57,57,36,31,43,39,45,48,42,38,49,59,62,63,66,54,53,51,56,55,37,47,44,42,37,78,62,76,68,68,49,50,53,59,51,39,65,60,53,65,37,54,48,135,,119,116,91,87,98,104,114,98,131,113,105,107,87,114,125,136,131,98,110,88,91,97,,130,96,111,66,47,,56,40,34,34,34,45,48,43,47,26,36,38,41,58,42,,,,25,21,,25,30,28,32,29,22,,51,54,47,,,,,,57,55,53,57,26,,42,,51,63,60,58,55,58,,57,60,57,70,,,,,60,59,74,75,71,71,72,,85,52,49,69,80,,44,44,45,52,42,42,38,35,,56,55,61,58,58,82,41,58,59,,51,48,,55,55,,48,52,50,,52,,117,,43,44,68,52,56,52,73,67,71,69,55,38,35,60,,110,104,,52,49,86,,70,61,87,86,101,102,,77,78,107,96,,,80,98,91,,108,82,87,52,52,85,54,,48,,,43,80,94,88,97,87,94,84,84,,82,79,74,55,56,89,54,66,68,,,52,47,48,63,,71,82,80,59,79,112,37,111,85,80,77,99,86,,36,78,117,122,80,91,101,,100,,159,123,43,92,50,48,105,43,111,75,72,20,94,34,,,68,94,93,82,,71,75,80,35,,108,131,,,161,126,130,140,115,120,172,160,141,116,60,6,14,14,37,,85,48,,101,82,67,60,105,87,59,173,55,32,63,56,123,80,44,81,136,84,136,67,129,54,110,72,,76,75,70,53,,77,79,6,71,54,43,74,80,75,68,31,45,39,25,38,119,42,28,70,81,66,153,47,53,32,32,,,92,113,91,71,140,114,69,117,,94,38,51,112,87,139,25,91,72,,81,89,89,118,107,45,102,,109,89,105,97,95,94,99,104,72,79,80,84,84,87,124,140,116,117,119,135,,120,106,112,115,115,142,150,182,74,124,118,122,158,119,121,110,110,99,134,121,86,88,78,77,80,87,110,111,,101,70,64,32,35,66,61,70,36,33,64,69,64,75,22,19,25,32,24,22,23,9,62,42,31,34,,39,61,39,172,126,126,156,128,162,,135,105,111,44,54,52,53,,84,92,73,68,34,51,78,128,125,111,94,118,129,93,116,89,103,111,89,75,86,153,64,68,78,85,106,110,96,112,135,120,122,124,130,127,119,167,121,131,,48,59,47,62,78,101,119,79,81,92,180,131,109,140,95,126,190,106,85,92,120,92,77,81,78,118,76,85,98,101,100,73,32,24,85,35,23,49,78,85,61,56,17,50,18,38,76,56,54,47,29,45,45,114,141,132,131,69,73,142,134,131,157,141,121,,128,127,125,141,78,80,99,74,74,54,127,141,91,156,84,92,85,121,94,109,54,55,86,60,70,76,71,,98,74,73,67,69,29,51,52,44,69,87,95,117,93,100,76,75,86,53,60,86,83,,129,75,79,81,75,68,113,128,84,86,84,90,89,86,82,83,79,38,27,27,30,74,85,52,38,17,18,22,142,18,31,41,38,26,81,73,85,84,36,45,74,78,56,76,94,130,109,161,155,145,126,102,80,,95,119,31,29,75,61,48,139,130,106,119,148,52,42,42,46,19,20,33,37,87,109,101,,41,61,162,89,44,30,68,46,,55,64,62,58,79,63,52,128,81,76,96,16,63,82,78,70,69,54,65,81,86,66,111,84,75,52,67,53,80,76,118,61,54,42,156,138,162,76,112
20231004,13,O3_24h,161,148,165,159,161,174,155,164,157,155,145,152,,,152,,142,142,164,,162,,141,151,,142,139,,183,187,180,181,183,182,175,,155,159,,150,,157,153,154,,150,,160,159,158,187,75,175,169,,191,116,,118,119,122,140,135,144,130,130,154,160,,157,150,145,141,155,144,,168,167,179,168,144,,,162,144,143,143,120,,93,87,,,101,100,105,106,,141,136,,145,140,144,144,143,,142,152,153,156,146,155,174,165,151,149,153,129,133,137,140,142,144,,133,145,137,82,63,75,69,73,67,76,70,73,77,60,72,99,98,96,105,108,,104,114,95,101,115,107,119,107,100,105,110,106,110,266,,115,118,112,121,111,122,122,112,104,118,110,142,,,,115,128,,123,125,124,,,,124,,117,112,116,118,121,117,112,118,119,,,,128,120,,137,129,133,131,130,,133,129,140,138,131,136,134,144,,131,,135,127,,154,100,,136,114,118,,105,123,150,106,136,165,142,,,135,145,159,136,132,136,123,,128,,,101,,102,97,,125,129,124,116,127,121,,166,172,157,156,152,124,134,134,91,74,88,92,85,89,82,72,80,95,,,148,137,142,122,,152,156,98,105,107,,102,110,107,,104,140,133,129,,142,139,142,143,132,,,163,167,162,168,170,168,136,138,144,134,134,144,132,131,,60,54,61,62,63,58,65,,70,71,36,48,47,45,42,45,44,39,45,31,185,205,,198,205,224,167,198,138,200,151,186,180,170,183,115,151,,137,127,115,206,232,158,210,174,214,189,183,195,,181,194,180,196,209,181,,178,173,138,159,,,188,201,188,116,121,138,125,137,160,163,144,,123,119,128,120,121,115,105,104,,75,79,96,78,42,,36,27,54,50,35,56,39,,,28,45,39,34,88,,84,89,86,79,,,89,110,92,90,84,84,82,75,82,93,85,,68,66,70,72,73,70,74,75,69,75,71,71,100,94,106,95,97,91,101,91,,114,113,93,107,,80,,74,71,,,,,148,,,,162,151,119,99,131,132,110,,99,43,52,56,56,46,46,39,44,45,45,,42,48,54,117,,133,117,132,135,119,117,127,122,120,,156,165,163,114,113,108,107,172,170,178,170,154,181,169,169,167,171,,,140,,125,136,127,127,152,,147,148,,,154,165,155,148,,141,134,170,,133,139,138,144,138,144,107,151,151,139,,,,,,,143,,145,133,139,140,137,153,142,158,147,146,,188,,,112,,116,104,140,188,197,182,183,173,,122,119,131,126,122,128,99,109,114,111,103,87,110,131,129,118,90,88,91,127,,120,168,162,,159,169,,129,126,128,133,116,,121,60,,,147,144,,,,118,116,120,112,194,204,,198,212,,140,146,,157,,155,151,158,,156,155,99,97,106,,146,143,146,144,143,139,,147,143,149,144,145,146,126,134,128,138,122,124,155,166,164,150,158,134,133,130,129,136,,63,63,63,,63,75,73,75,78,80,72,77,74,92,82,82,87,86,,91,94,96,,96,80,72,76,74,,87,77,98,,122,,124,118,121,123,,177,170,,,,131,,137,,135,,,,145,142,133,93,93,,,,47,54,58,59,68,71,,55,48,49,52,60,70,,78,,,75,74,71,69,79,87,105,112,107,73,80,84,90,126,120,125,119,127,109,76,83,86,82,96,87,,64,65,62,61,,68,82,74,59,64,84,74,66,,,,,86,84,,87,60,64,60,65,67,61,86,91,96,96,84,81,84,,94,100,,75,76,85,,88,95,,90,69,90,77,84,78,80,84,82,116,112,112,106,,,130,120,164,148,153,161,86,93,,123,82,108,106,111,,,138,,,,,170,,,,,,,,,,,,,,,,161,,,,,,,,,,,,,,,,,,,,,,,,,,,,,,,,,,,,,,44,86,76,82,83,119,120,120,119,,,,133,136,135,134,,,138,125,129,132,131,166,,168,165,105,,,102,122,,147,140,93,,94,,140,146,,,108,67,,,134,131,124,,,91,92,84,86,133,129,121,142,132,133,129,137,151,135,140,149,132,153,136,142,136,139,126,131,,79,129,156,,103,103,104,98,139,131,110,110,106,108,113,75,,,80,73,75,75,80,76,80,68,106,77,72,81,75,67,76,68,89,,,97,75,76,,88,89,,77,117,115,,114,113,119,,109,103,109,104,259,110,118,,61,65,68,65,61,60,78,86,,85,106,101,59,113,113,,97,,96,,,,82,86,90,81,112,111,,67,,66,68,60,132,129,137,133,,91,91,93,,,98,96,108,,113,109,106,,,142,71,87,76,72,78,58,41,42,47,44,104,106,120,108,,122,120,117,120,117,,86,99,101,105,106,111,103,109,79,,77,78,86,97,110,105,107,114,119,144,139,,160,150,153,,144,138,136,127,,141,146,131,,129,149,148,145,144,,127,149,122,134,115,118,117,,114,115,111,38,39,,41,37,96,90,87,100,87,90,95,96,44,47,,99,94,101,,78,79,,56,42,54,54,,91,89,86,36,39,44,63,59,65,65,60,49,59,62,63,66,54,53,51,56,55,93,98,97,96,90,113,88,106,98,84,56,59,53,59,51,42,65,60,53,65,45,62,59,162,167,148,136,91,87,98,108,116,98,131,131,124,122,110,127,125,144,142,98,110,88,94,97,,130,100,118,77,73,,73,76,71,65,72,71,75,69,74,90,90,102,91,105,99,,,,43,44,,39,47,34,40,36,32,,72,76,66,,,,,,82,84,86,86,31,,48,,62,64,68,64,62,69,,96,98,95,98,,,,,107,69,98,97,71,71,75,,85,53,54,74,80,,53,52,47,52,42,44,41,37,,57,58,65,62,77,82,44,62,64,,54,48,,55,60,,58,59,55,,69,,118,,46,44,75,77,79,77,132,122,117,119,55,66,57,99,,110,104,,74,76,112,,127,133,87,86,114,121,,93,91,107,99,,,81,98,91,,108,82,87,57,62,91,147,,143,,,107,80,94,88,124,121,117,110,89,,112,95,93,96,101,104,106,105,102,,,89,87,87,63,,86,116,114,87,79,118,180,205,159,147,146,185,168,,100,137,117,122,148,91,101,,100,,160,154,84,92,64,62,116,81,111,143,140,37,94,56,,,158,161,134,152,,151,156,158,60,,108,131,,,161,126,130,140,124,128,172,160,141,116,98,32,44,69,142,,145,139,,121,172,88,82,105,120,92,191,55,95,95,112,125,146,137,81,159,106,136,67,129,66,146,98,,79,78,75,64,,112,151,24,132,86,100,74,80,77,165,140,103,39,81,63,119,89,140,128,128,82,166,73,53,64,66,,,92,117,151,86,140,118,71,117,,116,150,101,112,147,146,133,160,74,,154,89,89,120,108,81,116,85,109,100,124,104,100,99,100,108,128,125,131,143,126,104,124,140,116,117,119,135,53,120,131,167,187,179,236,215,211,133,185,172,146,168,170,158,110,126,175,189,134,118,144,167,147,147,87,110,111,92,114,70,68,140,147,137,141,116,127,133,80,81,81,84,39,37,42,34,73,50,30,37,62,47,39,75,,84,83,103,172,171,133,188,156,166,,135,154,158,131,66,83,82,,160,92,87,90,56,64,78,128,125,111,108,124,142,96,145,132,124,135,128,85,110,164,142,148,129,124,106,110,96,112,135,120,122,124,130,127,119,167,121,132,70,133,110,116,92,122,159,170,107,115,113,180,145,109,147,159,127,206,151,174,174,162,155,152,166,144,120,79,85,98,101,100,73,138,144,143,139,143,146,144,138,73,96,22,51,71,62,142,85,85,93,81,88,94,144,146,132,160,156,126,142,140,140,162,155,170,,154,156,166,147,140,146,99,161,82,94,129,156,146,167,155,102,118,121,100,109,105,84,86,66,86,76,71,,107,85,73,94,75,29,67,62,65,112,114,140,138,95,119,113,119,129,213,207,167,120,,193,158,154,150,142,156,165,157,177,176,182,199,196,191,188,187,184,146,119,124,118,140,164,138,96,29,60,43,142,113,99,96,111,53,102,120,114,117,72,73,156,153,134,141,109,178,142,214,201,201,126,102,80,,95,119,120,128,84,86,86,155,166,151,153,165,148,139,103,96,89,51,48,50,140,143,174,,63,70,162,102,106,136,168,110,,163,174,147,162,118,71,155,138,116,77,140,142,103,158,152,123,165,154,147,106,100,79,116,168,108,70,98,73,153,147,118,62,59,70,188,138,175,160,112
20231004,13,O3_8h,44,40,56,46,46,48,32,54,52,39,45,37,,,64,,68,70,66,,72,,59,55,,52,52,,40,64,40,50,58,55,119,,64,60,,55,,70,58,69,,69,,49,53,53,48,,39,34,,50,55,,58,55,58,46,40,44,43,50,47,46,,51,64,55,57,34,36,,68,58,65,70,40,,,43,37,35,39,28,,54,49,,,65,67,62,64,,61,62,,56,62,63,62,57,,60,85,82,87,77,94,99,89,78,86,97,47,49,54,56,51,53,,52,57,54,57,46,51,48,54,52,53,48,52,54,49,53,85,87,85,88,90,,90,90,79,84,64,62,70,60,64,59,68,70,67,90,,72,78,77,73,79,75,94,90,82,92,82,70,,,,47,56,,56,55,58,,,,76,,68,67,71,68,70,70,68,69,72,,,,76,82,,78,75,81,84,88,,85,74,84,80,77,75,95,94,,91,,76,75,,65,52,,62,59,52,,54,66,62,53,82,88,88,,,81,82,90,72,91,86,82,,56,,,72,,74,71,,85,91,86,87,95,90,,65,66,67,69,66,83,88,57,60,51,63,66,62,64,56,46,57,58,,,88,87,84,89,,86,82,49,57,61,,52,54,66,,54,86,86,88,,87,85,95,91,98,,,102,97,93,100,98,88,28,30,30,26,24,29,24,21,,38,34,41,34,34,41,41,,46,45,27,35,35,37,34,36,38,34,38,22,44,49,,57,58,74,69,50,42,47,64,70,58,67,69,72,62,,72,65,76,78,108,80,92,85,64,51,50,65,,76,58,52,97,100,87,,64,70,77,72,,,72,68,61,60,61,65,67,63,54,44,64,,62,58,65,56,50,52,52,49,,55,53,62,56,16,,7,7,16,7,6,24,15,,,13,11,7,14,10,,22,26,22,25,,,29,56,80,79,72,74,75,68,70,84,77,,33,33,28,24,30,28,42,38,37,43,38,37,31,32,24,36,23,40,20,48,,25,29,35,22,,68,,63,57,,,,,73,,,,65,59,16,21,18,16,36,,39,29,37,44,39,34,32,29,30,31,33,,28,37,38,65,,72,65,67,69,49,60,42,42,51,,62,61,63,86,80,72,78,68,67,58,67,68,73,72,98,101,105,,,73,,75,69,66,66,64,,56,72,,,78,88,71,68,,87,77,90,,72,72,68,68,80,98,,106,115,78,,,,,,,38,,43,72,79,57,63,78,72,131,121,113,,102,,,60,,60,52,62,97,107,110,88,100,,53,60,66,65,52,58,57,64,60,46,52,46,50,69,68,59,59,59,59,67,,62,68,68,,56,70,,79,70,77,85,60,,49,25,,,51,55,,,,56,51,60,56,26,27,,28,29,,9,18,,26,,29,31,28,,26,95,60,58,62,,58,60,58,49,58,56,,62,56,57,55,53,55,56,59,48,57,52,50,70,63,68,71,67,62,49,51,52,55,,45,45,45,,45,64,59,63,59,65,50,39,47,39,44,50,47,52,,45,54,52,,50,57,53,63,53,,54,57,66,,23,,11,13,19,24,,37,36,,,,22,,22,,14,,,,21,18,42,14,17,,,,13,15,19,13,45,43,,36,34,36,35,47,55,,44,,,48,47,39,34,67,62,66,65,69,44,58,78,48,68,61,57,60,61,58,57,54,46,40,40,36,,24,24,30,21,,37,33,36,31,25,26,18,19,,,,,38,42,,37,24,17,23,24,20,24,42,39,34,41,43,25,27,,27,24,,19,16,9,,14,12,,9,33,44,34,35,34,34,38,40,21,21,22,25,,,75,92,70,63,53,67,48,40,,52,42,43,43,73,,,91,,,,,114,,,,,,,,,,,,,,,,101,,,,,,,,,,,,,,,,,,,,,,,,,,,,,,,,,,,,,,31,50,34,46,48,49,40,54,40,,,,35,33,35,31,,,24,27,47,39,32,42,,46,44,45,,,34,28,,40,36,14,,15,,63,68,,,67,60,,,68,70,66,,,62,65,63,64,92,92,98,67,66,66,67,67,62,52,55,56,58,66,56,61,66,72,62,55,,,52,63,,68,67,59,55,59,58,68,70,36,36,38,54,,,70,55,49,52,60,68,63,49,90,60,62,49,59,57,58,56,70,,,84,49,39,,48,48,,53,75,77,,62,73,73,,61,59,66,61,91,58,69,,41,44,36,45,43,40,51,54,,57,46,42,27,68,75,,66,,59,,,,43,47,44,37,46,54,,39,,36,36,28,97,95,103,107,,45,48,44,,,56,57,50,,51,46,45,,,82,34,36,36,37,32,23,12,16,14,20,39,43,48,46,,30,26,26,27,25,,72,72,75,75,58,56,55,54,8,,13,13,13,47,48,45,44,46,56,71,71,,34,41,44,,30,33,28,62,,56,43,34,,26,43,51,48,55,,40,34,35,37,35,52,46,,54,51,56,29,28,,18,29,64,26,28,29,47,50,50,56,29,27,,33,45,34,,42,43,,41,27,31,31,,44,37,36,26,30,32,30,32,38,34,28,33,40,40,40,38,32,37,38,37,38,22,20,24,23,24,50,48,49,45,52,48,50,48,54,46,21,48,40,42,43,34,44,45,52,91,50,48,48,29,47,50,52,46,65,66,64,64,50,71,66,55,58,66,72,46,51,46,,55,55,62,67,56,,60,28,26,27,22,30,32,26,29,25,33,42,37,23,26,,,,22,22,,22,23,17,20,16,22,,23,31,21,,,,,,34,35,34,41,8,,16,,33,42,41,39,40,39,,46,51,47,58,,,,,74,61,45,46,65,65,32,,72,31,28,47,48,,36,36,25,26,21,21,26,22,,50,52,57,54,22,28,34,35,19,,21,16,,32,28,,34,34,30,,38,,85,,29,28,53,46,50,48,28,24,26,25,33,24,23,38,,96,93,,43,48,69,,53,53,54,54,85,85,,67,72,88,83,,,73,84,59,,92,64,70,51,34,82,54,,47,,,27,48,60,57,66,52,31,29,57,,46,37,34,51,54,80,32,32,35,,,30,36,30,23,,64,41,45,38,42,56,34,60,61,62,63,62,44,,13,56,71,78,83,64,75,,70,,93,73,24,44,23,24,93,31,66,58,55,17,68,36,,,46,60,59,77,,58,61,65,42,,54,82,,,72,78,71,97,55,63,82,83,64,74,48,6,20,14,10,,64,41,,62,74,30,32,92,70,62,105,50,15,28,54,96,58,26,72,116,67,63,62,64,30,50,63,,69,69,66,39,,53,73,5,38,22,28,45,45,42,41,30,30,19,14,40,72,28,17,75,36,51,86,30,32,16,21,,,76,58,39,58,80,94,45,70,,65,22,44,70,44,82,22,59,42,,62,71,78,115,104,37,87,,93,84,83,81,80,72,86,92,37,57,65,69,68,65,71,66,85,73,97,98,,87,55,65,50,57,68,64,71,47,57,68,85,70,57,72,57,60,49,74,81,54,54,62,54,63,52,73,52,62,67,42,42,23,26,25,32,46,26,24,64,68,63,70,16,17,20,27,11,21,20,11,55,32,27,13,,20,35,32,93,65,79,100,103,94,,74,56,64,44,25,30,30,,65,60,36,42,43,38,45,54,62,74,42,66,55,65,67,57,69,65,74,60,67,93,57,55,69,63,64,58,55,79,76,70,74,71,71,76,87,97,85,107,,29,59,37,46,57,62,104,55,52,59,100,75,64,66,65,73,96,69,48,62,60,35,73,66,59,65,54,46,59,71,61,37,19,37,36,28,16,34,52,37,55,46,11,36,16,15,58,24,25,18,19,21,19,58,118,65,99,50,40,90,70,70,116,94,73,,80,72,77,76,56,57,66,48,45,27,94,81,73,105,53,68,51,55,68,51,29,42,72,44,50,47,43,,86,35,42,63,50,18,31,30,26,51,56,62,91,68,91,51,46,49,31,39,32,45,,64,29,41,48,60,34,49,68,53,36,54,46,51,45,44,53,45,39,21,16,16,48,41,24,19,11,18,15,80,17,24,34,29,23,56,38,64,57,20,55,51,23,38,71,55,71,94,67,86,74,55,87,73,,50,61,23,15,67,30,38,88,80,64,59,91,58,43,29,19,8,10,30,31,59,64,72,,43,53,106,79,30,14,42,37,,37,51,61,45,57,20,37,87,65,68,70,7,53,49,62,34,56,34,40,61,61,45,61,45,62,51,55,54,85,66,73,35,42,27,102,73,92,61,100
20231004,13,O3_8h_24h,44,51,56,46,46,48,32,54,83,68,45,37,,,64,,83,74,66,,80,,70,63,,52,52,,40,64,40,55,58,55,137,,64,70,,76,,93,58,100,,90,,49,53,53,48,77,43,34,,50,55,,61,55,58,49,40,44,43,74,47,57,,71,64,59,59,65,47,,68,58,65,70,40,,,43,37,35,39,28,,54,49,,,72,73,67,70,,85,77,,77,78,74,81,74,,95,138,139,137,133,147,143,154,118,122,133,49,53,54,56,60,53,,52,57,54,69,60,58,62,66,64,68,62,65,59,59,65,86,93,85,97,94,,91,95,83,84,64,62,70,60,64,59,68,70,67,90,,72,78,77,73,79,75,94,90,82,92,82,70,,,,53,56,,56,55,60,,,,76,,68,67,71,68,70,70,68,69,72,,,,76,82,,78,75,81,84,88,,85,74,84,80,77,75,95,94,,91,,76,75,,65,52,,62,59,52,,54,66,62,53,88,91,88,,,81,82,96,94,101,102,88,,83,,,72,,74,71,,91,94,93,87,95,90,,86,86,82,88,66,83,88,57,60,51,63,66,62,64,56,46,57,58,,,106,103,95,107,,86,82,52,57,65,,56,60,66,,59,135,86,88,,87,85,100,94,107,,,102,97,95,100,110,88,77,76,86,79,75,79,80,82,,58,51,58,57,63,50,60,,68,58,32,42,42,40,36,41,41,35,41,28,58,61,,57,58,74,69,67,47,47,107,70,76,67,69,72,62,,72,65,76,78,108,80,92,85,69,60,64,65,,76,58,56,97,100,87,,64,70,77,72,,,72,68,68,60,61,65,85,63,54,47,64,,62,58,65,56,52,55,52,49,,57,53,62,56,33,,7,10,16,8,9,26,15,,,16,15,17,14,10,,51,42,40,36,,,46,75,82,82,74,74,75,70,73,88,78,,33,41,28,24,30,28,52,55,57,47,58,54,32,32,25,36,25,40,20,48,,44,29,35,22,,68,,63,57,,,,,87,,,,65,59,82,21,73,81,82,,62,30,40,45,42,34,36,30,31,32,33,,28,38,41,65,,72,70,72,69,49,60,55,42,51,,135,148,137,86,80,72,78,99,113,84,67,77,86,85,98,101,105,,,73,,75,69,66,66,86,,76,72,,,78,88,71,68,,87,77,90,,72,72,68,68,80,99,113,116,115,78,,,,,,,73,,43,77,98,59,63,78,72,131,121,116,,124,,,62,,73,59,66,126,130,118,130,124,,56,60,66,65,52,61,59,64,60,46,52,46,50,106,107,98,59,59,59,67,,62,68,68,,116,123,,110,120,113,103,65,,49,25,,,58,69,,,,56,51,73,62,75,60,,70,70,,42,35,,46,,29,31,28,,38,128,69,65,62,,125,118,130,116,111,124,,93,96,96,90,96,79,122,70,85,123,104,96,73,72,68,72,70,76,76,75,61,75,,49,54,53,,53,74,71,69,71,69,50,54,52,59,58,62,52,63,,59,66,62,,50,80,68,74,72,,86,77,94,,54,,12,20,45,40,,56,52,,,,59,,58,,28,,,,62,61,64,14,17,,,,13,15,19,13,45,43,,53,42,45,40,47,55,,44,,,48,47,52,34,76,68,72,70,76,44,61,78,48,68,61,57,60,61,58,57,54,46,44,48,40,,54,58,58,52,,37,33,36,32,25,26,28,21,,,,,38,42,,38,33,26,32,30,29,30,42,40,34,41,43,39,44,,27,24,,19,16,28,,14,12,,9,36,44,34,35,34,34,38,40,36,35,40,36,,,103,98,70,68,66,67,86,93,,76,75,43,43,73,,,91,,,,,114,,,,,,,,,,,,,,,,101,,,,,,,,,,,,,,,,,,,,,,,,,,,,,,,,,,,,,,31,50,52,46,48,54,67,60,52,,,,54,35,46,46,,,36,27,52,41,32,42,,46,44,50,,,50,36,,40,36,14,,15,,87,90,,,68,60,,,68,70,66,,,65,68,63,64,92,92,98,67,66,66,67,67,111,92,106,94,70,72,67,61,66,72,62,55,,85,52,78,,97,102,82,94,61,58,68,71,52,59,49,72,,,78,55,49,52,60,68,80,60,101,62,62,59,65,58,69,62,73,,,84,74,68,,62,62,,60,75,77,,62,73,73,,61,64,66,61,91,58,69,,49,52,36,55,49,52,51,54,,57,54,50,33,68,75,,66,,59,,,,43,47,44,37,46,54,,40,,52,41,47,102,103,115,114,,45,48,44,,,56,57,50,,51,46,45,,,88,34,36,36,37,32,28,12,16,14,20,59,55,66,59,,39,37,34,35,34,,72,72,75,77,83,85,80,82,8,,13,13,20,47,53,50,46,50,56,71,71,,58,71,73,,46,60,55,84,,74,71,65,,56,43,51,48,55,,69,70,63,62,62,61,46,,54,54,56,29,28,,27,29,64,26,28,29,47,50,50,56,29,33,,54,66,60,,52,51,,41,35,40,45,,44,37,36,34,36,32,36,33,38,36,31,44,58,55,53,52,33,47,46,43,46,40,39,42,39,37,52,54,52,51,55,56,59,48,54,51,21,48,40,42,45,34,44,45,52,96,50,48,48,30,47,50,52,46,65,66,64,66,50,71,66,55,58,66,72,46,51,46,,55,55,62,67,72,,73,31,33,36,33,42,47,42,44,49,50,57,50,26,47,,,,25,26,,23,31,30,32,26,28,,42,35,21,,,,,,54,56,51,54,8,,16,,39,42,41,39,40,39,,62,63,61,63,,,,,75,64,45,46,65,65,32,,72,31,28,47,48,,37,42,25,26,21,21,29,31,,50,53,58,54,22,28,34,35,19,,21,16,,32,28,,46,47,48,,49,,86,,46,44,53,67,71,64,28,24,26,25,36,24,23,38,,96,93,,62,70,87,,81,81,54,54,96,100,,67,72,88,83,,,73,84,59,,92,64,71,51,34,82,54,,47,,,44,48,60,57,66,61,52,43,57,,79,48,34,77,70,80,32,32,35,,,30,39,30,29,,83,53,57,68,42,56,89,68,61,70,72,62,44,,13,66,71,78,84,64,75,,70,,93,73,45,44,23,24,99,36,66,74,76,20,68,38,,,71,86,59,85,,62,62,65,42,,54,82,,,72,78,71,97,72,63,82,97,64,74,68,12,24,14,32,,64,62,,62,131,43,48,92,72,67,118,55,26,28,60,99,58,54,72,116,67,63,62,64,35,64,63,,69,69,67,53,,54,101,6,69,39,50,45,45,42,51,76,51,19,14,54,72,28,25,103,42,51,86,30,34,16,21,,,76,72,40,86,80,102,47,70,,91,62,58,70,44,88,68,98,42,,71,71,78,115,104,37,92,77,95,91,90,88,81,72,86,92,37,57,65,83,68,70,71,66,85,73,97,98,54,87,55,65,50,57,68,64,71,58,57,71,85,70,57,72,57,60,72,74,108,54,54,76,56,63,62,73,52,62,67,42,42,38,67,75,63,55,26,62,65,70,65,72,16,21,22,27,22,31,21,19,55,32,38,45,,41,48,51,96,65,79,110,110,94,,74,56,64,46,25,46,38,,132,60,37,42,43,38,62,54,62,74,42,70,55,65,96,57,80,86,74,63,67,93,75,71,69,65,64,58,56,79,76,70,74,71,71,76,87,97,85,107,69,82,76,84,72,64,62,141,55,52,59,100,75,64,66,65,73,96,69,60,62,60,35,112,69,59,65,54,48,65,71,61,40,77,85,55,64,67,86,69,37,55,60,11,41,22,17,58,39,25,39,33,31,38,81,121,65,99,59,55,90,70,70,116,94,73,,80,72,77,76,57,59,66,48,45,27,94,81,73,105,91,70,51,55,68,51,31,44,72,44,50,47,43,,88,35,42,68,50,18,31,32,26,51,59,62,100,68,91,51,46,67,84,62,32,45,,64,29,52,48,60,61,50,112,72,36,54,46,51,58,65,53,45,54,55,54,18,48,41,70,19,13,18,20,80,17,24,34,29,27,100,78,66,57,20,73,55,23,40,89,55,71,125,71,86,75,70,87,73,,68,61,30,16,71,49,38,100,95,64,59,91,81,47,50,28,8,10,37,36,59,64,88,,47,62,106,88,64,14,74,62,,58,51,61,45,58,20,71,87,65,68,70,22,59,92,62,34,86,34,40,66,61,45,62,48,62,66,58,67,93,66,73,38,54,60,102,73,92,136,100
20231004,13,CO,0.2,0.2,0.2,0.2,0.1,0.1,0.3,0.2,0.2,0.2,0.2,0.5,,,0.2,,0.2,0.3,0.3,,0.4,,0.3,0.3,,0.3,0.5,,0.7,0.7,0.6,0.6,0.7,0.6,1,,0.4,0.3,,0.2,,,0.2,0.3,,,,1.1,0.8,0.9,0.6,,,0.3,,0.2,0.3,,0.1,0.2,0.1,0.1,0.2,0.2,0.2,0.2,0.2,0.2,,0.2,0.3,0.3,0.1,0.4,0.1,,1,0.9,0.9,1,0.5,,,0.8,0.5,0.4,0.4,0.3,,0.4,0.4,,,0.2,0.4,0.3,0.3,,0.4,0.4,,0.3,0.3,0.4,0.4,0.3,,0.3,0.3,0.4,0.4,0.4,0.3,0.5,0.3,0.4,0.3,0.3,0.2,0.3,0.2,0.2,0.2,0.1,,0.3,0.3,0.4,0.3,0.3,0.4,0.4,0.4,0.2,0.5,0.2,0.2,0.4,0.5,0.3,0.5,0.7,0.4,0.6,0.5,,0.4,0.5,0.4,0.6,0.3,0.7,0.1,0.5,0.3,0.3,0.5,0.3,0.5,1,,0.5,0.6,0.5,0.5,0.6,0.6,0.2,0.5,0.5,0.4,0.5,0.5,,,,0.5,0.6,,0.4,0.5,0.5,,,,0.3,,0.9,0.8,0.7,0.9,0.7,0.8,1,0.9,0.4,,,,0.6,0.5,,0.5,0.4,0.4,0.5,0.4,,0.2,0.7,0.6,0.8,0.7,0.7,0.4,0.5,,0.4,,0.6,0.8,,0.5,0.5,,0.4,0.5,0.4,,0.5,0.5,0.6,0.6,0.5,0.6,0.5,,,0.5,0.7,0.5,0.5,0.4,0.4,0.4,,0.5,,,0.6,,,0.5,,0.4,0.5,0.5,,0.4,0.3,,0.5,0.5,0.5,0.5,0.6,0.4,0.4,0.4,0.7,0.5,0.6,0.3,0.7,0.4,0.7,0.7,0.6,0.5,,,0.4,0.5,0.5,0.5,,0.4,0.5,0.8,0.8,0.6,,0.7,0.7,,,0.8,0.6,0.6,0.7,,0.5,0.5,0.6,0.5,0.5,,,0.7,0.7,1.1,0.5,0.5,0.7,1,1.1,0.3,0.9,0.8,1,0.9,1,,0.7,0.6,0.6,0.7,0.5,0.5,0.5,,0.5,0.8,0.5,0.6,0.7,0.6,1.1,0.6,0.7,0.5,0.8,0.4,0.8,0.8,,0.7,0.7,1,0.8,0.7,0.7,0.7,0.7,0.9,0.6,1,0.7,0.8,0.5,,0.6,0.8,0.9,0.9,0.9,0.7,0.6,0.9,0.7,0.6,0.6,0.9,,0.7,0.8,0.6,0.6,0.7,0.5,,0.7,0.7,0.7,0.7,,,0.9,0.9,1,0.7,0.8,0.9,0.8,0.7,0.6,0.7,0.6,,0.6,0.6,0.7,0.7,0.5,0.7,0.6,0.6,,0.3,0.4,0.3,0.2,0.4,,0.8,1.1,0.7,0.7,0.9,0.9,0.8,,,1,0.9,1,0.9,1.3,,0.6,0.6,0.5,0.6,,,0.6,0.8,0.5,0.3,0.4,0.5,0.5,0.2,0.3,0.4,0.3,,0.6,0.5,0.6,0.7,0.5,0.6,0.3,0.1,0.3,0.2,0.2,0.2,0.6,0.8,0.9,0.7,0.8,0.7,0.6,0.6,,0.8,0.2,0.7,0.7,,0.4,,0.4,0.5,,,,,0.3,,,,0.4,0.3,0.5,0.7,0.8,0.5,0.6,,0.8,0.6,0.7,0.6,0.5,0.8,0.7,0.7,0.7,0.6,0.7,,0.5,0.9,0.5,0.5,,0.6,0.4,0.6,0.4,0.4,0.3,0.5,0.5,0.4,,0.4,0.5,0.3,0.5,0.6,0.5,0.5,0.2,0.3,0.2,0.2,0.3,0.2,0.5,0.8,0.8,0.7,,,0.7,,0.3,0.4,0.7,0.5,0.6,,0.5,0.6,,,0.6,0.8,0.8,,,0.3,0.5,0.5,,0.3,0.5,0.5,0.5,0.6,0.7,,0.7,0.5,0.3,,,,,,,0.5,,0.6,0.4,0.6,,,0.5,0.6,0.5,0.4,0.6,,0.8,,,0.6,,0.7,0.7,0.5,0.8,0.9,0.7,0.5,0.9,,0.7,0.7,0.8,0.7,0.7,0.6,0.5,0.7,0.5,0.6,0.6,0.7,0.7,,0.7,0.7,0.8,0.7,0.8,0.9,,0.7,0.7,0.7,,0.2,0.6,,0.7,0.6,0.8,0.7,0.9,,0.6,0.6,,,0.6,0.4,,,,0.3,0.3,0.3,0.3,2.1,3,,2.7,2.6,,1.4,1.4,,1.5,,0.8,0.6,0.8,,0.9,0.6,0.2,0.3,0.3,,0.4,0.4,0.4,0.8,0.4,0.4,,0.3,0.5,0.3,0.4,0.3,0.2,0.5,0.4,0.6,0.5,0.4,0.5,0.4,0.4,0.5,0.5,,0.4,0.4,0.4,0.4,0.4,,0.3,0.2,0.3,,0.2,0.3,0.2,0.2,0.4,0.3,0.3,0.3,0.3,0.2,0.3,0.5,0.4,0.7,,0.4,0.7,0.7,,0.6,0.7,0.8,0.9,0.8,,0.6,0.9,1,,1.1,,1.2,1.1,0.9,0.9,,1.5,1.5,,,,0.9,,0.7,,1.1,,,,0.7,0.9,0.7,0.8,0.7,,,,0.8,0.7,0.7,0.7,0.8,0.7,,0.8,0.6,0.8,0.6,0.5,0.7,,0.6,,,0.4,0.6,,0.6,0.7,0.8,0.8,0.9,0.6,0.5,0.6,0.6,0.5,0.5,0.7,0.4,0.9,0.7,0.5,0.3,0.4,0.6,0.7,0.7,0.7,,0.8,0.8,0.8,0.6,,,1.1,0.5,0.5,0.5,0.5,0.7,0.6,,,,,0.5,0.7,,0.6,0.5,0.6,0.4,0.3,0.3,0.4,0.7,0.7,0.5,0.5,0.8,0.8,0.5,,0.7,0.5,,0.6,0.4,0.8,,0.4,0.6,,0.7,0.4,0.6,0.6,0.5,0.5,0.6,0.6,0.5,0.8,0.8,0.8,0.7,,,0.5,0.2,0.6,0.2,0.4,0.2,0.3,0.3,,0.4,0.3,0.6,0.3,0.3,,,0.7,,,,,0.6,,,,,,,,,,,,,,,,0.8,,,,,,,,,,,,,,,,,,,,,,,,,,,,,,,,,,,,,,0.8,0.7,0.7,0.8,0.9,0.4,0.5,0.4,0.4,,,,1.6,1.4,1.4,1,,,0.4,0.5,0.5,0.5,0.5,0.7,,0.6,0.6,1,,,0.8,1,,0.4,0.3,0.6,,0.7,,0.4,0.3,,,0.4,0.2,,,0.4,0.4,0.2,,,0.2,0.3,0.2,0.2,0.6,0.4,0.4,0.4,,0.3,0.4,0.3,0.4,0.4,0.5,0.4,0.4,0.2,0.3,0.4,0.3,0.3,0.5,0.4,,,1.4,0.4,,0.3,0.3,0.5,0.5,0.3,0.4,0.3,0.3,0.4,0.5,0.4,0.2,,,0.1,0.2,0.2,0.3,0.1,0.1,0.2,0.1,0.2,0.3,0.3,0.2,0.4,0.5,0.3,0.4,0.1,,,0.6,0.2,0.3,,0.3,0.4,,0.1,0.3,0.3,,0.3,0.2,0.4,,0.2,0.2,0.2,0.1,0.2,0.5,0.4,,0.6,0.6,0.4,1,0.4,0.6,1,0.9,,0.8,0.4,0.5,0.7,0.2,0.2,,0.4,,0.5,,,,0.7,0.5,0.6,0.5,0.6,0.4,,0.8,,0.8,0.7,0.8,0.6,0.6,0.8,0.7,,0.4,0.6,0.6,,,0.6,0.7,0.7,,0.5,0.5,0.6,,,0.6,0.2,0.4,0.4,0.4,0.4,0.7,1.2,0.9,1,0.7,0.7,0.5,0.7,0.9,,,0.5,0.4,0.5,0.7,,1.3,0.9,1.7,1.1,1,0.9,0.8,0.9,0.6,,1.3,1.4,0.9,0.9,0.9,0.9,1,0.9,,0.3,0.5,,1.3,1.4,1.5,,1.1,1.3,1,0.5,,0.6,0.5,0.8,,0.7,0.6,0.5,0.6,0.7,,0.7,0.8,0.7,0.6,0.4,0.6,0.3,,0.4,0.3,0.4,0.8,1,,1.3,1,0.7,0.7,0.9,0.7,0.7,0.6,0.8,0.6,0.5,0.8,,0.7,0.6,0.5,,0.7,0.7,,0.8,0.7,0.8,0.7,,0.6,0.6,0.6,0.9,1.1,0.7,0.7,0.8,0.8,1,0.8,0.8,0.8,1,0.8,0.8,0.5,0.7,0.6,0.8,0.7,0.9,1,0.9,0.7,0.8,0.7,0.6,0.6,0.7,0.6,0.8,0.7,0.9,0.6,0.7,0.8,0.6,0.8,0.7,0.3,0.8,0.7,0.6,0.8,0.9,0.6,0.7,1.4,0.5,1.5,0.6,0.7,0.7,0.5,0.4,0.5,0.5,0.6,0.6,0.7,0.7,0.6,0.9,0.9,0.4,0.6,0.7,,0.5,0.6,0.6,0.5,0.7,,0.5,0.7,0.4,0.5,0.3,,0.5,0.6,0.5,0.8,0.7,0.7,0.9,0.6,0.6,,,,0.5,0.5,,0.5,,0.4,0.5,0.5,0.5,,0.7,0.6,0.4,,,,,,0.5,0.6,0.6,0.6,0.8,,0.5,,0.3,0.5,0.6,0.7,0.7,1.1,,0.4,0.4,0.4,0.5,,,,,0.2,0.3,0.7,0.6,0.1,0.2,0.7,,0.3,0.6,0.5,0.5,0.4,,0.6,0.5,0.7,0.6,0.3,0.4,0.5,0.4,,0.3,0.5,0.2,0.2,0.4,0.1,0.4,0.2,0.6,,0.5,0.3,,0.4,0.4,,0.3,0.4,0.5,,0.5,,0.2,,0.4,0.3,0.4,0.8,0.5,0.6,0.4,0.3,0.4,0.4,0.7,0.8,0.7,0.4,,0.6,0.7,,0.9,0.7,0.4,,0.3,0.4,0.2,0.3,0.4,0.4,,0.4,0.4,0.1,0.1,,,0.6,0.5,0.3,,0.6,0.5,0.4,0.4,0.5,0.6,0.4,,0.5,,,,0.3,0.3,0.3,0.4,0.5,0.2,0.1,0.6,,0.3,0.2,0.3,0.6,0.6,0.4,0.9,0.7,0.3,,,0.6,0.7,0.6,0.3,,0.5,0.2,0.4,0.4,0.5,0.6,3.1,0.7,0.3,0.3,0.5,0.7,0.6,,0.5,0.4,0.8,0.4,0.5,0.4,0.5,,0.3,,0.7,0.7,,0.7,0.6,0.7,0.3,0.8,0.2,0.3,,0.5,0.5,0.4,,,0.2,0.6,0.7,0.3,,0.3,0.3,0.3,0.7,,0.5,0.6,,,2.1,0.4,1,0.4,0.4,0.6,0.9,1.3,0.5,0.2,0.5,0.7,0.9,0.7,1.3,,0.2,0.5,,0.5,0.6,0.3,0.3,0.6,0.3,0.3,0.8,0.3,0.9,0.4,0.6,0.4,0.2,1.7,0.4,0.3,0.2,0.7,0.2,0.7,0.3,0.5,0.9,,0.6,0.4,0.5,0.3,,0.2,0.2,1.2,,0.6,0.6,0.6,0.5,0.6,1.4,0.9,0.6,0.8,1,0.5,0.4,0.7,1,0.9,0.4,0.9,0.7,0.4,0.4,0.7,0.7,,,0.4,0.4,,0.9,0.4,0.3,0.5,0.5,,0.3,0.8,0.5,0.2,0.4,0.9,0.8,0.6,0.8,,0.4,0.6,0.2,0.4,0.5,0.6,0.2,,0.7,0.6,0.4,0.5,0.5,0.6,0.6,0.6,0.2,0.2,0.5,0.3,0.3,0.4,0.5,0.6,0.6,0.5,0.3,0.4,,0.4,0.7,0.8,0.8,0.8,0.6,0.9,0.7,0.6,0.9,0.8,0.5,0.7,0.7,0.6,0.6,0.8,0.8,0.9,0.5,,0.1,0.1,0.4,0.3,0.6,0.1,0.5,,0.5,0.7,0.7,0.8,1.2,0.6,0.9,0.3,1,1.3,0.4,0.3,0.4,0.9,0.7,0.8,0.6,0.7,0.8,0.4,0.6,0.6,0.7,0.6,0.4,0.6,,0.6,0.3,0.7,0.7,0.6,0.3,0.8,0.4,0.5,,0.6,0.4,0.4,0.6,0.6,0.5,0.5,,0.8,0.3,0.6,0.8,0.7,0.8,0.7,0.8,0.5,0.8,0.7,0.6,0.9,0.6,0.7,0.4,0.6,0.7,0.7,0.5,1.1,0.8,0.2,0.2,0.5,0.3,0.6,0.8,0.6,0.6,0.9,0.6,0.9,0.4,0.4,0.7,0.2,0.7,0.6,0.3,,0.4,0.4,0.5,0.4,0.4,0.8,0.7,0.6,0.6,0.9,0.7,0.7,0.8,0.7,0.8,0.8,0.7,0.7,0.5,0.3,1.2,0.3,0.3,0.3,0.2,0.4,0.5,0.6,,0.4,0.4,0.8,1,0.9,1.8,1.3,0.9,1,0.8,0.5,0.2,0.2,0.8,0.6,1.1,0.8,0.1,0.5,0.6,0.7,0.7,0.5,0.6,0.4,0.6,0.6,1.1,0.6,0.7,0.5,0.3,0.4,0.5,0.7,0.2,,0.6,0.7,0.5,0.9,0.3,0.3,0.3,0.2,0.4,0.7,0.5,0.3,0.4,0.7,0.8,0.7,0.6,0.6,0.9,0.5,0.7,0.7,0.5,0.3,0.5,0.6,0.5,,0.6,0.7,0.7,0.5,0.7,1.3,0.5,0.4,0.8,0.7,0.5,0.5,0.5,0.4,0.4,0.4,0.5,0.6,1.9,1.4,1.3,0.4,,0.6,0.6,0.2,0.3,0.3,0.3,1,0.8,0.1,0.2,0.2,0.1,0.1,0.2,0.2,0.2,0.4,1,1.1,0.9,0.8,0.8,1.6,0.8,1.1,0.6,0.8,0.9,0.6,0.8,0.7,0.8,0.7,0.7,0.4,0.5,0.5,0.3,0.7,0.7,0.6,1.1,1.2,0.3,0.8,0.6,0.8,0.8,0.8,0.9,0.6,0.4,0.4,,0.7,0.4,0.8,1.2,0.3,0.4,0.6,0.5,0.5,0.5,0.2,0.7,0.6,0.4,0.7,0.9,0.6,0.8,0.9,0.8,0.4,0.6,0.5,,0.2,0.1,1.1,0.3,1.2,1.3,1.5,1,,0.3,0.2,0.3,0.2,0.3,0.4,0.7,0.6,0.4,0.3,0.4,0.8,0.6,0.2,0.4,0.3,0.1,0.2,0.2,0.2,0.3,0.5,0.3,1.9,0.3,0.3,0.2,0.4,0.6,,0.3,0.2,0.4,0.6,0.7,0.6,0.7,0.5,0.4
20231004,13,CO_24h,0.4,0.4,0.4,0.4,0.5,0.3,0.5,0.5,0.5,0.4,0.4,0.7,,,0.5,,0.5,0.6,0.6,,0.6,,0.6,0.5,,0.7,0.7,,0.9,0.9,0.8,0.9,1,0.9,1.2,,0.6,0.5,,0.5,,0.4,0.5,0.6,,0.4,,0.9,0.5,0.8,0.8,0.8,0.5,0.6,,0.8,0.3,,0.2,0.3,0.2,0.4,0.5,0.5,0.5,0.3,0.4,0.4,,0.5,0.5,0.5,0.3,0.4,0.4,,1.2,1.1,1.2,1.2,1,,,1.1,1.1,1.1,1.1,1.3,,0.5,0.5,,,0.3,0.5,0.3,0.4,,0.5,0.6,,0.4,0.5,0.6,0.5,0.5,,0.5,0.7,0.7,0.7,0.8,0.7,0.7,0.7,0.8,0.7,0.6,0.4,0.4,0.3,0.5,0.3,0.2,,0.4,0.4,0.5,0.5,0.4,0.6,0.5,0.6,0.7,0.7,0.6,0.7,0.5,0.7,0.5,0.5,0.6,0.4,0.7,0.5,,0.4,0.5,0.4,0.6,0.4,0.8,0.2,0.7,0.4,0.4,0.5,0.4,0.6,0.5,,0.6,0.6,0.6,0.6,0.6,0.7,0.2,0.6,0.5,0.5,0.7,0.5,,,,0.5,0.5,,0.5,0.4,0.4,,,,0.4,,1.1,0.8,1,1,1.1,1,1,0.9,0.6,,,,0.7,0.6,,0.6,0.4,0.5,0.5,0.4,,0.3,0.7,0.6,0.7,0.7,0.6,0.4,0.5,,0.3,,0.6,0.5,,0.5,0.5,,0.4,0.5,0.5,,0.7,0.5,0.6,0.5,0.5,0.5,0.5,,,0.5,0.6,0.5,0.5,0.4,0.5,0.5,,0.5,,,0.5,,0.7,0.5,,0.5,0.4,0.5,0.4,0.4,0.3,,0.6,0.5,0.5,0.5,0.6,0.5,0.5,0.5,0.7,0.5,0.6,0.3,0.7,0.5,0.8,0.7,0.5,0.6,,,0.3,0.4,0.4,0.4,,0.4,0.4,0.7,0.9,0.5,,0.7,0.6,0.4,,0.7,0.5,0.5,0.5,,0.5,0.5,0.4,0.4,0.4,,,0.6,0.7,0.9,0.5,0.5,0.7,0.7,0.8,0.2,0.7,0.6,0.7,0.6,0.7,,0.7,0.6,0.5,0.7,0.5,0.5,0.5,,0.5,0.7,0.4,0.6,0.5,0.6,0.7,0.5,0.6,0.5,0.7,0.3,0.9,0.9,,0.8,0.8,0.9,0.9,0.8,0.7,0.8,0.6,0.9,0.5,1,0.7,0.8,0.6,,0.5,0.7,0.9,1,0.8,0.6,0.6,0.8,0.7,0.6,0.6,0.8,,0.8,0.8,0.6,0.5,0.7,0.5,,0.6,0.6,0.6,0.6,,,0.9,0.9,0.9,0.7,0.8,0.9,0.8,0.8,0.6,0.7,0.5,,0.7,0.7,0.8,0.8,0.5,0.8,0.7,0.7,,0.4,0.4,0.4,0.3,0.3,,0.8,1,0.6,0.6,0.9,0.8,0.8,,,0.9,0.9,0.9,0.9,1.2,,0.6,0.6,0.5,0.6,,,0.6,0.8,0.4,0.2,0.4,0.5,0.4,0.2,0.3,0.3,0.3,,0.6,0.5,0.6,0.7,0.5,0.6,0.4,0.3,0.3,0.3,0.3,0.2,0.7,0.8,0.9,0.7,0.7,0.7,0.6,0.7,,0.9,0.2,0.7,0.7,,0.6,,0.6,0.7,,,,,0.7,,,,0.7,0.7,0.8,0.7,0.9,0.7,0.7,,0.4,0.5,0.6,0.6,0.4,0.8,0.7,0.7,0.7,0.6,0.7,,0.4,0.8,0.5,0.6,,0.6,0.5,0.7,0.6,0.6,0.5,0.6,0.7,0.6,,0.7,0.7,0.6,0.7,0.7,0.6,0.6,0.5,0.5,0.4,0.5,0.5,0.7,0.7,0.7,0.7,0.5,,,0.8,,0.4,0.5,0.8,0.6,0.6,,0.5,0.6,,,0.6,0.9,0.9,0.7,,0.4,0.6,1.3,,0.4,0.6,0.5,0.6,0.7,0.7,0.3,0.7,0.5,0.3,,,,,,,0.4,,0.5,0.3,0.5,0.4,0.8,0.5,0.6,0.3,0.3,0.5,,0.6,,,0.7,,0.8,0.8,0.6,0.7,0.8,0.6,0.5,0.8,,0.7,0.8,0.7,0.6,0.7,0.6,0.5,0.8,0.7,0.7,0.7,0.8,0.7,0.7,0.7,0.7,0.8,0.8,0.9,0.8,,0.6,0.7,0.7,,0.5,0.6,,0.9,0.9,1.1,0.9,0.9,,0.7,0.7,,,0.5,0.3,,,,0.6,0.5,0.5,0.5,1.2,1.7,,1.3,1.2,,1.4,1.3,,1.4,,1,0.7,0.9,,0.9,0.6,0.2,0.3,0.3,,0.7,0.8,0.8,1.2,0.8,0.7,,0.4,0.7,0.7,0.6,0.6,0.4,0.6,0.9,1.5,0.6,0.5,0.7,0.6,0.7,0.7,0.8,0.5,0.5,0.5,0.5,0.6,0.5,,0.3,0.3,0.3,,0.2,0.5,0.4,0.4,0.5,0.5,0.4,0.5,0.4,0.3,0.4,0.6,0.7,0.7,,0.5,0.8,0.8,,0.7,0.7,0.7,0.8,0.6,,0.6,0.9,0.9,,0.9,,1.1,0.8,0.7,0.8,,1.1,0.9,,,,0.7,,0.6,,0.9,,,,0.6,0.7,0.5,0.8,0.6,,,,0.7,0.7,0.7,0.6,0.9,0.7,,0.7,0.6,0.7,0.6,0.5,0.7,,0.6,,,0.4,0.6,0.5,0.6,0.7,0.8,0.7,0.8,0.6,0.5,0.6,0.6,0.6,0.5,0.7,0.8,0.8,0.7,0.5,0.3,0.4,0.7,0.7,0.7,0.7,,0.8,0.8,0.8,0.6,,0.6,1,0.6,0.6,0.5,0.7,0.6,0.6,,,,,0.6,0.7,,0.6,0.5,0.5,0.4,0.3,0.3,0.4,0.7,0.7,0.5,0.5,0.8,0.9,0.5,,0.7,0.5,,0.9,0.6,0.8,,0.5,0.6,,0.7,0.5,0.7,0.8,0.6,0.7,0.8,0.7,0.7,0.8,0.6,0.7,0.7,,,0.7,0.2,1.2,0.6,1,0.6,0.2,0.3,,0.4,0.2,0.6,0.3,0.3,,,0.5,,,,,0.6,,,,,,,,,,,,,,,,0.6,,,,,,,,,,,,,,,,,,,,,,,,,,,,,,,,,,,,,,0.8,0.8,0.7,0.9,0.9,0.4,0.5,0.4,0.4,,,,1.3,1.1,1.2,1,,,0.6,0.6,0.6,0.7,0.6,0.8,,0.8,0.8,0.9,,,0.8,0.8,,0.7,0.9,0.6,,0.7,,0.6,0.3,,,0.4,0.4,,,0.3,0.4,0.4,,,0.3,0.3,0.2,0.2,0.6,0.5,0.5,0.4,0.5,0.4,0.7,0.5,0.6,0.6,0.7,0.9,0.4,0.3,0.4,0.4,0.4,0.4,0.6,0.5,,0.2,1.4,0.5,,0.2,0.3,0.6,0.6,0.4,0.4,0.4,0.4,0.5,0.6,0.5,0.4,,,0.2,0.2,0.3,0.3,0.2,0.2,0.2,0.3,0.2,0.3,0.4,0.2,0.6,0.6,0.4,0.5,0.2,,,0.7,0.3,0.3,,0.4,0.5,,0.2,0.4,0.4,,0.3,0.3,0.5,,0.4,0.3,0.3,0.3,0.3,0.5,0.4,,0.6,0.7,0.5,0.8,0.5,0.7,0.8,0.8,,0.6,0.4,0.5,0.5,0.3,0.3,,0.6,,0.7,,,,0.6,0.5,0.5,0.5,0.5,0.3,,0.7,,0.7,0.6,0.7,0.6,0.6,0.6,0.7,,0.5,0.7,0.8,,,0.7,0.8,0.7,,0.6,0.6,0.7,,,0.5,0.3,0.5,0.3,0.5,0.4,0.8,1.2,0.7,1,0.6,0.8,0.6,0.7,0.9,,0.1,0.5,0.4,0.6,0.7,,1.3,0.9,1.4,1.1,1,0.4,0.7,0.9,0.8,,1.6,1.9,1.1,0.8,0.8,0.8,1,0.9,,0.4,0.6,,1.1,0.8,0.8,,0.8,1,0.8,0.4,,0.5,0.5,0.7,,0.6,0.6,0.5,0.5,0.7,,0.6,0.7,0.6,0.6,0.5,0.6,0.4,,0.5,0.4,0.4,0.6,0.7,,1.2,0.9,0.7,0.9,0.9,0.6,0.7,0.6,0.9,0.7,0.5,0.7,,0.6,0.6,0.5,,0.7,0.7,,0.8,0.9,1,0.8,,0.6,0.6,0.6,1,1.1,0.7,0.8,0.8,0.8,0.9,0.8,0.9,0.7,0.8,0.7,0.7,0.5,0.6,0.8,0.8,0.6,0.8,1,1,0.8,0.9,0.7,0.6,0.6,0.7,0.7,0.7,0.7,0.8,0.6,0.6,0.9,0.5,0.8,0.8,0.3,0.7,0.6,0.5,0.9,0.9,0.7,0.7,0.5,0.6,0.6,0.7,0.8,0.7,0.6,0.5,0.6,0.6,0.6,0.5,0.7,0.7,0.7,0.8,0.8,0.4,0.7,0.8,,0.5,0.5,0.5,0.4,0.7,,0.4,0.7,0.4,0.5,0.3,0.6,0.5,0.6,0.5,0.7,0.6,0.6,0.9,0.6,0.6,,,,0.5,0.5,,0.5,,0.4,0.5,0.6,0.6,,0.7,0.5,0.4,,,,,,0.5,0.6,0.6,0.5,0.8,,0.5,,0.4,0.5,0.6,0.7,0.7,1,,0.4,0.4,0.5,0.5,,,,,0.2,0.4,0.6,0.6,0.1,0.1,0.6,,0.3,0.6,0.5,0.6,0.5,,0.6,0.5,0.7,0.6,0.4,0.4,0.5,0.5,,0.4,0.5,0.2,0.3,0.5,0.3,0.3,0.2,0.6,,0.5,0.4,,0.5,0.3,,0.3,0.4,0.5,,0.7,,0.3,,0.3,0.2,0.5,0.7,0.5,0.6,0.5,0.7,0.8,0.7,0.7,0.7,0.6,0.4,,0.7,0.9,,0.7,0.7,0.4,,0.3,0.4,0.4,0.5,0.4,0.4,,0.5,0.6,0.2,0.2,,,0.7,0.6,0.4,,0.5,0.5,0.5,0.4,0.6,0.6,0.4,,0.5,,,0.6,0.5,0.5,0.5,0.5,0.6,0.4,0.4,0.6,,0.4,0.2,0.4,0.6,0.7,0.4,0.8,0.8,0.5,,,0.7,0.7,0.6,0.3,,0.4,0.3,0.4,0.4,0.6,0.6,1.2,0.8,0.7,0.5,0.7,0.9,0.9,,0.7,0.5,0.8,0.4,0.4,0.5,0.5,,0.5,,0.6,0.7,0.7,0.7,0.8,1.1,0.5,0.6,0.2,0.5,0.4,0.5,0.5,0.4,,,0.4,0.6,0.6,0.6,,0.6,0.6,0.6,0.7,,0.4,0.7,,,1.1,0.4,1,0.3,0.4,0.5,0.7,0.7,0.5,0.3,0.5,0.6,0.9,0.7,1.2,,0.4,0.5,,0.4,0.6,0.4,0.4,0.7,0.3,0.3,0.6,0.3,0.8,0.5,0.5,0.5,0.4,1.1,0.4,0.3,0.3,1.1,0.2,0.7,0.4,0.5,0.9,,0.6,0.4,0.5,0.4,,0.3,0.6,1.1,0.7,0.7,0.6,0.7,0.6,0.6,0.8,0.7,0.5,0.9,1.3,0.6,0.6,0.7,1.1,0.7,0.5,0.8,0.6,0.5,0.4,0.6,0.6,,,0.6,0.4,0.5,0.9,0.4,0.3,0.6,0.6,,0.4,0.6,0.6,0.3,0.7,0.8,0.7,0.7,0.7,,0.5,0.9,0.5,0.6,0.9,0.5,0.3,0.5,0.7,0.6,0.4,0.5,0.5,0.6,0.6,0.7,0.3,0.5,0.5,0.3,0.3,0.3,0.6,0.5,0.7,0.6,0.3,0.4,0.4,0.5,0.7,0.8,1,0.8,0.7,1,0.7,0.6,0.9,0.8,0.5,0.7,0.7,0.7,0.7,0.6,0.7,0.9,0.7,,0.3,0.4,0.6,0.5,0.7,0.2,0.4,0.4,0.4,0.7,0.8,0.8,1,0.5,0.7,0.3,0.9,1,0.5,0.3,0.5,0.8,0.4,0.8,0.6,0.7,0.7,0.7,0.6,0.5,0.7,0.6,0.4,0.7,,0.6,0.4,0.7,0.6,0.8,0.4,0.5,0.4,0.4,,0.6,0.5,0.4,0.5,0.6,0.5,0.5,,0.9,0.4,0.6,0.8,0.6,0.8,0.7,0.9,0.5,0.7,0.7,0.6,0.9,0.5,0.7,0.4,0.4,0.6,0.8,0.6,1.1,0.7,0.5,0.4,0.5,0.3,0.7,0.9,0.6,0.6,0.9,0.5,1,0.6,0.5,0.6,0.3,0.5,0.7,0.4,0.5,0.7,0.5,0.7,0.4,0.5,0.8,0.7,0.7,0.7,1,0.5,0.6,0.7,0.6,0.7,0.6,0.7,0.6,0.9,0.4,0.8,0.5,0.5,0.6,0.5,0.5,0.4,0.6,0.7,0.5,0.6,0.8,0.7,0.7,1,0.5,0.5,0.7,0.7,0.6,0.4,0.3,0.8,0.5,1,1,0.3,0.6,0.7,0.7,0.8,0.6,0.7,0.4,0.4,0.7,1,0.5,0.7,0.5,0.4,0.4,0.4,0.7,0.3,,0.6,0.7,0.6,0.6,0.7,0.9,0.6,0.5,0.5,0.8,0.5,0.3,0.8,0.5,0.8,0.6,0.6,0.6,1,0.6,0.6,0.6,0.5,0.4,0.4,0.6,0.5,,0.5,0.7,0.6,0.6,0.7,1.2,0.5,0.5,0.7,0.6,0.5,0.5,0.4,0.4,0.4,0.5,0.4,0.7,1.1,1.3,1.3,0.5,,0.9,0.7,0.5,0.6,0.6,0.5,1,0.9,0.7,0.8,0.7,0.7,0.4,0.6,0.7,0.7,0.9,0.8,0.9,0.7,0.6,0.7,1.3,0.6,1.1,0.7,0.9,0.9,0.7,0.7,0.7,0.8,0.6,0.7,0.3,0.7,0.6,0.6,0.6,0.7,0.8,1.5,1,0.4,0.8,0.6,0.8,0.8,0.8,0.9,0.6,0.4,0.3,,0.7,0.4,0.5,0.9,0.4,0.4,0.6,0.5,0.5,0.6,0.8,0.7,0.5,0.5,0.6,0.8,0.7,0.8,0.7,1,0.5,0.6,0.5,,0.3,0.1,0.5,0.2,0.9,1.2,1,0.7,,0.5,0.5,0.1,0.4,0.5,0.5,0.6,0.5,0.6,0.4,0.5,0.6,0.5,0.4,0.6,0.3,0.4,0.4,0.5,0.5,0.4,0.5,0.4,1.2,0.4,0.3,0.2,0.5,0.6,0.2,0.3,0.2,0.4,0.6,0.6,0.7,0.7,0.7,0.5
20231004,14,AQI,19,19,22,20,19,22,20,23,23,20,17,20,,,27,,38,27,33,,29,,25,27,,26,25,,42,62,52,54,60,51,48,,25,28,,26,,29,31,28,,34,,104,85,90,30,,27,36,,29,27,,26,26,29,25,24,27,25,25,22,24,,24,34,32,36,56,47,,72,70,69,68,26,,,45,28,26,27,30,,24,24,,,28,27,27,28,,24,24,,25,25,24,25,23,,24,27,27,28,25,28,39,29,28,27,30,21,21,22,22,21,23,,21,23,25,20,17,25,17,27,19,20,21,19,39,18,20,31,34,32,32,35,,34,35,28,32,38,38,40,38,37,37,38,39,40,34,,38,42,39,44,39,43,37,35,33,37,35,58,,,,62,58,,59,67,60,,,,42,,41,39,39,42,39,40,39,41,40,,,,44,40,,42,41,43,40,41,,41,,44,44,42,43,42,45,,42,,46,42,,33,28,,31,29,26,,29,30,32,31,31,50,51,,,32,30,32,30,32,37,29,,36,,,37,,37,36,,39,34,33,,37,34,,36,,31,29,29,31,40,31,28,27,28,29,29,30,27,29,34,27,,,43,41,41,40,,56,58,32,28,24,,28,26,24,,25,62,55,61,,,62,63,58,68,,,63,63,62,62,58,64,59,54,55,62,72,63,60,58,,19,22,21,24,25,22,19,,20,36,38,40,39,33,28,38,39,35,,44,54,49,,48,50,59,52,56,48,49,46,53,51,58,55,40,36,,57,43,35,58,103,49,121,104,55,58,48,49,,63,52,44,101,99,97,,95,65,,80,,,39,40,53,46,45,45,51,32,43,40,55,,44,43,42,41,46,,42,34,,,29,31,25,8,,20,10,8,19,15,12,11,,,10,15,18,23,,,17,24,29,25,,,22,23,35,36,31,29,34,31,52,32,27,,20,15,17,17,24,16,23,22,20,21,20,17,17,23,16,16,18,19,15,20,,20,16,52,17,,,,36,36,,,,,29,,,,28,38,,63,48,52,65,,29,42,42,47,52,52,48,52,34,43,45,,36,52,38,26,,26,26,26,27,27,25,24,29,39,,30,25,26,29,27,27,26,,27,26,27,27,28,28,48,46,51,,,54,,56,53,54,57,54,,47,56,,,53,56,47,,,62,57,64,,54,63,53,48,56,48,34,35,33,41,,,,,,,67,,70,58,52,,53,53,56,36,30,31,,44,,,38,,39,32,,53,107,104,45,43,,43,50,51,50,43,41,44,34,34,35,29,25,30,,98,54,40,43,39,38,,36,42,48,,29,30,,44,33,36,37,51,,44,16,,,70,64,,,,26,25,28,26,104,73,,68,83,,97,100,,108,,44,45,51,,41,34,51,39,46,,25,25,25,30,25,24,,25,24,25,24,25,25,24,24,23,25,23,24,26,27,28,26,26,24,24,25,,24,,16,13,13,,,24,23,23,23,24,17,18,19,15,26,30,30,29,,33,34,34,,33,25,32,34,30,,28,29,20,,83,,72,59,67,87,,98,79,,,,68,,59,,80,,,,70,57,64,40,56,,,,24,26,18,21,38,43,,35,37,42,38,39,33,,25,,,32,27,,18,23,32,45,38,41,25,26,31,38,42,43,49,39,41,37,22,23,21,17,18,19,,62,64,67,49,,20,24,24,20,16,29,31,26,,,,,30,31,,24,9,28,19,13,12,11,23,30,31,26,26,19,19,,21,19,,24,,26,,16,25,,30,19,29,26,26,27,20,25,25,32,38,25,32,,,67,36,31,30,28,30,32,33,,29,23,56,57,56,,,66,,,,,63,,,,,,,,,,,,,,,,56,,,,,,,,,,,,,,,,,,,,,,,,,,,,,,,,,,,,,,39,42,48,37,41,44,32,51,41,,,,57,52,56,46,,,38,41,29,34,36,49,,59,40,58,,,57,87,,29,27,51,,53,,26,26,,,119,22,,,51,58,25,,,30,26,26,,35,34,33,27,,24,33,26,26,23,24,25,42,37,40,24,46,47,97,42,,,37,26,,25,26,23,24,33,26,30,36,24,35,27,20,,,22,20,28,29,23,21,34,16,30,20,22,18,19,19,19,19,23,,,29,15,15,,14,14,,20,38,,,37,38,39,,36,40,40,37,35,50,56,,26,27,32,41,,27,36,52,,35,24,23,35,38,39,,31,,31,,,,28,30,29,37,48,50,,28,,26,26,25,41,39,43,58,,43,38,34,,,27,42,34,,31,26,33,,,43,19,18,26,18,14,15,57,38,42,33,26,44,45,48,,31,44,49,53,49,,51,48,61,63,42,46,41,47,41,,48,52,45,26,55,52,45,36,,38,44,,92,87,113,,78,79,80,73,,74,89,51,,65,42,38,48,51,,50,41,,42,52,41,51,,38,45,41,48,34,,22,46,30,23,21,31,38,36,39,30,40,28,,62,55,54,,28,25,,34,20,,32,,50,42,45,19,14,,73,,57,110,57,54,74,68,62,62,32,40,49,39,49,40,38,43,45,54,27,28,26,28,26,15,20,22,26,30,24,26,29,27,22,12,21,21,52,51,49,53,53,32,52,39,41,45,40,36,34,36,46,49,55,51,49,45,45,36,,30,,45,36,40,32,15,,17,17,13,11,12,,29,30,29,44,43,39,34,50,42,,,,13,15,,9,12,10,12,15,39,,20,19,15,,,,,,19,20,18,19,19,,14,,18,22,21,20,19,20,,28,34,25,26,,,,,19,19,36,33,23,23,28,,28,17,17,22,23,,20,14,21,16,30,15,13,12,,24,26,19,25,20,25,14,20,22,,23,18,,18,18,,17,18,17,,18,,39,,15,15,20,17,18,17,30,,31,25,19,18,14,21,,37,33,,26,24,30,,28,31,,29,34,41,,26,25,33,31,,,26,31,29,,35,25,26,,18,34,47,,54,,,58,26,28,27,52,51,32,32,,,29,30,31,53,52,55,109,66,64,,,40,37,53,22,,27,28,39,29,24,57,69,52,28,26,26,55,53,,63,24,40,40,31,35,39,,32,,68,48,20,27,18,17,36,27,40,25,23,13,35,11,,,23,30,33,28,,40,27,31,30,,42,41,,,53,39,44,44,59,56,63,57,56,39,46,15,10,12,100,,34,75,,40,26,42,30,36,28,37,48,,38,22,38,38,25,82,24,34,76,53,22,44,18,50,41,,24,23,32,18,,30,36,17,,19,53,25,29,30,77,71,43,41,47,25,40,15,82,75,50,50,64,19,18,12,14,,,32,,51,32,46,38,42,40,,30,56,51,38,29,48,,35,26,,25,32,28,37,34,20,32,,35,32,32,30,31,31,36,34,24,27,26,27,27,65,40,61,38,42,36,44,,40,39,41,48,55,52,48,59,51,53,45,57,105,44,43,29,36,46,40,39,29,36,26,25,27,31,38,54,38,45,25,26,87,74,58,69,43,63,113,21,25,21,24,13,17,23,14,16,12,10,12,25,15,11,18,,20,42,38,68,59,56,42,33,70,,59,52,54,70,20,19,19,,27,30,26,26,43,46,25,50,48,37,34,36,54,,38,34,38,39,57,24,28,65,21,22,26,27,37,40,35,39,46,41,42,42,41,44,37,75,38,42,,53,52,53,24,42,34,37,38,35,45,85,48,36,50,36,42,103,49,54,33,125,41,25,26,26,40,25,30,,33,31,30,65,70,95,69,79,45,34,43,20,18,12,15,,24,31,19,21,17,,20,15,59,56,54,34,66,71,52,55,48,36,57,59,,54,41,53,37,27,27,30,29,25,19,39,53,29,48,35,36,36,39,56,35,49,39,27,20,,25,25,,31,26,30,35,43,13,19,15,17,24,29,31,37,34,32,27,26,27,88,69,55,32,,38,29,25,27,25,24,93,65,27,29,29,34,53,30,51,28,27,57,62,80,55,49,89,58,59,19,17,10,53,29,18,17,36,22,30,31,156,154,12,14,25,32,67,26,32,59,45,51,47,42,42,31,28,,35,42,53,65,23,28,23,,63,58,65,48,75,58,54,38,32,28,22,26,30,34,34,,12,19,49,62,77,113,93,55,,20,22,20,19,27,23,67,53,25,24,45,85,32,28,26,23,23,19,21,27,28,,36,99,42,54,111,20,28,,39,19,18,45,45,46,68,25,35
20231004,14,PM2.5,4,4,4,5,4,4,3,2,3,5,4,4,,,7,,19,10,16,,6,,4,6,,5,5,,22,31,21,21,31,27,22,,4,11,,8,,5,14,19,,7,,78,63,67,3,,8,8,,8,2,,4,2,3,2,4,6,3,4,3,8,,3,10,2,9,3,4,,42,35,42,36,5,,,7,6,7,8,5,,6,7,,,5,6,6,6,,9,6,,6,6,5,3,5,,6,4,4,3,4,3,4,5,4,4,5,6,7,6,4,3,4,,5,6,5,4,5,6,4,8,8,5,6,7,8,9,7,11,8,6,14,6,,10,10,8,5,2,5,9,9,7,10,11,9,9,14,,9,10,8,9,9,9,,4,3,6,,31,,,,42,36,,30,42,42,,,,13,,5,7,14,7,9,5,7,9,12,,,,10,17,,9,10,9,22,17,,11,20,21,17,18,24,12,13,,7,,21,23,,13,11,,14,17,16,,19,14,17,15,9,35,9,,,12,10,9,10,12,16,8,,17,,,11,,6,10,,17,19,18,16,5,7,,19,,20,20,16,15,17,13,12,12,12,2,18,9,12,12,14,17,,,20,18,22,16,,34,32,19,19,12,,19,18,12,,16,32,29,27,,24,32,34,34,41,,,36,27,29,36,32,29,42,37,39,44,52,44,36,37,,10,14,12,11,17,15,12,,12,8,22,28,25,23,19,26,27,23,34,20,36,33,,33,31,37,36,36,29,34,32,37,34,41,31,28,24,,40,23,24,35,44,30,56,47,34,33,32,27,,42,36,27,40,58,44,,40,30,,35,,,23,26,37,29,26,31,26,21,30,28,39,,22,30,29,25,24,18,23,22,,11,10,11,10,5,,13,7,5,8,10,4,5,,,5,7,12,12,7,,9,10,2,7,,,3,7,24,24,19,14,14,17,36,22,17,,7,6,8,8,8,9,16,5,5,6,5,5,8,12,10,9,12,13,10,2,,14,8,7,9,,22,,25,25,,,,,5,,,,12,21,27,31,21,18,29,,15,29,28,30,27,36,33,33,22,26,23,,25,26,16,8,,4,7,5,2,,9,6,14,5,,8,4,10,8,9,10,10,5,6,8,,7,4,6,23,25,25,,,23,,31,24,30,40,5,,,31,,,14,16,14,,,30,34,41,,34,32,22,27,29,7,9,9,7,14,,,,,,,39,,41,30,17,,24,24,29,7,2,12,,12,,,26,,27,19,25,27,40,37,30,24,,25,27,30,30,22,23,27,22,9,24,15,16,14,26,24,23,28,30,27,26,,25,29,33,,19,21,,24,23,20,13,28,,24,4,,,51,42,,,,11,9,8,6,78,53,,46,41,,72,75,,81,,28,25,29,,14,23,7,4,9,,4,7,6,8,9,8,,6,6,7,7,7,7,8,6,6,10,11,7,6,7,7,8,4,6,9,8,5,10,,11,6,7,,4,9,9,10,5,14,5,9,13,2,18,8,10,10,,5,7,12,,2,15,21,21,21,,19,19,12,,61,,52,42,48,64,,73,46,,,,45,,42,,59,,,,51,40,46,28,31,,,,12,17,12,12,26,23,,24,20,29,16,27,21,,17,,,8,16,,11,7,22,28,26,22,11,10,17,17,25,29,27,16,22,21,10,11,12,,9,10,,44,46,48,34,,12,7,7,7,7,16,17,9,,,,,8,9,,8,5,19,7,9,7,5,12,21,17,6,12,8,2,,8,10,,7,,15,,9,13,,14,9,11,11,13,5,10,17,13,22,26,17,22,,,15,22,,6,10,4,3,15,,19,7,11,10,21,,,32,,,,,29,,,,,,,,,,,,,,,,29,,,,,,,,,,,,,,,,,,,,,,,,,,,,,,,,,,,,,,25,29,22,15,13,21,22,19,26,,,,22,24,24,24,,,10,9,11,10,7,34,,42,21,41,,,35,64,,6,9,20,,32,,8,7,,,17,13,,,10,9,6,,,8,14,10,4,10,8,8,5,2,2,4,8,5,6,12,15,6,2,7,6,4,5,9,5,,,9,5,,13,8,4,6,5,6,5,5,5,7,2,6,,,6,10,19,14,16,5,7,11,12,1,11,9,6,4,4,6,3,,,3,10,10,15,9,6,,9,11,,,12,21,12,,14,26,2,14,15,35,31,,16,2,13,14,9,13,19,22,,21,6,2,17,6,9,,9,,16,,,,14,7,11,14,29,24,,14,,13,13,11,25,19,19,29,,30,16,13,,,18,12,19,,18,16,16,,,19,10,8,18,12,3,6,40,24,29,15,17,22,25,29,,1,26,25,37,34,,33,30,40,45,28,22,24,31,22,,32,33,25,18,34,29,31,21,26,22,14,,68,64,85,,57,58,58,53,,54,66,35,,47,21,24,30,32,,32,28,,29,25,27,27,,25,19,23,11,18,,6,10,3,11,5,7,23,21,27,17,11,14,,44,39,38,,19,11,,20,14,22,22,,35,29,31,13,5,,53,,35,83,30,38,54,49,44,44,8,28,34,27,31,20,26,30,31,38,14,19,18,19,18,5,9,12,14,21,5,14,18,15,13,8,11,10,36,27,34,26,21,21,36,27,27,21,16,18,19,24,21,34,29,35,26,31,31,25,,16,,23,25,25,6,8,,,9,9,7,6,,20,21,20,27,30,27,20,28,27,,,,9,8,,5,5,,2,10,2,,14,6,6,,,,,,9,14,6,9,8,,5,,2,5,13,9,10,8,,19,21,17,18,,,,,5,8,25,23,5,6,19,,12,5,7,15,7,,13,9,4,5,21,7,5,3,,10,9,10,17,4,4,6,7,9,,13,,,8,4,,8,1,1,,3,,2,,,3,4,5,5,7,5,,10,6,5,12,7,11,,14,12,,14,15,17,,19,21,,17,17,21,,8,5,15,14,,,11,11,8,,8,6,17,,5,12,11,,13,,,20,3,6,4,10,10,13,22,,,2,12,17,15,13,26,35,23,33,,,17,19,18,7,,1,15,16,11,7,34,41,36,4,5,7,34,19,,29,5,12,8,12,9,12,,10,,36,33,4,14,2,4,17,13,8,6,9,7,16,4,,,2,9,17,8,,19,13,13,18,,18,7,,,29,13,12,9,41,30,34,39,29,11,32,10,2,8,75,,20,55,,28,18,29,17,9,11,14,9,,23,11,19,13,4,59,16,17,8,22,15,27,8,7,26,,14,16,22,5,,5,9,5,48,7,29,17,20,21,43,43,27,13,26,13,9,7,60,23,35,19,34,5,4,5,9,,,22,,9,22,20,6,21,13,,19,39,22,12,4,26,64,24,14,,4,22,11,20,13,6,10,,5,13,10,10,13,10,8,7,5,5,7,4,3,6,10,34,9,9,2,12,,16,27,26,33,39,29,30,28,35,37,26,31,32,29,19,16,18,32,25,19,4,10,4,5,6,9,1,38,9,31,10,12,64,46,41,50,22,45,85,3,17,6,3,9,4,16,7,11,8,7,7,17,9,7,12,,14,29,26,40,36,27,12,7,41,,29,2,8,41,9,3,9,,5,4,18,18,30,32,6,21,33,24,19,19,34,10,20,12,14,12,22,13,19,32,2,5,6,6,14,12,14,9,21,8,6,10,10,10,,38,13,5,,15,8,21,13,13,18,18,26,24,15,41,33,19,35,25,29,36,31,28,12,95,9,3,3,2,10,9,9,7,6,6,12,47,38,71,39,55,26,21,15,5,4,6,6,1,2,7,9,2,9,,12,10,29,24,27,7,29,45,29,38,22,15,27,14,,28,18,12,7,7,7,6,4,13,8,16,28,20,15,24,17,25,18,26,13,34,27,9,12,10,15,16,,4,10,21,21,30,9,7,3,8,12,8,14,15,10,10,7,4,5,65,50,38,9,,17,2,1,3,1,3,69,47,5,2,2,5,1,8,5,5,2,31,44,46,39,34,66,30,42,12,3,6,32,20,11,6,25,6,5,7,54,75,5,6,8,11,29,2,22,35,31,34,25,22,16,8,18,,7,20,37,47,11,19,6,36,36,31,41,12,55,17,18,26,15,19,9,18,14,12,10,,2,3,31,16,56,85,69,35,,3,4,3,3,9,2,48,29,6,5,18,63,22,2,2,5,3,4,3,6,6,,18,74,13,5,21,4,9,2,19,3,1,29,17,26,41,6,11
20231004,14,PM2.5_24h,17,12,15,14,15,17,12,28,22,13,12,13,,,31,,31,27,33,,28,,28,31,,28,38,,38,43,51,40,46,53,34,,34,33,,30,,19,27,34,,30,,52,46,46,66,72,54,55,,57,6,,10,14,13,15,14,22,16,19,22,31,,22,35,31,38,31,28,,42,37,45,41,39,,,52,48,36,41,37,,10,10,,,8,9,9,8,,14,12,,14,11,16,12,13,,14,33,29,31,29,33,30,26,27,28,25,14,14,13,9,8,8,,9,12,12,12,12,12,10,13,15,14,14,16,13,12,12,8,11,8,11,7,,9,10,7,9,10,15,14,11,11,13,13,16,13,12,,11,12,10,12,11,12,4,9,6,7,5,29,,,,29,24,,26,28,26,,,,18,,9,10,14,10,13,13,12,11,18,,,,13,16,,17,21,19,19,17,,17,24,23,21,25,23,18,21,,18,,21,23,,15,16,,18,19,18,,18,16,19,17,9,15,7,,,11,8,9,18,17,17,18,,17,,,15,,9,12,,13,12,15,7,7,8,,26,24,25,22,24,21,18,16,21,19,17,11,24,19,17,23,20,24,,,17,16,17,15,,24,24,19,19,12,,24,18,13,,17,25,23,22,,23,24,23,30,23,,,18,18,17,20,19,18,28,26,20,27,31,28,26,25,,12,13,15,11,18,16,12,,14,11,11,15,14,16,12,15,14,12,21,10,34,37,,39,43,42,27,34,26,32,29,25,25,25,26,24,28,,29,20,22,26,25,17,27,20,30,34,33,28,,25,28,30,29,35,28,,29,24,21,23,,,29,25,28,29,29,28,30,24,27,28,25,,17,19,21,19,18,20,20,22,,11,11,12,12,5,,16,10,14,15,10,9,14,,,11,15,11,14,16,,24,19,20,23,,,24,13,13,21,17,18,14,17,25,18,13,,7,9,8,9,7,8,11,7,7,7,8,6,10,12,13,11,12,12,13,9,,16,12,10,14,,32,,36,34,,,,,24,,,,38,37,26,32,27,24,26,,17,16,15,14,14,22,16,19,16,14,18,,17,14,11,10,,6,7,9,9,13,16,11,16,13,,21,15,11,12,12,12,12,13,11,12,13,16,14,13,18,20,21,,,34,,33,30,36,31,36,,33,42,,,42,45,37,47,,32,35,41,,42,37,30,36,37,17,20,19,15,19,,,,,,,30,,42,35,24,32,21,18,22,16,12,17,,39,,,24,,27,24,25,26,26,26,28,27,,14,24,17,15,18,15,21,18,13,26,22,22,24,22,23,19,33,35,25,16,,19,21,25,,25,28,,27,28,27,25,21,,22,8,,,45,42,,,,11,13,11,11,41,46,,38,30,,56,60,,66,,38,35,41,,38,38,4,7,9,,17,15,19,19,18,16,,11,15,15,12,16,14,13,16,22,14,12,14,16,19,13,19,14,11,13,14,13,13,,11,9,5,,8,18,19,24,16,18,16,10,12,10,17,16,16,15,,16,14,14,,15,13,14,13,18,,14,17,8,,42,,41,34,32,39,,41,26,,,,40,,29,,39,,,,40,35,31,24,27,,,,6,9,4,7,23,21,,18,14,28,14,23,15,,17,,,5,11,14,7,5,29,28,30,30,11,7,12,16,25,33,28,22,28,20,11,10,15,15,16,20,,30,32,32,26,,7,11,8,10,16,22,27,16,,,,,24,23,,20,7,18,7,10,8,15,15,21,16,15,13,8,8,,11,11,,23,27,22,,14,16,,21,10,11,17,14,15,18,11,17,26,27,21,23,,,8,12,20,18,16,13,5,13,,18,7,26,24,29,,,26,,,,,21,,,,,,,,,,,,,,,,14,,,,,,,,,,,,,,,,,,,,,,,,,,,,,,,,,,,,,,14,29,27,24,23,27,29,26,28,,,,31,28,32,28,,,21,23,26,23,24,44,,50,49,32,,,34,48,,32,36,19,,24,,17,14,,,5,21,,,17,16,13,,,18,20,4,3,16,12,13,10,8,8,8,6,16,16,17,20,11,8,11,11,8,10,11,8,,10,14,12,,5,7,8,10,11,10,11,8,12,15,14,9,,,10,15,16,14,14,8,11,12,13,6,10,11,11,10,8,11,6,,,7,11,10,16,8,8,,15,11,10,,12,17,13,,17,18,8,17,17,21,26,,19,21,15,21,24,12,24,23,,28,8,9,11,11,14,,22,,36,,,,11,9,13,15,31,25,,21,,18,19,18,16,15,17,20,,24,22,24,,,20,22,22,,21,20,19,,,16,12,14,20,16,9,14,34,25,26,21,25,31,29,34,,12,25,27,28,29,,36,37,37,36,36,35,32,36,35,,42,42,42,24,30,29,29,26,23,30,25,,49,40,46,,39,35,39,37,,40,42,36,,45,29,29,35,34,,27,24,10,28,26,27,29,,33,32,38,16,21,,22,15,4,16,6,8,21,25,41,29,10,12,,32,30,30,,19,17,,17,10,23,26,,32,26,29,10,7,24,21,,20,31,23,34,29,27,31,31,6,27,30,27,24,25,38,37,40,44,32,35,34,34,35,5,8,12,11,10,8,11,17,14,13,4,6,7,37,34,38,30,13,17,13,17,20,17,21,23,23,18,20,26,26,55,34,30,26,28,19,21,,23,22,24,7,7,,3,13,6,11,5,19,16,20,18,25,24,17,19,20,25,,,,12,10,,9,7,2,4,7,3,,17,14,13,,,,,,16,16,18,18,12,,10,,5,9,8,11,11,9,,18,21,13,16,,,,,6,7,17,16,13,13,20,,9,9,7,14,15,,16,5,9,13,12,13,11,9,,17,20,17,18,12,11,10,9,12,,12,9,,9,7,,4,4,4,,16,,5,,2,4,7,4,6,7,20,24,21,22,9,11,10,8,,19,21,,16,15,15,,24,19,,23,18,22,,18,19,20,24,,,18,14,12,,12,9,18,100,5,13,21,,23,,,28,15,17,11,13,20,19,22,8,,16,15,15,23,30,33,51,56,54,,,24,21,23,12,,6,18,16,14,8,25,36,38,33,29,26,51,54,,25,11,17,17,8,16,14,,23,,33,39,24,17,8,9,14,8,9,12,14,11,13,4,,,25,25,16,26,,26,30,44,18,,19,12,,,24,15,12,17,29,24,29,21,28,15,25,15,8,15,61,,31,45,,23,23,32,27,14,12,17,40,14,22,10,18,17,28,38,17,26,13,36,13,37,5,40,31,,22,24,21,10,,13,26,11,50,24,27,16,19,17,28,32,24,19,39,14,19,11,42,17,33,23,38,6,8,6,6,,,32,18,36,16,21,5,24,17,,15,34,30,18,27,18,46,34,19,,12,30,26,31,24,5,15,2,6,8,10,8,11,10,8,7,10,13,10,7,7,5,26,29,12,15,6,16,19,20,26,31,38,39,39,31,32,22,26,27,18,30,26,30,26,14,24,31,28,8,40,29,26,39,15,9,23,12,28,17,20,40,33,37,37,31,35,36,6,16,7,5,8,16,15,9,15,20,8,11,11,10,12,21,,25,28,22,20,36,31,38,14,37,,35,37,38,40,8,8,10,,24,7,18,25,23,21,12,19,24,33,19,20,37,12,19,15,14,18,28,16,29,35,27,21,9,11,13,14,14,11,21,10,15,14,16,13,7,24,17,14,17,20,24,26,13,14,23,25,26,22,11,24,20,15,21,25,18,23,22,45,36,51,37,17,29,32,18,12,15,14,19,22,21,29,27,43,29,41,30,34,35,7,10,9,9,13,11,8,29,32,28,29,18,23,28,22,32,43,35,32,26,32,34,12,19,45,,37,45,46,35,21,24,17,16,12,13,15,22,25,13,29,26,22,24,31,19,26,26,11,14,9,11,11,,7,12,7,20,32,7,8,10,12,21,18,18,16,14,10,14,13,13,49,37,49,18,,60,23,30,38,27,33,48,35,55,69,51,40,43,46,43,36,33,23,33,39,25,28,54,29,38,17,10,19,28,14,12,9,15,13,7,8,62,79,8,7,52,41,28,11,23,24,38,26,28,28,14,13,21,,15,25,31,41,14,21,22,20,20,39,46,44,39,28,28,25,21,12,10,22,16,15,18,,6,4,18,23,40,64,41,31,,11,18,10,14,10,12,40,26,7,9,24,40,23,28,34,9,20,11,23,9,9,,17,51,16,11,22,9,9,13,16,6,1,28,39,34,39,18,16
20231004,14,PM10,9,9,10,10,10,9,9,6,6,14,10,11,,,19,,38,23,33,,18,,11,15,,14,12,,42,74,53,57,69,51,48,,21,10,,13,,18,25,28,,34,,69,85,92,13,,19,36,,19,26,,15,3,13,19,18,24,21,6,17,13,,19,34,32,36,61,47,,93,90,87,85,19,,,45,28,21,22,30,,7,14,,,15,19,11,14,,21,16,,22,20,17,14,22,,14,11,15,20,13,13,39,8,7,24,25,18,17,16,17,20,18,,16,22,25,7,17,25,17,27,14,20,21,7,39,18,17,25,20,22,24,20,,22,20,27,21,15,22,19,17,24,23,15,21,12,16,,23,24,20,22,20,22,14,16,10,10,6,66,,,,73,66,,68,83,70,,,,27,,19,29,31,24,24,19,14,27,22,,,,21,16,,18,14,21,27,24,,24,31,44,41,39,41,34,25,,31,,40,42,,33,24,,30,27,23,,29,29,32,31,20,25,51,,,32,21,23,19,21,35,29,,36,,,21,,24,23,,39,19,33,21,26,20,,34,28,31,25,24,31,40,25,24,27,22,29,29,22,27,29,34,24,,,36,36,35,38,,61,56,32,22,19,,26,23,18,,25,73,59,71,,73,73,76,66,85,,,75,66,73,73,66,70,63,58,56,59,60,76,69,66,,19,22,21,24,17,20,19,,16,36,38,34,39,33,25,34,34,35,53,44,58,48,,41,50,55,46,62,48,47,35,53,51,48,59,40,36,,49,43,35,65,50,49,54,61,39,46,48,47,,56,36,23,67,52,62,,72,44,59,51,,,32,34,50,46,45,42,51,29,35,35,59,,44,42,34,35,46,53,42,34,,,29,29,25,8,,20,7,6,19,8,3,4,,,9,12,13,23,6,,17,24,29,25,,,22,23,31,36,31,29,34,31,36,27,27,,7,11,2,15,24,16,17,10,9,10,10,11,9,12,14,16,15,12,14,5,,19,11,54,17,,33,,23,31,,,,,12,,,,19,38,65,76,48,53,80,,29,37,42,47,53,52,48,54,34,43,45,,31,53,38,14,,18,10,11,7,27,24,22,29,39,,30,18,24,14,17,15,18,24,19,19,25,19,18,21,48,44,51,,,58,,61,56,58,51,58,,47,61,,,56,61,47,,,74,64,78,,58,76,56,48,61,48,34,34,14,41,,,,,,,83,,89,66,53,,56,56,61,36,22,29,,44,,,36,,36,32,,42,74,84,36,43,,43,50,52,46,39,35,44,29,24,34,20,23,30,47,145,58,39,36,36,37,,36,33,39,,29,27,,44,33,36,36,51,,44,5,,,90,78,,,,23,15,15,14,101,84,,86,115,,132,115,,120,,44,45,52,,41,34,51,39,46,,18,18,17,30,24,23,,24,20,17,18,15,20,14,14,18,16,19,17,15,27,15,20,15,17,13,16,23,14,,7,10,12,,3,21,22,13,11,11,17,18,12,5,8,23,20,29,,16,19,18,,17,25,32,34,17,,22,29,15,,60,,53,47,59,60,,109,107,,,,86,,67,,84,,,,67,60,75,33,62,,,,24,26,11,21,31,43,,33,37,36,38,36,33,,21,,,32,27,,17,12,29,45,35,41,11,26,31,38,33,43,49,39,41,37,19,23,15,16,17,13,,56,59,62,48,,15,15,8,9,16,29,31,26,,,,,30,31,,24,,17,19,9,12,11,20,18,31,26,26,11,12,,21,11,,7,,26,,15,25,,30,14,11,11,15,11,12,12,12,22,19,22,23,,,83,36,27,28,20,18,32,33,,28,19,61,63,62,,,81,,,,,66,,,,,,,,,,,,,,,,61,,,,,,,,,,,,,,,,,,,,,,,,,,,,,,,,,,,,,,39,37,48,37,41,44,23,52,41,,,,63,54,61,46,,,38,41,29,34,36,36,,51,40,61,,,64,72,,15,21,51,,56,,24,16,,,187,19,,,51,65,21,,,30,26,26,14,29,26,23,27,33,22,33,20,23,23,8,16,42,37,40,18,46,47,143,42,,,37,26,,18,9,19,17,33,26,30,36,12,35,11,20,,,17,18,14,29,5,13,34,15,12,18,16,14,9,1,13,12,7,,,6,4,14,4,12,14,,14,28,,,24,29,22,,26,40,19,32,21,40,61,,26,9,32,41,25,14,36,54,,35,17,14,35,17,15,,27,,19,,,,26,30,17,37,48,50,,28,,26,20,24,36,24,30,65,,30,38,34,,,16,42,34,,31,23,33,,,40,19,18,13,18,12,4,49,38,38,33,26,44,45,48,,31,44,49,48,49,,51,48,71,54,42,46,41,47,41,,48,54,45,26,59,53,40,36,36,38,44,,102,116,106,,55,61,109,58,,94,85,51,,50,42,38,48,51,,50,41,29,37,54,41,51,,38,45,41,48,34,,22,46,5,19,12,16,38,36,26,30,40,28,,48,52,53,,28,25,,34,18,35,32,,46,39,33,18,14,19,72,77,63,106,63,42,88,62,62,66,32,33,43,38,49,40,28,41,39,42,22,28,26,26,26,10,20,22,26,22,24,26,29,27,20,10,21,21,44,51,49,56,55,32,52,34,41,45,40,36,28,36,46,34,59,52,49,42,40,31,,26,,45,34,40,32,12,,3,17,10,11,9,18,19,15,24,44,37,37,34,50,42,,,,11,15,,3,12,8,7,12,39,,18,10,7,,,,,,11,10,11,12,19,,5,,2,6,21,14,15,17,,26,34,21,23,,,,,15,11,35,33,9,15,25,,19,,2,22,17,,20,3,21,4,8,12,5,3,,24,26,19,20,19,6,14,4,21,,23,16,,10,9,,5,7,6,,18,,5,,7,6,2,10,6,13,30,,31,22,8,16,10,14,,33,27,,18,22,18,,28,31,22,28,34,41,,19,15,27,22,,,20,10,6,,14,16,25,11,6,34,47,,57,,,65,18,11,13,54,52,11,18,9,,28,27,28,55,54,60,167,82,78,,,40,37,55,15,,20,28,39,29,8,63,87,44,10,15,17,59,56,,75,24,20,16,23,21,24,,10,,85,44,20,21,8,8,36,27,25,20,20,13,28,1,,,17,27,32,21,,40,17,31,30,,42,17,,,56,20,22,24,68,61,68,63,61,21,44,13,7,10,123,,34,59,,38,26,34,30,36,13,37,48,,38,12,38,21,12,113,14,34,101,56,10,44,5,50,41,,23,21,25,18,,30,36,13,59,17,56,24,21,26,104,92,43,41,47,25,14,12,65,99,47,50,78,9,12,12,14,,,28,,51,22,37,6,42,24,,18,61,51,18,18,41,116,31,24,,17,30,11,28,18,20,30,,13,24,23,25,31,31,36,16,15,12,10,13,4,80,18,71,20,15,19,17,,25,31,41,45,39,54,48,56,51,51,39,63,62,29,39,19,36,46,37,39,24,36,10,17,16,21,29,58,16,41,21,26,78,98,55,66,43,32,63,13,15,1,17,10,17,16,14,11,8,9,5,12,6,11,17,,17,31,34,85,68,61,41,24,85,,68,53,57,90,14,9,15,,20,12,25,24,25,37,20,43,44,29,34,29,58,,38,34,38,27,64,24,20,78,7,5,17,17,22,27,29,21,46,34,14,19,14,21,9,61,25,19,,56,53,56,21,42,29,33,24,31,45,62,45,31,41,30,42,56,49,57,33,164,41,7,8,5,40,19,17,24,14,18,30,58,90,119,88,107,45,34,43,15,10,12,8,15,24,31,14,3,15,,20,15,68,61,58,34,82,91,54,59,48,36,63,68,,58,41,55,34,22,21,7,29,12,10,24,55,29,48,33,36,31,36,62,27,47,36,12,17,38,21,19,,29,16,28,35,25,11,12,12,13,23,14,28,28,20,23,26,18,9,108,80,59,32,,36,17,10,6,20,18,112,78,12,25,12,34,55,30,52,27,19,64,58,110,44,30,108,65,51,19,17,10,56,26,17,8,24,22,23,31,261,258,7,11,24,30,83,15,28,67,40,51,36,35,42,6,28,,13,42,53,48,11,25,23,,75,65,80,48,91,66,57,34,32,19,22,23,29,27,24,,3,,48,74,64,127,131,60,,7,10,8,8,17,19,75,56,18,5,45,93,29,19,12,19,6,8,4,7,9,17,36,125,42,58,171,20,26,34,31,9,11,45,44,46,80,21,28
20231004,14,PM10_24h,30,22,30,27,30,28,29,53,41,30,26,27,,,65,,62,55,68,,56,,60,57,,59,63,,84,90,88,84,88,87,71,,66,68,,60,,59,54,59,,59,,69,71,71,104,106,103,124,,101,23,,28,27,20,40,39,42,43,28,51,53,,52,66,57,66,72,73,,91,99,87,91,76,,,101,100,72,72,83,,24,24,,,20,24,24,19,,37,36,,31,45,33,32,33,,30,66,55,63,58,51,54,50,61,45,35,36,34,33,30,31,22,,29,31,34,20,19,22,30,22,21,23,24,24,23,18,29,22,23,20,21,22,,21,23,22,21,24,25,29,23,26,30,24,26,23,21,,26,27,24,25,22,25,15,17,15,17,14,52,,,,46,43,,48,46,38,,,,30,,24,33,27,24,26,25,21,26,31,,,,32,28,,27,28,26,26,26,,30,31,39,41,40,45,35,29,,26,,36,39,,36,29,,35,29,26,,29,29,32,39,18,26,30,,,28,21,21,34,34,37,38,,37,,,27,,28,28,,30,24,29,17,22,20,,50,42,44,41,40,33,37,32,37,30,30,27,40,29,35,35,35,35,,,40,35,41,40,,50,53,37,31,24,,31,32,18,,32,51,48,53,,52,64,52,56,37,,,42,44,43,40,41,45,56,52,48,53,58,54,54,54,,21,22,20,22,20,22,19,,19,20,19,24,18,22,16,19,21,23,33,25,53,54,,53,75,50,43,53,43,47,36,43,47,44,55,38,52,,42,42,41,60,36,36,36,37,48,50,52,47,,40,48,47,45,49,42,,41,42,36,45,,,50,45,47,48,44,43,57,68,44,43,36,,29,32,32,30,32,37,35,63,,24,26,23,24,13,,24,12,19,29,15,14,21,,,18,28,18,26,21,,37,32,35,39,,,36,27,25,26,27,25,29,29,30,25,19,,17,11,17,18,22,17,14,13,9,11,16,9,23,22,24,20,21,17,24,14,,29,23,21,23,,42,,39,40,,,,,43,,,,64,76,63,68,70,58,61,,42,25,25,24,27,26,32,32,29,29,33,,24,32,26,25,,27,22,24,22,42,33,28,32,35,,41,35,50,23,27,24,26,25,23,25,35,44,34,35,44,41,46,,,72,,67,76,70,56,82,,75,74,,,78,82,73,81,,58,62,82,,74,68,68,61,57,43,41,39,30,48,,,,,,,63,,81,64,51,69,43,40,46,24,31,34,,73,,,36,,34,32,38,45,45,50,47,53,,36,46,31,32,39,28,39,36,31,37,32,34,40,38,49,44,39,44,39,28,,33,32,38,,41,40,,55,52,63,58,29,,39,13,,,88,78,,,,33,36,30,38,55,58,,55,68,,99,92,,102,,83,80,98,,79,50,19,20,17,,34,39,39,48,38,54,,39,34,31,33,30,38,28,33,48,27,26,31,32,47,29,39,33,23,25,27,31,26,,15,15,17,,11,34,30,31,32,33,21,20,15,21,18,23,27,26,,21,24,24,,17,22,20,25,20,,23,25,12,,52,,57,49,44,48,,76,70,,,,76,,69,,67,,,,75,50,57,43,49,,,,15,14,19,15,40,40,,24,24,30,21,24,23,,25,,,21,20,15,17,7,40,44,41,46,20,26,23,30,37,40,48,38,47,34,22,20,21,23,18,26,,43,50,46,41,,21,28,21,16,32,36,43,34,,,,,53,42,,40,10,21,23,18,20,19,22,23,24,21,22,20,17,,24,22,,36,39,43,,30,39,,46,15,15,24,20,25,30,23,25,33,33,29,35,,,29,34,73,60,75,64,16,24,,28,20,85,87,97,,,52,,,,,43,,,,,,,,,,,,,,,,38,,,,,,,,,,,,,,,,,,,,,,,,,,,,,,,,,,,,,,25,42,43,44,48,54,43,54,47,,,,66,73,65,58,,,55,71,55,63,65,92,,100,83,51,,,57,71,,59,62,60,,78,,50,35,,,40,23,,,47,47,24,,,24,25,20,21,36,36,35,35,29,27,34,34,30,32,30,38,29,29,41,28,25,26,41,22,,41,36,24,,14,13,24,26,31,26,19,30,24,31,27,24,,,28,22,23,47,14,22,26,27,13,13,16,19,26,20,20,19,12,,,12,23,24,28,13,15,,13,30,30,,23,26,20,,29,28,20,32,26,35,51,,33,35,41,47,34,28,29,29,,30,34,29,22,20,23,,35,,44,,,,22,28,19,32,47,41,,31,,27,24,26,35,33,37,57,,39,30,43,,,28,30,31,,32,37,29,,,32,23,23,24,26,37,21,47,36,39,33,33,56,57,50,,43,42,48,45,45,,54,49,67,50,53,56,53,52,57,,67,65,60,37,48,49,43,42,43,54,51,,74,72,67,,70,53,74,49,,75,80,56,,55,55,49,55,56,,40,36,26,35,47,37,56,,51,47,45,44,45,,38,43,7,32,17,14,37,39,38,38,29,25,,48,46,49,,30,30,,32,17,35,38,,44,36,33,26,17,27,44,36,33,47,41,42,49,42,43,44,30,28,46,35,41,49,45,50,48,55,48,51,45,45,46,10,16,23,23,20,22,18,22,22,21,10,14,13,67,81,82,70,26,40,25,37,44,46,40,42,30,41,49,40,57,61,53,38,41,31,29,35,,46,37,35,19,15,,8,25,21,21,16,27,20,21,24,40,29,30,32,40,32,,,,20,21,,20,15,15,11,14,23,,25,21,20,,,,,,28,26,23,24,23,,14,,6,13,14,17,16,22,,24,27,20,25,,,,,12,13,24,22,23,21,26,,17,11,11,22,16,,22,10,24,16,12,16,11,13,,24,33,26,26,20,11,17,16,29,,24,17,,14,7,,8,12,11,,31,,12,,6,9,14,12,14,12,57,75,65,57,12,22,16,18,,40,36,,20,21,31,,36,42,27,41,35,44,,35,28,32,33,,,36,25,15,,17,26,18,18,6,38,68,,59,,,75,26,20,19,52,59,65,74,19,,38,27,30,86,88,93,174,180,158,,,56,43,54,19,,29,36,37,39,12,54,53,52,63,58,51,84,105,,70,29,28,25,23,34,25,,34,,52,64,36,23,19,19,37,28,26,35,33,20,25,7,,,57,49,32,56,,70,57,76,25,,28,18,,,49,28,33,28,38,40,57,43,53,22,39,26,25,23,107,,56,57,,34,40,43,37,40,21,29,76,22,41,23,35,34,57,71,24,43,34,69,18,65,7,79,45,,25,30,23,30,,33,70,24,55,31,43,24,27,24,72,70,37,45,64,24,27,26,60,44,53,28,74,15,13,15,14,,,33,45,77,20,34,11,37,31,,28,59,54,25,50,33,74,60,34,,33,43,37,42,37,20,36,26,16,21,23,22,25,31,27,22,20,30,19,62,22,26,30,50,22,19,16,26,32,30,36,49,58,51,74,51,57,39,44,45,39,54,45,53,32,32,39,47,54,16,68,59,67,74,25,25,48,20,36,30,29,64,60,53,51,46,43,46,14,18,9,12,17,24,25,23,23,24,16,15,10,16,14,33,,31,31,31,50,66,56,73,34,70,,59,80,86,74,13,16,16,,41,9,23,33,24,29,22,31,41,40,46,39,56,27,39,34,32,30,57,23,44,72,48,41,24,22,24,25,25,23,40,24,30,28,24,24,15,34,23,31,40,63,55,59,33,37,33,54,29,36,49,45,39,29,29,34,28,48,37,85,61,98,94,34,56,58,56,26,23,22,31,36,30,53,68,71,57,80,48,50,58,12,13,23,10,24,26,37,39,43,38,39,32,37,75,42,67,76,67,75,54,49,65,26,40,86,,75,80,95,70,54,76,22,50,16,26,32,52,43,42,52,37,37,43,48,34,36,35,17,26,27,20,21,,25,16,24,28,28,13,14,21,23,33,27,34,30,25,21,42,38,34,76,56,78,47,,91,65,68,69,74,67,101,66,91,132,93,100,106,103,103,92,94,55,58,90,42,39,87,50,52,20,26,22,51,25,24,19,23,25,21,42,204,193,15,12,78,99,66,48,40,52,62,47,44,45,32,20,25,,21,53,51,52,19,29,38,37,48,73,79,76,72,64,72,42,38,22,22,30,30,34,31,,12,2,33,98,59,94,86,49,,25,40,20,26,36,25,58,51,24,17,50,72,31,68,61,22,36,27,42,24,21,23,42,87,30,27,46,29,28,28,37,11,9,43,82,57,75,39,24
20231004,14,SO2,3,3,3,1,2,3,3,3,3,1,3,3,,,7,,3,5,4,,6,,4,4,,5,3,,4,4,2,4,4,4,3,,3,3,,3,,9,10,10,,4,,12,12,14,2,,4,4,,4,3,,1,3,6,6,5,4,2,1,1,1,,4,4,10,6,3,6,,14,11,11,13,5,,,7,5,5,10,8,,5,5,,,8,6,5,6,,7,8,,6,6,8,7,5,,6,5,6,9,6,5,6,6,8,4,6,5,6,5,5,7,6,,5,6,4,5,6,6,5,4,4,2,6,6,7,6,7,4,8,7,7,8,,4,6,8,5,4,3,5,4,8,5,7,7,2,4,,7,9,8,8,8,10,6,6,6,6,7,8,,,,9,11,,8,10,10,,,,9,,5,8,7,8,5,6,9,11,9,,,,10,9,,3,1,2,6,5,,8,8,6,9,8,8,8,6,,8,,11,11,,8,5,,7,9,9,,9,6,9,7,5,9,5,,,6,8,7,5,5,4,5,,9,,,4,,5,5,,6,4,6,7,5,5,,4,4,3,3,2,5,5,6,7,7,5,5,8,4,5,6,7,7,,,5,4,4,4,,3,5,5,6,7,,4,6,8,,7,9,8,9,,,8,8,8,9,,,15,12,9,13,10,14,6,5,7,7,7,8,8,9,,8,6,6,8,7,7,6,,6,5,4,6,5,5,4,4,4,3,3,6,3,7,,3,5,12,5,4,5,6,6,3,6,8,5,5,7,,3,6,6,9,6,6,8,8,7,6,6,8,,7,3,6,8,5,4,,8,6,5,6,,,6,4,10,5,6,6,4,6,5,7,8,,9,12,15,9,8,17,8,6,,6,6,5,8,7,,6,8,5,6,6,5,6,,,7,6,8,6,5,,3,1,2,2,,,4,8,4,3,4,5,5,7,4,7,4,,7,6,9,7,15,7,7,7,9,8,6,6,6,5,5,6,5,5,2,5,,5,1,4,6,,,,6,5,,,,,12,,,,8,8,7,4,5,6,7,,13,8,4,7,10,6,5,5,4,5,3,,4,4,5,11,,17,11,11,14,6,23,5,5,6,,7,8,4,10,8,10,6,7,7,6,11,6,8,8,8,7,4,,,9,,7,8,9,6,8,,9,6,,,12,13,10,10,,9,12,11,,6,7,8,8,6,9,4,4,6,4,,,,,,,13,,7,10,8,10,9,7,11,3,4,6,,10,,,11,,10,6,10,7,10,12,10,9,,10,8,7,8,7,7,10,8,8,10,3,6,7,8,6,7,5,5,5,9,,6,7,8,,4,6,,7,6,4,5,6,,8,4,,,41,6,,,,9,5,12,8,24,20,,26,34,,16,17,,17,,14,11,15,,12,15,9,13,9,,4,10,8,8,8,5,,6,5,8,6,7,7,6,12,8,8,9,6,7,8,7,6,9,7,7,8,10,6,,5,2,5,,,5,5,5,5,5,5,4,4,2,4,7,6,5,,8,9,7,,6,6,9,7,9,,11,9,6,,8,,3,4,9,4,,14,14,,,,6,,7,,10,,,,10,9,11,7,6,,,,7,5,8,6,5,6,,7,6,7,7,4,3,,6,,,5,6,,3,8,4,7,8,7,6,4,4,5,8,6,8,8,7,6,3,3,4,4,7,7,,7,6,7,8,,8,8,4,6,5,4,5,3,,,,,1,3,,1,2,2,2,2,3,3,5,7,2,1,6,2,4,,2,3,,7,,4,,7,5,,2,8,4,6,6,6,7,10,6,4,4,3,6,,,8,5,11,9,5,4,10,6,,10,7,11,7,9,,,9,,,,,12,,,,,,,,,,,,,,,,10,,,,,,,,,,,,,,,,,,,,,,,,,,,,,,,,,,,,,,6,4,4,4,5,8,6,7,15,,,,8,7,9,6,,,8,9,9,12,10,9,,10,11,5,,,4,6,,7,8,6,,10,,8,8,,,5,5,,,5,4,6,,,2,3,9,,13,12,10,3,1,8,5,5,9,7,7,8,6,7,4,2,6,7,6,3,,,5,5,,7,5,9,10,6,2,5,7,6,6,7,4,,,5,12,9,11,11,7,6,6,3,6,6,8,2,3,4,2,1,,,5,24,3,9,2,6,,6,3,4,,4,5,4,,6,10,7,9,2,8,7,,7,7,9,6,,8,10,7,,7,4,4,6,8,6,,6,,8,,,,6,10,8,6,11,9,,8,,5,8,6,7,7,8,7,,7,4,8,,,4,4,5,,3,4,3,,,7,4,5,9,6,4,10,28,21,21,19,16,16,12,17,,10,5,7,6,16,,16,6,10,5,19,11,7,14,21,,8,6,17,2,4,1,4,5,,11,2,,12,18,20,,10,12,13,8,,8,8,4,,5,8,5,8,4,,7,5,8,7,7,9,9,,7,8,8,4,5,,9,6,9,7,6,6,7,8,6,8,3,4,,11,6,4,,7,7,,8,6,,7,,7,6,6,10,8,12,16,11,11,13,5,7,13,3,8,13,4,2,4,4,2,3,5,4,6,4,8,6,7,5,6,4,1,2,5,3,3,4,1,6,4,6,7,9,8,6,8,7,30,4,19,8,6,9,5,6,4,10,6,7,4,20,19,7,7,5,8,8,,8,7,7,6,2,,2,6,7,6,7,11,6,6,7,4,7,9,9,8,7,,,,4,6,,7,6,9,9,10,6,,8,6,7,,,,,,5,4,4,8,4,,4,,7,8,13,15,16,15,,7,6,6,6,,,,,1,1,6,6,2,5,6,,3,6,5,9,8,,8,10,7,10,6,4,3,4,,6,7,4,9,6,8,4,6,2,,7,4,,7,7,,7,9,3,,5,,6,,6,7,6,5,7,7,11,,18,19,8,6,6,5,,79,69,,11,6,4,,9,6,2,4,7,9,,5,5,2,3,,,10,4,3,,7,13,11,11,9,12,11,,11,,,34,6,2,6,6,5,3,8,9,,9,10,10,5,6,2,3,5,6,,,11,12,9,5,,4,10,15,3,8,2,18,5,4,4,4,4,11,,7,5,6,2,8,4,5,,4,,13,7,6,6,6,7,7,12,8,6,6,6,6,4,,,3,6,8,6,,4,8,8,4,,8,8,,,11,8,8,9,13,10,10,13,9,7,10,6,6,7,18,,5,5,,3,3,6,7,4,9,2,4,3,10,4,6,3,5,18,7,4,11,8,1,8,7,7,7,,7,7,6,6,,1,10,6,,5,7,5,8,6,14,10,12,4,16,7,8,4,7,4,11,10,13,7,7,6,4,,,6,,2,8,9,6,6,6,,4,11,18,6,8,8,8,5,7,,5,6,7,13,16,5,7,,4,8,7,6,10,5,8,8,3,6,14,9,11,7,6,12,9,8,7,8,,8,5,5,5,4,6,8,6,6,3,5,9,8,5,7,6,7,6,8,2,2,7,5,5,4,8,4,6,7,11,7,6,8,10,9,9,7,2,5,7,4,7,8,10,6,7,11,14,15,1,4,8,9,10,1,,1,8,8,11,10,6,12,5,16,,8,6,7,9,8,3,5,,10,5,8,8,6,7,4,7,8,3,7,9,23,5,5,5,7,7,2,5,9,15,3,3,12,10,5,4,5,7,10,1,7,8,7,11,6,16,6,6,,3,4,12,10,12,4,9,7,7,8,8,7,9,7,4,7,9,7,4,6,11,8,4,8,6,4,4,6,5,5,9,5,7,10,21,18,15,10,10,6,9,5,21,6,,6,2,2,7,4,4,6,7,7,8,8,10,12,14,8,8,9,4,10,5,,3,11,11,8,2,5,6,5,8,2,7,2,1,5,6,4,4,5,9,6,3,6,4,4,,5,3,,7,5,6,10,7,6,7,5,7,6,8,6,6,3,6,10,9,7,25,27,19,42,,6,6,3,3,3,5,11,18,2,4,8,11,9,9,8,6,12,10,7,11,1,5,17,10,10,7,11,7,10,5,4,4,5,4,8,6,9,5,6,4,10,12,5,14,7,7,7,4,8,8,9,8,7,,8,4,6,4,8,7,1,10,10,17,10,14,9,9,34,11,6,7,5,5,8,5,5,,5,4,8,5,6,14,8,4,,1,3,1,1,10,10,12,10,11,11,3,22,6,4,3,3,3,3,3,6,5,8,5,17,6,4,6,4,7,3,4,6,4,8,10,8,17,9,9
20231004,14,SO2_24h,3,2,3,3,3,3,3,3,3,2,3,3,,,8,,5,7,6,,7,,6,6,,8,5,,10,4,5,7,6,8,7,,3,6,,2,,11,11,13,,8,,8,10,11,7,7,7,7,,8,2,,2,2,6,9,8,8,8,4,2,2,,6,7,9,8,5,10,,18,12,11,14,8,,,8,12,9,16,10,,6,6,,,9,7,5,7,,11,13,,8,7,11,9,7,,7,7,10,9,9,8,7,8,11,7,9,6,6,5,5,8,6,,5,7,5,7,6,6,6,3,5,4,7,8,7,6,8,4,9,7,8,8,,4,6,7,5,5,3,5,4,7,5,5,7,3,11,,8,10,9,8,8,10,6,6,7,6,7,9,,,,6,7,,6,7,6,,,,10,,7,9,10,9,6,8,11,9,9,,,,12,10,,5,4,4,8,8,,9,7,8,10,6,8,7,6,,11,,9,8,,8,5,,7,8,8,,9,6,9,7,6,9,5,,,7,8,7,6,5,4,6,,8,,,3,,5,5,,6,4,6,6,5,5,,4,4,3,4,2,6,6,6,6,6,5,5,7,4,5,5,6,6,,,5,3,3,4,,4,4,4,6,7,,7,6,8,,7,7,5,6,,5,5,4,8,5,,,9,9,9,9,9,8,5,5,6,7,6,6,7,8,,8,6,6,8,7,7,6,,7,5,4,6,5,4,4,4,3,3,2,6,4,7,,3,5,9,4,4,5,6,6,3,6,9,6,5,7,,3,6,6,8,6,6,6,7,10,7,6,9,,8,4,6,8,6,4,,7,7,5,7,,,6,3,12,5,7,8,4,6,5,9,5,,7,7,10,7,8,12,8,8,,6,7,5,8,6,,5,8,5,6,5,5,6,,,7,6,7,6,5,,3,2,2,2,,,3,7,5,3,3,6,5,8,4,7,5,,8,7,9,7,17,8,7,7,9,8,7,6,7,6,5,6,7,5,3,5,,5,2,5,7,,4,,8,10,,,,,22,,,,12,18,7,4,4,6,8,,11,7,4,7,9,6,5,5,4,5,6,,4,4,5,12,,19,12,11,16,32,30,8,6,15,,6,8,6,10,8,10,5,10,10,7,18,10,10,13,7,7,4,,,10,,11,11,14,7,11,,13,7,,,11,14,10,12,,8,9,18,,7,6,7,8,7,11,6,5,7,3,,,,,,,11,,7,9,8,9,9,6,10,4,6,8,,21,,,13,,10,8,12,8,9,10,11,9,,9,8,8,9,8,6,11,11,13,13,3,6,8,7,6,7,5,6,5,10,,7,8,7,,5,8,,9,8,6,6,6,,10,6,,,12,11,,,,12,11,14,10,11,13,,17,19,,15,16,,17,,19,11,17,,12,11,10,14,9,,6,11,11,13,13,8,,12,8,10,9,9,10,7,16,21,8,14,6,12,16,13,12,14,8,8,9,10,7,,5,2,5,,4,5,6,6,6,6,6,4,4,8,5,7,6,5,,7,8,6,,5,7,9,7,10,,11,8,11,,5,,4,3,3,2,,10,9,,,,5,,5,,8,,,,8,8,7,7,8,,,,6,4,8,6,6,6,,7,6,7,6,4,3,,8,,,4,7,9,3,9,4,10,8,6,6,4,4,5,12,7,9,10,8,8,3,3,4,5,7,7,,7,5,8,9,,8,13,7,5,5,5,6,4,,,,,4,6,,5,6,2,3,2,3,3,4,7,2,1,6,4,5,,2,3,,7,3,6,,7,5,,5,8,5,7,6,7,8,10,6,4,5,3,6,,,12,4,32,41,30,6,9,6,,9,7,12,7,8,,,6,,,,,9,,,,,,,,,,,,,,,,9,,,,,,,,,,,,,,,,,,,,,,,,,,,,,,,,,,,,,,6,2,3,3,4,9,6,8,11,,,,8,7,8,7,,,15,20,16,18,19,10,,11,11,8,,,6,7,,14,10,4,,8,,9,9,,,5,5,,,6,5,6,,,2,3,10,12,11,11,9,5,8,10,8,8,10,10,10,14,8,8,5,10,10,13,11,6,,4,6,8,,8,6,9,10,7,3,6,7,6,7,7,5,,,7,10,8,11,11,9,6,7,3,6,9,7,2,4,4,3,1,,,8,7,5,2,2,6,,5,4,4,,5,5,4,,7,10,8,9,1,7,7,,6,6,7,4,3,6,6,5,,5,4,5,6,8,7,,7,,8,,,,5,10,7,5,13,8,,4,,4,6,5,7,7,7,7,,10,4,14,,,4,5,4,,5,10,5,,,6,4,6,7,10,11,11,30,23,23,22,22,16,11,16,,8,5,23,19,11,,16,10,14,6,9,13,9,12,14,,17,15,23,2,5,2,4,5,,11,4,,12,10,11,,8,6,8,5,,4,5,6,,5,8,4,8,3,,5,4,8,7,6,7,8,,6,6,6,5,6,,10,6,9,7,6,6,8,9,7,8,4,4,,9,7,6,,8,7,,8,7,7,6,,6,6,6,10,8,14,17,6,8,13,8,9,9,8,7,10,4,3,4,4,2,4,5,4,6,4,8,7,7,6,8,4,1,3,6,4,4,3,2,3,4,6,6,8,15,10,10,11,7,5,8,13,8,9,6,6,5,11,9,24,21,23,30,6,7,5,8,9,,13,6,5,6,3,,2,5,8,7,7,9,8,6,9,4,7,8,9,7,7,,,,4,7,,7,6,11,12,12,9,,9,7,8,,,,,,5,4,5,8,5,,5,,7,7,11,12,11,18,,6,5,6,6,,,,,1,1,5,5,3,5,5,,3,6,5,9,9,,8,9,6,11,7,6,4,4,,5,8,5,9,7,8,4,6,14,,8,4,,7,7,,9,8,3,,6,,7,,6,7,6,5,7,7,9,11,12,13,8,7,6,5,,58,52,,12,8,4,,9,7,4,4,6,12,,5,6,2,3,,,10,5,3,,8,12,12,12,11,11,9,,11,,,11,7,2,6,6,5,3,5,7,,8,8,8,6,6,4,3,5,5,,,10,10,9,4,,4,8,9,3,9,2,12,5,8,6,5,7,12,,6,6,8,5,7,5,4,,4,,9,7,4,6,9,10,8,9,8,9,7,6,5,4,,,5,8,8,7,,7,11,20,4,,7,8,,,9,7,9,8,10,6,10,11,10,8,10,6,6,7,16,,6,4,,3,5,6,6,3,12,2,16,3,10,3,6,5,7,9,8,6,16,8,2,7,7,7,8,,8,8,7,7,,2,13,6,5,6,6,5,10,6,11,8,8,4,19,7,10,4,8,7,8,8,10,7,7,6,5,,,7,6,6,8,8,6,7,8,,5,9,17,7,16,6,8,7,5,,8,6,11,22,46,5,6,10,4,7,8,6,9,5,7,8,3,11,11,10,13,7,7,10,9,8,7,8,9,10,5,5,5,7,6,4,5,6,3,5,8,8,12,8,7,9,5,8,3,3,11,7,7,9,8,3,5,8,8,4,4,8,8,9,7,6,2,2,8,5,8,9,10,6,11,12,18,14,5,8,8,8,10,2,,2,8,8,7,6,7,15,6,9,,12,8,9,18,10,5,5,,9,5,10,9,6,7,4,8,10,12,9,10,17,5,5,6,7,7,11,5,10,10,3,3,10,11,4,5,5,8,14,2,9,8,7,11,6,11,8,7,6,4,5,11,9,9,5,10,7,8,8,7,6,15,6,4,9,8,7,6,7,13,11,4,9,9,5,3,6,5,6,8,5,6,8,12,10,8,10,10,7,18,5,16,6,7,11,4,4,7,4,5,7,7,7,5,10,12,11,12,7,7,9,4,8,8,,23,15,14,10,25,25,7,17,8,2,7,3,4,5,8,5,8,8,8,6,2,6,4,4,2,6,4,,8,4,7,10,8,6,7,4,8,5,7,6,6,4,5,17,10,12,10,14,10,26,,9,10,3,3,4,6,9,14,4,8,12,14,11,13,11,10,15,9,9,9,1,5,16,6,11,8,9,6,13,5,4,4,5,5,8,7,10,10,6,4,9,38,6,13,10,7,8,5,8,9,12,10,8,,7,4,4,5,8,6,5,8,9,11,11,17,12,9,12,8,6,7,5,5,8,4,5,,5,5,7,8,8,13,6,6,,2,3,2,2,11,15,9,7,12,14,6,11,6,7,2,3,3,3,3,8,6,8,5,18,8,5,8,5,7,5,4,7,4,8,12,12,13,8,11
20231004,14,NO2,8,2,6,10,17,8,8,8,5,2,5,8,,,8,,12,13,13,,10,,10,12,,8,12,,16,15,20,15,19,17,21,,2,4,,1,,15,18,11,,3,,22,36,24,11,,5,11,,3,3,,4,3,1,4,4,2,7,1,14,9,,11,8,10,7,5,12,,8,15,18,11,14,,,20,14,14,16,9,,5,10,,,9,4,6,7,,7,8,,6,6,6,11,14,,4,10,14,8,17,7,9,4,10,8,11,12,10,5,5,13,4,,6,4,7,5,10,9,8,5,12,10,10,9,8,10,6,13,15,18,14,10,,17,9,22,12,8,12,9,9,12,8,12,14,10,4,,12,4,6,11,7,7,9,10,10,7,9,13,,,,23,15,,24,18,17,,,,11,,8,11,10,14,12,11,10,11,10,,,,2,7,,16,6,7,9,9,,22,,11,10,11,10,4,6,,8,,10,10,,22,18,,16,22,15,,23,16,16,19,11,19,14,,,12,15,10,5,4,12,14,,14,,,18,,9,7,,13,6,9,6,5,5,,14,12,7,8,11,8,12,9,14,14,10,6,9,3,11,19,16,16,,,4,6,5,5,,5,12,12,4,8,,17,9,10,,9,20,18,25,,20,16,27,18,16,,,23,21,21,19,23,24,25,27,24,32,27,31,27,35,,16,19,16,19,16,22,14,,14,20,17,8,9,6,12,13,12,13,,8,19,11,,8,14,18,9,15,5,10,8,16,14,13,10,7,6,,12,7,7,21,9,9,17,11,12,14,16,9,,14,9,8,15,12,12,,13,10,10,9,,,10,6,20,10,7,3,7,8,10,13,14,,7,5,11,10,14,,8,6,,,10,6,5,10,,12,9,13,23,20,24,22,,,17,30,28,16,,,11,15,11,17,,,16,6,6,12,4,6,4,8,9,7,7,,9,10,11,10,14,10,8,7,5,4,7,4,21,24,31,26,25,20,22,12,,20,13,27,30,,12,,18,26,,,,,11,,,,11,8,34,47,16,29,28,,7,14,11,13,11,12,17,18,15,18,16,,9,13,9,13,,13,10,14,7,13,8,13,12,10,,7,14,11,9,11,8,14,,19,10,14,6,5,9,8,14,9,,,16,,17,14,19,14,6,,10,12,,,16,18,9,21,,20,20,20,,16,19,16,17,17,10,11,8,3,11,,,,,,,42,,33,9,11,,14,16,18,14,4,7,,7,,,2,,2,3,2,15,22,14,11,7,,6,9,16,12,7,7,6,9,7,10,6,4,5,7,5,5,5,5,5,8,,5,3,6,,7,2,,2,3,6,6,5,,6,5,,,35,33,,,,7,5,4,8,45,33,,26,45,,27,32,,27,,16,17,17,,20,24,9,9,8,,6,10,8,12,8,10,,5,6,6,4,2,5,10,14,14,11,12,8,12,6,6,8,6,8,9,6,,8,,4,6,5,,,6,5,4,3,4,4,9,4,10,5,13,15,6,,16,8,16,,5,13,13,13,11,,21,20,7,,29,,28,17,17,23,,44,37,,,,25,,38,,33,,,,14,11,15,33,17,,,,33,18,15,24,7,10,,11,19,18,16,10,8,,7,,,2,8,,5,5,4,7,5,10,4,3,4,4,6,7,8,9,9,6,4,5,7,15,10,9,,15,12,17,13,,6,8,5,5,18,15,16,20,,,,,6,7,,7,4,13,9,12,11,11,13,8,7,6,9,5,5,,13,10,,13,,17,,14,24,,33,14,11,15,14,17,24,17,14,24,29,24,25,,,10,8,5,5,9,8,24,27,,19,10,16,13,6,,,22,,,,,17,,,,,,,,,,,,,,,,8,,,,,,,,,,,,,,,,,,,,,,,,,,,,,,,,,,,,,,17,11,10,13,10,14,10,13,20,,,,25,25,24,24,,,11,14,12,12,12,19,,24,24,15,,,12,16,,9,8,22,,28,,8,12,,,7,6,,,4,6,3,,,5,2,2,5,9,8,8,9,,7,6,7,11,6,3,6,5,6,14,5,4,7,6,3,,,6,2,,5,2,9,7,4,4,12,2,8,9,3,6,,,6,5,4,5,3,2,4,14,4,4,2,3,4,5,4,7,2,,,3,6,4,1,9,8,,2,2,4,,6,5,8,,9,11,14,9,3,17,9,,6,10,10,9,,7,17,17,,16,5,5,12,8,5,,9,,14,,,,11,10,10,12,9,7,,17,,14,20,18,8,4,5,6,,3,8,5,,,4,4,4,,5,2,3,,,10,3,6,4,9,5,6,23,18,23,18,6,17,18,17,,7,12,11,12,13,,4,10,10,13,9,10,8,13,20,,18,18,21,3,11,8,6,7,8,8,8,,39,39,41,,52,39,50,28,,24,24,20,,15,8,15,9,12,,20,18,18,12,15,13,12,,15,12,15,10,19,,10,10,6,12,6,3,17,16,21,15,11,15,,16,12,13,,9,10,,2,3,12,15,,7,13,9,8,17,15,12,9,9,16,14,4,13,10,8,11,10,11,11,10,9,10,13,12,10,14,7,9,10,8,7,4,7,5,5,3,3,7,5,11,3,5,10,13,8,7,5,8,33,8,27,6,6,11,8,3,4,4,2,6,8,9,6,8,7,8,7,9,,9,3,3,5,6,,7,2,8,14,10,8,12,16,10,19,27,27,12,19,31,,,,6,9,,6,14,16,13,17,19,,21,9,5,,,,,,3,8,10,4,6,,4,,2,2,4,4,5,5,,6,3,6,3,,,,,3,5,7,5,5,4,11,,1,4,5,4,4,,5,4,5,5,7,6,2,2,,4,6,4,5,6,7,6,4,7,,4,6,,6,6,,4,5,6,,4,,2,,2,4,4,9,7,11,11,,19,16,8,14,12,6,,14,12,,10,12,10,,14,12,11,11,9,8,,12,6,2,10,,,12,4,9,,8,16,13,2,4,6,17,,20,,,27,13,9,8,14,13,5,4,15,,14,14,13,8,17,5,22,20,13,,,16,13,17,6,,4,6,13,4,7,22,26,2,10,13,3,14,23,,33,8,8,10,17,10,14,,10,,22,18,17,5,5,6,6,18,15,8,5,7,19,5,,,8,5,11,7,,8,8,9,5,,18,10,,,18,7,13,4,15,18,21,11,11,10,9,26,18,18,27,,9,22,,5,4,9,8,10,3,3,6,5,31,10,8,5,9,40,35,4,8,22,4,19,4,12,8,,2,2,3,6,,2,11,34,21,12,34,6,10,8,42,34,33,13,20,15,10,22,34,7,16,21,20,6,8,11,20,,,9,10,6,18,13,2,10,10,,6,11,16,8,11,7,,4,16,,6,11,19,8,13,19,10,,5,12,18,19,19,26,18,7,1,8,9,7,1,14,10,19,3,14,6,4,,5,3,9,16,9,11,15,17,10,13,8,9,14,7,5,3,5,11,6,3,2,9,8,12,5,8,14,15,7,8,16,14,49,35,18,20,12,21,27,2,4,5,11,12,8,10,6,8,13,16,24,7,12,19,15,,16,8,20,27,24,18,8,6,19,,15,11,11,40,3,4,6,,9,6,18,14,5,11,3,12,5,4,5,6,8,11,13,16,14,13,9,12,18,18,5,7,10,2,10,6,11,9,12,3,15,5,5,5,5,14,6,5,,33,19,28,12,12,6,4,4,2,12,24,7,7,11,7,8,15,6,15,4,32,7,6,13,9,7,8,12,15,12,13,13,30,37,36,46,49,17,14,9,4,2,8,3,,23,3,15,4,9,15,9,10,23,17,20,3,33,29,9,13,20,9,15,13,,5,9,12,4,11,8,7,8,8,4,4,17,4,8,4,1,7,7,7,7,10,5,2,4,3,2,1,,16,7,12,8,13,14,5,2,9,22,14,17,7,15,9,7,7,8,49,32,18,9,,12,12,3,2,2,8,21,15,2,4,7,15,5,4,9,7,10,38,25,52,13,13,39,14,30,14,10,15,12,27,9,17,24,10,13,13,8,7,8,14,21,15,22,12,2,13,6,23,8,9,5,17,18,,6,8,25,24,12,10,5,,25,19,29,6,41,16,26,21,34,35,10,12,21,17,13,,10,2,16,6,12,34,46,12,,7,12,4,10,7,7,37,19,15,11,9,39,10,2,2,4,10,5,6,6,8,4,15,40,10,8,14,7,20,2,5,5,5,15,15,11,20,11,8
20231004,14,NO2_24h,20,4,18,16,26,21,22,27,16,6,24,26,,,27,,24,28,31,,26,,32,30,,38,28,,39,30,35,32,31,30,18,,26,37,,36,,28,63,28,,18,,35,49,33,45,41,37,58,,61,15,,18,18,12,29,25,27,29,10,23,27,,26,30,25,25,32,37,,25,45,37,30,54,,,53,61,57,64,43,,20,26,,,20,12,14,15,,15,18,,14,11,12,16,20,,6,18,18,17,20,17,18,15,20,19,15,22,17,14,13,14,9,,14,15,16,9,10,11,11,12,17,17,17,16,9,13,15,14,21,23,16,15,,21,14,18,17,21,25,19,22,20,20,18,22,19,15,,18,14,19,26,14,21,16,18,17,16,16,31,,,,28,24,,34,25,27,,,,18,,24,26,26,28,32,26,19,24,26,,,,17,17,,20,17,15,16,15,,22,29,31,30,35,34,13,18,,14,,26,20,,25,21,,24,22,20,,27,19,18,19,16,16,11,,,13,12,10,15,8,16,18,,19,,,25,,18,15,,9,7,9,8,7,6,,21,19,13,15,18,13,14,14,22,19,15,12,15,10,14,29,17,20,,,7,8,9,7,,13,17,12,9,10,,12,9,10,,10,20,26,33,,30,28,35,26,10,,,21,30,22,23,30,29,26,27,22,31,26,26,30,28,,20,19,17,20,17,23,16,,15,15,15,8,7,7,9,10,10,11,6,5,35,25,,34,43,24,23,31,19,33,11,18,20,21,20,17,21,,13,16,12,26,10,11,11,10,21,26,25,18,,14,32,23,16,13,12,,14,15,12,13,,,21,13,21,24,16,14,14,25,24,36,17,,10,11,16,12,16,18,19,26,,9,19,9,10,8,,21,15,17,25,15,23,21,,,19,30,18,21,24,,16,14,16,16,,,18,8,7,14,5,7,5,11,10,9,7,,17,9,12,13,16,15,16,15,12,9,14,7,25,22,29,22,25,18,22,14,,18,24,24,26,,36,,32,41,,,,,18,,,,36,27,56,53,36,48,38,,15,14,10,12,10,10,14,17,13,16,14,,9,12,10,18,,17,14,16,16,39,22,20,25,34,,12,14,14,14,13,13,18,17,19,16,16,15,14,21,12,15,11,,,38,,31,37,36,27,22,,28,25,,,36,44,39,48,,24,29,28,,40,36,31,46,24,17,16,14,8,26,,,,,,,25,,29,23,22,34,36,27,38,11,8,13,,32,,,6,,3,6,8,14,15,13,13,10,,14,13,11,10,16,8,11,10,11,15,17,14,17,6,5,4,15,10,12,7,,7,10,12,,9,8,,9,10,15,14,5,,22,10,,,31,26,,,,20,18,12,19,30,34,,30,30,,30,35,,32,,64,64,49,,64,22,17,20,18,,12,16,16,22,15,15,,15,17,12,9,10,12,12,22,32,14,14,15,16,22,14,14,11,11,16,14,15,11,,6,7,7,,7,20,25,19,16,21,9,11,8,12,9,22,27,12,,21,11,22,,8,13,15,18,11,,19,17,5,,31,,34,31,19,22,,32,27,,,,23,,30,,30,,,,33,25,21,32,18,,,,26,23,13,19,18,16,,11,17,13,14,13,6,,12,,,3,10,13,6,4,5,11,8,12,8,5,6,9,12,18,20,17,20,20,5,5,9,15,13,14,,23,25,24,22,,9,16,15,8,16,15,13,16,,,,,15,12,,11,5,14,9,12,12,10,12,7,6,5,8,10,9,,17,17,,25,31,30,,27,32,,37,14,12,28,20,24,33,25,28,24,34,29,27,,,13,7,26,22,38,27,12,16,,13,9,43,32,17,,,27,,,,,21,,,,,,,,,,,,,,,,16,,,,,,,,,,,,,,,,,,,,,,,,,,,,,,,,,,,,,,15,19,11,19,24,27,21,21,29,,,,25,28,28,35,,,28,34,29,29,33,42,,51,45,17,,,17,22,,43,40,40,,34,,16,14,,,10,7,,,8,10,9,,,6,5,9,12,12,10,7,13,13,10,8,15,16,16,11,15,10,10,15,10,12,13,15,16,,10,10,5,,7,8,10,14,9,6,12,6,16,21,13,15,,,13,12,10,17,9,9,9,16,4,6,11,6,18,14,15,18,4,,,7,17,11,2,9,7,,3,12,13,,18,18,17,,17,16,21,14,14,22,27,,14,17,24,19,15,12,14,16,,13,7,8,9,15,12,,22,,32,,,,17,14,13,11,21,19,,15,,17,28,23,8,5,7,8,,14,17,16,,,10,12,11,,13,16,11,,,11,4,8,7,9,6,8,23,18,23,17,12,16,16,16,,7,6,9,8,9,,6,12,10,9,12,11,13,15,31,,30,26,16,3,10,8,5,8,14,16,14,,33,30,32,,38,29,36,20,,18,25,30,,27,24,26,20,23,,24,20,18,19,18,15,25,,20,14,16,14,11,,20,14,6,23,6,5,25,30,28,26,17,19,,15,14,14,,11,9,,6,5,10,14,,9,14,14,10,15,15,10,10,9,12,12,8,10,11,12,11,6,12,9,9,10,11,13,11,10,13,8,10,10,9,8,4,6,4,6,3,4,9,7,10,6,5,8,11,28,31,26,30,15,12,14,20,20,18,19,12,11,9,6,10,13,16,13,13,14,12,11,19,,16,11,11,6,7,,8,6,12,11,12,10,14,15,17,15,21,18,12,14,24,,,,7,11,,8,15,23,21,25,23,,21,13,10,,,,,,9,9,13,9,9,,4,,8,4,9,6,7,9,,7,3,6,4,,,,,3,4,6,5,5,7,8,,2,6,6,10,11,,9,9,6,10,8,8,6,7,,5,6,6,7,12,9,5,10,10,,8,12,,8,12,,5,6,10,,7,,10,,2,4,9,10,10,12,38,52,53,48,8,15,13,13,,27,22,,11,11,20,,16,16,27,26,13,11,,13,11,6,16,,,14,13,16,,7,12,13,4,8,10,25,,21,,,25,21,13,15,26,26,38,35,10,,24,15,9,14,21,13,38,43,35,,,33,24,30,6,,17,18,22,13,10,23,22,21,45,37,18,30,43,,40,14,18,18,17,25,19,,26,,32,27,18,7,15,16,9,13,24,15,12,8,21,5,,,25,14,18,21,,28,31,28,7,,26,21,,,38,19,33,11,24,25,26,21,27,19,11,25,15,14,37,,26,21,,11,10,15,14,15,7,8,28,7,31,19,8,8,35,31,30,10,14,53,4,42,11,45,12,,5,4,4,12,,17,27,32,24,16,24,11,15,12,30,26,25,17,28,18,28,30,33,10,26,19,34,8,7,15,18,,,32,19,38,16,31,4,16,19,,16,22,14,18,45,8,26,18,16,,12,34,32,15,21,13,8,21,6,15,20,20,23,25,19,11,13,18,16,14,8,17,11,23,21,22,9,11,24,13,11,24,41,30,32,28,36,12,27,17,9,15,16,17,15,7,16,17,12,7,32,23,33,24,16,13,22,17,17,16,17,38,27,24,22,17,22,24,6,7,8,13,14,13,12,7,13,19,12,15,6,26,16,20,,17,13,15,26,46,26,33,12,31,,33,37,39,26,11,8,9,,15,10,24,33,7,11,6,15,13,7,21,13,17,21,17,22,15,16,15,14,15,37,12,11,16,9,19,12,16,30,23,7,30,23,15,15,15,12,12,14,22,56,23,42,17,16,19,9,6,6,23,12,11,8,9,14,8,17,10,22,27,29,46,12,26,47,16,10,20,22,22,31,20,27,22,34,27,32,27,21,29,13,6,13,3,22,18,9,21,19,14,21,21,17,51,15,37,27,25,32,20,34,39,14,26,34,,26,45,47,54,22,38,17,20,13,14,8,22,15,11,15,4,10,13,12,10,9,5,1,11,5,3,3,,15,11,25,10,17,14,7,6,12,20,17,23,7,24,9,23,15,19,30,31,46,24,,43,36,32,36,39,44,40,23,26,52,32,45,33,30,27,32,37,34,22,35,24,25,38,19,29,18,15,17,22,30,20,21,25,11,13,27,22,33,16,11,35,54,25,18,4,20,9,22,17,21,13,20,18,,14,18,33,35,14,15,11,31,33,37,53,39,27,19,26,28,31,27,13,14,24,24,16,,10,4,11,13,16,32,26,16,,15,25,7,22,18,11,28,29,17,20,17,37,12,25,33,15,14,19,27,19,22,6,22,33,14,10,18,12,13,6,16,7,6,21,40,25,37,14,14
20231004,14,O3,60,58,69,64,60,70,62,73,72,63,53,62,,,86,,88,85,94,,90,,79,86,,82,80,,109,143,106,119,123,120,109,,80,87,,82,,92,97,88,,84,,130,127,135,95,,84,85,,92,86,,82,81,91,78,76,84,79,79,68,75,,74,88,87,86,100,96,,140,132,139,142,81,,,79,85,82,84,83,,74,76,,,88,86,84,88,,76,76,,78,79,76,77,71,,76,86,84,88,77,89,98,92,89,86,94,65,66,70,70,65,71,,67,73,68,64,53,62,52,59,59,60,52,60,61,53,62,99,106,100,100,109,,106,112,87,100,120,119,128,120,116,117,120,122,125,106,,120,132,123,138,122,135,117,111,104,116,112,149,,,,114,124,,130,128,128,,,,132,,131,124,123,133,124,126,124,129,126,,,,138,128,,134,131,137,128,130,,130,126,136,139,134,137,133,143,,134,,145,132,,97,88,,97,90,83,,89,93,92,86,97,90,95,,,89,93,101,95,100,118,82,,102,,,118,,117,113,,100,107,99,102,117,106,,113,112,93,92,90,94,100,97,88,77,88,91,86,93,80,75,79,85,,,137,130,131,125,,163,166,62,71,76,,66,68,74,,69,141,136,126,,136,140,144,138,136,,,164,170,160,169,162,171,42,43,38,36,39,36,41,31,,55,48,49,44,48,48,49,,62,42,28,38,36,48,45,40,44,45,41,27,156,155,,118,143,167,122,160,100,151,108,162,144,141,137,95,95,,135,109,100,127,206,135,241,207,164,166,152,156,,170,149,138,202,199,197,,196,172,135,184,,,124,126,148,124,130,144,104,100,123,128,148,,125,128,133,130,137,123,109,108,,62,62,98,70,19,,19,19,19,13,14,28,20,,,22,10,10,22,20,,49,50,47,42,,,56,46,93,92,77,83,79,74,81,92,82,,62,47,53,52,51,47,66,68,62,67,61,54,52,40,38,41,43,44,34,61,,44,51,38,27,,84,,74,75,,,,,92,,,,88,80,,43,64,56,56,,72,37,47,53,52,42,39,37,41,41,42,,34,47,53,81,,83,82,82,86,79,80,74,74,77,,82,78,82,91,86,84,82,85,84,82,86,86,89,89,148,147,154,,,144,,124,135,123,126,101,,102,134,,,128,137,128,126,,129,124,137,,126,119,121,134,122,108,104,112,103,110,,,,,,,53,,63,147,141,138,138,144,149,102,96,98,,127,,,79,,82,88,89,162,213,208,143,129,,132,132,155,157,137,130,102,107,106,89,91,79,93,118,116,108,91,89,93,112,,105,108,96,,68,81,,103,95,102,118,116,,114,50,,,70,72,,,,83,79,89,83,84,94,,96,91,,42,46,,62,,100,94,103,,96,95,80,78,84,,79,79,77,73,80,74,,80,75,80,75,78,77,75,76,72,77,72,74,81,83,88,81,83,76,75,78,73,74,,41,40,41,,40,75,72,73,72,76,49,46,56,45,52,93,94,92,,105,108,106,,103,67,65,75,60,,67,65,61,,34,,24,36,42,36,,87,83,,,,43,,30,,39,,,,81,78,79,28,46,,,,22,48,47,25,71,64,,40,37,38,39,53,56,,79,,,76,70,,55,73,76,96,97,113,78,80,88,93,133,122,128,123,127,111,69,68,66,54,57,58,,50,53,48,57,,62,74,74,63,21,35,29,23,,,,,60,58,,57,27,25,27,31,23,25,72,67,68,71,77,58,59,,51,58,,74,,72,,51,36,,34,60,91,82,81,86,64,74,77,36,39,39,37,,,77,106,98,96,87,94,65,68,,91,73,81,83,98,,,134,,,,,170,,,,,,,,,,,,,,,,137,,,,,,,,,,,,,,,,,,,,,,,,,,,,,,,,,,,,,,32,79,71,73,79,92,93,90,88,,,,64,67,68,66,,,42,68,74,76,72,106,,86,81,48,,,47,56,,91,84,66,,55,,82,81,,,81,68,,,92,93,79,,,59,62,74,80,111,106,104,80,74,76,75,81,81,70,76,77,76,78,65,76,82,80,77,78,,,69,81,,77,81,73,75,69,60,67,68,76,80,85,50,,,68,62,60,61,67,67,64,47,94,63,69,56,60,58,60,59,72,,,91,39,36,,43,41,,61,119,121,,117,120,123,,114,116,125,118,109,110,126,,79,86,86,86,86,85,85,83,,81,76,73,48,119,122,,99,,97,,,,87,90,91,78,92,102,,75,,77,82,77,129,123,136,125,,87,88,89,,,85,85,92,,86,82,83,,,137,47,47,44,45,43,48,22,28,25,30,69,58,56,60,,35,43,39,41,31,,78,83,80,76,96,100,96,96,20,,28,25,25,48,52,48,45,49,82,106,101,,79,85,88,,33,54,43,72,,77,82,79,,84,89,87,88,86,,65,62,58,66,72,75,83,,72,79,71,49,37,,50,50,93,71,65,99,78,79,72,80,40,41,,58,62,57,,56,57,,46,35,38,38,,65,59,56,43,35,52,53,58,59,52,50,51,58,59,60,60,49,66,61,64,59,46,61,58,52,48,84,70,79,78,72,48,49,49,58,52,42,68,62,58,70,32,55,51,132,128,121,109,79,90,104,112,118,115,125,111,106,100,89,130,141,135,127,99,108,83,99,95,,132,82,103,64,46,,53,46,35,34,38,51,55,48,52,28,33,38,37,53,38,,,,27,27,,28,26,30,36,33,25,,41,58,45,,,,,,60,56,56,60,28,,42,,55,68,63,63,60,62,,67,69,67,73,,,,,59,60,58,55,73,72,88,,87,53,52,66,72,,43,44,41,49,46,45,40,37,,54,50,58,56,64,79,42,62,68,,61,55,,57,56,,52,55,52,,54,,124,,45,47,62,54,56,54,83,,75,77,59,45,42,65,,116,104,,81,75,95,,77,85,92,90,104,105,,82,80,105,97,,,83,97,91,,111,80,83,53,57,93,60,,56,,,50,82,89,85,110,104,100,93,81,,91,93,97,81,75,102,84,85,86,,,75,75,75,70,,85,87,84,76,76,135,89,137,87,83,83,136,89,,46,75,126,128,98,110,123,,101,,158,131,50,84,55,54,105,54,126,78,72,23,112,33,,,72,93,104,89,,79,84,84,47,,122,129,,,148,124,138,140,122,130,170,162,146,124,70,12,17,13,52,,88,40,,102,82,71,62,107,89,59,120,50,38,69,68,121,80,57,74,107,81,140,69,136,56,106,74,,74,73,68,56,,80,90,7,76,60,37,76,79,73,80,36,37,31,26,50,127,48,45,76,79,84,166,59,55,34,25,,,94,106,96,69,146,121,68,125,,96,80,52,120,91,152,35,89,81,,80,92,88,118,107,53,100,,111,101,101,93,94,84,95,106,74,85,83,85,85,84,128,137,120,132,114,139,,126,94,116,122,111,144,140,167,119,124,141,148,210,139,135,91,102,92,126,117,90,91,82,80,84,97,121,115,121,101,79,79,37,42,83,88,81,30,28,66,70,66,74,31,21,24,34,34,25,22,10,61,48,31,44,,39,67,37,170,134,121,133,105,176,,133,106,113,46,63,60,60,,86,93,76,78,43,62,80,157,130,116,99,114,137,108,121,93,112,123,98,75,82,172,65,70,81,85,117,126,111,123,147,131,133,132,130,140,117,180,120,133,,60,84,56,75,84,107,118,82,80,112,188,138,115,154,93,128,205,105,87,95,135,99,80,82,81,122,80,94,96,103,98,93,32,31,94,49,43,72,86,89,63,56,29,47,20,39,75,59,66,53,31,53,47,119,149,128,108,65,70,154,149,136,115,159,121,,140,126,124,118,85,85,95,78,80,60,124,162,83,148,84,97,85,124,98,109,72,36,86,63,67,77,77,,99,82,73,76,67,27,58,45,52,74,90,99,116,107,102,85,81,86,76,110,124,86,,119,91,80,85,77,75,142,148,86,92,91,87,90,92,84,89,85,45,31,18,30,75,71,84,42,23,20,25,139,24,56,52,37,30,94,82,95,95,37,43,77,100,66,81,80,159,104,158,149,133,124,98,78,,110,120,33,27,72,67,59,137,141,118,124,141,56,54,50,42,28,22,43,40,94,107,108,,36,60,154,100,51,32,83,50,,62,68,64,60,85,71,60,132,80,75,104,34,69,89,82,72,72,60,66,85,87,59,114,89,78,55,70,51,88,76,123,60,56,47,143,132,174,79,111
20231004,14,O3_24h,161,148,165,159,161,174,155,164,157,155,145,152,,,152,,142,142,164,,162,,141,151,,142,139,,183,187,180,181,183,182,175,,155,159,,150,,157,153,154,,150,,160,159,158,187,71,175,169,,191,108,,106,113,108,140,135,144,124,128,154,160,,157,150,145,141,155,144,,168,167,179,168,144,,,162,144,143,143,120,,93,87,,,101,100,105,106,,141,135,,145,140,144,144,143,,142,152,153,156,146,155,174,165,151,149,153,128,132,135,138,140,141,,132,139,133,82,63,75,69,73,67,76,70,73,77,60,72,99,106,100,101,109,,106,114,95,100,120,119,128,120,116,117,120,122,125,266,,120,132,123,138,122,135,122,112,104,118,112,149,,,,115,128,,130,128,128,,,,132,,131,124,123,133,124,126,124,129,126,,,,138,128,,137,131,137,131,130,,133,129,140,139,134,137,134,144,,134,,145,132,,145,93,,129,96,106,,90,106,146,99,136,165,136,,,133,144,158,136,132,136,123,,125,,,118,,117,113,,125,129,121,116,127,121,,166,172,156,153,152,110,111,100,91,77,88,92,86,93,80,75,80,95,,,148,137,142,125,,163,166,97,105,103,,101,105,107,,104,141,136,129,,142,140,144,143,136,,,164,170,162,169,170,171,136,138,144,134,134,144,132,131,,60,54,61,62,63,57,65,,70,71,36,48,47,48,45,45,44,45,45,31,181,201,,198,205,224,162,190,138,182,151,186,180,170,183,106,151,,137,127,115,206,232,158,241,207,214,189,183,195,,181,194,178,202,209,197,,196,173,138,184,,,188,201,188,124,130,144,125,136,160,163,148,,125,128,133,130,137,123,109,108,,75,79,98,78,42,,36,27,54,37,35,56,39,,,28,45,39,34,88,,84,89,86,79,,,89,110,93,92,84,84,82,75,82,93,85,,68,66,70,72,73,70,74,75,69,75,71,71,97,94,106,92,92,87,101,89,,114,113,93,107,,84,,74,75,,,,,148,,,,162,151,119,99,131,132,110,,99,43,52,56,56,46,46,39,44,45,45,,42,48,54,117,,133,117,132,135,119,117,127,122,120,,156,165,163,114,113,108,107,172,170,178,170,154,181,169,169,167,171,,,144,,125,136,127,127,152,,147,148,,,154,165,155,147,,141,134,162,,133,139,138,144,138,144,150,151,151,139,,,,,,,143,,145,147,141,140,138,153,149,158,147,146,,188,,,112,,116,102,140,188,213,208,183,173,,132,132,155,157,137,130,102,109,111,101,103,87,110,121,125,112,91,89,93,127,,120,168,162,,159,169,,129,126,128,133,116,,121,60,,,147,144,,,,118,116,120,112,194,204,,188,212,,140,146,,157,,155,151,158,,156,155,94,87,90,,146,142,138,138,140,139,,146,143,146,144,141,146,125,123,126,134,120,119,155,166,164,150,158,134,133,130,129,136,,63,63,63,,63,75,73,75,73,76,71,77,74,92,82,93,94,92,,105,108,106,,103,80,71,76,74,,87,77,98,,122,,124,118,121,123,,177,170,,,,131,,137,,135,,,,145,142,133,93,93,,,,47,54,57,59,71,70,,55,48,49,50,58,70,,79,,,76,74,49,69,78,85,105,112,113,78,80,88,93,133,122,128,123,127,111,76,83,86,82,96,87,,64,65,62,61,,66,82,74,63,64,84,74,66,,,,,86,84,,87,60,64,60,65,67,61,86,91,96,96,84,81,84,,88,100,,75,76,85,,88,94,,90,69,91,82,84,86,80,84,82,116,112,112,106,,,126,120,164,148,153,161,86,93,,123,82,108,106,111,,,138,,,,,170,,,,,,,,,,,,,,,,161,,,,,,,,,,,,,,,,,,,,,,,,,,,,,,,,,,,,,,44,80,76,78,83,119,120,120,119,,,,133,136,135,134,,,138,125,129,132,131,166,,168,165,105,,,102,122,,147,140,93,,94,,140,146,,,98,68,,,134,131,118,,,88,91,84,86,132,128,121,142,132,133,129,137,148,131,138,147,132,146,130,141,136,139,126,131,,135,129,156,,103,103,104,98,139,131,110,110,104,105,111,75,,,80,73,75,74,79,73,80,68,106,77,70,81,72,65,76,68,89,,,92,75,74,,84,86,,77,119,121,,117,120,123,,114,116,125,118,259,110,126,,79,86,86,86,86,85,85,86,,85,99,96,52,119,122,,99,,97,,,,87,90,91,81,112,111,,75,,77,82,77,132,129,137,132,,91,91,93,,,95,96,101,,99,96,104,,,141,71,64,61,57,60,58,41,42,47,44,104,106,120,107,,117,116,117,116,114,,80,88,80,85,106,111,103,109,79,,75,78,86,97,110,105,107,114,119,144,139,,160,150,153,,144,138,136,127,,141,146,131,,129,149,148,145,144,,127,149,122,134,115,118,116,,114,115,111,49,39,,50,50,96,90,87,100,87,90,95,86,44,47,,99,94,101,,78,79,,56,42,54,54,,90,86,85,43,39,52,63,59,65,65,60,51,59,62,63,66,54,66,61,64,59,93,98,97,96,90,113,88,106,98,84,56,59,53,59,52,42,68,62,58,70,42,62,59,158,167,143,125,91,90,104,112,118,115,131,131,124,117,105,130,141,144,142,99,110,88,99,97,,132,100,118,77,73,,73,76,71,65,72,70,75,68,71,90,90,102,91,105,99,,,,43,44,,39,47,34,40,36,32,,72,76,66,,,,,,82,83,86,86,28,,44,,62,68,68,64,62,69,,96,98,95,98,,,,,107,69,97,96,73,72,88,,87,53,54,74,80,,52,50,47,52,46,45,41,37,,57,58,65,62,71,82,44,62,68,,61,55,,57,60,,58,59,53,,69,,124,,46,47,75,72,79,71,132,122,117,119,59,66,57,90,,116,104,,81,76,112,,127,133,92,90,114,121,,89,89,107,99,,,83,98,91,,111,82,87,56,59,93,147,,143,,,107,82,94,88,124,121,117,110,89,,112,95,97,96,101,104,106,105,102,,,89,87,87,70,,86,116,114,87,79,135,179,205,159,147,146,185,168,,100,137,126,128,148,110,123,,101,,159,154,84,92,64,62,116,75,126,143,140,36,112,52,,,158,161,134,152,,151,156,158,60,,122,131,,,161,126,138,140,124,130,172,162,146,124,98,32,44,69,142,,145,139,,121,172,88,82,107,117,92,191,55,95,95,109,125,146,137,81,159,104,140,69,136,66,146,98,,79,78,75,64,,103,151,24,132,86,100,76,80,77,165,140,103,39,81,63,127,82,140,128,128,84,166,73,55,61,59,,,94,117,151,86,146,121,71,125,,115,150,101,120,147,152,133,160,81,,154,92,89,120,108,71,115,86,111,101,124,101,100,99,100,108,128,125,131,143,122,101,128,140,120,132,119,139,52,126,124,167,175,179,236,215,211,133,185,172,148,210,170,158,110,113,169,189,134,116,144,167,147,147,97,121,115,121,114,79,79,140,147,137,141,116,127,133,79,81,80,84,39,37,42,34,73,50,30,37,62,48,39,75,,84,83,103,172,171,133,182,155,176,,135,154,158,131,66,83,82,,160,93,87,90,56,64,80,157,130,116,108,120,142,108,145,124,123,129,128,79,110,172,142,148,129,118,117,126,111,123,147,131,133,132,130,140,119,180,121,133,68,133,110,116,92,122,144,170,107,115,113,188,138,115,154,159,128,206,151,174,174,162,155,152,166,144,122,80,94,98,103,100,93,138,144,143,139,143,146,144,138,73,96,29,51,71,62,142,85,85,93,81,88,94,144,149,132,160,156,126,154,149,140,162,159,170,,154,156,166,147,140,146,99,161,82,94,129,162,146,167,155,102,118,124,100,109,105,71,86,66,86,77,77,,107,85,73,94,73,29,67,62,65,112,114,140,138,107,119,113,113,129,213,207,161,120,,193,158,154,150,142,156,165,157,177,176,182,199,196,191,188,187,184,146,119,124,118,140,164,138,96,29,60,42,142,113,99,93,111,53,102,120,114,117,66,73,156,153,134,141,109,178,142,214,201,201,126,102,80,,110,120,120,128,84,86,86,155,166,147,153,158,148,139,103,96,89,51,48,50,95,133,174,,63,70,162,102,106,136,168,110,,163,174,147,162,118,71,155,138,116,76,140,142,103,158,152,123,165,154,147,106,100,79,116,168,94,70,84,73,150,147,123,62,59,70,188,138,174,160,112
20231004,14,O3_8h,48,44,58,52,50,51,38,55,55,42,46,41,,,68,,70,72,71,,74,,61,62,,58,58,,52,75,52,62,66,65,115,,72,67,,62,,71,64,69,,68,,64,69,68,58,,49,45,,57,61,,62,60,64,55,49,53,52,57,51,55,,57,69,63,63,44,45,,78,72,76,80,50,,,52,47,45,49,39,,58,54,,,68,70,64,68,,64,65,,62,66,66,65,60,,64,78,75,80,71,85,92,83,77,80,90,52,54,58,61,54,59,,56,61,58,58,48,53,48,54,53,54,49,53,56,50,55,89,90,88,90,95,,93,96,82,87,75,74,81,71,73,70,83,82,77,96,,82,88,86,86,88,89,99,95,87,97,88,88,,,,62,71,,73,71,73,,,,87,,80,77,85,81,82,80,77,80,82,,,,85,92,,88,86,91,94,96,,95,90,95,90,90,87,104,107,,103,,88,91,,70,58,,69,66,58,,61,71,68,58,84,88,89,,,83,83,92,82,94,96,84,,65,,,83,,81,77,,89,94,89,91,99,94,,71,74,70,73,70,86,90,67,66,57,69,71,69,70,61,52,62,65,,,99,95,93,97,,101,99,50,58,62,,54,55,67,,55,96,95,95,,95,97,104,105,103,,,112,109,104,112,112,104,26,29,28,26,23,27,25,19,,38,36,40,34,34,40,40,,48,44,27,35,35,38,35,36,39,34,38,22,63,66,,69,76,91,79,67,51,66,73,86,73,80,82,78,71,,83,75,81,91,127,92,116,105,83,70,66,82,,94,74,69,116,125,107,,83,86,88,89,,,82,82,76,73,76,80,77,72,67,59,76,,74,71,79,68,63,66,63,62,,58,55,69,60,17,,9,8,16,7,6,24,16,,,14,11,7,14,11,,25,28,26,27,,,33,52,81,80,72,75,76,68,71,85,77,,37,34,32,28,33,31,45,42,39,46,39,38,36,34,28,38,27,41,24,52,,30,32,36,24,,73,,67,60,,,,,77,,,,68,62,18,26,25,23,36,,42,30,38,44,40,35,33,30,32,33,34,,29,38,40,68,,74,67,70,72,56,63,48,49,57,,67,64,68,85,79,73,76,74,71,64,72,72,76,75,107,108,114,,,89,,86,83,80,79,71,,64,85,,,87,97,82,84,,99,87,99,,87,86,82,84,90,103,109,108,114,88,,,,,,,43,,47,82,88,75,82,92,89,128,120,113,,114,,,65,,66,60,69,106,122,124,95,105,,68,76,80,79,68,70,66,72,69,55,63,55,61,75,74,66,66,66,68,76,,72,76,74,,58,72,,83,75,81,92,70,,62,31,,,54,57,,,,61,56,66,61,34,34,,35,35,,14,23,,32,,45,42,40,,40,97,63,60,66,,62,64,61,56,62,59,,66,61,63,62,58,60,60,62,54,61,55,54,72,69,72,72,71,65,57,59,60,59,,45,45,45,,45,66,61,65,63,67,51,40,48,39,45,56,53,59,,55,64,61,,60,58,55,64,53,,55,58,63,,24,,14,16,22,26,,42,41,,,,24,,23,,18,,,,30,25,46,18,22,,,,14,20,24,14,48,48,,36,34,36,36,48,56,,50,,,54,50,,39,68,64,71,71,77,50,62,80,56,82,74,72,73,74,70,62,59,50,41,41,39,,25,26,31,25,,42,41,44,36,26,28,20,19,,,,,42,44,,41,24,18,23,24,19,24,46,43,39,45,48,30,32,,31,34,,28,18,17,,20,16,,13,36,53,42,42,44,40,44,47,24,24,24,28,,,71,93,73,69,57,71,50,41,,56,45,50,48,77,,,100,,,,,125,,,,,,,,,,,,,,,,106,,,,,,,,,,,,,,,,,,,,,,,,,,,,,,,,,,,,,,31,57,40,52,56,56,49,59,49,,,,38,37,40,37,,,26,36,56,46,40,51,,54,50,45,,,35,32,,49,47,22,,22,,64,69,,,70,61,,,73,73,69,,,62,65,67,71,95,94,99,69,67,68,68,70,66,56,60,61,62,68,58,64,69,75,64,61,,49,56,67,,69,68,61,57,62,59,69,71,45,42,47,53,,,69,57,52,54,63,68,65,50,94,60,64,49,60,57,58,57,70,,,86,47,36,,47,46,,53,85,87,,76,86,88,,71,71,76,72,102,68,82,,47,50,43,52,50,47,56,59,,60,51,47,30,80,86,,74,,68,,,,50,54,52,45,60,65,,44,,42,44,35,102,100,108,112,,55,57,54,,,65,66,60,,60,57,54,,,93,36,38,37,38,34,27,13,18,16,22,44,45,49,47,,31,28,28,28,25,,74,75,76,76,64,63,61,61,11,,16,16,16,47,49,46,44,47,59,77,75,,43,46,51,,30,34,29,64,,59,47,40,,34,52,59,56,62,,42,36,37,38,39,55,55,,59,56,60,32,30,,23,32,69,34,35,39,54,56,57,63,32,30,,36,46,36,,43,44,,45,28,32,32,,48,42,41,30,32,35,33,35,41,36,31,36,43,43,45,42,34,40,41,40,40,26,26,28,27,27,54,52,53,50,55,48,49,48,54,46,25,52,43,50,46,35,47,46,68,97,66,61,54,40,56,63,65,61,77,78,72,71,58,84,80,70,71,72,79,56,62,56,,71,62,74,68,54,,58,31,28,26,25,32,36,29,33,25,32,40,36,28,27,,,,23,22,,22,24,18,21,18,21,,28,35,25,,,,,,39,38,36,43,11,,21,,37,47,46,44,45,44,,49,53,49,60,,,,,71,61,48,48,65,65,40,,75,36,33,50,53,,37,38,28,32,26,26,30,26,,51,52,58,56,30,37,35,40,26,,27,22,,37,32,,36,36,34,,40,,90,,32,31,55,45,50,49,38,28,35,34,36,26,25,45,,100,95,,47,50,71,,56,55,64,63,88,87,,70,74,95,90,,,77,88,65,,95,66,72,52,39,84,55,,49,,,30,56,66,64,72,58,40,36,62,,51,46,42,53,55,83,40,41,44,,,33,39,33,31,,65,46,49,43,47,70,38,72,68,66,66,73,53,,19,61,82,88,86,72,85,,79,,112,84,28,51,30,30,93,34,77,62,61,18,73,36,,,53,67,68,79,,61,65,68,45,,68,95,,,89,87,83,108,69,78,99,98,81,83,52,6,19,14,17,,69,41,,69,74,37,36,95,76,61,116,51,20,36,54,102,62,28,72,117,70,80,63,79,33,61,65,,70,70,66,40,,58,72,5,44,28,28,51,52,49,45,30,30,22,17,40,83,31,22,71,43,56,104,34,36,19,24,,,81,70,52,59,93,96,48,81,,66,28,45,81,52,96,24,70,48,,68,73,79,116,105,39,89,,97,88,86,83,84,75,88,95,45,61,69,70,72,69,82,83,92,84,102,108,,98,65,77,63,71,84,79,92,58,71,83,96,92,70,84,71,67,56,85,89,61,63,66,62,67,59,81,64,77,79,48,50,25,27,34,39,53,26,24,64,68,63,70,20,18,20,29,14,21,20,10,57,35,27,18,,22,39,31,106,81,91,111,106,113,,90,66,76,44,32,34,34,,70,66,43,48,45,41,50,71,76,81,54,74,74,72,77,64,79,76,78,61,70,111,58,58,71,68,74,69,63,86,89,82,84,82,82,90,93,112,92,111,,35,62,40,49,61,72,106,63,58,69,116,89,74,81,72,83,116,77,54,68,70,47,73,68,63,79,60,53,68,78,73,46,19,34,44,29,19,38,57,48,59,48,14,38,15,18,61,30,33,24,21,28,22,72,124,79,106,52,45,98,88,85,118,106,82,,93,84,86,86,62,61,73,52,52,32,102,98,76,113,63,73,59,68,74,62,35,42,74,50,57,54,50,,89,43,51,65,53,20,35,33,29,55,66,69,96,75,94,57,53,54,35,48,46,53,,77,41,50,58,63,44,66,82,59,48,60,54,58,53,51,62,54,40,21,16,19,53,50,30,23,12,18,16,92,20,29,38,32,24,59,42,67,61,21,52,56,35,41,71,62,86,95,82,98,86,68,89,74,,61,75,26,18,68,35,42,104,94,77,76,104,55,45,31,24,11,13,33,32,65,73,76,,42,53,115,83,35,17,47,41,,42,53,61,51,62,29,41,96,68,70,75,11,54,61,71,42,58,39,48,65,66,48,74,52,65,50,58,53,86,70,88,39,44,27,116,86,109,65,102
20231004,14,O3_8h_24h,48,51,58,52,50,51,38,55,83,68,46,41,,,68,,83,74,71,,80,,70,63,,58,58,,52,75,52,62,66,65,137,,72,70,,76,,93,64,100,,90,,64,69,68,58,77,49,45,,57,61,,62,60,64,55,49,53,52,74,51,57,,71,69,63,63,65,47,,78,72,76,80,50,,,52,47,45,49,39,,58,54,,,72,73,67,70,,85,77,,77,78,74,81,74,,95,138,139,137,133,147,143,154,118,122,133,52,54,58,61,60,59,,56,61,58,69,60,58,62,66,64,68,62,65,59,59,65,89,93,88,97,95,,93,96,83,87,75,74,81,71,73,70,83,82,77,96,,82,88,86,86,88,89,99,95,87,97,88,88,,,,62,71,,73,71,73,,,,87,,80,77,85,81,82,80,77,80,82,,,,85,92,,88,86,91,94,96,,95,90,95,90,90,87,104,107,,103,,88,91,,70,58,,69,66,58,,61,71,68,58,88,91,89,,,83,83,96,94,101,102,88,,83,,,83,,81,77,,91,94,93,91,99,94,,86,86,82,88,70,86,90,67,66,57,69,71,69,70,61,52,62,65,,,106,103,95,107,,101,99,52,58,65,,56,60,67,,59,135,95,95,,95,97,104,105,107,,,112,109,104,112,112,104,77,76,86,79,75,79,80,82,,58,51,58,57,63,50,60,,68,58,32,42,42,40,36,41,41,35,41,28,63,66,,69,76,91,79,67,51,66,107,86,76,80,82,78,71,,83,75,81,91,127,92,116,105,83,70,66,82,,94,74,69,116,125,107,,83,86,88,89,,,82,82,76,73,76,80,85,72,67,59,76,,74,71,79,68,63,66,63,62,,58,55,69,60,33,,9,10,16,8,9,26,16,,,16,15,17,14,11,,51,42,40,36,,,46,75,82,82,74,75,76,70,73,88,78,,37,41,32,28,33,31,52,55,57,47,58,54,36,34,28,38,27,41,24,52,,44,32,36,24,,73,,67,60,,,,,87,,,,68,62,82,26,73,81,82,,62,30,40,45,42,35,36,30,32,33,34,,29,38,41,68,,74,70,72,72,56,63,55,49,57,,135,148,137,86,80,73,78,99,113,84,72,77,86,85,107,108,114,,,89,,86,83,80,79,86,,76,85,,,87,97,82,84,,99,87,99,,87,86,82,84,90,103,109,116,115,88,,,,,,,73,,47,82,98,75,82,92,89,131,121,116,,124,,,65,,73,60,69,126,130,124,130,124,,68,76,80,79,68,70,66,72,69,55,63,55,61,106,107,98,66,66,68,76,,72,76,74,,116,123,,110,120,113,103,70,,62,31,,,58,69,,,,61,56,73,62,75,60,,70,70,,42,35,,46,,45,42,40,,40,128,69,65,66,,125,118,130,116,111,124,,93,96,96,90,96,79,122,70,85,123,104,96,73,72,72,72,71,76,76,75,61,75,,49,54,53,,53,74,71,69,71,69,51,54,52,59,58,62,53,63,,59,66,62,,60,80,68,74,72,,86,77,94,,54,,14,20,45,40,,56,52,,,,59,,58,,28,,,,62,61,64,18,22,,,,14,20,24,14,48,48,,53,42,45,40,48,56,,50,,,54,50,50,39,76,68,72,71,77,50,62,80,56,82,74,72,73,74,70,62,59,50,44,48,40,,54,58,58,52,,42,41,44,36,26,28,28,21,,,,,42,44,,41,33,26,32,30,29,30,46,43,39,45,48,39,44,,31,34,,28,18,28,,20,16,,13,36,53,42,42,44,40,44,47,36,35,40,36,,,103,98,73,69,66,71,86,93,,76,75,50,48,77,,,100,,,,,125,,,,,,,,,,,,,,,,106,,,,,,,,,,,,,,,,,,,,,,,,,,,,,,,,,,,,,,31,57,52,52,56,56,67,60,52,,,,54,37,46,46,,,36,36,56,46,40,51,,54,50,50,,,50,36,,49,47,22,,22,,87,90,,,70,61,,,73,73,69,,,65,68,67,71,95,94,99,69,67,68,68,70,111,92,106,94,70,72,67,64,69,75,64,61,,52,56,78,,97,102,82,94,62,59,69,71,52,59,49,72,,,78,57,52,54,63,68,80,60,101,62,64,59,65,58,69,62,73,,,86,74,68,,62,62,,60,85,87,,76,86,88,,71,71,76,72,102,68,82,,49,52,43,55,50,52,56,59,,60,54,50,33,80,86,,74,,68,,,,50,54,52,45,60,65,,44,,52,44,47,102,103,115,114,,55,57,54,,,65,66,60,,60,57,54,,,93,36,38,37,38,34,28,13,18,16,22,59,55,66,59,,39,37,34,35,34,,74,75,76,77,83,85,80,82,11,,16,16,20,47,53,50,46,50,59,77,75,,58,71,73,,46,60,55,84,,74,71,65,,56,52,59,56,62,,69,70,63,62,62,61,55,,59,56,60,32,30,,27,32,69,34,35,39,54,56,57,63,32,33,,54,66,60,,52,51,,45,35,40,45,,48,42,41,34,36,35,36,35,41,36,31,44,58,55,53,52,34,47,46,43,46,40,39,42,39,37,54,54,53,51,55,56,59,48,54,51,25,52,43,50,46,35,47,46,68,97,66,61,54,40,56,63,65,61,77,78,72,71,58,84,80,70,71,72,79,56,62,56,,71,62,74,68,72,,73,31,33,36,33,42,47,42,44,49,50,57,50,28,47,,,,25,26,,23,31,30,32,26,28,,42,35,25,,,,,,54,56,51,54,11,,21,,39,47,46,44,45,44,,62,63,61,63,,,,,75,64,48,48,65,65,40,,75,36,33,50,53,,37,42,28,32,26,26,30,31,,51,53,58,56,30,37,35,40,26,,27,22,,37,32,,46,47,48,,49,,90,,46,44,55,67,71,64,38,28,35,34,36,26,25,45,,100,95,,62,70,87,,81,81,64,63,96,100,,70,74,95,90,,,77,88,65,,95,66,72,52,39,84,55,,49,,,44,56,66,64,72,61,52,43,62,,79,48,42,77,70,83,40,41,44,,,33,39,33,31,,83,53,57,68,47,70,89,72,68,70,72,73,53,,19,66,82,88,86,72,85,,79,,112,84,45,51,30,30,99,36,77,74,76,20,73,38,,,71,86,68,85,,62,65,68,45,,68,95,,,89,87,83,108,72,78,99,98,81,83,68,12,24,14,32,,69,62,,69,131,43,48,95,76,67,118,55,26,36,60,102,62,54,72,117,70,80,63,79,35,64,65,,70,70,67,53,,58,101,6,69,39,50,51,52,49,51,76,51,22,17,54,83,31,25,103,43,56,104,34,36,19,24,,,81,72,52,86,93,102,48,81,,91,62,58,81,52,96,68,98,48,,71,73,79,116,105,39,92,80,97,91,90,88,84,75,88,95,45,61,69,83,72,70,82,83,92,84,102,108,53,98,65,77,63,71,84,79,92,58,71,83,96,92,70,84,71,67,72,85,108,61,63,76,62,67,62,81,64,77,79,48,50,38,67,75,63,55,26,62,65,70,65,72,20,21,22,29,22,31,21,19,57,35,38,45,,41,48,51,106,81,91,111,110,113,,90,66,76,46,32,46,38,,132,66,43,48,45,41,62,71,76,81,54,74,74,72,96,64,80,86,78,63,70,111,75,71,71,68,74,69,63,86,89,82,84,82,82,90,93,112,92,111,70,82,76,84,72,64,72,141,63,58,69,116,89,74,81,72,83,116,77,60,68,70,47,112,69,63,79,60,53,68,78,73,46,77,85,55,64,67,86,69,48,59,60,14,41,22,18,61,39,33,39,33,31,38,81,124,79,106,59,55,98,88,85,118,106,82,,93,84,86,86,62,61,73,52,52,32,102,98,76,113,91,73,59,68,74,62,35,44,74,50,57,54,50,,89,43,51,68,53,20,35,33,29,55,66,69,100,75,94,57,53,67,84,62,46,53,,77,41,52,58,63,61,66,112,72,48,60,54,58,58,65,62,54,54,55,54,19,53,50,70,23,13,18,20,92,20,29,38,32,27,100,78,67,61,21,73,56,35,41,89,62,86,125,82,98,86,70,89,74,,68,75,30,18,71,49,42,104,95,77,76,104,81,47,50,28,11,13,37,36,65,73,88,,47,62,115,88,64,17,74,62,,58,53,61,51,62,29,71,96,68,70,75,22,59,92,71,42,86,39,48,66,66,48,74,52,65,66,58,67,93,70,88,39,54,60,116,86,109,136,102
20231004,14,CO,0.2,0.2,0.2,0.2,0.1,0.1,0.2,0.2,0.2,0.2,0.2,0.5,,,0.2,,0.3,0.3,0.3,,0.4,,0.3,0.3,,0.4,0.5,,0.5,0.6,0.5,0.5,0.7,0.5,1,,0.4,0.3,,0.2,,,0.2,0.3,,,,1.2,0.8,1,0.5,,,0.3,,0.2,0.3,,0.1,0.1,0.2,0.1,0.3,0.2,0.2,0.2,0.2,0.1,,0.2,0.2,0.4,0.1,0.5,0.1,,0.9,0.8,0.8,0.9,0.4,,,0.9,0.5,0.4,0.4,0.3,,0.4,0.4,,,0.2,0.4,0.3,0.3,,0.4,0.4,,0.3,0.4,0.4,0.4,0.3,,0.3,0.3,0.4,0.4,0.4,0.3,0.5,0.3,0.4,0.3,0.3,0.2,0.3,0.2,0.2,0.2,0.1,,0.3,0.3,0.4,0.2,0.3,0.4,0.4,0.4,0.3,0.5,0.3,0.2,0.5,0.5,0.3,0.6,0.6,0.4,0.6,0.5,,0.4,0.5,0.5,0.6,0.3,0.7,0.1,0.5,0.3,0.3,0.6,0.3,0.5,0.6,,0.6,0.7,0.6,0.6,0.6,0.7,0.2,0.5,0.5,0.4,0.5,0.6,,,,0.6,0.6,,0.4,0.6,0.5,,,,0.3,,0.9,0.7,0.7,0.9,0.6,0.8,0.8,0.9,0.4,,,,0.5,0.5,,0.4,0.3,0.3,0.5,0.4,,0.2,0.7,0.6,0.7,0.7,0.7,0.4,0.5,,0.4,,0.6,0.7,,0.5,0.5,,0.4,0.5,0.4,,0.5,0.5,0.6,0.6,0.5,0.6,0.5,,,0.5,0.6,0.5,0.4,0.4,0.4,0.4,,0.5,,,0.6,,0.5,0.5,,0.4,0.5,0.6,,0.4,0.3,,0.5,0.5,0.4,0.5,0.6,0.4,0.4,0.4,0.6,0.4,0.6,0.3,0.6,0.4,0.7,0.7,0.5,0.5,,,0.4,0.5,0.5,0.5,,0.4,0.5,0.8,0.8,0.6,,0.7,0.7,0.5,,0.8,0.6,0.6,0.7,,0.6,0.5,0.6,0.6,0.5,,,0.7,0.7,1.1,0.5,0.5,0.7,1,1.1,0.3,0.9,0.8,1,0.9,1,,0.6,0.6,0.5,0.6,0.5,0.5,0.5,,0.5,0.7,0.5,0.6,0.7,0.6,1.2,0.6,0.7,0.5,0.8,0.4,0.9,0.8,,0.6,0.6,0.9,0.8,0.8,0.7,0.7,0.6,0.9,0.6,1.1,0.6,0.8,0.5,,0.6,0.7,0.9,0.9,0.8,0.7,0.6,0.9,0.7,0.5,0.6,0.8,,0.7,0.7,0.6,0.5,0.7,0.5,,0.7,0.6,0.6,0.7,,,0.9,0.8,0.9,0.7,0.8,0.9,0.7,0.7,0.6,0.7,0.6,,0.6,0.5,0.7,0.7,0.4,0.7,0.5,0.6,,,0.4,0.3,0.2,0.4,,0.8,1,0.8,0.7,0.9,0.9,0.8,,,1,0.9,1,1,,,0.5,0.6,0.5,0.6,,,0.6,0.8,0.4,0.2,0.5,0.4,0.5,0.2,0.3,0.4,0.3,,0.6,0.5,0.6,0.7,0.4,0.6,0.3,0.2,0.2,0.2,0.3,0.2,0.7,2.3,0.9,0.8,0.7,0.7,0.6,0.6,,0.8,0.2,0.7,0.7,,0.3,,0.4,0.5,,,,,0.3,,,,0.4,0.3,0.4,0.5,0.9,0.4,0.4,,0.5,0.6,0.7,0.6,0.5,0.8,0.7,0.7,0.7,0.6,0.7,,0.5,0.9,0.5,0.5,,0.6,0.6,0.6,0.4,0.4,0.3,0.5,0.5,0.4,,0.4,0.5,0.3,0.5,0.6,0.5,0.5,0.2,0.2,0.2,0.1,0.3,0.2,0.5,0.8,0.7,0.6,,,0.6,,0.3,0.4,0.6,0.6,0.3,,0.4,0.6,,,0.7,1,0.9,0.5,,0.4,0.5,0.5,,0.3,0.5,0.4,0.5,0.6,0.6,0.3,0.5,0.4,0.3,,,,,,,0.5,,0.6,0.3,0.6,0.5,0.7,0.5,0.6,0.3,0.3,0.4,,0.4,,,0.6,,0.7,0.7,0.6,0.9,1,0.8,0.5,0.8,,0.7,0.7,0.8,0.7,0.7,0.6,0.5,0.7,0.5,0.6,0.6,0.7,0.6,,0.7,0.8,0.7,0.7,0.8,1,,0.6,0.7,0.7,,0.2,0.6,,0.6,0.6,0.8,0.6,0.9,,0.6,0.7,,,0.6,0.4,,,,0.3,0.2,0.3,0.3,2.3,2.1,,1.6,2.4,,1.4,1.4,,1.6,,0.6,0.5,0.6,,0.7,0.7,0.2,0.2,0.3,,0.4,0.6,0.4,0.6,0.4,0.4,,0.3,0.5,0.3,0.3,0.3,0.1,0.5,0.4,0.6,0.5,0.4,0.5,0.4,0.4,0.5,0.5,0.4,0.4,0.4,0.4,0.4,0.4,,0.3,0.2,0.3,,0.2,0.3,0.2,0.2,0.4,0.3,0.3,0.3,0.3,0.2,0.3,0.4,0.4,0.6,,0.4,0.7,0.6,,0.6,0.7,0.8,0.9,0.7,,0.5,1,0.9,,1.2,,1.1,0.9,1.2,1.1,,1.4,1.3,,,,0.8,,0.8,,1.1,,,,0.6,0.7,0.6,0.9,0.7,,,,0.8,0.7,0.7,0.6,0.8,0.7,,0.8,0.6,0.8,0.6,0.5,0.7,,0.6,,,0.5,0.5,,0.6,0.7,0.8,0.7,0.9,0.6,0.5,0.6,0.6,0.5,0.5,0.7,0.3,0.8,0.7,0.5,0.3,0.4,0.7,0.7,0.7,0.7,,0.7,0.8,0.8,0.6,,0.5,0.7,0.5,0.5,0.5,0.5,0.6,0.6,,,,,0.5,0.6,,0.6,0.5,0.5,0.4,0.3,0.3,0.4,0.7,0.7,0.5,0.5,0.8,0.7,0.5,,0.7,0.4,,0.5,,0.4,,0.4,0.5,,0.6,0.4,0.6,0.5,0.5,0.4,0.6,0.6,0.5,0.8,0.7,0.8,0.7,,,0.6,0.2,0.6,0.2,0.3,0.2,0.2,0.2,,0.4,0.3,0.5,0.3,0.3,,,0.7,,,,,0.6,,,,,,,,,,,,,,,,0.8,,,,,,,,,,,,,,,,,,,,,,,,,,,,,,,,,,,,,,0.8,0.7,0.7,0.8,0.9,0.4,0.4,0.4,0.4,,,,1.2,1.1,0.9,0.9,,,0.4,0.5,0.5,0.5,0.5,0.4,,0.4,0.5,0.9,,,0.8,1,,0.4,0.3,0.7,,0.7,,0.3,0.3,,,0.4,0.2,,,0.4,0.4,0.2,,,0.2,0.3,0.2,0.2,0.6,0.4,0.4,0.4,,0.3,0.4,0.3,0.4,0.3,0.5,0.4,0.4,0.2,0.3,0.4,0.3,0.3,0.5,0.4,,,0.6,0.4,,0.3,0.3,0.5,0.5,0.3,0.3,0.3,0.3,0.4,0.5,0.4,0.2,,,0.1,0.2,0.2,0.3,0.1,0.1,0.2,0.2,0.1,0.3,0.3,0.2,0.4,0.5,0.2,0.4,0.1,,,0.6,0.2,0.3,,0.3,0.4,,0.1,0.3,,,0.3,0.3,0.4,,0.2,0.3,0.2,0.1,0.2,0.5,0.4,,0.5,0.5,0.4,0.6,0.4,0.6,1,0.9,,0.8,0.4,0.4,0.7,0.2,0.2,,0.3,,0.4,,,,0.7,0.5,0.6,0.5,0.6,0.3,,0.7,,0.8,0.6,0.8,0.7,0.6,0.8,0.7,,0.4,0.6,0.5,,,0.6,0.7,0.6,,0.5,0.5,0.6,,,0.6,0.2,0.4,0.4,0.5,0.4,0.7,1.5,1.2,1.3,1.1,0.6,0.4,0.7,0.8,,,0.6,0.5,0.5,0.7,,1.3,0.8,1.7,1.1,1.1,1,0.7,0.9,0.6,,1.1,1.3,0.8,1,0.9,0.9,1,0.9,,0.3,0.5,,1.3,1.6,1.8,,1.4,2,1.5,0.6,,0.6,0.5,0.7,,0.5,0.5,0.4,0.5,0.6,,0.7,0.8,0.7,0.6,0.4,0.6,0.3,,0.4,0.4,0.4,0.6,0.6,,0.7,0.6,0.7,0.6,0.9,0.6,0.6,0.5,0.8,0.6,0.5,0.6,,0.6,0.6,0.4,,0.7,0.7,,0.8,0.7,0.8,0.7,,0.5,0.6,0.6,0.9,1,0.7,0.8,0.8,0.8,1,0.8,0.9,0.7,1,0.7,0.8,0.6,0.6,0.6,0.7,0.6,0.9,1,0.9,0.7,0.8,0.6,0.6,0.6,0.7,0.6,0.8,0.7,0.9,0.6,0.7,0.8,0.6,0.8,0.7,0.3,0.8,0.7,0.5,0.7,0.8,0.6,0.7,1.3,0.6,1.9,0.7,0.6,0.7,0.5,0.4,0.5,0.5,0.6,0.6,0.7,0.6,0.5,0.8,0.9,0.4,0.6,0.7,,0.5,0.5,0.5,0.5,0.6,,0.5,0.7,0.4,0.5,0.3,0.5,0.5,0.6,0.5,0.8,0.7,0.7,0.9,0.6,0.6,,,,0.5,0.5,,0.5,,0.4,0.4,0.5,0.5,,0.8,0.5,0.4,,,,,,0.5,0.6,0.6,0.5,0.7,,0.5,,0.3,0.5,0.6,1,0.9,0.9,,0.4,0.4,0.5,0.5,,,,,0.2,0.3,0.7,0.6,0.1,0.1,0.6,,0.3,0.5,0.5,0.4,0.3,,0.6,0.5,0.6,0.6,0.3,0.3,0.4,0.4,,0.3,0.4,0.1,0.1,0.4,0.2,0.4,0.2,0.6,,0.5,0.3,,0.4,0.3,,0.3,0.4,0.4,,0.5,,0.2,,0.3,0.2,0.4,0.8,0.5,0.7,0.3,,0.4,0.4,0.7,0.7,0.7,0.3,,0.8,0.6,,0.7,0.5,0.4,,0.3,0.4,0.1,0.2,0.4,0.4,,0.3,0.4,0.1,0.1,,,0.6,0.5,0.4,,0.6,0.5,0.5,0.4,0.6,0.6,0.3,,0.5,,,0.7,0.3,0.4,0.3,0.4,0.5,0.2,,0.7,,0.3,0.2,0.3,0.5,0.6,0.4,0.4,0.6,0.2,,,0.5,0.6,0.5,0.3,,0.5,0.2,0.4,0.3,0.5,0.6,1.7,0.7,0.3,0.3,0.5,0.6,0.5,,0.6,0.4,0.8,0.3,0.4,0.4,0.6,,0.3,,0.6,0.7,0.6,0.5,0.6,0.8,0.3,0.8,0.2,0.3,0.3,0.4,0.6,0.4,,,0.2,0.6,0.6,0.3,,0.3,0.3,0.3,0.7,,0.5,0.6,,,1.4,0.4,1,0.4,0.5,0.6,1,1,0.5,0.3,0.5,0.6,1,0.7,1.3,,0.2,0.5,,0.4,0.6,0.3,0.3,0.6,0.3,0.3,0.4,,0.9,0.4,0.5,0.4,0.2,2.3,0.4,0.2,0.2,0.7,0.2,0.5,0.3,0.2,0.9,,0.5,0.4,0.5,0.3,,0.2,0.2,1.2,,0.6,0.6,0.7,0.5,0.6,1.3,0.9,0.6,0.9,0.9,0.5,0.4,0.7,0.9,0.9,0.4,0.9,0.6,0.4,0.4,0.7,0.8,,,0.4,0.4,0.2,1,0.5,0.2,0.5,0.5,,0.3,0.6,0.6,0.2,0.4,1,0.8,0.6,0.8,,0.3,0.6,0.2,0.5,0.4,0.6,0.1,,0.8,0.7,0.4,0.5,0.6,0.6,0.7,0.6,0.2,0.2,0.5,0.3,0.3,0.4,0.4,0.7,0.6,0.6,0.3,0.3,,0.4,0.7,0.8,0.8,0.8,0.6,0.9,0.7,0.7,0.9,0.8,0.6,0.6,0.7,0.6,0.6,0.7,0.7,0.9,0.5,0.1,0.1,0.1,0.4,0.3,0.5,0.2,0.5,0.3,0.4,0.6,0.7,0.8,1.3,0.6,0.9,0.3,1.1,1.4,0.4,0.3,0.4,0.9,0.7,0.8,0.6,0.7,0.7,0.4,0.7,0.5,0.7,0.5,0.4,0.6,,0.6,0.3,0.8,0.7,0.6,0.3,0.4,0.3,0.5,,0.6,0.2,0.2,0.7,0.6,0.5,0.5,,0.7,0.3,0.6,0.7,0.7,0.9,0.7,0.8,0.5,0.7,0.7,0.6,0.9,0.5,0.7,0.4,0.6,0.7,0.7,0.5,1.1,0.7,0.2,0.2,0.5,0.3,0.6,0.8,0.4,0.6,0.9,0.5,0.8,0.4,0.4,0.8,0.2,1.1,0.6,0.3,,0.4,0.3,0.6,0.4,0.4,0.8,0.7,0.6,0.6,1,0.7,0.7,0.8,0.7,0.8,0.8,0.7,0.7,0.6,0.4,1.1,0.2,0.3,0.3,0.2,0.5,0.4,0.5,,0.4,0.4,0.8,1,0.9,1.9,2,1.4,0.8,0.7,0.4,0.2,0.2,0.8,0.6,1.1,0.8,0.1,0.5,0.6,0.6,0.8,0.5,0.6,0.4,0.6,0.7,0.8,0.7,0.7,0.6,0.4,0.3,0.4,0.7,0.1,,0.6,0.7,0.5,0.6,0.4,0.3,0.3,0.2,0.4,0.8,0.5,0.3,0.4,0.6,0.9,0.7,0.6,0.6,0.8,0.5,0.6,0.7,0.4,0.3,0.4,0.6,0.5,,0.5,0.6,0.7,0.5,0.7,1.3,0.4,0.4,0.6,0.7,0.5,0.4,0.5,0.3,0.4,0.4,0.4,0.6,1.9,2.1,0.9,0.4,,0.5,0.3,0.3,0.3,0.3,0.3,1,1.1,0.1,0.1,0.2,0.1,0.1,0.2,0.2,0.2,0.4,1,1.1,1.1,0.9,0.8,1.8,0.7,1.1,0.6,0.8,0.9,0.6,0.8,0.6,0.8,0.7,0.7,0.3,0.6,0.4,0.2,0.6,0.6,0.7,0.8,1,0.3,0.8,0.6,0.7,0.8,0.8,0.9,0.6,0.4,0.3,,0.6,0.5,0.8,1.1,0.3,0.4,0.5,0.4,0.6,0.3,0.3,0.7,0.6,0.4,0.7,0.8,0.6,0.8,0.6,0.7,0.4,0.6,0.4,,0.3,0.1,0.6,0.2,0.9,1.3,1.5,0.9,,0.3,0.2,0.3,0.2,0.3,0.4,0.7,0.6,0.5,0.2,0.5,1.1,0.6,0.2,0.3,0.3,0.1,0.2,0.2,0.2,0.3,0.4,0.4,1.6,0.3,0.3,0.1,0.4,0.6,,0.3,0.2,0.4,0.6,0.6,0.6,0.7,0.5,0.4
20231004,14,CO_24h,0.4,0.4,0.4,0.4,0.4,0.3,0.5,0.5,0.5,0.4,0.4,0.6,,,0.5,,0.5,0.6,0.6,,0.6,,0.6,0.5,,0.6,0.7,,0.9,0.9,0.8,0.9,1,0.9,1.2,,0.6,0.5,,0.5,,0.4,0.5,0.6,,0.4,,0.9,0.5,0.8,0.8,0.8,0.5,0.6,,0.8,0.3,,0.2,0.3,0.2,0.4,0.5,0.5,0.5,0.3,0.4,0.4,,0.5,0.5,0.5,0.3,0.4,0.4,,1.2,1.1,1.2,1.2,0.9,,,1.1,1.1,1,1,1.2,,0.5,0.5,,,0.3,0.5,0.3,0.4,,0.5,0.6,,0.4,0.5,0.6,0.5,0.5,,0.4,0.7,0.7,0.7,0.8,0.7,0.7,0.7,0.8,0.7,0.6,0.3,0.4,0.3,0.4,0.3,0.2,,0.4,0.4,0.5,0.5,0.4,0.6,0.5,0.6,0.7,0.7,0.6,0.7,0.4,0.7,0.5,0.5,0.6,0.4,0.7,0.5,,0.4,0.5,0.4,0.6,0.4,0.8,0.2,0.7,0.4,0.4,0.5,0.4,0.6,0.5,,0.6,0.6,0.6,0.6,0.6,0.7,0.2,0.6,0.5,0.5,0.7,0.5,,,,0.5,0.5,,0.5,0.5,0.4,,,,0.4,,1.1,0.8,1,1,1.1,1,1,0.9,0.6,,,,0.7,0.6,,0.6,0.4,0.5,0.5,0.4,,0.3,0.7,0.6,0.7,0.7,0.6,0.4,0.5,,0.3,,0.6,0.5,,0.5,0.5,,0.4,0.5,0.5,,0.7,0.5,0.6,0.5,0.5,0.5,0.5,,,0.5,0.6,0.5,0.5,0.4,0.5,0.5,,0.5,,,0.5,,0.7,0.5,,0.5,0.5,0.5,0.4,0.4,0.3,,0.6,0.5,0.5,0.5,0.6,0.5,0.5,0.5,0.7,0.5,0.6,0.3,0.7,0.5,0.7,0.7,0.5,0.6,,,0.3,0.4,0.4,0.4,,0.4,0.4,0.7,0.8,0.5,,0.7,0.6,0.4,,0.7,0.5,0.5,0.6,,0.5,0.5,0.5,0.4,0.4,,,0.6,0.7,0.9,0.5,0.5,0.7,0.8,0.8,0.2,0.7,0.6,0.7,0.6,0.8,,0.7,0.6,0.5,0.7,0.5,0.5,0.5,,0.5,0.7,0.4,0.6,0.5,0.6,0.7,0.5,0.6,0.5,0.7,0.3,0.9,0.9,,0.8,0.8,0.9,0.9,0.8,0.7,0.8,0.6,0.9,0.5,1,0.7,0.8,0.6,,0.6,0.7,0.9,1,0.8,0.6,0.6,0.8,0.7,0.6,0.6,0.8,,0.8,0.8,0.6,0.5,0.7,0.5,,0.6,0.6,0.6,0.6,,,0.9,0.9,0.9,0.7,0.8,0.9,0.8,0.8,0.6,0.7,0.5,,0.7,0.7,0.8,0.8,0.5,0.8,0.7,0.7,,0.4,0.4,0.4,0.3,0.3,,0.8,1,0.6,0.6,0.9,0.8,0.8,,,0.9,0.9,0.9,1,1.2,,0.6,0.6,0.5,0.6,,,0.6,0.8,0.4,0.2,0.4,0.5,0.4,0.2,0.3,0.3,0.3,,0.6,0.5,0.6,0.7,0.5,0.6,0.4,0.3,0.3,0.3,0.3,0.2,0.7,0.8,0.9,0.7,0.7,0.7,0.6,0.7,,0.9,0.2,0.7,0.7,,0.6,,0.6,0.7,,,,,0.6,,,,0.7,0.6,0.7,0.7,0.9,0.7,0.7,,0.4,0.5,0.6,0.6,0.4,0.8,0.7,0.7,0.7,0.6,0.7,,0.4,0.8,0.5,0.5,,0.6,0.5,0.7,0.6,0.6,0.5,0.6,0.7,0.6,,0.7,0.7,0.5,0.7,0.7,0.6,0.6,0.5,0.4,0.4,0.4,0.5,0.6,0.7,0.7,0.7,0.6,,,0.8,,0.4,0.5,0.8,0.6,0.6,,0.5,0.6,,,0.7,0.9,0.9,0.7,,0.4,0.6,1.3,,0.4,0.6,0.5,0.6,0.7,0.7,0.4,0.7,0.5,0.3,,,,,,,0.4,,0.5,0.3,0.5,0.4,0.8,0.5,0.6,0.3,0.3,0.5,,0.6,,,0.7,,0.8,0.8,0.6,0.7,0.8,0.6,0.5,0.8,,0.7,0.8,0.7,0.6,0.7,0.6,0.5,0.8,0.7,0.7,0.7,0.8,0.7,0.7,0.7,0.7,0.8,0.8,0.9,0.8,,0.6,0.7,0.7,,0.5,0.6,,0.9,0.9,1.1,0.9,0.9,,0.7,0.7,,,0.5,0.3,,,,0.6,0.5,0.5,0.5,1.2,1.7,,1.3,1.2,,1.4,1.3,,1.4,,1,0.7,0.9,,0.9,0.6,0.2,0.3,0.3,,0.7,0.8,0.8,1.2,0.8,0.7,,0.4,0.6,0.7,0.6,0.5,0.4,0.6,0.9,1.5,0.6,0.5,0.7,0.6,0.7,0.7,0.8,0.5,0.5,0.5,0.5,0.6,0.5,,0.3,0.3,0.3,,0.2,0.5,0.4,0.4,0.5,0.5,0.4,0.4,0.4,0.2,0.3,0.6,0.7,0.7,,0.5,0.8,0.7,,0.7,0.7,0.7,0.8,0.6,,0.6,0.9,0.9,,0.9,,1.1,0.8,0.7,0.8,,1.1,0.9,,,,0.7,,0.6,,0.9,,,,0.6,0.7,0.5,0.8,0.6,,,,0.7,0.7,0.7,0.6,0.9,0.7,,0.7,0.6,0.7,0.6,0.5,0.7,,0.6,,,0.4,0.6,0.5,0.6,0.7,0.8,0.7,0.8,0.6,0.5,0.6,0.6,0.6,0.5,0.7,0.8,0.8,0.7,0.5,0.3,0.4,0.7,0.7,0.7,0.7,,0.8,0.8,0.8,0.6,,0.6,1,0.6,0.6,0.5,0.6,0.6,0.6,,,,,0.6,0.7,,0.6,0.5,0.5,0.4,0.3,0.3,0.4,0.7,0.7,0.5,0.5,0.8,0.9,0.5,,0.7,0.5,,0.9,0.6,0.8,,0.5,0.6,,0.7,0.5,0.7,0.8,0.6,0.7,0.8,0.7,0.7,0.8,0.6,0.7,0.7,,,0.7,0.2,1.2,0.6,1,0.6,0.2,0.3,,0.4,0.2,0.6,0.3,0.3,,,0.5,,,,,0.6,,,,,,,,,,,,,,,,0.6,,,,,,,,,,,,,,,,,,,,,,,,,,,,,,,,,,,,,,0.8,0.8,0.7,0.9,0.9,0.4,0.5,0.4,0.4,,,,1.3,1.1,1.2,1,,,0.6,0.6,0.6,0.7,0.6,0.7,,0.8,0.8,0.9,,,0.8,0.8,,0.7,0.8,0.6,,0.7,,0.6,0.3,,,0.4,0.3,,,0.3,0.4,0.4,,,0.3,0.3,0.2,0.2,0.6,0.5,0.5,0.4,0.5,0.4,0.7,0.5,0.6,0.6,0.7,0.9,0.4,0.3,0.4,0.4,0.4,0.4,0.6,0.5,,0.2,1.4,0.5,,0.2,0.3,0.6,0.6,0.4,0.4,0.4,0.4,0.5,0.6,0.5,0.4,,,0.2,0.2,0.3,0.3,0.2,0.2,0.2,0.3,0.2,0.3,0.4,0.2,0.6,0.6,0.4,0.5,0.2,,,0.7,0.3,0.3,,0.4,0.5,,0.2,0.4,0.4,,0.3,0.3,0.5,,0.3,0.3,0.3,0.3,0.3,0.5,0.4,,0.6,0.7,0.5,0.8,0.5,0.7,0.8,0.8,,0.6,0.4,0.5,0.5,0.3,0.3,,0.6,,0.7,,,,0.6,0.5,0.5,0.5,0.6,0.3,,0.7,,0.8,0.6,0.7,0.6,0.6,0.6,0.7,,0.5,0.7,0.8,,,0.7,0.8,0.7,,0.6,0.6,0.7,,,0.5,0.3,0.5,0.3,0.5,0.4,0.8,1.2,0.7,1,0.6,0.7,0.6,0.7,0.9,,0.1,0.5,0.4,0.6,0.7,,1.3,0.9,1.4,1.1,1,0.4,0.7,0.9,0.8,,1.6,1.8,1.1,0.8,0.8,0.8,1,0.9,,0.4,0.6,,1.1,0.8,0.8,,0.8,1.1,0.8,0.5,,0.5,0.5,0.7,,0.6,0.6,0.5,0.5,0.7,,0.6,0.7,0.6,0.6,0.5,0.6,0.4,,0.5,0.4,0.4,0.6,0.7,,1.2,0.9,0.7,0.9,0.9,0.6,0.7,0.6,0.9,0.7,0.5,0.7,,0.6,0.6,0.5,,0.7,0.7,,0.8,0.9,1,0.8,,0.6,0.6,0.6,1,1.1,0.7,0.8,0.8,0.8,0.9,0.8,0.9,0.7,0.8,0.7,0.7,0.5,0.6,0.8,0.8,0.6,0.8,1,1,0.8,0.9,0.7,0.6,0.6,0.7,0.7,0.7,0.7,0.8,0.6,0.6,0.9,0.5,0.8,0.8,0.3,0.7,0.6,0.5,0.9,0.9,0.7,0.7,0.6,0.6,0.6,0.7,0.8,0.7,0.6,0.5,0.6,0.6,0.6,0.5,0.7,0.7,0.7,0.8,0.8,0.4,0.7,0.8,,0.5,0.6,0.5,0.4,0.7,,0.4,0.7,0.4,0.5,0.3,0.6,0.5,0.6,0.5,0.7,0.6,0.6,0.9,0.6,0.6,,,,0.5,0.5,,0.5,,0.4,0.5,0.6,0.6,,0.7,0.5,0.4,,,,,,0.5,0.6,0.6,0.5,0.8,,0.5,,0.4,0.5,0.6,0.7,0.7,1,,0.4,0.4,0.5,0.5,,,,,0.2,0.4,0.6,0.6,0.1,0.2,0.6,,0.3,0.6,0.5,0.6,0.5,,0.6,0.5,0.7,0.6,0.4,0.4,0.5,0.5,,0.4,0.5,0.2,0.3,0.5,0.3,0.3,0.2,0.6,,0.5,0.4,,0.4,0.3,,0.3,0.4,0.5,,0.7,,0.3,,0.3,0.2,0.5,0.7,0.5,0.6,0.5,0.7,0.8,0.7,0.7,0.7,0.7,0.4,,0.7,0.8,,0.7,0.7,0.4,,0.3,0.4,0.4,0.5,0.4,0.4,,0.5,0.6,0.2,0.2,,,0.7,0.6,0.4,,0.6,0.5,0.5,0.4,0.6,0.6,0.4,,0.5,,,0.6,0.5,0.5,0.5,0.5,0.6,0.4,0.4,0.6,,0.4,0.2,0.4,0.6,0.7,0.4,0.8,0.8,0.5,,,0.7,0.7,0.6,0.3,,0.4,0.3,0.4,0.4,0.6,0.6,1.3,0.8,0.7,0.5,0.7,0.9,0.9,,0.7,0.5,0.8,0.4,0.4,0.5,0.5,,0.5,,0.6,0.7,0.7,0.7,0.8,1.1,0.5,0.6,0.2,0.5,0.4,0.5,0.5,0.4,,,0.4,0.6,0.6,0.6,,0.6,0.6,0.6,0.7,,0.4,0.7,,,1.1,0.4,1,0.3,0.4,0.5,0.7,0.7,0.5,0.3,0.5,0.6,0.9,0.7,1.2,,0.4,0.5,,0.4,0.6,0.4,0.4,0.7,0.3,0.3,0.6,0.3,0.8,0.5,0.5,0.5,0.4,1.1,0.4,0.3,0.3,1.1,0.2,0.7,0.4,0.5,0.9,,0.6,0.4,0.5,0.4,,0.3,0.6,1.1,0.7,0.7,0.6,0.7,0.6,0.6,0.8,0.7,0.5,0.9,1.3,0.6,0.6,0.7,1.1,0.7,0.5,0.8,0.6,0.5,0.4,0.7,0.6,,,0.6,0.4,0.5,0.9,0.4,0.3,0.6,0.6,,0.4,0.6,0.6,0.3,0.7,0.8,0.7,0.7,0.7,,0.5,0.9,0.5,0.6,0.9,0.5,0.3,0.5,0.7,0.6,0.4,0.5,0.5,0.6,0.6,0.7,0.3,0.5,0.5,0.3,0.3,0.3,0.6,0.5,0.7,0.6,0.3,0.4,0.4,0.5,0.7,0.8,1,0.8,0.7,1,0.7,0.6,0.9,0.8,0.5,0.7,0.7,0.7,0.7,0.6,0.7,0.9,0.7,,0.3,0.4,0.6,0.5,0.7,0.2,0.5,0.4,0.4,0.7,0.8,0.8,1.1,0.5,0.7,0.3,0.9,1.1,0.5,0.3,0.5,0.8,0.4,0.8,0.6,0.7,0.7,0.7,0.6,0.5,0.7,0.6,0.4,0.7,,0.6,0.3,0.7,0.6,0.8,0.4,0.5,0.4,0.4,,0.6,0.5,0.4,0.5,0.6,0.5,0.5,,0.9,0.4,0.6,0.8,0.7,0.8,0.7,0.9,0.5,0.7,0.7,0.6,0.9,0.6,0.7,0.4,0.5,0.6,0.8,0.6,1.1,0.7,0.5,0.4,0.5,0.3,0.7,0.9,0.6,0.6,0.9,0.5,1,0.6,0.5,0.6,0.3,0.5,0.7,0.4,0.5,0.6,0.4,0.7,0.4,0.4,0.8,0.7,0.7,0.7,1,0.5,0.6,0.7,0.6,0.8,0.6,0.7,0.6,0.9,0.4,0.8,0.4,0.5,0.6,0.4,0.5,0.4,0.6,0.7,0.5,0.6,0.8,0.8,0.7,1,0.6,0.5,0.8,0.7,0.5,0.4,0.3,0.8,0.5,1,1,0.3,0.6,0.7,0.7,0.8,0.6,0.7,0.4,0.5,0.7,1,0.6,0.7,0.5,0.4,0.4,0.4,0.7,0.3,,0.6,0.7,0.6,0.6,0.7,0.9,0.5,0.4,0.5,0.8,0.5,0.3,0.7,0.5,0.8,0.6,0.6,0.6,1,0.6,0.6,0.7,0.5,0.4,0.4,0.6,0.5,,0.5,0.7,0.6,0.6,0.7,1.2,0.5,0.5,0.7,0.6,0.5,0.5,0.4,0.4,0.4,0.5,0.4,0.7,1.2,1.3,1.3,0.5,,0.9,0.7,0.5,0.6,0.6,0.5,1,0.9,0.6,0.7,0.6,0.6,0.4,0.6,0.7,0.7,0.9,0.9,0.9,0.7,0.6,0.7,1.3,0.6,1.1,0.6,0.9,0.9,0.7,0.7,0.7,0.8,0.6,0.7,0.3,0.7,0.6,0.6,0.6,0.7,0.8,1.5,1,0.4,0.8,0.6,0.8,0.8,0.8,0.9,0.6,0.4,0.3,,0.7,0.4,0.6,1,0.4,0.4,0.6,0.5,0.5,0.6,0.8,0.7,0.5,0.5,0.6,0.8,0.7,0.8,0.7,1,0.5,0.6,0.5,,0.3,0.1,0.5,0.3,0.9,1.2,1,0.7,,0.4,0.4,0.1,0.4,0.5,0.5,0.6,0.5,0.5,0.4,0.5,0.7,0.5,0.4,0.6,0.3,0.4,0.4,0.5,0.4,0.4,0.5,0.4,1.2,0.4,0.3,0.2,0.5,0.6,0.2,0.3,0.2,0.4,0.6,0.6,0.7,0.7,0.7,0.5
20231004,15,AQI,21,20,24,22,21,24,21,22,23,21,18,22,,,27,,27,29,34,,27,,24,27,,25,26,,39,50,56,51,54,47,68,,26,28,,26,,31,32,30,,33,,89,89,85,31,,27,29,,,28,,28,26,29,31,24,26,25,25,22,25,,25,39,32,34,51,48,,65,58,60,65,,,,41,27,27,28,29,,24,25,,,28,28,27,28,,24,24,,35,24,24,24,22,,30,28,28,28,25,29,36,30,29,28,30,24,21,30,26,24,23,,24,33,32,20,16,28,18,19,19,21,17,18,30,16,20,33,34,33,33,35,,35,35,36,31,39,38,42,42,39,38,43,42,41,38,,42,43,42,45,41,43,35,35,33,35,35,60,,,,72,69,,69,74,65,,,,43,,41,40,40,41,40,40,42,40,37,,,,41,40,,43,42,44,41,42,,42,,44,45,42,44,43,45,,44,,51,50,,33,30,,30,31,28,,29,31,32,30,30,,41,,,35,31,32,30,30,30,29,,30,,,45,,40,40,,43,33,40,34,38,36,,35,,30,30,28,32,50,33,29,26,30,30,29,30,28,29,34,28,,,43,40,40,39,,55,52,32,31,25,,32,24,25,,27,58,56,58,,,56,53,63,70,,,69,65,69,69,62,68,60,60,56,62,72,66,63,64,,25,22,25,18,28,18,22,,22,22,33,38,38,36,30,38,35,32,,42,53,55,,50,44,50,48,58,45,46,45,46,46,62,58,40,36,,64,48,38,56,119,50,111,82,69,67,63,75,,92,52,39,101,89,93,,98,78,,80,,,40,40,54,44,44,43,52,33,49,42,53,,46,41,38,42,46,,35,34,,,28,30,24,11,,25,10,10,16,12,14,9,,,9,17,15,19,14,,24,26,15,39,,,26,69,29,32,27,35,24,29,45,29,26,,20,19,15,15,17,15,22,23,20,22,20,17,15,16,20,18,22,20,18,17,,21,16,27,16,,,,38,33,,,,,31,,,,29,29,,52,37,48,60,,29,41,38,49,49,57,42,51,41,40,41,,30,46,43,26,,28,26,27,29,29,27,29,,34,,30,26,27,30,28,27,26,,27,26,27,27,28,30,48,47,52,,,57,,60,62,46,59,51,,50,60,,,48,48,48,58,,67,54,58,,52,64,54,46,52,54,36,32,34,41,,,,,,,69,,73,58,53,,51,52,53,29,30,30,,34,,,39,,35,36,35,82,109,98,92,90,,42,43,54,48,45,42,46,36,33,39,26,24,29,54,64,55,40,40,39,45,,43,39,42,,28,25,,50,31,39,44,42,,37,19,,,66,59,,,,27,25,29,27,71,46,,48,65,,98,103,,112,,33,38,36,,33,35,46,38,41,,25,24,24,28,25,24,,28,23,25,24,25,25,24,24,24,25,23,24,26,26,35,31,26,24,23,25,26,23,,18,14,15,,,24,23,24,24,25,18,18,18,14,29,34,33,33,,36,37,38,,37,42,36,40,45,,33,38,18,,72,,63,58,57,74,,84,76,,,,67,,60,,74,,,,77,69,70,36,56,,,,19,28,25,24,39,42,,34,35,43,38,39,34,,36,,,31,26,,19,23,33,43,38,39,23,26,29,36,42,39,40,39,40,41,21,21,20,17,19,19,,54,58,60,46,,20,23,25,20,16,30,28,22,,,,,27,30,,22,10,27,14,12,14,20,28,40,28,27,26,19,20,,15,19,,26,,22,,22,28,,26,19,28,25,24,25,24,26,27,32,32,25,39,,,67,34,34,33,30,31,35,30,,33,28,59,59,57,,,62,,,,,59,,,,,,,,,,,,,,,,46,,,,,,,,,,,,,,,,,,,,,,,,,,,,,,,,,,,,,,41,43,,40,50,33,38,47,38,,,,54,53,59,48,,,37,41,34,35,37,52,,46,34,56,,,59,77,,31,29,56,,58,,25,28,,,76,21,,,46,55,25,,,19,19,32,,40,34,33,42,35,32,37,36,26,22,24,24,37,37,56,,44,58,59,44,,35,49,25,,24,25,24,25,31,29,21,31,25,56,28,17,,,21,19,25,23,20,23,22,22,30,18,22,18,18,20,20,19,24,,,27,13,15,,12,13,,23,40,39,,40,39,40,,34,37,40,37,35,50,59,,27,30,31,36,,29,32,38,,30,22,22,29,41,41,,31,,30,,,,26,37,27,38,44,44,,26,,26,27,26,40,38,43,71,,57,28,27,,,28,26,28,,28,27,29,,,44,15,19,23,15,24,14,54,45,47,40,22,46,51,51,,38,52,58,46,51,,41,42,57,51,44,43,36,45,39,,49,52,46,30,52,52,43,41,,35,38,,84,89,100,,79,79,80,75,,78,95,51,,65,42,40,44,44,,51,42,,48,54,48,55,,36,40,34,38,22,,20,43,30,25,24,29,32,32,43,26,24,26,,60,57,57,,26,19,,31,18,,29,,45,43,42,16,13,,55,,58,74,50,64,62,67,67,52,39,48,53,45,48,46,49,48,55,57,28,30,28,28,29,17,20,24,23,25,20,24,22,24,,11,19,25,46,53,43,53,55,33,51,41,38,51,38,34,33,31,41,48,54,46,40,36,35,36,28,29,,40,36,33,20,15,,18,14,13,13,11,39,20,26,26,44,40,38,33,45,42,,,,13,14,,9,10,14,12,11,15,,15,16,11,,,,,,20,19,19,20,15,,14,,18,21,21,21,20,21,,24,35,24,38,,,,,19,20,26,25,23,23,28,,28,17,17,26,22,,19,15,14,,33,17,55,12,,18,29,18,18,18,20,14,20,24,,22,21,,15,16,,17,18,17,,28,,42,,15,15,18,17,18,17,28,37,39,36,18,17,15,27,,,33,,29,31,30,,30,33,,31,31,46,,26,24,33,30,,,27,30,28,,35,28,26,,20,37,44,,55,,,57,25,29,25,48,46,34,31,27,,33,33,33,57,60,62,92,65,61,,,34,30,32,24,,30,29,29,27,26,56,49,49,28,25,27,54,52,,66,23,40,42,32,38,46,,32,,71,48,35,26,20,20,39,37,38,24,23,10,42,10,,,24,27,31,30,,40,29,31,23,,50,42,,,51,39,,46,73,67,59,57,59,40,49,18,10,12,93,,29,84,,38,31,46,33,53,29,29,41,,30,20,41,40,25,94,,35,80,58,22,53,18,38,34,,25,24,32,36,,26,30,18,,21,56,33,40,38,91,76,42,33,45,22,41,18,79,76,53,37,73,17,19,12,9,,,35,,43,40,51,40,40,41,,30,63,51,40,31,46,,32,28,,25,30,29,38,34,29,33,,36,35,33,29,34,39,34,34,25,27,27,26,27,61,42,63,38,44,35,45,,40,39,38,49,55,49,49,60,45,52,37,52,103,48,48,26,35,40,44,33,28,39,26,26,26,35,40,56,40,40,27,26,87,67,64,73,42,68,68,19,21,19,22,11,20,15,16,21,23,12,11,21,28,19,20,,22,38,33,72,52,55,35,36,70,,48,48,51,63,18,20,20,,28,28,28,30,38,49,26,58,42,39,45,32,48,,36,34,49,36,53,23,35,68,22,24,27,27,44,42,37,40,45,44,42,40,43,45,35,60,39,44,,53,53,53,26,37,35,38,38,36,43,92,46,38,53,40,45,103,50,49,29,105,53,25,27,27,54,30,34,,33,30,31,67,66,99,74,89,47,37,44,20,,11,15,,19,38,20,22,19,39,20,17,58,53,62,,72,69,55,58,51,30,52,52,,62,46,54,34,29,29,31,25,,17,41,75,26,47,33,34,36,45,49,33,42,58,28,23,,25,26,,34,27,30,32,42,16,18,16,16,27,30,31,31,40,32,40,27,26,88,52,53,38,,37,,26,26,25,24,80,57,28,30,30,35,54,38,37,29,28,57,72,79,57,40,80,55,55,15,24,11,54,30,21,18,32,24,32,30,167,182,10,14,26,32,56,29,29,59,45,77,45,42,38,32,29,,38,53,52,60,22,33,22,,71,60,56,39,72,44,54,45,24,26,18,22,32,34,34,,14,19,45,61,70,108,98,,,20,23,21,21,28,24,70,52,26,22,45,89,31,29,27,24,24,20,22,28,28,,44,95,78,32,86,23,29,,40,19,18,43,36,54,64,26,35
20231004,15,PM2.5,4,4,4,5,4,4,3,3,3,5,4,4,,,8,,12,15,18,,4,,4,4,,4,6,,20,29,23,17,26,29,28,,3,7,,10,,5,17,17,,11,,66,66,63,,,6,7,,6,3,,5,2,2,2,3,5,3,4,3,5,,2,8,5,9,8,4,,37,26,35,40,5,,,6,6,6,7,5,,7,8,,,5,8,8,7,,7,7,,6,6,5,3,6,,6,4,4,3,4,3,3,5,4,4,5,8,10,7,3,3,3,,4,6,5,4,5,6,4,8,10,5,3,6,6,10,7,9,8,9,15,6,,17,7,6,8,2,7,7,9,7,7,11,9,7,16,,12,10,10,8,11,10,,6,4,9,,41,,,,52,50,,37,54,43,,,,14,,14,14,14,17,14,12,12,9,13,,,,8,19,,11,11,8,19,17,,11,19,20,19,19,23,12,14,,9,,28,28,,11,12,,17,13,13,,18,14,15,12,10,,8,,,13,10,9,14,11,9,9,,12,,,12,,6,10,,19,22,18,13,5,6,,18,,18,20,17,21,22,16,7,9,9,2,17,7,9,12,12,19,,,18,18,22,15,,32,30,14,17,9,,22,15,8,,13,27,22,27,,24,22,22,29,36,,,36,34,32,34,34,32,43,40,39,44,52,42,38,38,,17,12,17,12,19,12,15,,15,11,21,26,25,25,21,26,24,22,,21,33,33,,35,27,30,33,37,27,32,31,30,29,44,34,28,24,,46,26,26,34,46,30,43,44,32,33,32,27,,43,36,24,36,37,38,,39,32,,32,,,22,24,38,27,25,30,28,20,34,29,37,,19,26,24,28,27,13,22,21,,15,10,11,10,4,,15,7,5,11,8,6,5,,,5,7,10,12,6,,10,4,3,20,,,10,4,14,22,9,24,14,19,31,19,17,,6,2,7,8,7,7,10,5,5,6,5,5,10,11,14,11,15,14,12,5,,13,11,10,10,,21,,26,23,,,,,8,,,,13,14,26,24,17,18,22,,7,25,26,28,25,40,29,31,24,25,25,,21,23,18,8,,6,7,5,2,,9,8,14,9,,8,4,5,8,10,10,10,5,5,7,,7,4,6,26,26,26,,,27,,38,31,30,42,7,,,29,,,14,20,13,34,,35,36,31,,36,33,24,27,32,5,7,6,8,7,,,,,,,39,,44,33,27,30,28,22,27,7,2,12,,9,,,27,,24,21,24,24,38,40,31,30,,26,22,26,26,13,23,31,19,12,27,14,15,14,27,25,24,28,28,27,23,,30,27,29,,13,17,,24,21,20,11,28,,23,4,,,46,40,,,,3,4,2,8,46,22,,19,2,,73,77,,84,,22,21,23,,9,21,8,5,12,,5,7,6,7,7,8,,5,6,7,6,7,7,7,5,5,10,11,6,7,7,5,7,3,5,8,8,6,9,,12,7,8,,,10,8,8,4,8,3,7,9,2,20,8,9,10,,6,8,13,,9,29,22,23,31,,23,22,9,,52,,45,41,40,54,,62,46,,,,44,,39,,54,,,,56,50,51,25,30,,,,12,19,17,14,21,25,,18,24,30,16,27,22,,25,,,3,17,,9,7,23,30,26,22,13,7,7,15,24,25,25,14,22,21,10,11,11,2,10,10,,38,41,43,32,,12,7,7,6,9,21,17,12,,,,,7,9,,8,3,16,7,5,7,14,19,28,19,6,12,2,4,,9,13,,7,,15,,8,11,,10,10,9,8,12,8,10,16,10,22,22,17,27,,,16,9,,6,10,4,7,14,,18,7,22,17,26,,,32,,,,,34,,,,,,,,,,,,,,,,12,,,,,,,,,,,,,,,,,,,,,,,,,,,,,,,,,,,,,,25,30,,21,27,22,19,21,25,,,,22,19,27,22,,,12,7,9,2,3,26,,31,16,35,,,42,56,,10,7,28,,38,,7,6,,,9,12,,,7,10,6,,,5,10,10,4,12,15,11,4,2,2,3,9,5,4,11,13,5,2,7,5,5,6,9,6,,12,10,5,,11,10,6,4,6,7,5,3,4,6,2,4,,,4,12,17,11,10,5,7,15,14,1,15,9,6,5,4,6,3,,,4,7,6,19,8,6,,16,16,11,,16,18,14,,17,21,6,14,13,35,33,,14,21,8,13,11,6,14,15,,15,8,6,15,6,10,,15,,15,,,,9,7,15,11,26,24,,10,,13,12,10,23,17,19,26,,40,16,12,,,19,15,15,,16,16,16,,,19,8,5,16,9,2,6,35,22,28,21,14,22,28,28,,2,35,34,28,34,,24,29,40,33,27,24,22,28,21,,31,36,24,18,33,30,30,23,26,21,16,,61,66,75,,58,58,59,55,,55,71,34,,47,21,25,27,28,,33,28,,33,29,30,28,,25,28,22,9,9,,5,7,2,11,9,8,22,21,30,17,9,7,,43,40,40,,18,12,,15,12,,20,,31,30,29,11,3,,39,,41,54,26,46,44,48,40,33,7,33,37,31,31,21,34,33,39,40,16,21,19,19,20,6,10,14,16,17,8,14,15,14,18,5,11,10,32,26,24,26,24,23,28,22,25,27,16,16,18,17,21,33,26,32,26,24,24,25,17,14,,22,25,22,8,4,,2,9,9,9,6,27,14,18,18,29,28,26,20,23,24,,,,9,7,,5,5,,2,5,2,,10,8,6,,,,,,9,12,10,14,7,,4,,5,6,12,8,10,8,,16,22,12,26,,,,,5,5,18,17,7,7,18,,7,2,6,13,9,,10,1,4,,23,8,4,3,,7,10,12,10,4,3,7,2,8,,12,5,,6,3,,3,1,2,,6,,1,,,2,5,5,4,8,5,6,8,6,5,11,6,10,,13,9,,18,16,21,,13,13,,18,14,19,,8,6,16,17,,,14,12,12,,10,3,17,,9,18,11,,10,,,23,3,6,4,12,8,13,17,,,2,10,16,16,17,23,17,27,31,,,11,16,6,8,,2,12,20,10,8,34,19,34,5,4,10,27,7,,40,5,13,10,10,9,12,,11,,44,33,24,15,1,3,19,8,8,7,8,7,17,5,,,2,12,12,13,,19,11,19,12,,25,12,,,22,11,8,14,53,39,33,36,36,16,31,10,2,8,69,,17,62,,26,16,32,19,12,12,10,12,7,21,13,17,12,3,70,15,20,11,31,13,24,6,5,21,,16,15,22,6,,8,7,6,45,5,24,22,28,26,45,42,22,6,30,15,11,8,58,21,34,14,39,7,6,5,4,,,24,15,16,28,30,5,24,16,,21,45,24,13,2,25,63,22,11,,4,20,11,18,11,6,7,,5,12,10,9,14,10,12,6,5,9,4,3,1,6,12,36,9,9,5,14,,14,27,24,34,39,26,30,27,31,36,21,30,32,30,22,16,15,28,23,15,4,19,3,6,5,9,5,38,9,28,8,10,64,46,46,53,27,49,49,7,10,1,3,6,2,5,6,8,16,8,7,10,19,13,10,,14,26,23,40,24,36,7,5,45,,31,2,7,34,6,3,9,,5,4,19,21,26,34,10,23,26,24,20,17,30,10,16,13,21,15,26,16,24,38,3,5,4,10,12,15,14,9,22,3,8,11,11,11,,28,14,5,,11,25,25,11,17,21,17,26,25,15,39,32,19,35,28,31,34,29,23,5,79,9,3,3,4,19,8,9,7,7,7,13,48,37,74,38,65,24,20,18,3,,6,4,1,2,5,8,2,7,27,12,10,22,20,36,5,46,45,24,40,26,8,27,,,44,14,18,3,8,6,5,4,12,11,14,30,18,14,23,22,24,22,31,10,29,41,12,12,10,13,17,,8,14,12,18,29,11,7,3,6,10,7,14,11,10,10,5,3,8,65,33,34,11,,12,3,7,6,2,11,55,38,1,2,,4,1,13,3,3,2,32,52,45,40,28,56,34,39,10,8,7,34,20,13,7,22,5,1,7,50,78,6,6,6,2,14,2,20,35,26,31,23,20,16,7,20,,8,22,32,43,11,23,8,39,31,36,22,9,52,12,22,26,15,14,8,15,12,10,14,,2,2,28,21,51,81,73,35,,4,4,5,3,6,3,51,27,6,8,19,66,18,5,9,5,4,4,3,8,8,,17,71,13,6,22,9,8,8,15,1,,28,14,33,34,6,12
20231004,15,PM2.5_24h,15,11,13,13,13,15,11,26,21,12,11,12,,,31,,31,27,33,,27,,27,31,,28,37,,37,43,51,39,45,52,34,,33,33,,30,,19,27,34,,29,,54,48,47,64,74,53,54,,56,5,,9,13,12,15,14,21,16,19,21,30,,21,34,30,37,31,28,,42,37,45,41,38,,,49,46,34,39,36,,8,9,,,7,8,8,7,,14,12,,14,11,15,12,13,,14,32,28,31,28,32,29,25,26,27,24,14,13,12,9,8,8,,8,11,11,12,12,12,10,13,14,13,12,16,12,12,12,8,11,8,11,7,,9,9,7,9,10,14,14,11,11,12,13,16,12,12,,11,12,10,12,12,12,4,9,6,7,5,30,,,,30,26,,27,30,27,,,,18,,9,11,13,11,13,13,12,11,18,,,,13,17,,17,21,19,19,17,,17,24,23,21,25,24,18,22,,18,,22,23,,15,16,,18,19,18,,18,15,19,16,9,15,7,,,10,8,8,18,17,17,18,,17,,,15,,9,12,,13,12,15,7,7,8,,26,24,25,21,24,21,18,16,20,18,17,11,24,19,17,23,20,24,,,17,16,18,15,,25,25,19,19,12,,24,17,13,,17,26,23,23,,24,25,24,30,23,,,19,20,18,21,20,19,29,27,21,29,33,29,27,26,,12,13,16,11,18,16,13,,14,11,12,16,15,17,12,16,15,12,22,11,34,37,,38,42,41,27,34,27,32,29,25,25,25,26,25,27,,30,21,23,26,26,17,28,21,30,34,33,28,,26,28,30,29,35,28,,30,24,20,23,,,29,25,28,29,29,28,30,25,28,28,26,,17,19,21,19,19,20,20,22,,11,11,12,12,5,,16,10,13,14,10,9,14,,,11,15,11,14,15,,23,19,19,24,,,23,13,13,21,17,19,14,17,25,18,14,,7,9,8,9,7,8,11,7,7,7,8,6,9,12,13,11,12,12,13,9,,16,11,10,13,,31,,36,33,,,,,23,,,,36,36,26,32,27,24,26,,17,17,16,15,14,23,17,21,16,15,18,,18,14,12,10,,5,6,9,9,13,15,11,16,13,,20,15,10,12,12,12,12,12,11,12,12,16,13,12,19,20,21,,,35,,34,31,37,32,36,,33,42,,,41,45,36,48,,33,36,41,,43,38,31,37,37,17,20,18,15,19,,,,,,,31,,43,36,25,33,22,19,23,15,11,16,,39,,,24,,27,23,25,25,27,27,28,27,,15,24,17,16,18,16,22,18,13,26,22,21,23,23,23,19,33,36,26,16,,19,21,25,,25,27,,27,28,27,25,21,,22,8,,,46,43,,,,10,13,10,11,42,45,,38,29,,57,62,,68,,38,34,41,,37,38,4,7,9,,16,15,18,18,18,15,,11,14,15,11,16,14,13,16,22,14,12,13,16,19,13,18,13,10,13,14,13,13,,12,9,5,,8,17,19,24,15,18,15,10,12,10,17,15,16,15,,16,14,14,,15,14,14,14,19,,14,17,8,,43,,42,35,33,41,,42,27,,,,41,,30,,40,,,,41,36,33,24,27,,,,6,9,5,7,23,22,,18,15,28,14,24,16,,18,,,5,12,15,8,6,29,28,30,30,11,7,12,16,26,33,28,22,28,20,11,10,14,14,15,19,,30,33,33,27,,7,11,8,10,16,22,26,15,,,,,24,23,,19,7,18,7,10,8,15,15,21,16,15,13,8,8,,10,11,,21,27,22,,14,16,,20,10,11,17,14,15,18,12,17,25,27,21,23,,,8,12,18,16,16,12,5,13,,17,7,26,24,29,,,26,,,,,22,,,,,,,,,,,,,,,,15,,,,,,,,,,,,,,,,,,,,,,,,,,,,,,,,,,,,,,15,30,27,24,23,27,29,26,28,,,,31,28,32,28,,,21,23,25,23,24,43,,49,48,33,,,35,49,,31,35,19,,24,,17,14,,,5,21,,,17,16,13,,,17,20,5,3,16,12,13,9,7,8,8,6,15,16,17,20,10,8,11,11,8,10,11,8,,10,14,11,,5,8,8,10,11,10,10,8,12,15,13,9,,,10,14,16,14,14,8,11,12,13,6,11,11,12,10,8,11,6,,,8,11,10,17,8,8,,15,11,10,,13,18,13,,18,18,8,17,16,22,26,,19,21,15,20,24,12,24,23,,28,8,8,11,10,14,,22,,35,,,,11,10,13,15,32,26,,21,,18,19,18,16,15,17,20,,25,22,24,,,20,22,22,,21,19,19,,,16,12,14,20,15,9,13,34,24,26,21,24,30,28,33,,11,26,28,28,29,,37,37,38,37,36,34,32,36,34,,41,42,41,24,30,29,29,26,23,30,25,,51,42,48,,41,37,40,39,,42,44,37,,47,29,29,35,34,,28,25,10,28,27,27,29,,34,32,38,16,21,,22,15,4,16,6,8,21,26,42,29,10,12,,33,30,31,,20,17,,17,10,23,26,,33,27,30,10,7,24,22,,21,32,23,35,29,28,31,31,6,28,32,29,25,25,37,36,40,44,31,33,33,32,33,5,8,12,11,11,9,12,17,14,14,4,6,7,37,34,37,30,14,17,13,17,20,17,21,23,23,19,21,25,26,55,34,30,27,28,19,21,,23,23,25,7,6,,3,13,7,11,5,20,16,20,19,26,24,17,19,21,25,,,,11,10,,9,7,2,4,8,3,,17,14,13,,,,,,16,16,18,19,12,,10,,5,8,8,11,11,9,,18,21,13,17,,,,,6,7,17,16,13,13,20,,9,9,7,14,15,,16,5,9,13,12,13,11,9,,17,20,18,18,12,10,10,9,12,,12,9,,9,7,,4,4,4,,16,,5,,2,4,7,4,6,7,20,24,21,21,9,11,10,8,,18,20,,16,15,15,,23,19,,22,18,22,,18,18,20,24,,,18,14,12,,12,8,18,104,5,14,21,,22,,,28,15,17,10,13,19,19,23,8,,15,15,15,23,29,33,50,56,53,,,23,21,23,12,,5,17,16,14,8,25,36,38,33,28,26,51,52,,26,10,17,17,8,15,15,,23,,34,40,25,17,8,9,14,8,9,12,14,11,13,4,,,24,25,16,26,,25,30,42,18,,20,12,,,24,15,12,18,30,25,30,23,29,15,25,15,7,15,63,,31,48,,23,23,32,26,14,11,16,40,14,22,10,17,17,27,40,17,26,13,36,13,37,5,39,30,,23,25,21,10,,13,26,11,52,24,27,16,20,18,29,33,25,18,38,14,19,11,44,17,34,23,39,6,8,6,6,,,32,18,36,16,22,5,24,17,,16,35,29,18,27,18,48,34,18,,12,30,25,30,23,5,15,3,6,8,10,8,11,10,8,7,10,12,9,7,6,5,26,30,12,15,6,16,19,20,26,32,38,39,39,31,32,22,26,26,19,30,27,30,26,14,24,31,27,8,40,28,26,38,15,8,24,12,29,17,20,42,34,38,38,31,36,37,6,16,7,5,8,16,15,9,15,19,8,11,11,10,12,20,,25,28,22,21,37,31,37,14,37,,36,36,38,41,7,8,10,,24,7,19,25,24,21,12,19,24,33,19,20,36,12,19,15,15,18,29,16,28,36,26,20,8,11,14,15,14,11,22,10,14,14,16,12,7,25,17,14,18,20,23,26,13,14,23,25,26,23,10,25,20,15,21,25,19,23,22,44,36,53,37,17,28,32,18,12,15,14,18,21,21,30,28,45,30,43,30,34,35,7,10,10,9,12,11,8,28,31,27,29,18,23,29,22,33,42,36,33,27,33,35,12,19,44,,39,44,45,35,20,23,17,15,12,12,15,23,25,13,29,26,22,24,32,20,26,27,11,14,10,11,12,,7,12,7,20,32,7,8,10,11,20,17,18,16,14,10,13,12,12,50,38,49,18,,58,23,30,38,26,33,50,36,53,67,49,39,41,44,42,35,32,24,34,40,26,29,55,30,39,17,10,18,29,14,13,9,15,13,7,8,62,79,8,7,49,40,28,10,23,24,38,26,28,28,14,13,20,,15,25,31,42,14,21,22,21,20,40,46,44,41,28,28,25,21,12,10,22,16,15,18,,6,4,19,23,41,66,44,32,,10,17,9,12,10,12,42,26,5,9,24,42,23,28,34,9,19,10,21,8,8,,17,53,16,11,22,9,9,12,16,6,1,28,39,35,39,17,15
20231004,15,PM10,10,10,11,11,10,10,9,8,7,15,11,12,,,20,,25,29,34,,13,,11,13,,14,12,,39,50,61,52,58,47,85,,18,9,,12,,20,25,27,,33,,77,78,80,12,,20,29,,17,24,,28,6,10,31,23,24,10,18,17,14,,17,39,32,34,51,48,,79,65,69,79,20,,,41,26,20,21,28,,12,24,,,15,17,12,19,,21,19,,35,20,18,12,22,,30,12,15,20,13,12,36,7,8,23,22,24,21,30,26,24,21,,24,33,32,10,15,28,18,19,19,21,15,5,30,14,10,23,21,19,24,20,,20,21,36,21,10,19,19,27,19,21,23,25,17,17,,24,27,23,20,21,24,16,14,11,15,6,70,,,,92,85,,88,97,80,,,,34,,27,38,34,29,31,29,27,24,19,,,,24,14,,22,15,23,29,24,,24,39,39,39,42,39,31,26,,28,,52,50,,28,23,,30,25,21,,29,29,29,30,21,25,41,,,35,21,21,22,19,21,29,,29,,,23,,24,26,,43,21,40,24,24,20,,32,28,29,23,26,31,50,33,24,19,22,17,22,12,24,29,34,24,,,43,34,34,34,,57,53,32,31,24,,22,24,18,,27,66,61,66,,66,61,56,76,90,,,88,66,88,88,73,73,65,70,61,64,66,81,75,77,,17,22,23,18,26,16,19,,18,22,33,32,38,30,28,34,33,29,,42,56,47,,43,44,46,42,65,45,44,33,46,46,52,66,40,36,,57,48,37,62,53,49,51,54,34,39,53,42,,61,31,24,66,54,58,,61,36,61,50,,,30,33,48,44,44,40,54,29,38,35,56,,46,29,27,42,46,36,31,29,,,28,30,21,6,,25,8,10,15,7,5,4,,,8,13,15,19,6,,24,26,15,39,,,26,87,27,29,27,22,24,29,34,24,12,,6,10,5,9,17,10,13,9,7,10,12,7,14,14,17,18,16,16,16,6,,21,10,27,16,,36,,26,30,,,,,19,,,,25,29,53,53,37,48,70,,29,41,37,49,49,49,42,52,41,40,41,,27,46,43,18,,19,13,13,10,29,27,29,29,34,,30,18,23,15,21,18,20,26,21,14,24,24,21,30,48,47,53,,,63,,70,73,46,63,51,,50,69,,,48,48,48,66,,83,58,66,,53,78,58,46,53,58,36,31,29,41,,,,,,,88,,96,66,56,63,51,53,56,27,20,27,,27,,,32,,29,36,31,42,70,90,78,73,,42,42,57,39,34,35,46,36,27,29,20,22,29,57,77,59,36,36,39,45,,37,34,36,,28,25,,50,26,39,44,42,,30,9,,,82,67,,,,22,25,11,16,91,46,,48,80,,134,118,,129,,32,38,36,,29,18,46,38,41,,18,17,20,28,22,22,,28,22,21,22,22,25,14,15,16,18,16,20,26,25,35,31,17,17,14,14,26,14,,9,8,12,,,19,16,21,15,11,10,18,18,13,6,23,21,16,,19,21,27,,17,32,36,40,24,,24,38,10,,51,,41,50,51,55,,99,101,,,,84,,70,,81,,,,90,59,84,31,62,,,,19,19,25,24,39,42,,34,34,36,38,34,34,,28,,,31,26,,19,17,33,37,36,39,21,23,26,36,36,39,32,36,36,41,19,20,14,15,16,13,,48,51,55,44,,11,14,7,8,16,22,28,22,,,,,27,30,,22,5,27,14,6,14,5,21,22,26,27,24,11,11,,15,16,,14,,13,,19,28,,26,16,14,10,13,4,12,11,9,22,19,19,35,,,83,31,29,25,17,20,35,27,,23,11,67,67,63,,,73,,,,,68,,,,,,,,,,,,,,,,46,,,,,,,,,,,,,,,,,,,,,,,,,,,,,,,,,,,,,,41,36,,40,50,33,38,47,38,,,,57,55,68,48,,,37,41,34,35,37,53,,46,34,61,,,53,71,,10,15,62,,65,,18,10,,,102,20,,,46,59,22,,,19,18,32,19,40,29,26,42,35,32,37,36,13,18,18,24,37,37,62,27,44,66,67,44,,35,49,22,,12,11,22,12,31,29,21,31,10,61,14,17,,,10,15,21,23,9,15,19,14,10,15,11,16,11,6,8,14,7,,,8,5,15,33,10,13,,18,30,37,,29,34,24,,29,36,20,27,15,46,67,,25,23,29,36,23,16,32,38,,30,19,16,29,22,16,,17,,16,,,,26,37,19,38,44,44,,21,,19,22,20,36,38,34,92,,25,28,25,,,18,23,10,,24,25,29,,,37,9,19,10,10,24,9,58,45,47,40,21,46,51,52,,38,54,65,46,51,,41,42,51,51,44,43,36,45,39,,49,49,46,30,54,53,42,41,35,35,38,,118,110,104,,59,88,106,74,,106,103,52,,45,42,40,44,44,,52,42,35,39,57,48,59,,32,39,34,38,22,,20,43,5,14,7,9,30,32,22,26,24,26,,43,54,52,,20,15,,31,16,,26,,42,36,31,16,13,23,55,61,59,70,50,49,67,64,84,53,39,35,43,45,48,46,29,45,41,46,22,29,26,26,28,12,20,24,22,24,20,24,18,24,26,10,18,25,43,55,43,56,59,31,51,41,33,51,38,29,28,31,41,37,58,46,40,36,35,23,28,22,,37,29,33,10,9,,2,7,10,13,11,26,14,24,25,44,34,36,33,45,42,,,,7,14,,8,10,14,5,7,15,,14,12,9,,,,,,14,16,11,12,15,,5,,3,6,20,14,15,19,,22,35,23,24,,,,,10,20,22,24,14,19,24,,17,1,,26,16,,19,13,10,,14,14,59,3,,16,29,18,13,13,6,11,8,22,,22,21,,15,6,,5,11,5,,28,,5,,5,3,12,11,9,12,26,37,39,36,5,14,8,12,,30,27,,17,19,20,,26,33,29,28,31,46,,23,12,29,26,,,24,15,13,,9,21,21,12,10,37,44,,60,,,64,18,12,13,48,46,16,23,12,,22,29,29,64,69,73,134,79,71,,,34,30,32,8,,23,29,28,25,9,62,49,42,11,12,21,58,53,,82,22,22,25,21,22,26,,14,,92,47,31,22,14,14,39,37,31,22,21,10,28,5,,,13,27,26,30,,40,18,31,23,,50,20,,,51,16,17,29,73,83,67,63,68,25,49,18,8,11,121,,29,73,,35,31,40,33,56,13,29,41,14,30,12,41,27,11,126,20,31,110,66,15,56,14,38,34,,25,22,24,36,,25,25,11,,7,61,33,34,31,131,101,42,33,45,22,26,16,92,101,56,37,95,14,19,12,6,,,21,44,43,24,51,14,40,36,,24,70,51,21,2,36,105,23,18,,22,30,14,27,19,29,27,,15,23,26,25,34,39,30,15,19,7,14,16,11,72,22,75,20,15,17,19,,27,31,38,48,39,49,47,49,44,49,33,54,67,36,39,14,35,40,35,33,26,39,9,18,13,14,34,61,18,39,19,21,80,83,48,64,42,44,66,11,16,1,20,11,20,15,16,21,14,9,9,16,5,7,20,,22,33,30,94,53,59,34,31,90,,48,48,52,75,9,9,15,,22,5,15,21,21,39,23,32,42,29,45,31,48,,33,34,49,32,55,22,27,85,8,6,17,21,28,29,30,21,45,34,16,21,12,22,9,49,29,24,,56,55,55,15,37,29,35,25,33,43,57,41,34,40,26,43,53,50,49,19,145,56,7,9,8,57,19,21,21,8,18,22,69,81,104,98,127,47,37,44,15,,9,5,10,19,38,13,20,13,31,20,14,66,56,73,29,93,87,59,66,51,19,53,53,,62,46,58,22,23,20,6,20,,14,21,59,26,46,32,34,36,45,49,23,42,55,19,20,44,22,19,,26,14,30,32,26,12,13,13,11,22,12,30,23,19,27,40,17,21,109,54,56,38,,30,31,12,5,19,20,110,64,12,20,3,35,57,38,37,22,21,63,72,107,48,35,109,60,36,12,24,11,58,30,21,18,21,24,12,27,284,314,10,10,22,14,62,10,24,67,45,41,34,34,34,12,27,,20,56,53,34,17,29,22,,92,69,62,39,83,44,58,45,24,26,18,21,27,25,29,,5,,45,72,67,121,144,50,,9,11,11,9,19,16,72,53,19,5,45,112,31,23,16,23,8,9,5,12,9,14,44,123,106,32,122,23,25,39,37,4,10,43,36,58,78,21,28
20231004,15,PM10_24h,26,20,27,24,27,26,27,51,39,27,23,25,,,64,,62,54,67,,55,,59,56,,58,62,,82,89,87,83,88,86,72,,65,67,,59,,57,53,58,,59,,71,72,72,101,109,101,122,,99,23,,27,26,19,39,38,41,42,28,49,51,,51,66,57,66,73,73,,92,99,87,92,74,,,98,97,70,70,83,,23,22,,,18,22,22,17,,36,35,,30,44,32,30,32,,28,65,54,62,57,50,54,48,60,45,34,33,31,31,28,29,21,,27,29,32,19,18,21,29,21,21,22,23,23,23,17,28,22,23,20,21,21,,21,23,23,21,24,26,29,24,26,30,24,26,23,21,,26,27,24,25,22,25,15,17,15,17,13,54,,,,48,45,,51,49,41,,,,30,,24,33,28,24,26,25,21,26,30,,,,31,27,,28,28,26,26,26,,30,32,40,42,41,45,36,29,,27,,37,40,,35,28,,35,29,26,,29,29,32,38,18,26,31,,,28,21,20,34,34,36,38,,37,,,27,,28,27,,31,24,29,18,22,20,,50,41,43,40,39,33,37,33,37,30,30,28,40,29,35,35,35,35,,,40,35,40,40,,51,54,36,30,23,,30,32,18,,31,52,49,55,,54,65,53,58,40,,,45,45,45,43,43,46,57,54,50,55,59,57,56,55,,21,22,20,23,21,22,19,,19,21,20,25,20,23,16,20,22,24,33,26,53,54,,52,74,50,43,54,43,47,36,43,47,44,55,39,50,,43,43,41,60,37,37,37,38,47,49,52,47,,40,48,46,46,50,43,,42,41,37,45,,,51,45,46,48,44,43,57,68,44,43,37,,30,32,33,30,32,38,35,63,,24,26,23,24,12,,24,12,19,28,15,13,19,,,17,26,17,26,20,,36,32,34,38,,,36,29,25,26,27,25,30,29,30,25,19,,17,11,17,18,21,17,14,13,9,11,16,9,22,21,24,20,21,17,24,14,,29,23,21,23,,42,,39,39,,,,,42,,,,63,74,62,67,70,58,61,,42,26,26,25,29,27,33,33,30,31,34,,24,33,28,24,,26,21,23,21,41,33,28,31,35,,40,34,48,23,27,24,25,24,23,23,33,42,33,34,45,41,46,,,73,,69,78,70,58,83,,76,75,,,77,82,73,82,,59,63,83,,75,70,69,62,58,44,42,39,30,48,,,,,,,65,,83,65,52,71,44,41,47,25,30,34,,72,,,36,,34,31,38,45,45,51,47,53,,36,46,32,33,40,29,39,36,31,37,32,34,39,39,50,44,39,45,39,29,,33,32,38,,40,39,,56,51,63,58,29,,40,13,,,90,79,,,,31,34,28,36,57,59,,55,69,,102,95,,105,,82,79,98,,78,49,20,21,19,,33,37,38,48,38,51,,37,32,30,31,28,35,27,32,47,27,25,29,30,46,28,37,31,23,24,26,31,25,,14,14,16,,10,33,29,31,31,32,19,20,14,20,17,24,27,26,,21,24,24,,17,22,21,25,20,,22,25,12,,53,,58,50,45,49,,78,73,,,,78,,70,,69,,,,77,51,60,43,50,,,,15,14,20,16,40,41,,25,25,30,23,26,24,,25,,,22,21,16,17,8,41,45,41,46,20,26,23,30,38,41,48,37,47,34,22,21,21,22,18,26,,43,50,46,42,,21,29,21,16,30,35,43,34,,,,,53,42,,40,10,22,23,18,20,18,22,23,24,21,23,20,17,,23,22,,34,38,42,,30,40,,46,15,15,24,20,24,29,23,25,33,33,29,35,,,31,34,71,56,74,63,17,24,,27,19,86,88,97,,,54,,,,,45,,,,,,,,,,,,,,,,39,,,,,,,,,,,,,,,,,,,,,,,,,,,,,,,,,,,,,,26,43,43,44,48,54,43,55,47,,,,68,73,66,59,,,55,71,56,63,66,90,,100,83,52,,,58,72,,56,61,60,,79,,49,33,,,42,23,,,47,47,23,,,23,24,21,21,36,36,35,35,29,26,32,34,28,30,29,36,28,28,40,27,25,27,42,22,,38,37,23,,14,13,24,26,30,25,18,29,23,32,27,24,,,28,22,24,47,14,22,26,27,13,13,15,19,27,20,20,19,12,,,12,23,24,29,12,14,,14,31,31,,23,26,20,,29,29,20,32,26,36,53,,34,35,41,46,34,29,30,30,,30,33,28,23,20,23,,35,,44,,,,23,29,20,33,48,42,,31,,27,24,26,35,33,37,57,,38,30,43,,,28,30,30,,31,36,29,,,32,22,23,23,24,36,20,48,37,39,33,32,54,56,49,,42,42,49,45,46,,55,50,68,50,53,56,52,52,56,,66,64,59,37,48,49,43,42,43,54,50,,78,76,70,,71,56,77,51,,78,83,57,,56,55,49,56,56,,41,36,27,36,48,39,57,,51,47,45,44,45,,37,44,7,32,17,14,37,40,38,38,30,26,,48,46,49,,29,30,,32,18,35,38,,45,37,34,26,17,26,44,37,34,48,41,43,49,42,44,43,31,29,47,36,42,49,44,49,47,54,46,48,44,43,43,10,15,23,23,20,23,19,22,23,21,10,15,13,67,82,82,70,28,40,26,37,44,46,39,42,29,41,49,40,58,60,52,38,41,30,29,35,,46,38,36,18,15,,7,24,21,21,16,28,20,21,24,41,30,30,32,41,33,,,,20,21,,19,15,15,11,13,22,,25,21,20,,,,,,29,27,23,24,23,,14,,6,13,15,16,16,22,,24,28,21,26,,,,,13,13,23,22,23,21,26,,17,11,11,22,17,,22,10,24,16,12,16,13,14,,24,33,27,26,20,11,17,16,29,,24,18,,14,8,,8,13,11,,31,,12,,6,9,14,12,14,13,57,76,65,58,12,21,16,18,,37,34,,20,21,30,,36,42,27,40,35,44,,34,27,32,33,,,36,25,15,,17,25,18,18,6,38,67,,59,,,75,26,21,19,52,59,63,74,19,,38,27,30,87,89,93,175,180,156,,,55,43,53,19,,29,34,35,37,12,55,54,51,61,57,51,84,102,,72,28,28,26,23,33,25,,34,,54,65,36,23,19,20,37,28,27,34,32,20,26,6,,,56,49,32,55,,68,55,74,26,,29,18,,,50,27,32,29,41,42,58,45,55,22,40,25,24,22,109,,56,59,,34,40,43,36,41,20,29,75,22,41,23,34,34,56,75,23,43,38,70,18,66,7,79,45,,26,30,24,30,,32,68,23,57,31,44,25,28,26,76,72,37,46,63,24,27,25,63,47,54,29,76,15,14,15,14,,,32,45,77,20,35,10,38,32,,27,61,53,25,48,33,76,59,33,,31,43,36,42,37,20,35,27,16,21,23,22,25,31,27,21,20,28,18,62,19,28,30,52,22,19,16,27,34,31,36,48,58,50,75,51,58,39,43,44,40,55,45,53,32,32,39,47,54,15,67,58,66,72,25,26,50,20,37,29,28,66,62,54,52,47,44,48,14,18,9,12,17,23,25,23,23,23,16,15,11,16,14,33,,31,31,31,53,67,56,73,34,71,,61,81,86,76,13,16,16,,40,9,23,33,24,29,23,32,42,40,47,40,56,26,39,34,33,30,58,22,41,73,45,38,23,22,24,26,25,23,41,24,29,28,23,23,15,35,24,32,41,63,54,59,32,36,33,54,29,36,49,46,38,29,29,33,29,48,37,83,60,102,95,33,55,57,57,26,23,23,30,36,30,55,69,73,60,84,48,50,58,12,13,23,10,24,26,35,39,42,37,38,31,36,76,43,69,76,69,76,55,51,66,26,41,86,,76,80,95,70,52,75,22,48,16,26,32,53,43,42,51,37,37,43,49,34,36,36,17,26,28,21,21,,25,16,25,28,29,13,14,21,22,32,26,34,29,25,21,40,36,32,78,57,79,47,,90,64,67,68,73,64,102,66,89,130,90,98,104,100,100,90,91,56,59,94,43,40,91,52,52,20,26,21,52,25,25,18,23,26,21,42,208,200,15,11,74,98,68,47,40,53,61,47,44,45,32,19,26,,21,55,52,53,19,29,38,38,50,74,79,76,74,63,72,42,38,22,23,30,29,34,31,,11,2,34,98,60,97,90,49,,22,37,18,24,34,25,60,52,23,16,50,75,31,67,60,22,34,24,39,21,19,23,43,90,33,27,49,28,28,27,37,11,9,43,82,58,76,38,24
20231004,15,SO2,3,3,3,1,2,3,3,3,3,3,3,3,,,7,,3,5,4,,5,,4,4,,6,3,,3,3,3,3,4,4,2,,1,3,,3,,9,10,10,,4,,11,10,12,2,,4,4,,4,3,,1,3,6,6,6,4,1,2,1,1,,5,4,12,6,2,6,,13,9,9,11,,,,8,8,8,18,8,,5,5,,,8,6,5,6,,6,7,,6,6,7,6,4,,5,5,8,9,6,5,6,6,8,4,6,4,6,5,4,7,6,,5,6,4,5,6,6,5,3,4,2,6,6,7,6,7,4,8,7,7,7,,4,6,8,5,4,3,4,3,7,5,9,7,2,4,,8,9,8,8,7,10,6,6,6,6,6,10,,,,10,12,,10,10,10,,,,9,,6,8,9,8,6,7,11,8,9,,,,11,8,,4,2,2,6,5,,8,8,7,9,9,8,8,7,,8,,11,10,,9,5,,7,9,8,,9,6,8,7,6,8,5,,,6,7,6,5,4,4,6,,8,,,4,,5,5,,5,4,6,6,5,5,,4,5,3,3,2,5,5,5,6,6,5,5,7,4,5,5,6,7,,,5,4,3,4,,3,5,4,5,7,,4,6,7,,7,8,7,8,,7,7,6,9,9,,,17,12,10,14,10,11,7,5,8,6,8,10,7,9,,8,6,6,7,7,7,6,,7,4,4,6,5,4,4,4,4,3,2,6,4,7,,3,5,9,5,3,5,6,6,3,7,8,5,5,7,,4,6,6,9,6,6,7,7,7,6,6,8,,6,2,5,8,4,4,,7,6,4,6,,,5,4,12,5,6,6,4,6,6,7,8,,5,9,10,9,8,10,7,5,,7,7,5,8,6,,6,9,5,6,5,5,6,,,8,6,7,6,5,,3,2,3,2,,,4,6,4,3,3,5,5,8,3,7,4,,6,8,9,6,16,7,7,4,9,9,6,6,6,5,5,6,5,6,3,5,,5,1,4,6,,,,8,6,,,,,8,,,,7,8,15,4,4,7,6,,10,8,4,7,10,6,5,5,4,4,3,,4,4,5,11,,15,12,11,13,6,20,5,,5,,4,7,4,12,9,11,8,8,8,5,9,6,7,8,7,6,4,,,10,,9,9,8,6,8,,9,5,,,10,11,9,8,,11,13,9,,6,6,7,8,6,8,5,5,7,2,,,,,,,16,,8,10,8,10,9,8,11,2,5,7,,6,,,12,,14,7,7,7,9,11,11,10,,10,9,6,7,7,8,10,8,7,8,4,6,7,8,6,7,5,5,4,9,,6,6,7,,4,6,,7,6,4,4,7,,8,5,,,27,6,,,,8,5,11,6,20,14,,16,20,,16,16,,17,,9,12,10,,8,11,8,13,8,,4,10,8,9,8,6,,5,5,8,6,7,7,6,12,8,8,9,6,7,8,8,6,9,7,7,7,9,6,,5,2,5,,4,5,4,5,5,5,5,4,4,3,4,8,8,5,,8,8,7,,6,9,8,7,9,,10,8,9,,4,,1,3,4,2,,15,15,,,,6,,8,,12,,,,11,9,12,6,6,,,,6,5,8,6,5,5,,7,6,8,7,4,3,,6,,,4,6,,3,8,4,8,8,6,7,4,4,6,8,5,7,8,6,6,4,3,4,5,7,7,,7,6,7,8,,8,8,3,5,5,5,4,3,,,,,1,3,,3,2,2,2,2,3,3,5,7,2,2,7,2,4,,1,3,,7,,4,,7,5,,2,8,4,7,6,6,7,9,5,4,4,2,6,,,8,4,10,12,5,4,9,6,,11,7,9,7,9,,,8,,,,,10,,,,,,,,,,,,,,,,8,,,,,,,,,,,,,,,,,,,,,,,,,,,,,,,,,,,,,,6,10,4,9,12,7,5,6,10,,,,7,6,8,6,,,6,8,8,10,8,11,,15,17,5,,,4,5,,7,7,8,,9,,8,19,,,4,5,,,4,5,6,,,1,3,9,12,16,15,12,2,1,8,5,6,8,7,7,7,5,9,4,,6,7,7,4,,2,7,5,,7,5,8,8,6,3,5,6,6,7,7,4,,,5,14,10,13,14,8,6,6,3,6,6,7,2,3,4,3,1,,,7,4,3,13,2,6,,5,3,4,,4,5,4,,5,6,5,8,2,9,7,,6,6,9,6,5,6,8,6,,7,4,4,6,8,6,,7,,7,,,,6,11,7,6,9,8,,7,,5,7,6,7,7,8,7,,7,4,8,,,4,4,5,,3,4,2,,,5,4,5,8,8,5,12,26,22,18,20,22,11,12,18,,8,7,9,16,18,,14,5,12,6,23,12,8,11,18,,8,11,19,2,5,2,4,5,,10,3,,13,19,19,,17,12,13,7,,7,8,4,,5,8,5,8,4,,5,5,8,7,7,9,9,,8,7,7,4,5,,9,7,9,7,6,6,8,8,6,8,3,4,,7,5,4,,7,12,,10,7,,7,,7,6,6,9,8,13,11,11,12,12,6,8,7,6,7,9,7,2,4,4,2,3,5,4,5,3,8,6,7,6,6,4,1,2,5,3,3,3,2,6,5,6,6,7,9,10,8,7,33,5,17,8,6,10,5,6,5,10,6,6,4,18,18,8,9,5,8,8,,9,7,5,6,2,,2,6,7,6,8,5,7,6,7,4,7,10,9,7,8,,,,4,6,,7,6,8,8,9,6,,8,6,8,,,,,,5,4,4,8,5,,5,,7,8,13,17,17,16,,7,7,6,6,,,,,1,1,5,4,4,5,5,,3,6,5,8,7,,8,9,8,,6,6,3,4,,7,7,5,9,7,9,4,6,5,,7,4,,7,7,,7,8,2,,5,,6,,5,7,11,5,7,6,10,12,13,19,10,6,6,5,,58,42,,11,6,4,,8,6,2,4,5,9,,5,6,2,2,,,8,4,3,,6,13,12,11,9,11,10,,10,,,30,6,2,6,7,5,4,10,9,,7,10,11,6,17,2,3,5,5,,,12,11,9,5,,4,9,13,2,9,2,14,5,5,4,4,4,15,,7,6,6,3,8,4,5,,5,,12,7,6,6,6,8,5,12,5,6,6,6,6,5,,,4,6,7,6,,4,8,8,5,,7,8,,,8,7,7,9,13,12,10,12,12,7,9,6,6,7,18,,5,4,,3,3,6,6,3,9,3,3,4,8,3,6,4,5,19,7,3,10,8,1,8,7,6,7,,7,6,6,6,,1,10,6,,5,7,5,7,6,16,10,8,3,21,8,7,4,7,4,9,9,13,7,7,6,4,,,8,6,2,6,10,6,6,6,,4,12,18,6,8,6,,5,6,,5,8,6,15,32,5,6,,4,10,8,7,11,6,6,7,3,6,13,9,11,6,6,9,8,8,8,8,,8,6,5,6,4,6,8,7,6,3,5,9,7,6,7,6,7,5,8,2,3,7,5,5,4,9,3,6,7,9,6,6,8,10,9,9,6,2,3,7,4,7,9,9,6,7,12,16,14,2,7,8,10,10,1,,2,7,8,10,8,5,11,6,13,,9,6,6,8,8,3,5,,7,6,8,8,6,7,4,7,8,3,6,9,21,5,5,6,8,8,2,4,9,12,3,3,12,10,5,7,4,7,8,1,7,8,7,11,6,12,6,6,,4,4,11,9,10,5,9,6,7,8,7,6,8,7,5,7,8,6,4,6,11,8,3,8,6,5,3,7,5,5,9,5,7,10,21,17,13,9,11,5,9,,17,6,6,6,2,2,7,4,4,6,6,6,6,10,10,12,13,9,8,8,3,10,4,,3,11,12,6,10,6,7,4,7,2,7,3,1,5,6,4,3,5,10,6,3,6,4,4,,6,4,,7,4,9,10,7,7,7,4,7,6,7,6,6,3,6,10,9,8,22,20,18,33,,5,6,3,2,3,5,11,15,1,4,7,10,9,9,8,6,11,11,7,12,1,5,22,10,10,7,12,6,10,5,4,4,4,4,8,4,5,4,6,4,8,10,4,12,8,7,7,4,9,8,9,5,7,,8,4,1,2,8,6,1,11,10,21,7,12,9,8,32,9,6,6,5,5,8,4,5,,5,4,8,5,7,14,10,4,,1,3,1,1,8,9,15,9,12,11,5,16,6,4,3,3,3,3,3,7,5,7,8,17,6,5,5,4,7,5,5,6,4,8,8,9,12,6,9
20231004,15,SO2_24h,3,2,3,3,3,3,3,3,3,2,3,3,,,8,,5,7,6,,7,,6,6,,8,5,,9,4,5,7,6,8,7,,2,5,,2,,11,11,13,,8,,8,10,11,7,7,7,7,,8,2,,2,2,6,9,8,7,7,4,2,2,,6,7,9,8,5,9,,18,12,11,14,8,,,8,12,9,16,10,,6,6,,,9,6,5,7,,10,13,,8,7,11,9,7,,7,7,10,9,9,8,6,8,11,6,8,6,6,5,5,7,6,,5,6,5,6,6,6,5,3,5,4,7,8,7,6,8,4,9,7,8,8,,4,6,7,5,5,3,5,4,8,5,5,7,3,11,,8,10,9,8,8,10,6,6,7,6,7,9,,,,6,7,,6,7,7,,,,10,,7,9,10,9,6,8,11,9,9,,,,12,10,,5,4,4,8,8,,9,7,8,10,6,8,7,6,,10,,9,8,,8,5,,7,8,8,,9,6,9,7,6,8,5,,,7,8,7,6,5,4,6,,8,,,3,,5,5,,6,4,6,6,5,5,,4,4,3,4,2,6,6,6,6,6,5,5,7,4,5,5,6,6,,,5,3,3,4,,4,4,4,6,7,,7,6,8,,7,7,5,6,,5,5,5,8,6,,,10,9,9,9,9,8,5,5,6,7,6,7,7,8,,8,6,6,8,7,7,6,,7,5,4,6,5,4,4,4,3,3,2,6,4,7,,3,5,9,4,4,5,6,6,3,6,9,6,5,7,,3,6,6,8,6,6,6,8,10,7,6,9,,8,4,6,8,6,4,,7,7,5,7,,,6,3,12,5,7,8,4,6,5,9,5,,7,7,11,7,8,12,8,8,,6,7,5,8,6,,5,8,5,6,5,5,6,,,7,6,7,6,5,,3,2,2,2,,,3,7,5,3,3,6,5,8,4,7,5,,8,7,9,7,17,8,7,7,9,8,7,6,7,6,5,6,7,5,3,5,,5,2,5,7,,4,,8,10,,,,,20,,,,12,18,7,4,4,6,8,,11,7,4,7,10,6,5,5,4,5,5,,4,4,5,11,,19,11,10,16,32,31,7,6,15,,6,8,6,10,8,10,6,10,10,6,18,10,10,13,7,7,4,,,10,,11,11,14,7,11,,13,7,,,11,14,9,12,,8,9,18,,7,6,7,8,7,11,6,5,7,3,,,,,,,12,,7,9,8,9,8,6,10,4,6,8,,21,,,13,,10,8,12,8,9,10,11,9,,9,8,9,9,8,6,11,11,14,13,3,6,8,7,6,7,5,6,5,10,,8,8,7,,5,8,,9,8,6,6,6,,11,6,,,13,11,,,,11,11,13,9,11,13,,17,19,,15,16,,17,,19,11,17,,12,11,10,14,9,,6,11,11,13,13,7,,12,8,10,9,8,10,7,16,21,8,14,6,10,16,13,10,12,7,7,8,10,7,,5,2,5,,4,5,6,6,6,5,6,4,4,8,5,7,6,5,,7,8,6,,5,7,9,7,10,,11,8,11,,5,,4,3,3,2,,10,9,,,,5,,5,,8,,,,8,8,7,7,7,,,,6,4,8,6,6,6,,7,6,7,6,4,3,,8,,,4,7,9,3,9,4,10,8,7,6,4,4,5,12,7,9,10,8,8,3,3,4,5,7,7,,7,5,8,9,,8,13,7,5,5,5,6,4,,,,,4,6,,5,6,2,3,2,3,3,4,7,2,1,6,4,5,,2,3,,7,2,6,,7,5,,5,8,5,7,6,7,8,10,6,4,5,3,6,,,12,4,31,30,30,6,9,6,,9,7,12,7,8,,,6,,,,,9,,,,,,,,,,,,,,,,9,,,,,,,,,,,,,,,,,,,,,,,,,,,,,,,,,,,,,,6,3,3,3,4,9,6,8,11,,,,8,7,8,6,,,16,20,16,18,19,10,,11,11,7,,,6,7,,13,10,4,,8,,9,9,,,5,5,,,6,5,6,,,2,3,10,12,11,11,9,4,7,10,8,7,10,10,10,13,8,8,5,10,9,13,10,5,,4,6,8,,8,6,9,10,7,3,6,7,6,7,7,5,,,7,11,8,11,11,9,6,7,3,6,9,7,2,4,4,3,1,,,8,7,5,2,2,6,,5,3,4,,5,5,4,,7,10,8,9,1,7,7,,6,6,7,4,3,6,6,5,,5,4,5,6,8,7,,7,,8,,,,5,10,7,5,13,8,,5,,4,6,5,7,7,7,7,,10,4,14,,,4,5,4,,5,10,5,,,5,4,6,7,7,10,11,30,23,23,22,22,15,11,16,,8,5,23,20,12,,16,10,14,6,9,13,9,12,15,,16,14,22,2,5,2,4,5,,11,4,,12,10,12,,8,6,8,5,,4,5,6,,5,8,4,8,3,,5,4,8,7,6,7,8,,6,6,6,5,6,,10,6,9,7,6,6,8,9,7,8,4,4,,9,7,5,,8,7,,8,7,7,6,,6,6,6,10,8,14,17,6,9,13,8,9,9,8,7,10,4,3,4,4,2,4,5,4,5,4,8,7,7,6,8,4,1,3,6,4,4,3,2,3,4,6,6,8,15,10,10,11,8,5,8,12,8,9,6,6,5,11,8,24,21,22,30,7,7,5,8,9,,13,6,5,6,3,,2,5,8,7,7,8,8,6,9,4,7,8,9,7,7,,,,4,7,,7,6,10,11,12,9,,9,7,8,,,,,,5,4,5,8,5,,5,,7,7,11,12,11,18,,6,6,6,6,,,,,1,1,5,5,3,5,5,,3,6,5,9,9,,8,9,6,11,7,6,4,4,,6,8,5,9,7,8,4,6,14,,8,4,,7,7,,9,8,3,,6,,7,,6,7,6,5,7,7,9,11,12,13,8,7,6,5,,55,40,,12,8,4,,9,6,3,4,6,12,,5,6,2,3,,,9,5,3,,8,13,12,12,11,11,9,,11,,,12,7,2,6,6,5,3,6,7,,8,8,8,6,6,4,3,5,5,,,10,10,9,4,,4,7,9,3,9,2,12,5,8,6,5,6,12,,6,6,8,5,7,5,4,,4,,10,7,4,6,9,11,8,10,8,9,7,6,5,4,,,5,8,8,7,,7,11,19,4,,7,8,,,9,7,9,8,10,7,10,11,10,8,10,6,6,7,17,,6,4,,3,5,6,6,3,12,2,16,3,10,3,6,5,6,10,8,6,16,8,2,7,7,7,8,,8,8,7,7,,2,12,6,5,6,6,5,10,6,11,9,8,4,19,7,10,4,8,7,8,8,10,7,7,6,5,,,8,6,6,8,8,6,7,8,,5,9,17,7,15,5,8,7,5,,8,7,11,22,47,5,6,10,4,8,8,6,9,5,7,8,3,10,11,10,13,7,7,10,9,8,7,8,9,10,5,5,5,7,6,5,5,6,3,5,8,8,12,8,7,9,5,8,3,3,11,7,7,9,8,3,5,8,8,4,4,8,8,9,7,6,2,3,8,5,8,9,10,6,11,12,18,14,5,8,8,8,10,2,,2,8,8,7,6,7,15,6,10,,12,8,9,18,10,5,5,,9,5,10,9,6,7,4,8,10,11,9,10,17,5,5,6,7,7,11,5,10,10,3,3,9,11,4,5,5,8,14,2,9,8,7,11,6,11,8,7,6,4,4,11,9,9,5,10,7,8,8,7,6,15,6,4,9,8,7,6,7,13,11,4,9,9,5,3,6,5,6,8,5,6,9,13,10,8,10,10,7,18,5,16,6,7,11,4,4,7,4,5,7,7,7,5,10,12,11,13,7,8,9,4,8,8,,23,15,14,10,19,24,7,14,8,2,7,3,4,5,8,5,8,8,8,6,2,6,4,4,2,6,4,,8,4,7,10,8,7,7,4,8,5,7,6,6,4,5,16,10,11,10,14,11,27,,9,10,3,3,4,6,9,14,4,8,11,13,11,12,11,10,15,9,9,9,1,5,16,6,11,8,10,6,13,5,4,4,5,5,8,7,10,10,6,4,9,38,6,13,10,7,8,5,8,9,12,10,8,,7,4,4,5,8,6,4,8,9,11,11,17,12,9,13,8,6,7,5,5,8,4,5,,5,5,7,8,8,13,6,6,,2,3,2,2,11,14,9,7,10,14,6,11,6,7,2,3,3,3,3,7,6,8,5,18,8,5,8,4,7,5,4,7,4,8,12,12,13,8,11
20231004,15,NO2,8,2,5,9,16,9,8,14,7,2,6,7,,,8,,12,13,13,,9,,10,11,,8,12,,12,11,16,9,13,12,18,,1,4,,3,,14,18,11,,3,,16,25,14,11,,6,12,,,4,,3,5,2,4,3,3,7,1,14,11,,13,10,11,8,8,13,,8,14,18,11,13,,,19,16,14,16,9,,6,13,,,9,5,6,9,,8,9,,7,7,7,12,18,,4,10,12,8,16,7,10,4,10,9,11,13,10,5,6,11,5,,5,5,6,5,12,10,7,5,12,9,11,12,8,10,6,11,14,15,12,9,,15,9,18,13,4,9,7,8,10,7,13,11,7,5,,9,7,8,10,8,9,9,10,11,7,10,17,,,,26,19,,27,22,21,,,,11,,10,14,13,16,14,12,11,9,10,,,,2,7,,16,6,7,9,9,,23,,12,11,11,13,5,7,,10,,12,9,,19,16,,17,18,13,,22,16,14,15,14,15,12,,,11,11,10,6,5,5,13,,16,,,16,,7,6,,14,7,10,7,6,5,,15,14,8,8,12,11,13,12,14,13,9,6,8,4,8,18,15,17,,,6,7,5,5,,4,14,14,12,9,,20,11,10,,11,23,20,30,,,17,28,20,18,,,30,25,21,23,30,22,33,38,28,35,33,37,34,31,,16,20,19,20,19,20,17,,16,17,19,8,9,7,12,14,13,13,,8,26,11,,8,7,12,9,14,5,10,8,14,15,14,11,7,7,,15,10,6,21,12,9,15,12,9,13,15,9,,15,9,6,14,12,10,,12,10,10,9,,,10,8,17,10,6,1,10,8,9,11,13,,6,6,16,9,13,8,8,6,,6,12,5,5,6,,12,9,13,27,18,27,18,,,16,34,15,16,27,,10,15,13,17,,,18,3,5,12,3,5,4,9,8,7,7,,10,8,10,9,11,8,8,6,6,6,8,6,26,23,34,29,26,21,23,18,,21,14,25,29,,12,,22,29,,,,,11,,,,11,9,28,32,14,23,24,,6,14,13,16,12,13,16,21,17,17,15,,6,13,13,13,,12,14,13,8,13,9,12,10,12,,8,14,13,7,12,9,15,,19,12,14,6,6,10,9,14,9,,,22,,20,23,20,21,7,,9,11,,,15,15,10,20,,24,17,19,,17,29,18,19,19,8,10,9,5,11,,,,,,,39,,36,10,14,,16,15,16,10,4,7,,4,,,3,,1,2,2,18,18,14,17,9,,6,8,15,9,6,8,7,10,8,9,6,4,4,8,5,5,5,5,5,8,,8,2,8,,6,2,,2,4,8,6,5,,6,6,,,32,35,,,,7,6,4,9,29,13,,9,14,,35,35,,34,,13,16,15,,16,14,8,10,9,,7,14,8,13,9,11,,5,8,6,4,3,5,10,17,11,10,13,9,12,9,7,8,6,8,10,4,13,8,,4,5,4,,,7,6,4,2,5,4,8,5,13,4,12,17,5,,18,10,17,,5,15,17,25,12,,17,24,8,,20,,14,24,16,20,,34,30,,,,28,,35,,33,,,,19,15,16,32,19,,,,36,17,15,20,8,8,,9,21,20,15,10,7,,7,,,1,7,,5,6,4,8,5,9,6,3,4,5,6,6,8,8,8,6,5,2,7,15,10,13,,14,11,19,13,,5,7,6,5,14,12,18,18,,,,,13,7,,9,4,12,8,9,16,9,14,9,9,6,10,5,5,,16,14,,12,,21,,12,21,,22,14,13,18,16,19,19,17,12,20,25,28,22,,,11,6,5,6,9,9,6,8,,17,4,7,7,8,,,20,,,,,23,,,,,,,,,,,,,,,,8,,,,,,,,,,,,,,,,,,,,,,,,,,,,,,,,,,,,,,16,11,10,14,10,13,10,12,18,,,,26,24,31,31,,,10,13,9,9,11,23,,20,23,15,,,10,14,,9,7,41,,44,,13,9,,,7,7,,,5,5,2,,,5,4,3,,12,9,9,9,8,7,6,8,10,6,3,6,4,6,15,,5,7,5,3,,8,9,4,,5,2,9,5,4,4,12,3,8,8,4,7,,,6,5,5,5,5,2,4,11,3,8,3,3,10,5,4,9,2,,,3,9,4,1,10,7,,3,4,8,,7,6,9,,10,9,11,8,4,20,11,,6,10,9,12,10,7,16,17,,19,5,6,12,10,5,,12,,16,,,,15,11,10,8,10,7,,16,,14,20,19,8,3,6,8,,4,8,7,,,3,5,3,,7,5,4,,,9,3,6,4,11,5,8,25,23,24,20,8,11,16,17,,8,19,16,12,14,,5,9,7,10,9,4,10,12,18,,22,17,22,2,12,8,8,9,10,9,7,,45,37,40,,52,42,48,31,,27,31,20,,13,8,17,10,13,,27,23,23,14,14,18,14,,11,11,11,12,21,,10,11,5,12,5,6,17,17,17,15,10,14,,13,12,14,,10,10,,2,3,10,15,,6,12,8,10,16,14,13,10,10,15,9,5,12,13,8,10,8,11,12,10,10,12,12,10,9,14,7,9,10,8,8,4,7,4,5,3,3,7,7,11,4,5,8,5,4,5,6,9,39,10,23,8,4,18,8,3,5,4,3,7,7,8,6,8,8,8,6,8,,7,4,2,5,7,,5,3,9,17,12,8,14,14,13,20,24,24,12,17,36,,,,4,8,,6,14,17,12,14,25,,21,12,6,,,,,,3,7,9,5,12,,4,,2,2,4,6,5,6,,6,4,6,4,,,,,3,5,6,4,4,4,10,,1,4,3,14,6,,6,5,5,,7,7,2,3,,3,7,6,5,6,6,5,4,6,,5,7,,7,12,,4,5,6,,4,,2,,2,3,5,9,7,12,10,13,14,19,9,12,13,7,,,11,,8,7,9,,10,8,11,9,9,9,,9,10,2,13,,,10,4,11,,7,13,11,2,5,5,19,,14,,,26,18,9,13,12,9,6,6,14,,10,8,12,6,14,3,12,16,9,,,16,9,13,5,,5,5,9,3,5,15,8,2,11,14,4,12,19,,61,12,7,11,14,8,12,,13,,17,25,16,6,6,6,6,22,15,8,5,7,18,7,,,9,9,12,8,,11,7,11,2,,18,11,,,24,6,13,5,17,22,26,11,15,12,11,28,17,22,31,,9,26,,7,4,8,7,27,3,6,4,6,31,18,9,6,9,38,,6,8,26,4,26,4,10,8,,2,3,3,9,,2,11,36,18,10,44,6,9,8,35,36,40,8,18,18,10,22,38,8,16,22,18,6,6,15,16,,,12,,7,20,17,3,10,11,,8,14,16,10,10,7,,5,16,,6,15,16,8,14,23,7,,6,11,20,23,20,29,12,8,1,9,10,9,1,13,12,16,4,15,6,5,,5,3,9,19,9,7,15,18,8,10,7,11,12,8,5,2,15,10,6,5,1,12,8,12,5,7,15,19,8,8,16,13,58,37,19,20,11,22,28,3,4,6,12,12,8,11,5,9,15,22,21,8,14,14,13,,16,8,18,28,20,18,6,7,22,,19,10,13,41,2,4,6,,9,7,18,15,1,10,4,13,4,4,6,6,9,8,13,18,19,16,9,13,17,16,6,6,10,2,10,5,11,9,12,3,17,8,6,6,5,14,7,5,,27,18,21,11,10,7,4,4,1,13,18,8,7,11,6,10,15,8,13,4,29,7,8,14,11,14,7,11,16,14,16,13,36,31,38,46,49,22,14,12,5,,9,2,,33,5,15,4,7,17,9,12,16,18,24,3,34,28,11,14,19,7,15,12,,4,9,13,2,13,10,7,8,6,4,5,23,3,8,4,1,6,13,7,10,9,6,1,5,3,2,2,,11,10,12,8,13,12,6,2,8,19,12,19,6,13,9,7,7,17,45,15,17,8,,10,,4,3,1,10,19,14,2,5,9,18,5,5,4,7,10,40,26,53,20,15,34,15,37,14,10,15,20,20,8,22,24,11,10,9,6,4,11,15,18,17,16,10,1,12,9,15,17,10,4,16,18,,8,12,17,12,12,12,5,,24,23,23,4,37,12,24,24,24,30,10,13,17,17,16,,7,2,19,4,12,37,37,,,7,12,4,11,8,6,34,22,16,11,9,39,12,2,2,5,11,5,6,6,8,5,18,43,11,10,14,10,17,3,6,5,6,15,12,15,18,10,9
20231004,15,NO2_24h,20,4,18,16,26,21,22,27,16,6,24,25,,,27,,24,28,30,,26,,32,30,,38,28,,38,30,35,32,31,30,18,,26,36,,36,,28,62,28,,18,,35,49,33,45,42,36,58,,61,14,,17,18,12,29,25,27,28,10,24,26,,26,30,25,25,32,37,,25,45,37,31,54,,,52,60,56,63,43,,19,25,,,20,12,13,14,,14,17,,14,11,12,16,20,,6,17,18,17,20,17,17,15,20,19,15,22,16,14,13,14,9,,14,15,16,8,10,11,10,11,16,15,16,14,8,12,14,14,21,22,16,15,,20,14,18,16,20,24,18,22,20,20,18,22,18,15,,18,14,19,25,14,20,16,17,17,16,16,31,,,,29,24,,35,26,28,,,,18,,23,26,26,28,32,26,18,23,25,,,,17,17,,20,17,15,16,15,,23,30,30,30,34,34,13,18,,14,,26,20,,25,21,,24,22,20,,27,20,18,19,16,15,11,,,13,12,10,15,8,16,18,,19,,,24,,18,15,,10,7,9,8,7,6,,21,19,13,15,18,14,14,14,22,19,15,12,15,10,14,28,17,20,,,7,8,9,7,,13,18,13,9,10,,13,9,10,,10,20,26,33,,31,29,36,26,10,,,22,30,22,24,31,30,27,28,23,32,27,27,31,29,,19,20,17,21,17,23,16,,15,15,16,8,7,7,9,10,10,11,6,5,35,25,,33,43,24,23,31,19,33,11,19,20,21,20,17,21,,14,16,12,27,10,10,12,10,21,26,25,18,,14,32,23,16,13,12,,14,16,12,13,,,21,13,21,24,16,14,14,25,24,36,17,,10,11,16,13,16,18,19,26,,9,19,9,10,8,,20,15,17,25,15,23,21,,,19,30,18,21,25,,16,15,16,17,,,18,8,7,14,5,7,5,11,10,9,7,,17,9,12,13,16,16,16,15,12,9,14,7,26,22,30,23,25,18,23,14,,18,24,24,27,,36,,32,41,,,,,17,,,,35,27,55,52,35,48,37,,15,14,10,12,10,11,14,17,13,16,14,,8,12,10,17,,17,13,16,15,39,21,20,25,34,,12,14,14,14,13,13,18,17,19,16,17,15,14,20,12,15,11,,,39,,32,38,36,28,22,,28,25,,,36,44,39,48,,25,30,28,,40,37,31,46,24,17,16,14,8,26,,,,,,,27,,30,23,22,35,36,27,38,11,8,13,,31,,,6,,3,6,8,14,15,13,13,10,,14,12,12,10,16,8,11,11,11,15,17,14,16,6,5,4,15,11,12,8,,8,10,12,,9,8,,9,10,15,14,5,,22,10,,,32,27,,,,20,17,11,18,30,34,,30,30,,31,35,,33,,64,64,49,,64,22,16,19,18,,12,16,16,22,15,15,,15,17,12,8,10,11,12,22,32,14,14,15,16,21,14,14,11,11,16,13,15,11,,5,6,6,,6,19,24,18,15,20,8,11,7,12,8,22,27,12,,21,11,22,,8,13,15,18,11,,19,17,5,,31,,35,32,19,22,,33,28,,,,24,,31,,31,,,,34,25,21,32,19,,,,27,23,13,20,18,16,,11,17,14,14,13,6,,12,,,3,10,13,6,4,5,11,8,12,8,5,6,9,12,18,20,17,20,20,5,4,9,16,13,15,,22,24,24,22,,9,16,15,8,16,15,13,16,,,,,15,12,,11,5,14,9,12,12,10,12,7,6,5,8,10,9,,17,18,,24,31,30,,27,32,,37,14,13,28,20,25,33,25,28,25,34,30,27,,,13,7,26,21,38,27,12,16,,13,9,43,33,17,,,28,,,,,22,,,,,,,,,,,,,,,,16,,,,,,,,,,,,,,,,,,,,,,,,,,,,,,,,,,,,,,15,19,11,20,24,27,21,21,29,,,,26,28,29,36,,,28,34,29,29,33,42,,51,45,17,,,17,22,,41,40,40,,34,,16,14,,,9,7,,,8,10,9,,,6,5,9,12,12,10,7,13,13,10,8,15,16,16,11,15,10,10,15,10,12,13,14,16,,10,10,5,,7,7,10,14,9,6,12,6,16,20,13,14,,,13,12,10,17,9,9,9,16,4,6,10,6,18,14,15,18,4,,,7,16,10,2,9,7,,3,12,13,,18,18,16,,17,16,21,14,14,22,27,,13,16,23,18,14,12,14,16,,14,6,7,9,15,12,,23,,32,,,,17,13,13,11,21,19,,15,,17,28,23,8,5,7,8,,14,17,16,,,10,12,11,,13,16,11,,,11,4,8,7,9,5,8,24,19,23,18,12,16,16,16,,7,6,9,8,10,,6,12,10,9,12,11,13,15,31,,29,26,16,2,10,8,6,8,14,16,14,,34,31,33,,39,31,38,21,,19,26,30,,27,24,27,20,23,,25,20,19,19,18,16,26,,20,15,16,14,11,,20,14,6,23,6,5,25,30,28,26,17,20,,15,14,14,,11,9,,6,5,10,14,,9,14,14,10,15,15,10,10,9,12,12,8,10,11,12,11,6,12,9,9,10,11,13,11,10,13,8,10,10,9,8,4,6,4,6,3,4,9,7,10,6,5,8,11,28,31,26,30,16,12,14,20,20,19,19,12,11,9,6,10,13,16,13,13,14,12,11,19,,16,11,11,6,7,,8,6,12,11,12,10,14,15,16,15,21,19,12,14,25,,,,7,11,,8,15,23,20,24,23,,22,13,10,,,,,,9,9,13,9,9,,4,,8,4,9,6,7,9,,7,3,6,4,,,,,3,4,6,5,5,7,8,,2,6,6,11,11,,9,9,6,10,8,8,6,7,,5,6,6,7,12,9,5,10,10,,8,12,,8,12,,5,6,10,,7,,10,,2,4,9,10,10,12,38,52,53,49,8,15,14,13,,27,20,,11,11,20,,16,16,27,25,13,11,,13,11,5,16,,,14,13,16,,7,12,13,4,8,9,25,,21,,,25,21,13,15,26,26,38,35,10,,24,15,9,14,21,13,38,43,36,,,33,24,30,6,,17,17,22,13,10,23,22,21,45,37,18,30,42,,42,14,18,18,17,24,18,,26,,33,28,18,7,15,16,9,13,24,15,12,8,21,5,,,25,14,18,21,,27,30,28,7,,26,21,,,38,18,33,11,24,25,27,21,27,18,11,25,15,15,37,,26,22,,11,10,15,13,16,7,8,28,7,32,19,8,8,35,32,30,10,14,54,4,43,11,44,12,,5,4,4,12,,17,26,32,24,16,25,11,15,12,31,27,26,17,28,18,28,30,34,10,27,19,35,8,7,15,18,,,31,19,38,17,31,4,16,19,,16,22,14,18,44,8,27,17,16,,12,33,32,15,20,13,8,22,6,15,20,20,23,26,18,11,13,17,16,14,8,17,12,23,20,22,9,11,24,13,11,24,41,30,32,29,36,12,27,17,9,16,16,16,15,8,15,17,12,7,32,23,33,24,15,13,22,17,17,16,17,40,29,24,22,17,22,25,6,7,8,13,14,13,12,7,13,19,12,15,6,26,16,19,,17,13,15,27,46,26,33,12,31,,34,37,39,28,11,8,9,,15,10,25,33,7,11,6,15,13,7,21,13,17,20,17,22,15,16,15,13,15,37,11,10,15,9,19,12,16,30,23,7,30,23,15,15,14,12,12,14,23,56,23,42,17,15,19,9,6,6,23,13,11,8,9,14,8,17,10,22,27,30,46,12,26,46,16,10,20,22,22,32,19,29,23,35,29,34,28,21,29,13,6,13,3,22,18,9,21,18,14,21,21,17,51,15,37,26,26,33,20,34,39,14,26,34,,27,45,47,54,22,38,16,20,13,14,8,22,15,11,15,4,10,13,12,11,9,5,1,11,6,3,3,,14,11,25,10,17,14,7,6,12,20,16,23,7,24,9,22,15,19,32,31,47,24,,43,37,32,36,38,44,40,23,25,51,32,45,33,30,27,31,37,36,23,36,25,25,39,19,31,18,15,16,22,30,20,22,25,11,13,27,22,32,16,11,34,54,26,18,4,20,9,22,17,21,13,20,18,,14,19,33,35,14,15,11,31,32,38,54,38,28,20,26,29,31,28,13,14,24,24,16,,9,4,12,13,17,33,27,16,,14,25,7,22,18,11,29,29,16,20,17,38,12,24,33,15,13,19,27,18,21,6,23,34,14,10,18,12,13,6,16,6,6,21,40,25,37,14,14
20231004,15,O3,66,61,74,70,67,76,67,69,73,67,56,68,,,86,,84,87,96,,86,,76,84,,80,83,,119,142,127,129,133,137,124,,83,89,,82,,98,102,94,,91,,151,150,153,97,,86,88,,94,87,,85,82,92,78,76,82,79,79,70,77,,77,94,94,92,108,102,,128,126,127,131,84,,,79,86,85,87,90,,76,77,,,87,87,86,87,,74,75,,76,76,75,75,66,,73,87,88,88,79,91,101,93,90,87,96,64,66,70,70,66,71,,68,73,69,64,50,58,54,58,58,60,54,56,59,49,64,105,107,105,105,111,,110,111,92,97,124,120,132,134,123,121,137,132,130,121,,134,136,133,143,129,136,112,111,103,109,111,153,,,,113,127,,129,118,119,,,,137,,131,128,125,130,128,126,133,126,118,,,,130,128,,135,134,139,131,134,,134,130,138,144,133,139,135,144,,139,,153,138,,103,96,,96,97,88,,91,98,100,94,96,98,97,,,93,97,101,94,93,96,85,,95,,,143,,127,126,,101,105,102,106,119,113,,111,112,94,93,89,100,104,99,92,83,93,94,92,94,87,80,85,88,,,134,127,127,122,,164,155,66,73,78,,70,73,77,,74,130,125,115,,131,132,134,139,141,,,166,172,167,173,151,174,38,34,40,34,45,42,33,33,,52,49,46,49,42,54,43,,59,52,29,45,40,44,44,37,42,50,40,29,153,164,,129,128,157,121,156,102,142,111,135,125,151,162,116,99,,151,119,108,122,237,157,222,185,175,173,170,180,,193,141,124,201,191,194,,198,182,135,184,,,128,127,162,119,127,127,112,104,137,133,158,,117,129,120,133,140,121,111,106,,72,69,93,74,33,,22,19,19,14,20,28,23,,,23,11,20,26,24,,53,56,48,49,,,55,50,91,86,75,85,76,73,81,90,81,,62,58,47,48,52,48,69,71,63,68,61,54,47,44,39,41,44,49,35,52,,39,51,46,29,,86,,69,72,,,,,97,,,,92,85,,66,80,72,68,,82,39,46,48,52,40,44,38,34,43,45,,40,50,46,83,,89,81,86,90,83,83,79,81,79,,84,81,85,93,87,84,81,85,85,81,86,86,88,89,150,148,157,,,135,,121,126,117,113,107,,104,140,,,121,128,120,132,,122,129,147,,124,99,120,125,112,91,100,100,108,95,,,,,,,60,,59,147,142,141,133,147,152,92,96,95,,106,,,85,,90,86,89,185,218,198,193,192,,134,136,156,152,141,132,104,107,105,92,83,75,77,130,134,119,90,89,92,117,,107,97,92,,67,80,,107,99,105,109,114,,118,59,,,71,70,,,,86,80,92,85,115,140,,135,135,,38,48,,59,,104,101,107,,104,110,80,77,82,,78,76,75,72,78,74,,78,73,79,75,77,76,76,74,75,79,72,75,82,82,87,82,83,74,73,77,69,72,,45,42,46,,44,75,72,74,74,77,55,47,54,42,51,106,105,104,,115,118,119,,116,69,62,68,57,,75,63,56,,42,,41,25,40,40,,131,122,,,,43,,40,,46,,,,81,81,83,33,42,,,,25,47,52,38,68,70,,48,38,41,45,57,63,,79,,,75,78,,58,73,79,105,101,115,72,83,90,95,132,121,125,122,128,107,66,66,64,53,58,58,,58,59,52,60,,62,72,78,62,22,41,28,25,,,,,59,62,,58,30,34,36,36,24,38,79,76,81,81,81,60,63,,48,50,,83,,61,,68,52,,60,60,87,77,76,79,74,81,84,39,45,38,45,,,79,107,106,103,94,98,92,96,,103,88,100,97,99,,,138,,,,,166,,,,,,,,,,,,,,,,108,,,,,,,,,,,,,,,,,,,,,,,,,,,,,,,,,,,,,,35,83,69,77,84,95,96,94,92,,,,67,72,59,60,,,69,70,78,80,76,94,,92,85,47,,,46,61,,98,90,54,,44,,79,89,,,79,67,,,95,98,80,,,58,59,75,79,117,107,104,81,76,77,77,82,81,70,75,76,74,75,62,74,81,81,78,78,,63,64,77,,75,79,74,78,68,58,62,66,79,83,87,50,,,66,58,59,59,62,71,68,55,95,55,65,56,57,61,62,59,75,,,86,41,37,,36,37,,60,125,124,,127,122,127,,107,116,125,117,110,113,127,,86,94,97,89,92,92,91,91,,78,70,68,51,129,129,,98,,96,,,,80,88,86,76,98,105,,82,,83,85,81,125,116,135,128,,84,85,85,,,83,83,88,,89,84,87,,,140,47,47,46,46,43,43,19,25,24,35,70,74,66,62,,43,51,39,42,38,,75,82,80,77,93,95,86,93,28,,23,27,29,47,51,48,44,48,88,108,104,,77,93,94,,38,65,56,56,,71,70,86,,90,90,91,92,88,,49,55,48,64,79,78,86,,81,78,78,45,35,,49,47,96,78,74,90,79,79,78,79,47,48,,70,72,71,,58,60,,64,38,48,44,,70,66,62,38,37,51,51,57,64,57,58,61,54,58,66,59,55,67,62,65,61,50,61,63,58,50,87,74,84,80,75,54,51,52,60,53,40,71,66,62,71,35,60,57,105,133,127,97,77,91,104,115,119,142,114,107,104,93,89,123,136,124,123,103,109,87,89,92,,126,83,94,63,46,,55,44,36,31,34,51,54,50,51,27,41,48,39,55,38,,,,29,28,,28,27,31,38,34,22,,40,49,35,,,,,,61,58,58,62,27,,44,,56,67,67,65,63,66,,76,76,76,78,,,,,60,59,49,55,72,72,89,,87,53,52,59,69,,45,48,44,,47,52,41,38,,55,49,55,55,55,62,42,64,76,,64,57,,46,49,,53,57,52,,55,,132,,46,46,57,53,56,52,89,81,83,80,56,54,47,86,,101,104,,90,98,96,,95,99,94,97,98,100,,81,75,104,94,,,85,96,89,,109,88,82,56,63,103,65,,70,,,55,77,91,80,118,116,106,99,86,,103,103,103,100,93,110,104,104,102,,,80,85,84,74,,96,92,90,84,82,149,138,147,88,79,85,142,90,,26,71,128,132,100,120,146,,100,,174,132,54,81,61,62,106,50,121,76,71,22,134,31,,,75,86,97,90,,80,90,88,59,,119,132,,,124,124,128,145,119,136,158,158,153,126,72,10,21,12,53,,88,32,,87,82,70,64,83,90,55,108,50,38,62,74,127,78,86,76,112,79,135,69,130,56,110,75,,75,75,71,56,,82,95,7,88,67,33,75,81,77,127,40,35,41,32,52,129,55,47,79,85,86,169,54,47,27,27,,,91,111,106,68,153,125,68,129,,95,85,56,127,98,147,40,88,88,,77,83,90,119,106,53,103,,113,110,105,91,102,84,108,108,78,85,85,82,86,84,132,128,121,140,110,143,,127,92,120,135,115,130,155,168,98,119,118,156,206,152,151,83,95,78,138,101,88,95,83,81,83,110,128,113,128,108,84,83,26,41,90,91,82,29,23,60,67,60,70,28,22,28,34,36,26,17,13,67,48,35,47,,42,68,45,172,137,115,112,114,171,,126,108,112,51,55,64,64,,87,89,78,80,56,65,82,166,125,122,107,102,129,123,113,89,107,114,109,71,84,167,69,74,86,86,139,133,118,127,141,138,134,126,136,141,111,168,124,138,,75,91,74,83,88,110,119,90,88,113,193,133,121,162,96,112,206,87,100,90,142,107,78,84,84,115,93,108,100,103,96,99,28,45,96,62,48,53,86,85,62,,33,48,27,29,72,64,70,60,29,56,52,136,143,118,104,62,77,156,150,147,94,155,120,,146,130,123,106,91,90,97,79,85,54,130,180,79,150,84,100,98,130,104,105,83,43,87,71,66,80,81,,107,85,81,79,68,36,57,49,51,86,93,97,98,125,102,89,84,81,88,138,135,89,,117,94,83,83,77,76,153,154,88,94,93,84,91,89,86,92,88,51,30,18,20,68,98,83,30,25,27,33,128,41,59,51,36,30,102,96,97,99,32,42,82,100,78,90,84,157,106,181,143,132,119,102,79,,121,116,42,48,68,64,64,142,150,128,128,119,60,68,56,37,52,35,49,53,101,106,106,,43,60,134,107,52,33,128,54,,64,71,67,65,87,75,66,124,82,70,105,38,71,90,84,74,75,64,70,87,88,59,112,98,74,52,66,48,92,74,126,59,55,54,109,124,149,82,110
20231004,15,O3_24h,161,148,165,159,161,174,155,164,157,155,145,152,,,152,,142,142,164,,162,,141,151,,142,139,,183,187,180,179,183,182,175,,155,159,,150,,157,153,154,,150,,160,159,158,187,66,175,169,,191,87,,93,94,98,122,126,134,124,126,154,160,,157,141,140,135,155,144,,168,167,179,168,144,,,162,144,143,143,102,,93,87,,,101,100,103,106,,141,135,,145,140,144,144,143,,142,152,153,156,146,155,174,165,151,149,151,124,131,133,133,137,137,,126,139,133,82,63,75,69,73,67,76,70,73,77,60,72,105,107,105,105,111,,110,114,95,100,124,120,132,134,123,121,137,132,130,266,,134,136,133,143,129,136,122,112,104,118,112,153,,,,115,128,,130,128,128,,,,137,,131,128,125,133,128,126,133,129,126,,,,138,128,,137,134,139,131,134,,134,130,140,144,134,139,135,144,,139,,153,138,,118,96,,120,97,88,,91,100,128,94,127,165,130,,,133,134,146,136,132,136,123,,115,,,143,,127,126,,125,124,121,116,127,121,,166,172,147,150,146,100,108,100,92,83,93,94,92,94,87,80,85,95,,,137,137,134,125,,164,166,92,98,103,,93,104,107,,100,141,136,129,,142,140,144,143,141,,,166,172,167,173,170,174,136,138,144,134,134,144,132,129,,60,54,60,62,63,57,65,,70,71,36,48,47,48,45,45,44,50,45,31,175,200,,198,205,224,160,183,138,151,149,186,180,163,183,116,136,,151,127,115,206,237,158,241,207,214,188,170,195,,193,194,169,202,209,197,,198,182,138,184,,,188,201,188,124,130,144,125,133,154,163,158,,125,129,133,133,140,123,111,108,,75,79,98,78,42,,36,22,54,31,35,56,39,,,27,45,39,34,88,,84,89,86,73,,,89,110,93,92,81,85,82,75,82,93,85,,68,66,70,72,73,70,74,75,69,75,71,71,92,88,102,82,82,83,91,89,,105,100,83,92,,86,,74,75,,,,,148,,,,162,151,119,99,131,132,110,,99,39,47,53,55,44,46,39,42,44,45,,42,50,53,117,,133,117,132,135,115,116,127,122,119,,156,165,163,114,112,108,107,172,170,178,170,154,181,169,169,167,165,,,144,,125,135,127,127,152,,147,148,,,154,165,155,147,,141,134,154,,133,139,138,144,138,144,150,151,151,139,,,,,,,143,,145,147,142,141,138,147,152,158,147,146,,188,,,111,,114,100,127,188,218,208,193,192,,134,136,156,157,141,132,104,107,106,94,103,87,110,130,134,119,91,89,93,127,,120,168,155,,159,169,,129,126,128,133,116,,121,60,,,147,144,,,,114,114,120,103,182,178,,171,195,,140,146,,157,,149,147,150,,150,149,91,83,89,,146,142,136,138,140,139,,139,140,144,144,140,140,124,118,113,127,115,111,155,166,164,150,158,134,133,130,129,136,,63,63,63,,63,75,73,75,74,77,68,68,73,78,81,106,105,104,,115,118,119,,116,80,71,76,74,,87,77,98,,122,,124,118,121,123,,175,169,,,,131,,137,,135,,,,145,142,133,92,93,,,,47,51,57,48,71,70,,55,48,49,48,57,68,,79,,,76,78,48,65,78,83,105,112,115,78,83,90,95,133,122,128,123,128,111,76,83,85,79,89,81,,64,65,62,60,,66,82,78,63,64,84,74,66,,,,,86,84,,84,59,62,59,61,61,58,86,91,96,96,84,81,84,,78,86,,83,76,85,,88,94,,89,68,91,82,81,86,79,81,84,116,112,112,106,,,126,119,164,148,153,161,92,96,,123,88,107,106,111,,,138,,,,,170,,,,,,,,,,,,,,,,161,,,,,,,,,,,,,,,,,,,,,,,,,,,,,,,,,,,,,,44,83,76,78,84,117,118,118,118,,,,133,136,135,134,,,124,119,125,123,123,165,,168,165,105,,,102,122,,147,140,93,,94,,140,146,,,94,68,,,134,131,117,,,81,84,80,84,129,126,121,139,130,133,126,136,148,127,137,145,132,145,128,141,136,139,126,130,,134,129,155,,98,102,104,98,138,131,109,110,93,92,101,75,,,80,73,73,73,79,73,80,68,101,74,69,68,69,61,76,68,83,,,92,75,73,,84,86,,77,125,124,,127,122,127,,114,116,125,118,259,113,127,,86,94,97,89,92,92,91,91,,85,95,89,52,129,129,,99,,97,,,,87,90,91,81,112,111,,82,,83,85,81,132,129,137,132,,91,91,93,,,95,96,101,,96,92,92,,,140,70,60,60,52,57,58,40,42,47,44,104,106,120,106,,114,116,117,115,113,,80,84,80,85,106,111,103,109,77,,69,77,83,97,110,105,107,114,114,137,130,,160,150,153,,144,138,136,127,,141,146,131,,129,147,148,143,143,,124,149,122,134,112,114,116,,114,115,111,49,39,,50,50,96,90,87,100,87,90,95,86,47,48,,98,93,96,,78,79,,64,42,54,54,,90,85,81,43,39,52,63,59,65,65,60,61,59,62,66,66,55,67,62,65,61,93,98,97,96,90,108,88,101,98,83,56,59,53,60,53,42,71,66,62,71,42,62,59,140,157,127,116,91,91,104,115,119,142,131,131,124,112,95,130,141,138,131,103,110,88,99,97,,132,100,118,77,73,,73,76,60,64,71,70,74,65,70,90,90,102,91,105,99,,,,43,44,,39,36,34,40,36,32,,60,69,53,,,,,,82,83,86,86,28,,44,,60,68,68,65,63,69,,96,98,95,98,,,,,107,69,74,75,73,72,89,,87,53,54,74,80,,52,50,47,25,47,52,41,38,,57,58,65,62,66,82,44,64,76,,64,57,,57,60,,58,59,53,,69,,132,,46,47,75,68,74,67,132,122,117,119,59,59,56,86,,116,104,,90,98,112,,127,133,94,97,114,121,,82,82,107,99,,,85,98,91,,111,88,87,56,63,103,147,,143,,,107,82,94,88,124,121,117,110,87,,112,103,103,100,101,110,106,105,102,,,89,87,87,74,,96,116,114,87,82,149,172,198,159,147,146,185,168,,100,137,128,132,136,120,146,,101,,174,154,84,92,64,62,116,59,126,143,140,36,134,51,,,158,161,126,152,,143,156,142,60,,122,132,,,161,126,138,145,124,136,172,162,153,126,98,32,44,64,142,,145,139,,121,172,88,82,107,112,85,191,55,95,80,109,127,146,137,81,159,96,140,69,136,64,146,88,,78,77,72,64,,86,151,24,132,82,100,76,81,77,161,140,103,41,79,63,129,74,140,128,126,86,169,73,55,61,55,,,94,117,151,86,153,125,69,129,,110,150,101,127,147,152,133,160,88,,152,92,90,120,108,57,114,85,113,110,122,101,102,98,108,108,128,122,131,143,116,99,132,140,121,140,119,143,79,127,120,167,175,168,236,215,211,133,185,172,156,210,170,158,110,113,157,189,134,115,141,167,147,147,110,128,115,128,114,84,83,140,147,137,141,116,127,133,73,76,76,84,39,37,42,34,70,50,30,31,67,48,39,75,,84,83,103,172,171,133,178,153,176,,135,153,156,131,66,83,82,,160,93,87,90,56,65,82,166,130,122,107,118,137,123,143,112,123,129,126,79,110,172,142,148,129,117,139,133,118,127,147,138,134,132,136,141,119,180,124,138,66,133,110,116,92,122,134,170,107,115,113,193,138,121,162,135,128,206,151,174,174,162,155,152,166,144,122,93,108,100,103,100,99,138,144,143,139,143,146,144,135,68,88,33,51,71,53,139,84,77,93,81,82,94,144,149,132,160,156,126,156,150,147,162,159,170,,154,156,159,147,140,146,99,146,85,79,130,180,146,162,155,101,111,130,104,109,105,65,87,71,86,80,81,,107,85,81,94,73,36,67,61,65,108,114,125,138,125,119,113,113,128,213,207,135,120,,193,157,154,150,140,156,165,157,177,176,182,199,196,191,188,187,184,146,119,124,118,140,164,138,96,29,55,42,142,113,86,82,108,53,102,120,114,117,61,73,156,149,134,141,109,178,142,214,201,201,126,102,80,,121,120,120,128,84,86,86,148,166,142,153,158,148,139,103,87,89,51,49,53,101,130,174,,63,70,162,107,106,136,167,110,,163,174,147,162,118,75,155,138,116,76,134,142,103,158,152,123,165,154,147,106,100,79,116,168,91,70,80,73,139,147,126,62,59,70,182,138,174,160,112
20231004,15,O3_8h,50,48,61,54,53,54,43,57,58,45,47,46,,,71,,72,73,76,,76,,66,70,,66,64,,64,87,66,74,78,77,114,,74,72,,67,,75,72,72,,70,,81,89,85,69,,59,57,,66,67,,67,65,72,64,58,62,61,65,55,59,,60,77,73,72,58,58,,90,83,89,92,59,,,61,58,53,58,51,,63,60,,,71,73,68,71,,67,68,,66,70,68,68,63,,69,78,76,78,70,82,89,82,78,80,89,58,59,63,65,58,64,,60,65,63,60,49,55,50,56,55,56,51,55,58,51,58,93,93,92,93,99,,97,101,86,90,87,85,92,84,82,81,98,93,88,105,,95,100,97,99,97,102,105,100,92,102,95,105,,,,76,86,,89,85,87,,,,98,,91,87,99,92,94,90,88,91,91,,,,93,100,,99,97,102,104,106,,106,107,107,104,102,102,114,120,,115,,104,109,,77,66,,75,74,65,,69,76,74,64,89,90,91,,,85,86,94,91,97,103,88,,72,,,95,,88,84,,94,97,92,95,104,98,,78,82,74,78,75,89,92,78,73,63,75,77,76,77,67,59,68,72,,,109,102,103,104,,118,116,51,60,63,,56,56,68,,56,107,106,103,,109,109,116,121,110,,,126,123,115,125,127,122,26,28,27,27,25,26,26,18,,38,37,40,35,34,41,38,,50,44,27,37,36,40,37,36,40,37,38,23,81,84,,84,90,107,89,84,62,85,84,99,87,96,98,87,81,,99,86,88,105,152,110,138,124,105,91,86,103,,115,89,83,136,151,127,,103,105,99,108,,,92,95,93,85,91,94,88,80,81,75,90,,85,85,91,83,79,80,74,75,,62,59,76,64,18,,11,10,17,8,8,25,18,,,16,12,9,16,13,,30,31,32,30,,,37,51,82,81,72,76,76,69,72,86,78,,42,38,35,32,36,35,49,48,43,50,41,40,40,36,32,39,31,43,29,53,,32,35,38,26,,78,,68,62,,,,,83,,,,72,66,20,34,34,31,39,,48,31,39,45,42,36,34,31,32,34,35,,31,40,41,72,,77,71,74,76,61,67,56,57,62,,71,68,72,86,80,75,76,80,75,71,76,76,80,79,116,116,125,,,103,,97,98,93,91,78,,74,98,,,98,108,95,101,,110,100,113,,101,97,97,98,100,108,112,109,115,98,,,,,,,49,,50,96,99,94,99,108,106,125,118,113,,122,,,71,,72,67,76,118,138,137,110,119,,84,92,96,92,86,85,76,81,78,65,73,64,70,85,84,75,73,72,75,86,,84,82,79,,59,74,,89,81,86,99,80,,76,36,,,58,60,,,,66,60,72,66,47,50,,51,51,,18,28,,38,,62,53,52,,54,101,68,64,72,,67,68,66,64,67,64,,69,65,70,66,65,65,64,64,61,66,61,62,75,75,77,75,75,67,64,67,67,64,,46,45,46,,45,68,65,67,66,69,52,41,49,40,47,65,62,67,,66,74,72,,70,60,56,65,54,,59,60,61,,27,,20,18,26,28,,54,52,,,,27,,26,,22,,,,39,34,53,22,26,,,,16,25,29,18,52,53,,37,34,36,37,49,56,,58,,,61,55,,43,69,67,78,77,85,56,66,82,66,95,88,88,86,89,82,65,64,53,42,45,43,,28,31,34,31,,48,49,53,42,28,31,21,20,,,,,44,47,,45,24,21,26,26,21,27,52,48,46,51,53,36,38,,34,39,,38,21,25,,28,23,,20,40,60,49,48,52,46,50,53,29,29,27,32,,,68,96,80,75,64,75,54,46,,64,50,57,54,81,,,111,,,,,137,,,,,,,,,,,,,,,,115,,,,,,,,,,,,,,,,,,,,,,,,,,,,,,,,,,,,,,32,65,46,58,63,64,60,65,60,,,,41,43,43,40,,,35,45,64,54,48,58,,60,56,47,,,39,36,,59,59,29,,26,,67,72,,,72,62,,,79,78,73,,,62,64,71,77,102,97,100,73,69,70,70,74,71,60,65,66,66,70,59,68,74,77,71,69,,55,60,71,,70,70,63,61,65,61,70,72,54,50,57,52,,,69,59,55,56,66,68,66,51,94,60,65,50,59,57,58,56,70,,,87,45,34,,45,45,,54,96,98,,88,96,102,,82,82,88,83,114,79,96,,54,58,54,59,59,56,60,65,,63,55,52,33,94,98,,83,,78,,,,57,60,59,53,74,75,,51,,50,51,43,106,104,116,116,,64,66,64,,,74,73,70,,68,69,64,,,105,38,40,39,39,36,30,15,20,18,24,49,50,52,50,,32,32,29,29,26,,75,78,77,78,70,69,67,69,14,,18,19,19,47,49,46,44,47,64,82,80,,53,53,59,,31,38,33,64,,62,52,49,,45,62,67,64,68,,43,40,38,41,47,59,65,,66,60,65,35,31,,29,35,76,42,42,48,62,62,64,70,36,34,,41,51,41,,44,46,,49,30,35,35,,53,47,46,31,32,38,36,38,44,39,35,40,46,46,49,45,38,44,45,44,43,30,33,34,32,32,59,56,58,56,58,48,49,48,56,47,29,56,46,52,51,36,50,48,81,102,83,72,59,53,65,75,79,78,86,89,80,77,67,96,93,84,84,79,86,66,72,67,,86,70,84,66,51,,56,34,30,26,26,35,38,32,36,24,33,40,35,33,29,,,,24,23,,23,25,20,23,21,20,,33,38,28,,,,,,44,41,40,47,14,,26,,41,52,51,49,51,49,,52,57,53,63,,,,,65,62,50,50,66,66,48,,78,40,38,54,58,,39,40,33,,31,31,34,30,,52,51,58,56,37,44,36,46,35,,34,29,,40,36,,40,40,38,,43,,95,,34,34,57,46,51,50,48,40,45,43,39,29,28,53,,99,96,,53,57,73,,61,59,73,72,88,88,,74,76,99,93,,,80,91,70,,99,72,74,53,44,87,56,,51,,,33,62,73,70,80,67,53,46,67,,58,55,51,58,58,88,50,53,54,,,38,42,38,39,,67,52,55,49,54,86,49,86,76,69,71,86,61,,23,66,92,98,90,80,96,,88,,137,96,32,58,37,37,94,36,87,66,65,18,82,35,,,58,75,77,80,,64,69,72,49,,82,107,,,103,95,93,120,84,93,116,112,100,92,55,7,19,13,23,,73,40,,76,75,43,42,95,80,60,124,52,24,42,56,110,67,35,74,120,73,95,65,94,38,72,68,,71,71,67,42,,64,74,6,52,35,28,57,59,56,55,32,31,26,20,41,95,36,27,67,51,60,122,37,39,21,26,,,85,81,65,61,107,100,53,92,,68,36,46,93,62,109,28,80,56,,73,76,81,118,105,40,92,,101,93,91,86,89,78,92,99,54,66,74,72,76,73,94,98,98,96,107,120,47,108,75,90,78,83,99,96,113,68,85,94,109,112,85,99,84,75,62,97,97,69,72,70,67,72,68,90,76,94,86,55,58,25,30,45,48,59,27,24,64,69,63,70,22,19,22,30,18,22,19,10,59,36,26,25,,24,44,32,122,94,101,119,112,132,,104,77,86,46,39,40,39,,74,71,50,54,48,44,59,90,90,89,67,82,91,80,85,71,87,86,84,62,74,129,60,61,74,74,87,82,74,92,103,96,94,92,94,103,101,125,101,114,,40,64,45,54,65,82,110,72,66,80,133,104,85,98,78,92,136,82,61,76,84,59,74,71,69,91,68,63,78,86,83,55,20,33,53,33,25,41,64,57,61,49,17,41,16,21,67,36,42,30,23,35,27,87,131,92,114,56,52,110,106,98,120,119,92,,108,98,99,97,68,66,80,56,58,38,112,117,80,121,72,79,68,82,81,74,42,42,77,57,64,62,58,,93,51,62,67,56,22,38,38,33,60,76,76,101,84,96,67,62,61,42,65,62,62,,88,56,60,67,66,53,84,97,66,59,66,62,67,61,60,69,63,42,22,17,21,58,61,38,25,14,20,18,105,24,33,39,34,26,63,49,71,66,24,49,63,47,46,74,70,102,98,100,108,99,80,92,74,,72,87,28,24,68,40,46,122,112,90,94,115,56,47,36,28,17,17,36,36,73,81,81,,43,54,122,88,40,20,58,46,,48,56,61,54,68,37,48,106,70,71,80,15,56,73,74,51,60,44,55,70,72,53,88,60,68,50,60,52,87,70,101,43,46,30,124,100,122,70,103
20231004,15,O3_8h_24h,50,51,61,54,53,54,43,57,83,68,47,46,,,71,,83,74,76,,80,,70,70,,66,64,,64,87,66,74,78,77,137,,74,72,,76,,93,72,100,,90,,81,89,85,69,76,59,57,,66,67,,67,65,72,64,58,62,61,74,55,59,,71,77,73,72,65,58,,90,83,89,92,59,,,61,58,53,58,51,,63,60,,,72,73,68,71,,85,77,,77,78,74,81,74,,95,138,139,137,133,147,143,154,118,122,133,58,59,63,65,60,64,,60,65,63,69,60,58,62,66,64,68,62,65,59,59,65,93,93,92,97,99,,97,101,86,90,87,85,92,84,82,81,98,93,88,105,,95,100,97,99,97,102,105,100,92,102,95,105,,,,76,86,,89,85,87,,,,98,,91,87,99,92,94,90,88,91,91,,,,93,100,,99,97,102,104,106,,106,107,107,104,102,102,114,120,,115,,104,109,,77,66,,75,74,65,,69,76,74,64,89,91,91,,,85,86,96,94,101,103,88,,83,,,95,,88,84,,94,97,93,95,104,98,,86,86,82,88,75,89,92,78,73,63,75,77,76,77,67,59,68,72,,,109,103,103,107,,118,116,52,60,65,,56,60,68,,59,135,106,103,,109,109,116,121,110,,,126,123,115,125,127,122,77,76,86,79,75,79,80,82,,58,51,58,57,63,50,60,,68,58,32,42,42,40,37,41,41,37,41,28,81,84,,84,90,107,89,84,62,85,107,99,87,96,98,87,81,,99,86,88,105,152,110,138,124,105,91,86,103,,115,89,83,136,151,127,,103,105,99,108,,,92,95,93,85,91,94,88,80,81,75,90,,85,85,91,83,79,80,74,75,,62,59,76,64,33,,11,10,17,8,9,26,18,,,16,15,17,16,13,,51,42,40,36,,,46,75,82,82,74,76,76,70,73,88,78,,42,41,35,32,36,35,52,55,57,50,58,54,40,36,32,39,31,43,29,53,,44,35,38,26,,78,,68,62,,,,,87,,,,72,66,82,34,73,81,82,,62,31,40,45,42,36,36,31,32,34,35,,31,40,41,72,,77,71,74,76,61,67,56,57,62,,135,148,137,86,80,75,78,99,113,84,76,77,86,85,116,116,125,,,103,,97,98,93,91,86,,76,98,,,98,108,95,101,,110,100,113,,101,97,97,98,100,108,112,116,115,98,,,,,,,73,,50,96,99,94,99,108,106,131,121,116,,124,,,71,,73,67,76,126,138,137,130,124,,84,92,96,92,86,85,76,81,78,65,73,64,70,106,107,98,73,72,75,86,,84,82,79,,116,123,,110,120,113,103,80,,76,36,,,58,69,,,,66,60,73,66,75,60,,70,70,,42,35,,46,,62,53,52,,54,128,69,65,72,,125,118,130,116,111,124,,93,96,96,90,96,79,122,70,85,123,104,96,75,75,77,75,75,76,76,75,67,75,,49,54,53,,53,74,71,69,71,69,52,54,52,59,58,65,62,67,,66,74,72,,70,80,68,74,72,,86,77,94,,54,,20,20,45,40,,56,52,,,,59,,58,,28,,,,62,61,64,22,26,,,,16,25,29,18,52,53,,53,42,45,40,49,56,,58,,,61,55,50,43,76,68,78,77,85,56,66,82,66,95,88,88,86,89,82,65,64,53,44,48,43,,54,58,58,52,,48,49,53,42,28,31,28,21,,,,,44,47,,45,33,26,32,30,29,30,52,48,46,51,53,39,44,,34,39,,38,21,28,,28,23,,20,40,60,49,48,52,46,50,53,36,35,40,36,,,103,98,80,75,66,75,86,93,,76,75,57,54,81,,,111,,,,,137,,,,,,,,,,,,,,,,115,,,,,,,,,,,,,,,,,,,,,,,,,,,,,,,,,,,,,,32,65,52,58,63,64,67,65,60,,,,54,43,46,46,,,36,45,64,54,48,58,,60,56,50,,,50,36,,59,59,29,,26,,87,90,,,72,62,,,79,78,73,,,65,68,71,77,102,97,100,73,69,70,70,74,111,92,106,94,70,72,67,68,74,77,71,69,,55,60,78,,97,102,82,94,65,61,70,72,54,59,57,72,,,78,59,55,56,66,68,80,60,101,62,65,59,65,58,69,62,73,,,87,74,68,,62,62,,60,96,98,,88,96,102,,82,82,88,83,114,79,96,,54,58,54,59,59,56,60,65,,63,55,52,33,94,98,,83,,78,,,,57,60,59,53,74,75,,51,,52,51,47,106,104,116,116,,64,66,64,,,74,73,70,,68,69,64,,,105,38,40,39,39,36,30,15,20,18,24,59,55,66,59,,39,37,34,35,34,,75,78,77,78,83,85,80,82,14,,18,19,20,47,53,50,46,50,64,82,80,,58,71,73,,46,60,55,84,,74,71,65,,56,62,67,64,68,,69,70,63,62,62,61,65,,66,60,65,35,31,,29,35,76,42,42,48,62,62,64,70,36,34,,54,66,60,,52,51,,49,35,40,45,,53,47,46,34,36,38,36,38,44,39,35,44,58,55,53,52,38,47,46,44,46,40,39,42,39,37,59,56,58,56,58,56,59,48,56,51,29,56,46,52,51,36,50,48,81,102,83,72,59,53,65,75,79,78,86,89,80,77,67,96,93,84,84,79,86,66,72,67,,86,70,84,68,72,,73,34,33,36,33,42,47,42,44,49,50,57,50,33,47,,,,25,26,,23,31,30,32,26,28,,42,38,28,,,,,,54,56,51,54,14,,26,,41,52,51,49,51,49,,62,63,61,63,,,,,75,64,50,50,66,66,48,,78,40,38,54,58,,39,42,33,23,31,31,34,31,,52,53,58,56,37,44,36,46,35,,34,29,,40,36,,46,47,48,,49,,95,,46,44,57,67,71,64,48,40,45,43,39,29,28,53,,100,96,,62,70,87,,81,81,73,72,96,100,,74,76,99,93,,,80,91,70,,99,72,74,53,44,87,56,,51,,,44,62,73,70,80,67,53,46,67,,79,55,51,77,70,88,50,53,54,,,38,42,38,39,,83,53,57,68,54,86,89,86,76,70,72,86,61,,23,66,92,98,90,80,96,,88,,137,96,45,58,37,37,99,36,87,74,76,20,82,38,,,71,86,77,85,,64,69,72,49,,82,107,,,103,95,93,120,84,93,116,112,100,92,68,12,24,14,32,,73,62,,76,131,43,48,95,80,67,124,55,26,42,60,110,67,54,74,120,73,95,65,94,38,72,68,,71,71,67,53,,64,101,6,69,39,50,57,59,56,55,76,51,26,20,54,95,36,27,103,51,60,122,37,39,21,26,,,85,81,65,86,107,102,53,92,,91,62,58,93,62,109,68,98,56,,73,76,81,118,105,40,92,82,101,93,91,88,89,78,92,99,54,66,74,83,76,73,94,98,98,96,107,120,47,108,75,90,78,83,99,96,113,68,85,94,109,112,85,99,84,75,72,97,108,69,72,76,67,72,68,90,76,94,86,55,58,38,67,75,63,59,27,62,65,70,65,72,22,21,22,30,22,31,21,19,59,36,38,45,,41,48,51,122,94,101,119,112,132,,104,77,86,46,39,46,39,,132,71,50,54,48,44,62,90,90,89,67,82,91,80,96,71,87,86,84,63,74,129,75,71,74,74,87,82,74,92,103,96,94,92,94,103,101,125,101,114,70,82,76,84,72,65,82,141,72,66,80,133,104,85,98,78,92,136,82,61,76,84,59,112,71,69,91,68,63,78,86,83,55,77,85,55,64,67,86,69,57,61,60,17,41,22,21,67,39,42,39,33,35,38,87,131,92,114,59,55,110,106,98,120,119,92,,108,98,99,97,68,66,80,56,58,38,112,117,80,121,91,79,68,82,81,74,42,44,77,57,64,62,58,,93,51,62,68,56,22,38,38,33,60,76,76,101,84,96,67,62,67,84,65,62,62,,88,56,60,67,66,61,84,112,72,59,66,62,67,61,65,69,63,54,55,54,21,58,61,70,25,14,20,20,105,24,33,39,34,27,100,78,71,66,24,73,63,47,46,89,70,102,125,100,108,99,80,92,74,,72,87,30,24,71,49,46,122,112,90,94,115,81,47,50,28,17,17,37,36,73,81,88,,47,62,122,88,64,20,74,62,,58,56,61,54,68,37,71,106,70,71,80,22,59,92,74,51,86,44,55,70,72,53,88,60,68,66,60,67,93,70,101,43,54,60,124,100,122,136,103
20231004,15,CO,0.2,0.2,0.1,0.2,0.1,,0.3,0.2,0.2,0.2,0.2,0.4,,,0.2,,0.2,0.3,0.3,,0.3,,0.2,0.3,,0.3,0.5,,0.4,0.5,0.5,0.4,0.6,0.4,0.9,,0.4,0.3,,0.2,,,0.2,0.3,,,,1,0.8,0.8,0.5,,,0.3,,0.2,0.3,,0.1,0.1,0.1,0.1,0.2,0.2,0.2,0.2,0.2,0.2,,0.2,0.3,0.4,0.1,0.6,0.1,,0.7,0.5,0.5,0.7,0.4,,,0.8,0.5,0.4,0.4,0.3,,0.4,0.4,,,0.2,0.4,0.3,0.3,,0.4,0.4,,0.3,0.3,0.4,0.4,0.3,,0.3,0.3,0.4,0.4,0.3,0.3,0.5,0.3,0.4,0.3,0.3,0.2,0.3,0.2,0.2,0.2,0.1,,0.3,0.3,0.4,0.2,0.3,0.4,0.4,0.4,0.4,0.5,0.3,0.2,0.4,0.5,0.3,0.5,0.5,0.4,0.6,0.5,,0.4,0.5,0.5,0.6,0.3,0.6,0.1,0.5,0.3,0.3,0.7,0.3,0.5,0.8,,0.7,0.8,0.6,0.7,0.7,0.8,0.2,0.5,0.5,0.4,0.5,0.8,,,,0.6,0.7,,0.4,0.6,0.6,,,,0.3,,0.9,0.7,0.9,1,0.7,0.9,1.1,0.6,0.3,,,,0.5,0.5,,0.4,0.3,0.3,0.5,0.4,,0.2,0.7,0.6,0.7,0.7,0.7,0.4,0.5,,0.4,,0.6,0.7,,0.4,0.5,,0.4,0.5,0.4,,0.5,0.5,0.6,0.6,0.5,0.5,0.5,,,0.5,0.6,0.5,0.5,0.4,0.4,0.4,,0.5,,,0.6,,0.5,0.5,,0.4,0.5,0.6,0.9,0.4,0.3,,0.5,0.5,0.4,0.5,0.6,0.4,0.4,0.4,0.6,0.4,0.5,0.3,0.6,0.3,0.6,0.6,0.5,0.6,,,0.4,0.4,0.5,0.5,,0.4,0.5,0.7,0.7,0.6,,0.6,0.6,0.5,,0.7,0.5,0.5,0.6,,0.4,0.5,0.4,0.5,0.6,,,0.8,0.8,1.2,0.6,0.6,0.8,1.1,1.1,0.4,0.9,0.9,1.1,0.9,1,,0.6,0.6,0.5,0.6,0.5,0.5,0.5,,0.5,0.7,0.5,0.6,0.7,0.6,1.2,0.6,0.7,0.5,0.8,0.4,0.9,0.8,,0.6,0.6,0.8,0.8,0.7,0.7,0.7,0.6,0.9,0.5,1,0.7,0.9,0.5,,0.6,0.8,0.9,0.9,0.8,0.6,0.6,0.8,0.7,0.5,0.6,0.9,,0.7,0.7,0.6,0.5,0.7,0.5,,0.6,0.6,0.7,0.7,,,0.9,0.8,1,0.7,0.8,0.9,0.8,0.7,0.6,0.7,0.6,,0.5,0.5,0.6,0.7,0.4,,0.5,0.6,,2.2,0.4,0.3,0.2,0.3,,0.7,1,0.8,0.7,0.8,0.9,0.8,,,0.9,1,0.8,0.9,0.9,,0.5,0.6,0.5,0.6,,,0.6,0.8,0.4,0.2,0.5,0.4,0.5,0.2,0.3,0.4,0.3,,0.5,0.5,0.6,0.7,0.5,0.6,0.3,0.1,0.2,0.2,0.2,0.2,0.7,0.7,0.9,0.8,0.7,0.7,0.6,0.7,,0.7,0.2,0.8,0.7,,0.3,,0.6,0.6,,,,,0.3,,,,0.4,0.3,0.5,0.4,1,0.5,0.4,,0.4,0.6,0.7,0.7,0.5,0.8,0.7,0.8,0.7,0.6,0.7,,0.5,0.9,0.5,0.5,,0.5,0.7,0.6,0.4,0.5,0.3,0.5,0.5,0.4,,0.4,0.6,0.3,0.5,0.6,0.5,0.5,0.2,0.2,0.2,0.1,0.3,0.1,0.5,0.8,0.7,0.6,,,0.6,,0.4,0.5,0.7,0.7,0.3,,0.3,0.7,,,0.6,0.8,0.8,0.5,,0.4,0.4,0.5,,0.3,0.5,0.5,0.5,0.7,0.5,0.2,0.5,0.4,0.2,,,,,,,0.5,,0.6,0.4,0.6,0.5,0.7,0.5,0.6,0.4,0.3,0.4,,0.2,,,0.6,,0.7,0.7,0.5,0.9,1.1,0.7,0.6,0.9,,0.7,0.7,0.8,0.7,0.7,0.6,0.6,0.8,0.6,0.6,0.6,0.7,0.6,1.1,0.9,0.8,0.7,0.7,0.8,0.9,,0.7,0.7,0.8,,0.2,0.6,,0.6,0.6,0.8,0.6,0.9,,0.6,0.8,,,0.5,0.4,,,,0.3,0.2,0.3,0.3,1.6,1.1,,0.7,0.9,,1.4,1.4,,1.5,,0.4,0.5,0.5,,0.6,0.5,0.2,0.3,0.3,,0.4,0.6,0.4,0.8,0.4,0.5,,0.3,0.5,0.3,0.3,0.3,0.1,0.5,0.4,0.7,0.5,0.4,0.5,0.4,0.4,0.5,0.6,0.4,0.4,0.4,0.4,0.4,0.4,,0.2,0.1,0.3,,,0.3,0.2,0.2,0.4,0.3,0.3,0.3,0.3,0.2,0.3,0.5,0.7,0.6,,0.4,0.7,0.7,,0.6,0.8,0.9,0.9,0.7,,0.6,1,0.7,,1,,0.9,1,1,1.1,,1.2,1.1,,,,0.9,,0.8,,1.1,,,,0.7,0.8,0.6,0.9,0.7,,,,0.8,0.7,0.7,0.5,0.8,0.7,,0.8,0.7,0.8,0.7,0.5,0.7,,0.6,,,0.5,0.5,,0.6,0.7,0.8,0.7,0.9,0.6,0.5,0.6,0.5,0.6,0.5,0.6,0.4,0.8,0.6,0.4,0.3,0.4,0.7,0.7,0.7,0.7,,0.7,0.8,0.8,0.6,,0.5,0.7,0.5,0.5,0.4,0.5,0.6,0.6,,,,,0.5,0.6,,0.5,0.5,0.5,0.4,0.3,0.4,0.4,0.7,0.7,0.5,0.5,0.8,0.7,0.5,,0.8,0.4,,0.5,,0.5,,0.4,0.5,,0.5,0.4,0.6,0.5,0.5,0.5,0.5,0.5,0.4,0.8,0.7,0.8,0.7,,,0.6,0.2,0.5,0.2,0.3,0.2,0.2,0.2,,0.4,0.2,0.4,0.3,0.3,,,0.6,,,,,0.7,,,,,,,,,,,,,,,,0.6,,,,,,,,,,,,,,,,,,,,,,,,,,,,,,,,,,,,,,0.9,0.7,,0.8,0.9,0.4,0.4,0.4,0.3,,,,1.3,1,1.2,1,,,0.4,0.5,0.5,0.4,0.5,0.4,,0.4,0.5,1.1,,,1.1,0.8,,0.3,0.3,1,,0.9,,0.3,0.2,,,0.4,0.2,,,0.4,0.4,0.2,,,0.2,0.3,0.2,0.2,0.8,0.5,0.5,0.4,0.2,0.3,0.4,0.3,0.4,0.3,0.5,0.4,0.3,0.2,0.3,0.4,0.3,0.3,0.5,0.4,,0.3,1.6,0.4,,0.3,0.3,0.5,0.5,0.3,0.4,0.3,0.3,0.4,0.4,0.4,0.1,,,0.1,0.2,0.3,0.3,0.2,0.1,0.2,0.1,0.1,0.3,0.3,0.2,0.4,0.5,0.2,0.4,0.1,,,0.6,0.2,0.3,,0.3,0.4,,0.1,0.3,0.3,,0.3,0.3,0.4,,0.2,0.2,0.2,0.1,0.2,0.6,0.5,,0.6,0.6,0.5,1.1,,0.6,0.8,0.8,,0.7,0.4,0.5,0.6,0.2,0.2,,0.4,,0.4,,,,0.7,0.5,0.5,0.5,0.6,0.3,,0.6,,0.7,0.5,0.7,0.7,0.6,0.7,0.7,,0.4,0.6,0.5,,,0.6,0.7,0.6,,0.5,0.5,0.6,,,0.5,0.2,0.5,0.4,0.4,0.4,0.7,1.2,1.2,1.2,1.1,0.6,0.5,0.7,0.8,,,0.6,0.5,0.6,0.7,,1.3,0.8,1.7,1.1,0.9,0.9,0.8,0.9,0.6,,1.1,1.3,0.8,0.9,0.9,0.9,1.1,0.9,,0.3,0.5,,1.6,1.5,1.6,,1.5,1.9,1.5,0.6,,0.6,0.5,0.7,,0.5,0.5,0.4,0.4,0.6,,0.7,0.8,0.7,0.7,0.4,0.6,0.4,,0.4,0.3,0.3,0.4,0.4,,0.6,0.5,0.7,0.6,0.8,0.6,0.6,0.5,0.8,0.6,0.5,0.6,,0.6,0.5,0.4,,0.7,0.7,,0.8,0.7,0.8,0.7,,0.5,0.6,0.5,0.9,1,0.6,0.7,0.8,0.8,0.9,0.7,1,0.7,1,0.7,0.7,0.6,0.6,0.6,0.7,0.6,0.9,0.9,0.9,0.7,0.8,0.6,0.6,0.6,0.7,0.6,0.8,0.7,0.9,0.6,0.7,0.8,0.6,0.8,0.7,,0.8,0.7,0.5,0.7,0.8,0.6,0.7,1.6,0.7,1.5,0.7,0.6,0.8,0.5,0.4,0.5,0.5,0.6,0.6,0.6,0.6,0.5,0.8,0.8,0.4,0.6,0.7,,0.5,0.5,0.4,0.5,0.6,,0.4,0.7,0.4,0.5,0.3,0.5,0.5,0.6,0.5,0.8,0.6,0.6,1,0.6,0.6,,,,0.5,0.4,,0.5,,0.4,0.4,0.5,0.5,,0.7,0.6,0.4,,,,,,0.5,0.6,0.6,0.5,0.7,,0.5,,0.3,0.5,0.6,0.9,0.8,0.9,,0.4,0.4,0.5,0.5,,,,,0.2,0.5,0.7,0.6,0.1,0.1,0.5,,0.3,0.5,0.4,0.6,0.4,,0.6,0.5,0.6,,0.3,0.3,0.4,0.4,,0.3,0.4,0.1,0.1,0.4,0.1,0.3,0.2,0.6,,0.5,0.3,,0.4,0.4,,0.3,0.4,0.4,,0.5,,0.2,,0.3,0.2,0.5,0.8,0.5,0.7,0.3,0.2,0.3,0.4,0.8,0.7,0.7,0.2,,0.4,0.5,,0.7,0.4,0.4,,0.2,0.3,0.1,0.2,0.4,0.4,,0.3,0.4,0.1,0.1,,,0.5,0.5,0.4,,0.6,0.5,0.5,0.2,0.6,0.6,0.3,,0.4,,,0.7,0.3,0.3,0.3,0.4,0.5,0.3,0.1,0.7,,0.3,0.1,0.3,0.5,0.7,0.4,0.4,0.6,0.2,,,0.5,0.5,0.4,0.3,,0.5,0.2,0.3,0.3,0.5,0.6,0.7,0.7,0.3,0.3,0.5,0.5,0.4,,1.1,0.4,0.7,0.5,0.5,0.4,0.6,,0.3,,0.9,0.7,0.6,0.5,0.7,0.8,0.3,0.7,0.2,0.3,0.3,0.4,0.7,0.4,,,0.2,0.6,0.6,0.3,,0.3,0.3,0.3,0.7,,0.5,0.6,,,1.3,0.4,,0.4,0.5,0.6,1,1,0.7,0.3,0.5,0.6,1,0.8,1.3,,0.2,0.5,,0.4,0.6,0.3,0.2,0.7,0.3,0.3,0.2,,0.9,0.4,0.5,0.4,0.2,2.2,0.3,0.2,0.2,0.7,0.2,0.5,0.3,0.2,0.9,,0.6,0.4,0.4,0.3,,0.2,0.3,1.2,0.7,0.6,0.7,0.7,0.6,0.6,1.1,1,0.6,0.6,0.9,0.8,0.4,0.7,0.9,0.5,0.4,0.8,0.9,0.4,0.4,0.7,0.7,,,0.5,,0.2,1,0.5,0.2,0.6,0.5,,0.3,0.7,0.5,0.2,0.4,0.9,0.9,0.6,0.6,,0.3,0.8,0.2,0.5,0.5,0.6,0.1,,0.8,0.8,0.4,0.5,0.8,0.7,0.6,0.6,0.2,0.2,0.5,0.3,0.3,0.4,0.4,0.5,0.7,0.6,0.3,0.4,,0.4,0.7,0.8,0.8,0.8,0.5,0.9,0.7,0.6,0.8,0.8,0.7,0.6,0.7,0.7,0.6,0.6,0.7,0.8,0.5,0.1,0.1,0.1,0.4,0.3,0.6,0.2,0.5,0.3,0.5,0.5,0.6,0.9,1.3,0.5,0.8,0.3,1.1,1.4,0.4,0.3,0.4,0.9,0.7,0.8,0.5,0.7,0.7,0.4,0.7,0.5,0.7,0.5,0.4,0.6,,0.5,0.3,0.8,0.8,0.6,0.3,0.3,0.3,0.6,,0.6,0.2,0.3,0.6,0.6,0.5,0.5,,0.6,0.3,0.6,0.7,0.7,0.8,0.7,0.7,0.5,0.7,0.7,0.6,0.9,0.6,0.7,0.4,0.7,0.7,0.7,0.5,1,0.9,0.2,0.2,0.5,0.3,0.6,0.7,0.4,0.6,1,0.5,0.8,0.4,0.4,0.8,0.2,0.8,0.6,0.3,,0.5,0.3,0.6,0.4,0.4,0.8,0.6,0.6,0.6,1,0.6,0.7,0.8,0.7,0.7,0.7,0.7,0.7,0.5,0.4,1.1,0.1,0.3,0.3,0.2,0.5,0.4,0.5,,0.4,0.4,0.7,1,1.1,1.7,1.8,1.3,0.8,0.7,0.4,0.2,,0.8,0.6,1.1,0.8,0.1,0.5,0.5,0.6,0.7,0.5,0.6,0.4,0.5,0.8,,0.7,0.7,0.6,0.5,0.4,0.3,0.7,0.1,,0.6,0.7,0.4,0.5,0.5,0.3,0.3,0.2,0.4,0.8,0.5,0.3,0.4,0.6,1,0.7,0.6,0.7,0.7,0.5,0.6,0.7,0.4,0.3,0.4,0.5,0.5,,0.5,0.6,0.6,0.5,0.7,1.2,0.4,0.4,0.6,0.7,0.5,0.4,0.4,0.3,0.5,0.4,0.4,0.6,2.1,2,0.9,0.4,,0.4,0.3,0.2,0.3,0.3,0.3,0.8,0.7,0.1,0.1,0.2,0.1,0.1,0.2,0.2,0.2,0.3,1.2,1.1,1.2,1,0.9,2.2,0.7,1.1,0.6,0.8,0.9,0.6,0.8,0.6,0.9,0.7,0.7,0.3,0.5,0.4,0.2,0.7,0.6,0.5,0.7,0.8,0.3,0.8,0.6,0.7,0.8,0.8,0.8,0.6,0.4,0.3,,0.6,0.4,0.6,1,0.3,0.4,0.5,0.5,0.6,0.4,0.3,0.4,0.5,0.4,0.7,0.9,0.5,0.7,0.6,0.7,0.4,0.6,0.5,,0.2,0.1,0.6,0.2,1.1,1.4,1.3,0.9,,0.3,0.2,0.3,0.2,0.3,0.4,0.7,0.4,0.5,0.3,0.4,1.3,0.6,0.2,0.3,0.3,0.1,0.2,0.2,0.2,0.3,0.5,0.4,1.4,0.3,0.3,0.1,0.4,0.5,,0.3,0.1,0.4,0.6,0.4,0.7,0.8,0.5,0.4
20231004,15,CO_24h,0.4,0.3,0.4,0.4,0.4,0.3,0.5,0.5,0.4,0.4,0.4,0.6,,,0.5,,0.5,0.6,0.6,,0.6,,0.6,0.5,,0.6,0.7,,0.9,0.9,0.8,0.9,1,0.8,1.1,,0.6,0.5,,0.5,,0.4,0.5,0.6,,0.4,,0.9,0.5,0.8,0.7,0.8,0.5,0.5,,0.8,0.3,,0.2,0.2,0.2,0.4,0.5,0.4,0.4,0.3,0.4,0.4,,0.4,0.5,0.5,0.3,0.5,0.4,,1.2,1.1,1.1,1.2,0.9,,,1.1,1.1,1,1,1.2,,0.5,0.5,,,0.3,0.5,0.3,0.4,,0.5,0.6,,0.4,0.5,0.6,0.5,0.5,,0.4,0.7,0.7,0.6,0.8,0.6,0.7,0.7,0.7,0.6,0.6,0.3,0.4,0.3,0.4,0.3,0.2,,0.4,0.3,0.5,0.5,0.4,0.5,0.5,0.6,0.7,0.7,0.5,0.6,0.4,0.7,0.5,0.5,0.6,0.4,0.7,0.5,,0.4,0.5,0.4,0.6,0.4,0.8,0.2,0.7,0.4,0.4,0.5,0.4,0.6,0.5,,0.6,0.6,0.6,0.6,0.6,0.7,0.2,0.6,0.5,0.5,0.7,0.6,,,,0.5,0.5,,0.5,0.5,0.4,,,,0.4,,1.1,0.8,1,1,1,1,1,0.9,0.5,,,,0.7,0.6,,0.6,0.4,0.4,0.5,0.4,,0.3,0.7,0.6,0.7,0.7,0.6,0.4,0.5,,0.4,,0.6,0.5,,0.5,0.5,,0.4,0.5,0.5,,0.7,0.5,0.6,0.5,0.5,0.5,0.5,,,0.5,0.6,0.5,0.5,0.4,0.5,0.5,,0.5,,,0.5,,0.7,0.5,,0.5,0.5,0.5,0.4,0.4,0.3,,0.6,0.5,0.5,0.5,0.6,0.5,0.5,0.5,0.7,0.5,0.6,0.3,0.7,0.5,0.7,0.7,0.5,0.6,,,0.3,0.4,0.4,0.4,,0.4,0.4,0.7,0.8,0.5,,0.7,0.6,0.4,,0.7,0.5,0.5,0.6,,0.5,0.5,0.5,0.4,0.4,,,0.6,0.7,1,0.5,0.5,0.7,0.8,0.9,0.2,0.7,0.6,0.7,0.7,0.8,,0.7,0.6,0.5,0.7,0.5,0.5,0.5,,0.5,0.7,0.4,0.6,0.5,0.6,0.7,0.5,0.6,0.5,0.7,0.3,0.9,0.9,,0.8,0.8,0.9,0.9,0.8,0.7,0.8,0.6,0.9,0.5,1,0.7,0.8,0.6,,0.6,0.7,0.9,1,0.8,0.6,0.6,0.8,0.7,0.6,0.6,0.8,,0.8,0.8,0.6,0.5,0.7,0.5,,0.6,0.6,0.6,0.6,,,0.9,0.9,0.9,0.7,0.8,0.9,0.8,0.8,0.6,0.7,0.5,,0.7,0.7,0.8,0.8,0.5,0.8,0.7,0.7,,0.5,0.4,0.4,0.3,0.3,,0.8,1,0.6,0.6,0.9,0.8,0.8,,,0.9,0.9,0.9,1,1.2,,0.6,0.6,0.5,0.6,,,0.6,0.8,0.4,0.2,0.4,0.5,0.4,0.2,0.3,0.3,0.3,,0.6,0.5,0.6,0.7,0.5,0.6,0.4,0.3,0.3,0.3,0.3,0.2,0.7,0.8,0.9,0.7,0.7,0.7,0.6,0.7,,0.9,0.2,0.7,0.7,,0.6,,0.6,0.7,,,,,0.6,,,,0.7,0.6,0.7,0.7,0.9,0.6,0.7,,0.4,0.5,0.7,0.6,0.4,0.8,0.7,0.7,0.7,0.6,0.7,,0.4,0.8,0.5,0.5,,0.6,0.5,0.6,0.6,0.6,0.4,0.6,0.7,0.6,,0.6,0.7,0.5,0.7,0.7,0.6,0.6,0.4,0.4,0.4,0.4,0.5,0.6,0.7,0.7,0.7,0.6,,,0.9,,0.4,0.5,0.8,0.6,0.6,,0.5,0.6,,,0.7,0.9,0.9,0.7,,0.4,0.6,1.3,,0.4,0.6,0.5,0.6,0.7,0.7,0.4,0.7,0.5,0.3,,,,,,,0.4,,0.6,0.3,0.5,0.4,0.8,0.5,0.6,0.3,0.3,0.5,,0.6,,,0.7,,0.8,0.8,0.6,0.7,0.9,0.6,0.5,0.8,,0.7,0.8,0.7,0.7,0.7,0.6,0.5,0.8,0.7,0.7,0.7,0.8,0.7,0.8,0.7,0.7,0.8,0.8,0.9,0.8,,0.6,0.7,0.7,,0.5,0.6,,0.9,0.9,1.1,0.9,0.9,,0.7,0.7,,,0.5,0.3,,,,0.6,0.5,0.5,0.5,1.3,1.7,,1.3,1.2,,1.4,1.3,,1.5,,1,0.7,0.9,,0.9,0.6,0.2,0.3,0.3,,0.7,0.8,0.7,1.2,0.8,0.7,,0.4,0.6,0.6,0.6,0.5,0.4,0.6,0.9,1.5,0.6,0.5,0.7,0.5,0.6,0.6,0.8,0.5,0.5,0.5,0.5,0.6,0.5,,0.3,0.3,0.3,,0.2,0.5,0.4,0.4,0.5,0.5,0.4,0.4,0.3,0.2,0.3,0.6,0.7,0.7,,0.5,0.8,0.7,,0.7,0.7,0.7,0.8,0.7,,0.6,0.9,0.9,,0.9,,1.1,0.8,0.7,0.9,,1.1,0.9,,,,0.7,,0.6,,0.9,,,,0.6,0.7,0.5,0.8,0.6,,,,0.8,0.7,0.7,0.6,0.9,0.7,,0.7,0.6,0.7,0.6,0.5,0.7,,0.6,,,0.4,0.6,0.5,0.6,0.7,0.8,0.7,0.8,0.6,0.5,0.6,0.6,0.6,0.5,0.7,0.8,0.8,0.7,0.5,0.3,0.4,0.7,0.7,0.7,0.7,,0.8,0.8,0.8,0.6,,0.6,1,0.6,0.6,0.5,0.6,0.6,0.6,,,,,0.6,0.7,,0.6,0.5,0.5,0.4,0.3,0.3,0.4,0.7,0.7,0.5,0.5,0.8,0.9,0.5,,0.7,0.5,,0.8,0.6,0.8,,0.5,0.6,,0.7,0.5,0.7,0.8,0.6,0.7,0.8,0.7,0.7,0.8,0.7,0.7,0.7,,,0.7,0.2,1.1,0.5,1,0.6,0.2,0.3,,0.4,0.2,0.6,0.3,0.3,,,0.6,,,,,0.6,,,,,,,,,,,,,,,,0.7,,,,,,,,,,,,,,,,,,,,,,,,,,,,,,,,,,,,,,0.8,0.8,0.7,0.9,0.9,0.4,0.5,0.4,0.4,,,,1.4,1.1,1.2,1,,,0.6,0.6,0.6,0.6,0.6,0.7,,0.8,0.8,0.9,,,0.9,0.8,,0.7,0.8,0.6,,0.7,,0.5,0.3,,,0.4,0.3,,,0.3,0.4,0.4,,,0.3,0.3,0.2,0.2,0.6,0.5,0.5,0.4,0.4,0.4,0.7,0.5,0.5,0.6,0.7,0.9,0.4,0.3,0.4,0.4,0.4,0.4,0.6,0.5,,0.2,1.4,0.5,,0.2,0.3,0.6,0.6,0.4,0.4,0.4,0.4,0.5,0.6,0.5,0.4,,,0.2,0.2,0.3,0.3,0.2,0.2,0.2,0.3,0.2,0.3,0.4,0.2,0.6,0.6,0.4,0.5,0.2,,,0.7,0.3,0.3,,0.4,0.5,,0.1,0.4,0.4,,0.3,0.3,0.5,,0.3,0.3,0.3,0.3,0.3,0.5,0.4,,0.6,0.7,0.5,0.8,0.5,0.7,0.8,0.8,,0.6,0.4,0.5,0.6,0.3,0.3,,0.5,,0.7,,,,0.7,0.5,0.5,0.5,0.6,0.3,,0.7,,0.8,0.6,0.7,0.6,0.6,0.7,0.7,,0.5,0.7,0.8,,,0.7,0.8,0.7,,0.6,0.6,0.7,,,0.5,0.3,0.5,0.3,0.4,0.4,0.8,1.3,0.7,1,0.6,0.7,0.6,0.7,0.9,,0.1,0.5,0.4,0.6,0.7,,1.3,0.9,1.4,1.1,1,0.5,0.8,0.9,0.8,,1.5,1.8,1.1,0.8,0.8,0.8,1,0.9,,0.4,0.6,,1.1,0.9,0.9,,0.8,1.1,0.8,0.5,,0.5,0.5,0.7,,0.6,0.6,0.5,0.5,0.7,,0.6,0.7,0.6,0.6,0.5,0.6,0.4,,0.5,0.4,0.4,0.6,0.7,,1.1,0.9,0.7,0.9,0.9,0.6,0.7,0.6,0.9,0.7,0.5,0.7,,0.6,0.6,0.5,,0.7,0.7,,0.8,0.9,1,0.8,,0.6,0.6,0.6,1,1.1,0.7,0.8,0.8,0.8,0.9,0.8,0.9,0.7,0.8,0.7,0.7,0.5,0.6,0.7,0.8,0.6,0.8,1,0.9,0.8,0.9,0.7,0.6,0.6,0.7,0.7,0.7,0.7,0.8,0.6,0.6,0.9,0.5,0.8,0.8,0.3,0.7,0.6,0.5,0.9,0.9,0.7,0.7,0.6,0.6,0.6,0.7,0.8,0.7,0.6,0.5,0.6,0.6,0.6,0.5,0.7,0.7,0.7,0.8,0.8,0.4,0.7,0.8,,0.5,0.6,0.5,0.5,0.7,,0.4,0.7,0.4,0.5,0.3,0.6,0.5,0.6,0.5,0.7,0.6,0.6,0.9,0.6,0.6,,,,0.5,0.5,,0.5,,0.4,0.5,0.6,0.6,,0.7,0.6,0.4,,,,,,0.5,0.6,0.6,0.5,0.8,,0.5,,0.4,0.5,0.6,0.7,0.7,1,,0.4,0.4,0.5,0.5,,,,,0.2,0.4,0.6,0.6,0.1,0.2,0.6,,0.3,0.6,0.5,0.6,0.5,,0.6,0.5,0.7,0.7,0.4,0.4,0.5,0.5,,0.3,0.5,0.2,0.3,0.5,0.3,0.3,0.2,0.6,,0.5,0.4,,0.5,0.3,,0.3,0.4,0.5,,0.7,,0.3,,0.3,0.2,0.5,0.7,0.5,0.6,0.5,0.7,0.8,0.7,0.7,0.7,0.7,0.4,,0.6,0.8,,0.7,0.6,0.4,,0.3,0.4,0.4,0.5,0.4,0.4,,0.5,0.6,0.2,0.2,,,0.7,0.6,0.4,,0.6,0.5,0.5,0.4,0.6,0.6,0.4,,0.5,,,0.6,0.5,0.5,0.5,0.5,0.6,0.4,0.4,0.6,,0.4,0.2,0.4,0.6,0.7,0.4,0.8,0.8,0.5,,,0.7,0.7,0.6,0.3,,0.4,0.2,0.4,0.4,0.6,0.6,1.3,0.8,0.7,0.5,0.7,0.9,0.8,,0.7,0.5,0.8,0.4,0.4,0.5,0.5,,0.5,,0.6,0.7,0.7,0.7,0.8,1.1,0.5,0.6,0.2,0.5,0.4,0.5,0.5,0.4,,,0.4,0.6,0.6,0.6,,0.5,0.6,0.6,0.7,,0.4,0.7,,,1.1,0.4,1,0.3,0.4,0.6,0.8,0.8,0.6,0.3,0.5,0.6,0.9,0.7,1.2,,0.4,0.5,,0.4,0.6,0.4,0.4,0.7,0.3,0.3,0.6,0.3,0.8,0.5,0.5,0.5,0.4,1.2,0.4,0.3,0.3,1,0.2,0.7,0.4,0.4,0.9,,0.6,0.4,0.5,0.4,,0.3,0.6,1.1,0.7,0.7,0.6,0.7,0.6,0.6,0.8,0.8,0.5,0.9,1.3,0.6,0.5,0.7,1.1,0.7,0.5,0.8,0.6,0.5,0.4,0.7,0.6,,,0.6,0.4,0.5,0.9,0.5,0.3,0.6,0.6,,0.4,0.6,0.6,0.3,0.7,0.8,0.7,0.7,0.7,,0.5,0.9,0.5,0.6,0.9,0.5,0.3,0.5,0.7,0.6,0.4,0.5,0.5,0.6,0.6,0.7,0.3,0.5,0.4,0.3,0.3,0.3,0.6,0.5,0.7,0.6,0.3,0.4,0.4,0.5,0.7,0.8,1,0.8,0.7,1,0.7,0.6,0.9,0.8,0.5,0.7,0.7,0.7,0.7,0.6,0.7,0.9,0.7,,0.3,0.3,0.6,0.5,0.7,0.2,0.5,0.4,0.4,0.7,0.8,0.8,1.1,0.5,0.7,0.3,0.9,1.1,0.5,0.3,0.5,0.8,0.4,0.8,0.6,0.7,0.7,0.7,0.6,0.5,0.7,0.6,0.4,0.7,,0.6,0.3,0.7,0.6,0.8,0.4,0.5,0.4,0.4,,0.6,0.5,0.4,0.5,0.6,0.5,0.5,,0.9,0.4,0.6,0.8,0.7,0.8,0.7,0.9,0.5,0.7,0.7,0.6,0.9,0.6,0.7,0.4,0.5,0.6,0.8,0.6,1.1,0.7,0.5,0.4,0.5,0.3,0.7,0.9,0.5,0.6,0.9,0.5,1,0.6,0.5,0.6,0.3,0.5,0.7,0.4,0.5,0.6,0.4,0.7,0.4,0.4,0.8,0.7,0.7,0.7,1,0.6,0.6,0.7,0.6,0.8,0.6,0.7,0.6,0.9,0.4,0.8,0.4,0.5,0.6,0.4,0.5,0.4,0.6,0.7,0.5,0.6,0.8,0.8,0.7,1.1,0.6,0.5,0.8,0.7,0.5,0.4,0.3,0.8,0.5,1,1,0.2,0.6,0.7,0.7,0.8,0.6,0.7,0.4,0.5,0.7,1,0.6,0.7,0.5,0.4,0.4,0.4,0.7,0.3,,0.6,0.7,0.6,0.6,0.6,0.9,0.5,0.4,0.5,0.8,0.5,0.3,0.7,0.5,0.9,0.6,0.6,0.6,1,0.5,0.6,0.7,0.5,0.4,0.4,0.6,0.5,,0.5,0.7,0.6,0.6,0.7,1.2,0.5,0.5,0.7,0.6,0.5,0.5,0.4,0.4,0.4,0.5,0.4,0.7,1.2,1.4,1.3,0.5,,0.9,0.7,0.5,0.6,0.6,0.5,1,0.9,0.6,0.7,0.6,0.6,0.4,0.6,0.7,0.7,0.9,0.9,0.9,0.7,0.7,0.7,1.4,0.6,1.1,0.6,0.9,0.9,0.7,0.7,0.7,0.8,0.6,0.7,0.3,0.7,0.6,0.6,0.7,0.7,0.8,1.5,1,0.3,0.8,0.6,0.8,0.8,0.8,0.9,0.6,0.4,0.3,,0.7,0.4,0.6,1,0.4,0.4,0.6,0.5,0.5,0.6,0.8,0.7,0.5,0.5,0.6,0.8,0.7,0.8,0.6,1,0.5,0.6,0.5,,0.2,0.1,0.5,0.3,1,1.2,1,0.8,,0.4,0.4,0.1,0.4,0.5,0.5,0.6,0.5,0.5,0.4,0.5,0.7,0.5,0.4,0.6,0.3,0.4,0.3,0.5,0.4,0.3,0.5,0.4,1.2,0.4,0.3,0.2,0.5,0.6,0.2,0.3,0.2,0.4,0.6,0.6,0.7,0.7,0.7,0.4
20231004,16,AQI,20,20,25,21,21,25,21,21,22,22,18,27,,,26,,27,26,28,,28,,25,26,,26,25,,43,51,41,51,51,47,53,,25,27,,25,,32,33,30,,29,,85,88,74,30,,27,28,,,27,,26,26,29,34,24,28,26,25,23,25,,25,42,32,46,54,46,,61,48,55,57,,,,39,,29,30,31,,24,25,,,27,27,26,29,,23,23,,24,24,23,23,23,,24,28,28,28,25,29,32,30,29,28,33,37,35,31,38,28,22,,35,31,38,19,22,22,22,20,18,23,17,18,28,15,21,33,34,32,34,35,,35,35,30,32,42,40,43,41,38,40,42,41,43,39,,38,41,41,43,40,41,35,35,33,35,35,62,,,,70,65,,67,64,62,,,,44,,40,36,37,40,37,39,40,37,37,,,,40,40,,43,42,45,40,40,,40,,46,44,42,46,43,45,,43,,54,51,,33,31,,33,31,28,,32,35,32,30,33,33,40,,,31,31,34,29,31,30,30,,32,,,46,,38,38,,49,32,43,34,37,35,,36,,31,29,26,48,44,35,29,28,30,30,30,30,31,27,29,,,,43,41,42,41,,53,47,42,39,22,,26,27,24,,36,64,56,62,,,63,59,61,75,,,73,72,74,72,73,73,62,59,60,65,72,64,62,62,,23,32,29,25,39,20,25,,22,19,38,33,49,32,,38,37,35,46,38,55,70,,53,44,47,45,67,39,48,45,48,53,53,66,34,39,,69,47,37,62,121,62,108,55,85,50,53,102,,104,49,37,94,78,95,,111,98,58,103,,,36,41,49,45,43,40,55,37,57,43,53,,41,39,36,49,55,34,37,34,,,28,28,22,13,,22,13,18,25,14,16,10,,,15,18,18,19,19,,22,31,36,44,,,34,22,29,28,27,26,27,31,39,28,25,,22,20,16,18,14,15,22,23,20,23,20,17,22,18,23,19,,22,20,16,,22,18,16,20,,,,39,35,,,,,32,,,,30,33,,51,50,48,56,,30,39,39,47,42,,38,40,43,41,42,,30,51,51,27,,29,27,28,29,29,29,29,,31,,30,26,27,27,26,25,24,26,26,24,26,31,32,37,52,53,53,,,58,,65,70,53,63,58,,54,56,,,45,39,38,41,,68,59,48,,52,64,39,57,62,73,31,34,30,36,,,,,,,71,,74,56,52,51,48,54,54,29,30,32,,32,,,39,,42,36,37,87,93,78,105,64,,48,53,58,80,51,50,48,36,32,34,25,27,36,43,54,37,40,40,39,40,,38,39,40,,24,28,,51,36,41,46,46,,61,19,,,78,71,,,,28,26,29,27,59,45,,45,45,,97,105,,123,,35,41,38,,34,35,33,29,33,,25,24,24,26,25,23,,31,22,30,25,26,25,24,22,23,28,28,28,36,37,35,45,30,22,22,24,31,22,,16,13,17,,15,32,23,34,25,29,28,14,15,12,26,35,35,35,,41,40,43,,38,45,40,43,53,,39,46,21,,64,,58,57,54,67,,85,74,,,,68,,60,,78,,,,82,79,70,32,53,,,,22,28,35,,37,39,,30,35,45,33,36,35,,35,,,26,31,,24,20,32,42,38,38,24,26,29,37,38,35,38,,37,42,20,23,19,18,22,16,,53,55,57,46,,19,22,23,19,17,20,22,15,,,,,32,25,,21,10,32,20,14,15,20,28,39,29,28,33,22,23,,21,23,,26,25,25,,24,25,,24,21,28,28,25,27,29,28,29,39,39,29,36,,,69,34,34,36,31,32,31,33,,34,30,59,59,56,,,62,,,,,65,,,,,,,,,,,,,,,,31,,,,,,,,,,,,,,,,,,,,,,,,,,,,,,,,,,,,,,41,46,,41,44,35,42,41,35,,,,44,48,52,46,,,32,39,,44,37,46,,46,37,53,,,53,72,,31,29,64,,69,,26,26,,,77,22,,,42,53,25,,,20,20,30,,44,46,35,58,60,47,,57,25,26,23,24,45,36,59,37,69,91,111,69,,55,54,38,,24,25,23,25,40,30,20,25,25,48,27,17,,,22,20,26,31,21,22,31,20,30,16,20,19,17,19,19,18,23,,,25,15,21,,10,12,,20,40,42,,37,39,41,,39,35,36,36,31,53,64,,26,28,28,34,28,28,27,32,,26,25,25,45,43,44,,30,,30,,,,30,27,26,23,47,39,,26,,30,30,29,42,39,44,74,,33,34,26,,,28,26,31,,30,31,29,,,46,14,20,29,13,29,18,58,51,39,45,26,42,52,44,,46,56,66,59,61,,42,40,50,49,41,39,39,45,39,,44,46,50,38,53,51,49,38,,40,33,,79,84,107,,77,85,85,89,,92,99,65,,82,44,38,44,46,,55,45,,54,50,48,51,,33,45,34,44,25,,22,34,28,23,21,29,29,30,57,28,19,20,,38,49,50,,25,25,,46,16,,35,,48,42,43,19,15,,57,,57,54,42,68,63,,62,59,45,52,60,43,49,46,46,46,49,52,27,39,28,36,39,19,22,29,29,30,24,29,22,22,24,16,34,19,48,52,50,40,53,36,,40,38,58,39,36,33,36,42,38,54,49,41,38,37,33,26,27,,35,35,28,19,15,,18,15,12,14,11,29,23,29,26,47,42,35,33,41,37,,,,15,12,,12,14,14,10,12,22,,15,16,12,,,,,,25,25,28,20,13,,15,,18,19,22,22,21,23,,26,35,26,27,,,,,20,27,23,18,22,21,25,,27,17,17,29,32,,17,15,14,,26,18,15,12,,19,,18,20,17,18,15,18,25,,26,28,,16,19,,17,18,18,,24,,41,,15,15,16,16,17,17,30,31,31,34,17,17,14,27,,,32,,27,27,33,,40,35,,30,36,44,,,26,33,30,,,26,31,26,,34,29,29,,20,42,35,,46,,,58,25,29,27,51,50,36,34,28,,34,34,34,58,60,64,80,66,67,,,29,28,28,23,,28,30,52,28,24,55,47,48,29,25,26,46,51,,78,24,42,42,34,35,49,,31,,51,43,41,26,19,20,36,40,36,25,22,9,45,14,,,25,31,31,27,,46,28,31,32,,57,41,,,60,39,41,44,65,65,69,59,59,40,35,21,10,14,108,,27,93,,36,29,60,54,53,28,31,32,17,28,24,43,42,25,87,25,41,66,58,22,51,18,50,35,,25,25,35,36,,26,31,20,,20,46,34,40,37,85,,38,27,48,29,42,17,75,82,54,32,51,20,23,15,9,,,35,54,46,45,56,40,33,40,,34,65,48,43,32,46,,29,28,,26,30,29,39,33,25,33,,37,34,31,30,32,44,33,35,25,28,29,27,28,29,41,58,38,43,35,44,,39,40,38,51,55,46,79,93,46,52,36,39,116,48,46,26,40,34,39,33,27,41,27,26,27,36,39,59,,42,28,27,90,67,77,75,35,65,69,20,22,18,23,13,17,14,21,20,32,16,16,21,18,19,32,,24,33,32,71,43,55,33,31,54,,58,52,54,62,22,24,23,,28,28,29,32,38,45,28,58,34,39,44,34,60,,34,34,32,34,55,27,39,52,20,24,28,28,44,45,40,40,51,44,40,40,44,42,35,51,38,47,35,53,53,52,28,31,38,42,40,39,46,105,44,41,53,39,42,103,38,53,30,76,44,25,25,27,58,30,35,,31,29,37,67,72,94,75,85,39,35,44,18,,12,20,,17,46,20,28,20,48,19,18,53,58,68,33,73,67,52,55,53,30,56,53,,56,40,46,33,30,30,30,24,28,19,42,83,23,47,33,33,38,53,36,35,43,39,28,25,,26,26,,33,26,24,29,40,13,20,16,19,29,29,30,30,44,31,36,26,27,95,46,53,41,,38,31,26,26,25,23,73,69,28,30,30,54,34,29,28,29,27,61,72,85,55,45,84,62,39,19,23,16,58,28,,16,30,23,35,33,186,182,12,15,29,34,40,26,34,56,40,103,45,40,34,32,26,,42,65,47,59,22,33,21,,73,48,48,35,80,32,62,39,22,26,19,23,33,32,32,,15,19,40,63,59,112,100,,,20,23,21,21,28,26,67,54,27,20,,75,35,27,26,30,21,17,23,28,28,,55,95,75,35,76,26,32,44,49,18,18,40,33,56,48,26,34
20231004,16,PM2.5,5,4,4,4,4,4,4,3,4,6,4,7,,,4,,10,6,5,,7,,4,4,,5,5,,13,21,24,6,27,27,37,,8,10,,7,,4,16,17,,19,,63,65,54,2,,5,10,,9,2,,5,9,8,3,2,6,3,5,7,8,,4,9,9,15,15,15,,30,16,28,26,5,,,6,4,5,6,4,,7,7,,,4,6,10,9,,7,7,,5,6,4,2,6,,6,5,4,3,4,4,4,6,5,4,6,9,12,8,3,3,3,,5,6,5,5,5,7,3,8,12,7,2,6,5,8,9,10,8,7,12,6,,12,7,7,12,2,7,9,9,5,7,8,9,7,16,,12,10,10,9,13,8,,5,4,8,,36,,,,51,44,,40,43,33,,,,16,,14,9,12,14,14,19,14,7,20,,,,7,14,,18,13,11,12,12,,8,20,20,24,20,23,17,16,,10,,33,29,,10,13,,17,12,12,,18,15,12,9,10,23,11,,,8,9,7,14,10,8,10,,14,,,13,,9,11,,22,20,18,11,5,4,,17,27,20,20,16,23,19,17,9,9,9,2,11,9,7,14,7,,,,16,18,22,15,,30,28,22,27,9,,18,17,7,,14,34,27,29,,27,34,27,29,39,,,36,36,32,44,37,24,44,42,37,43,52,42,38,39,,10,12,20,13,27,14,17,,12,13,24,23,31,22,22,26,24,24,28,21,33,33,,37,27,28,31,39,25,33,31,31,33,37,44,23,25,,50,30,24,40,44,34,36,39,33,31,30,36,,44,34,24,32,26,41,,46,34,41,35,,,22,25,34,30,25,28,30,24,40,29,37,,20,23,23,28,29,13,22,19,,19,11,11,10,5,,15,9,7,17,5,6,6,,,6,7,12,13,4,,15,18,9,14,,,15,4,9,19,14,18,12,17,27,17,12,,7,5,7,8,6,6,10,6,5,5,5,5,12,12,16,12,,15,14,9,,15,12,11,12,,17,,27,24,,,,,6,,,,10,10,21,24,16,19,20,,11,27,27,27,26,30,26,23,25,25,26,,21,22,22,8,,6,9,5,3,5,9,17,12,7,,8,4,1,8,10,11,8,5,5,6,,17,5,8,25,24,22,,,27,,45,33,35,40,7,,,27,,,7,16,12,17,,39,39,19,,36,46,19,34,44,2,4,5,5,7,,,,,,,46,,44,29,29,27,22,24,28,7,2,5,,5,,,27,,25,21,25,26,35,48,30,30,,29,23,34,32,10,31,29,24,7,22,15,16,14,25,14,22,28,28,27,18,,23,27,28,,11,14,,25,19,20,17,26,,25,4,,,57,45,,,,6,7,2,4,12,24,,24,22,,72,79,,93,,16,20,26,,8,23,7,6,13,,5,7,7,7,7,8,,5,6,7,6,6,7,5,5,5,10,10,6,6,7,5,7,5,5,8,10,8,8,,11,7,8,,8,13,16,17,4,20,19,9,9,2,18,7,8,10,,9,10,16,,10,31,28,22,37,,27,30,8,,46,,41,40,38,48,,60,46,,,,49,,39,,57,,,,60,58,51,22,28,,,,12,19,14,12,17,22,,15,21,31,23,18,24,,24,,,1,19,,10,5,22,29,26,22,4,10,12,10,14,19,17,13,22,22,9,11,10,6,15,11,,37,39,40,32,,12,7,6,6,6,14,15,9,,,,,8,10,,9,1,22,8,5,5,14,19,27,18,5,11,3,3,,11,16,,7,4,17,,10,10,,10,10,7,6,10,6,9,15,8,27,27,15,22,,,17,12,,8,9,5,2,12,,16,4,16,25,11,,,27,,,,,36,,,,,,,,,,,,,,,,9,,,,,,,,,,,,,,,,,,,,,,,,,,,,,,,,,,,,,,26,32,30,22,20,19,22,18,23,,,,2,7,19,14,,,8,6,10,7,3,22,,24,17,36,,,37,52,,8,9,29,,39,,7,4,,,8,14,,,6,12,8,,,7,11,7,5,18,25,24,4,3,2,,11,5,3,12,12,6,7,8,6,6,8,11,9,,14,13,7,,6,10,10,9,6,6,4,4,5,6,3,4,,,3,14,18,14,12,5,10,11,12,2,11,12,7,7,4,4,2,,,,8,6,15,5,5,,14,17,17,,21,23,17,,19,19,3,17,11,37,44,,11,7,9,11,3,8,12,13,,11,7,7,27,9,13,,12,,17,,,,8,5,12,8,25,20,,8,,13,11,10,26,20,18,27,,23,14,9,,,19,17,16,,14,15,16,,,22,8,8,20,9,3,12,41,33,27,24,18,22,28,29,,11,34,38,37,43,,22,28,32,31,26,24,22,27,22,,30,32,30,20,34,30,34,26,14,20,17,,58,53,80,,56,63,60,66,,60,74,47,,60,21,25,25,29,,39,31,,38,28,33,29,,19,31,15,9,9,,7,4,2,10,8,10,20,20,40,19,12,4,,26,34,35,,17,15,,25,9,,19,,33,29,30,13,2,,40,,36,38,25,49,45,43,44,42,5,36,43,30,34,20,32,32,34,36,16,27,19,25,27,4,13,20,20,21,7,20,14,9,8,11,19,12,33,31,24,26,19,25,26,17,23,25,16,16,17,17,21,26,26,33,25,26,19,23,16,14,,21,24,19,7,4,,,8,8,9,6,20,16,20,18,32,29,24,20,18,17,,,,10,8,,5,4,,2,8,2,,10,10,7,,,,,,17,7,19,14,6,,6,,2,9,11,7,9,8,,15,24,7,11,,,,,12,4,16,12,7,8,17,,12,1,4,15,14,,11,6,5,,18,11,4,4,,6,9,8,14,6,4,6,12,7,,12,10,,6,3,,2,3,,,4,,3,,2,2,5,5,5,8,5,6,8,5,6,10,7,9,,11,8,,15,18,20,,13,12,,19,10,18,,7,4,14,15,,,10,9,10,,7,7,20,,7,18,10,,9,,,26,3,6,4,12,9,11,18,3,,6,13,16,19,19,26,25,30,28,,,9,10,10,3,,3,14,22,10,8,33,22,32,6,5,4,25,14,,35,6,14,12,10,9,12,,11,,12,30,18,15,1,3,14,6,8,7,7,6,16,3,,,5,13,11,5,,14,16,15,22,,36,12,,,34,14,10,14,47,40,44,39,27,12,24,10,5,7,81,,6,69,,25,17,43,38,12,10,11,19,5,19,9,17,12,3,58,16,15,9,29,10,27,4,6,24,,17,16,24,9,,10,8,4,65,5,17,21,28,23,48,,14,4,29,17,10,10,55,23,38,13,8,7,8,7,4,,,24,19,26,29,37,2,22,15,,19,42,22,14,13,24,64,20,10,,4,21,10,27,11,4,11,,5,10,10,8,15,14,10,7,5,5,8,4,4,6,14,31,11,8,2,14,8,13,28,23,35,39,27,35,34,32,36,22,17,35,29,22,18,16,23,23,20,5,21,6,6,7,8,6,38,10,27,7,8,67,48,56,55,24,47,50,4,13,6,5,5,3,4,8,7,22,9,11,10,12,13,22,,12,23,22,44,17,39,2,7,18,,41,9,7,34,8,3,9,,6,3,20,22,26,31,12,25,19,22,20,17,32,10,14,13,14,14,23,15,22,13,3,5,5,10,9,16,14,10,19,16,10,10,9,8,3,29,11,5,7,18,29,22,10,2,26,17,28,27,17,37,30,22,32,27,24,36,26,25,5,40,9,4,4,4,25,8,9,7,8,9,12,48,41,70,38,58,24,22,17,4,,4,14,,2,4,7,19,6,24,11,9,12,27,44,2,34,40,29,33,23,9,29,5,,24,16,11,3,9,9,6,4,12,13,14,29,16,14,23,19,26,31,22,12,30,27,7,13,9,11,18,,6,10,13,15,28,9,6,3,6,10,8,12,10,15,10,3,3,7,71,32,30,14,,12,4,4,12,2,2,49,50,5,3,,8,,10,3,4,2,34,52,50,39,31,62,44,23,13,5,11,34,17,14,8,21,12,1,5,55,80,8,5,6,8,9,5,20,31,22,24,22,23,13,13,18,,10,33,31,42,15,23,9,,39,17,12,7,59,8,25,27,14,18,9,16,11,11,10,,6,3,23,9,42,84,74,30,,5,5,4,4,9,4,48,24,8,10,21,55,20,2,10,6,5,5,4,7,6,,21,71,18,5,27,6,8,17,24,4,,27,9,38,12,6,11
20231004,16,PM2.5_24h,13,10,12,11,12,13,10,25,20,11,10,11,,,30,,30,26,32,,27,,27,30,,27,36,,36,43,50,37,45,51,34,,33,32,,30,,18,27,34,,28,,56,50,49,63,77,51,53,,56,5,,9,13,12,15,14,21,16,18,20,30,,20,34,30,37,31,28,,42,37,45,41,36,,,46,44,33,38,35,,7,8,,,6,7,7,6,,13,12,,14,11,15,11,13,,14,32,27,30,28,31,28,24,26,27,24,13,13,12,8,7,8,,8,11,11,11,12,11,9,12,13,12,9,15,12,11,12,8,11,8,11,7,,9,9,7,9,10,14,13,11,11,12,13,15,12,12,,11,11,10,12,11,12,4,9,6,7,5,31,,,,32,27,,28,31,28,,,,19,,9,11,13,11,13,13,12,11,18,,,,13,17,,17,21,18,19,17,,16,25,24,22,26,24,18,22,,18,,23,24,,14,15,,19,18,17,,18,16,18,15,9,16,7,,,10,8,8,18,16,16,18,,17,,,16,,9,12,,14,12,15,8,6,7,,26,24,25,21,23,21,17,17,20,18,17,10,23,19,17,23,20,24,,,18,16,18,16,,25,25,19,19,11,,24,17,12,,16,27,24,24,,24,26,24,31,24,,,20,21,19,22,21,20,30,28,22,30,35,30,28,27,,12,13,16,12,19,17,13,,14,11,13,17,16,17,13,16,15,13,23,11,34,36,,38,41,40,27,35,27,32,29,25,25,25,27,25,26,,32,22,23,26,27,18,29,22,31,34,33,28,,26,28,31,29,36,28,,30,24,19,24,,,29,26,27,29,29,28,31,25,28,29,26,,18,19,21,20,20,20,20,22,,12,11,12,12,5,,16,10,13,14,10,8,14,,,11,14,11,14,14,,22,19,19,25,,,23,12,13,21,17,19,14,17,25,18,14,,7,9,8,8,7,8,11,7,7,7,8,6,9,12,13,11,12,12,13,9,,16,11,10,13,,31,,35,34,,,,,22,,,,35,36,26,31,27,24,26,,17,18,17,16,15,24,18,21,17,16,19,,18,15,12,9,,4,4,8,8,12,15,11,15,13,,20,14,9,12,12,12,12,12,11,12,11,16,12,12,19,20,21,,,35,,35,33,38,33,36,,32,42,,,40,44,36,47,,34,37,40,,44,38,31,37,37,17,20,18,15,19,,,,,,,33,,44,36,25,33,23,20,23,15,11,16,,38,,,24,,26,23,25,25,27,28,28,27,,15,24,18,17,19,17,22,19,12,26,22,21,23,23,22,19,33,36,26,17,,20,21,25,,24,27,,27,28,27,25,22,,22,8,,,47,44,,,,9,12,10,10,41,45,,39,29,,59,64,,70,,38,34,41,,37,38,4,7,9,,16,15,18,18,17,15,,10,14,14,11,15,13,13,16,21,14,12,13,15,18,12,18,13,10,13,14,12,12,,12,8,5,,8,17,20,24,14,18,15,10,12,9,18,15,16,15,,16,14,15,,15,15,15,14,19,,14,17,8,,45,,43,36,34,42,,44,30,,,,42,,31,,42,,,,42,38,35,24,28,,,,6,10,6,8,23,22,,18,15,28,15,24,16,,19,,,5,13,15,8,6,29,29,30,31,10,7,12,15,26,34,28,22,29,21,11,10,14,14,15,19,,31,34,33,27,,7,12,8,10,16,21,26,15,,,,,23,22,,19,7,19,8,10,8,15,14,21,16,14,14,8,8,,10,11,,20,26,21,,14,16,,20,10,11,17,14,15,17,12,17,26,27,21,23,,,9,12,16,15,15,11,5,13,,17,7,26,24,29,,,27,,,,,23,,,,,,,,,,,,,,,,15,,,,,,,,,,,,,,,,,,,,,,,,,,,,,,,,,,,,,,16,30,27,24,23,26,28,25,28,,,,31,28,32,28,,,21,22,25,22,23,43,,49,47,34,,,36,50,,30,35,20,,25,,17,13,,,5,21,,,16,16,13,,,17,19,5,3,16,13,14,9,7,7,7,6,15,15,16,20,10,8,10,11,8,10,11,8,,10,14,11,,5,8,9,11,10,9,10,8,11,14,13,9,,,10,14,17,14,14,8,11,12,13,5,11,11,12,10,8,12,6,,,7,12,10,17,7,7,,15,11,10,,13,18,13,,18,19,8,17,16,23,28,,19,20,15,19,23,12,24,23,,27,8,8,12,11,14,,22,,35,,,,11,10,13,15,32,26,,21,,18,18,18,16,15,17,20,,25,22,24,,,20,21,22,,21,19,19,,,17,11,14,20,14,9,13,34,25,26,21,24,29,27,32,,11,26,29,29,30,,37,38,38,38,35,34,31,35,33,,40,41,40,24,30,29,29,26,23,30,25,,52,43,51,,43,40,42,41,,44,47,38,,49,29,29,35,34,,29,25,10,29,27,28,30,,34,32,37,15,20,,21,14,4,17,6,8,21,26,43,29,11,12,,32,31,31,,20,18,,17,10,24,25,,34,27,30,11,7,24,23,,22,33,23,35,30,28,31,31,6,29,33,30,26,25,37,35,40,43,30,31,32,31,32,5,8,12,11,11,9,12,15,14,14,5,7,7,37,35,37,30,14,17,14,17,20,17,21,23,23,19,21,25,26,56,33,30,27,27,19,21,,23,23,25,7,6,,3,13,7,11,5,20,16,21,19,26,25,18,19,21,25,,,,11,10,,9,7,2,4,8,3,,17,14,13,,,,,,17,16,18,19,11,,10,,5,8,8,11,11,9,,18,21,13,17,,,,,6,7,17,15,13,13,20,,9,9,7,14,15,,16,5,9,12,12,13,11,9,,17,20,18,18,12,10,10,9,12,,13,10,,9,7,,4,4,4,,16,,5,,2,4,7,4,6,7,20,24,21,21,9,12,10,8,,17,19,,16,16,15,,23,19,,22,18,22,,18,18,19,24,,,17,14,12,,12,8,18,108,5,14,20,,22,,,28,15,16,10,13,19,19,23,8,,14,15,15,23,29,33,50,56,52,,,23,20,23,12,,6,16,16,14,7,26,36,38,32,28,25,50,51,,27,10,18,17,8,15,15,,22,,34,40,24,17,8,9,14,8,9,12,13,11,14,4,,,22,24,16,25,,24,29,41,19,,21,12,,,25,15,12,18,32,26,32,24,30,15,26,14,6,14,65,,30,50,,23,23,33,26,14,11,15,39,14,21,10,17,17,26,42,17,26,13,36,13,38,5,39,30,,23,25,21,10,,12,26,10,54,24,27,17,21,19,30,33,25,18,37,14,19,11,46,17,34,23,38,6,8,6,6,,,32,19,36,17,23,5,24,17,,16,36,28,18,26,18,50,34,18,,12,30,25,30,23,5,15,,6,9,10,8,11,10,8,7,9,11,8,7,6,5,26,30,12,14,6,16,19,20,26,32,38,39,38,31,32,23,26,26,20,31,27,30,26,15,24,31,27,7,40,28,26,38,15,8,25,12,29,17,19,44,36,40,40,31,38,38,6,16,6,5,8,15,15,9,15,19,8,10,11,10,12,20,,25,28,22,23,36,32,37,14,37,,37,36,37,41,8,8,10,,23,7,19,25,24,22,12,20,24,33,19,20,36,12,18,15,14,17,29,16,28,36,25,18,7,11,13,15,14,11,22,10,14,14,15,12,7,26,17,14,16,20,23,25,13,13,24,24,26,23,10,25,21,15,22,26,19,24,22,43,34,54,36,16,28,31,19,12,14,14,18,21,20,32,29,48,31,44,30,34,35,6,9,9,9,12,11,7,28,31,26,29,18,22,29,22,34,41,37,35,27,34,35,12,20,43,,39,43,44,34,18,22,16,14,12,12,15,24,25,13,29,26,21,24,32,20,25,27,11,14,9,11,12,,7,12,8,20,32,7,8,10,11,19,16,18,15,14,10,12,11,12,51,39,50,18,,57,22,29,37,26,32,50,37,51,65,47,37,39,43,40,34,31,25,36,42,28,30,57,31,39,17,9,17,30,14,12,9,16,13,7,7,63,80,8,7,46,40,27,9,23,24,37,26,27,28,14,13,21,,15,26,32,43,14,21,22,22,21,40,45,43,42,27,28,26,21,13,10,22,15,15,17,,5,4,20,23,42,68,46,32,,8,16,8,11,9,12,43,27,4,9,24,43,23,27,34,9,18,9,20,7,7,,18,55,16,11,22,9,8,13,17,6,1,28,38,36,38,17,15
20231004,16,PM10,11,13,12,10,11,11,12,10,9,18,11,27,,,11,,21,13,10,,18,,11,12,,14,11,,43,52,40,52,52,47,52,,14,20,,22,,17,21,27,,29,,71,91,68,13,,16,26,,21,22,,18,1,22,34,19,28,26,19,8,16,,11,42,32,46,58,46,,71,48,59,64,20,,,39,25,19,17,31,,9,12,,,13,18,14,29,,20,21,,24,21,21,10,23,,18,14,15,22,13,13,24,7,8,23,30,37,35,31,38,28,22,,35,31,38,8,22,22,22,20,15,23,17,18,28,12,21,22,20,19,21,20,,18,25,25,22,17,17,22,19,22,18,17,14,9,21,,27,27,26,23,22,20,13,17,12,13,7,73,,,,90,80,,83,78,73,,,,34,,31,33,37,29,24,27,24,17,16,,,,21,16,,28,19,29,24,22,,21,36,46,41,39,46,36,28,,32,,58,51,,23,21,,30,25,21,,30,29,27,27,20,22,40,,,25,21,19,22,19,17,30,,32,,,25,,31,28,,49,21,43,26,20,20,,36,38,31,24,26,48,44,35,29,22,14,17,27,22,31,24,29,24,,,43,38,42,37,,56,47,42,36,22,,26,27,19,,36,78,61,73,,70,76,68,71,100,,,95,83,97,92,95,78,67,68,69,80,87,78,73,73,,23,32,20,25,24,17,20,,22,7,38,33,49,28,,34,37,31,46,38,53,46,,44,44,44,40,70,39,44,31,48,55,47,82,32,39,,58,47,37,73,54,49,50,42,46,36,55,50,,46,29,28,61,42,57,,68,44,62,59,,,30,34,43,45,43,38,59,36,45,34,56,,41,29,28,49,59,25,37,29,,,28,28,21,5,,14,10,18,17,8,5,9,,,15,14,13,17,6,,15,31,36,44,,,34,22,29,27,27,22,27,31,31,19,17,,7,11,2,12,12,11,7,6,6,9,9,6,22,14,16,19,,17,17,10,,19,15,16,20,,32,,26,32,,,,,24,,,,30,33,51,51,50,48,62,,30,37,37,47,42,46,38,40,43,41,42,,29,51,52,21,,17,11,17,12,29,29,29,27,31,,30,17,22,16,23,20,19,23,24,18,22,31,32,37,54,55,56,,,66,,80,90,56,75,66,,57,62,,,45,39,38,41,,85,67,48,,39,59,36,63,70,95,31,34,29,36,,,,,,,92,,97,61,53,51,48,58,58,29,27,32,,22,,,35,,42,36,37,67,73,80,93,77,,48,56,48,52,51,43,48,36,27,34,23,27,36,43,58,37,38,36,38,34,,37,30,34,,24,28,,52,36,41,46,46,,71,7,,,101,91,,,,23,16,16,18,68,35,,33,44,,135,120,,135,,31,41,30,,28,16,33,29,33,,18,16,21,26,22,22,,31,21,30,25,26,25,17,17,21,28,28,28,36,37,35,45,30,19,15,17,31,15,,12,7,17,,15,32,17,34,15,22,10,14,15,9,9,19,23,14,,28,25,34,,16,43,35,43,34,,31,46,8,,47,,46,47,50,51,,119,98,,,,86,,70,,94,,,,89,70,87,28,56,,,,22,25,35,20,37,39,,30,35,36,33,36,30,,32,,,26,31,,24,12,30,40,34,35,10,23,28,37,35,29,29,32,33,42,18,23,13,15,14,14,,48,50,50,45,,12,14,16,7,17,15,22,15,,,,,32,25,,21,2,5,20,5,15,11,26,21,27,27,33,15,12,,21,16,,10,4,25,,15,25,,24,21,12,12,10,13,14,11,11,24,19,29,36,,,88,29,20,36,16,23,29,16,,26,6,68,67,61,,,73,,,,,80,,,,,,,,,,,,,,,,31,,,,,,,,,,,,,,,,,,,,,,,,,,,,,,,,,,,,,,41,43,40,41,44,35,42,41,35,,,,44,48,53,46,,,32,39,37,44,37,46,,46,37,55,,,54,57,,19,23,78,,88,,18,16,,,103,21,,,42,56,21,,,20,17,30,18,44,46,24,66,69,47,,64,21,26,21,18,45,36,68,37,88,132,172,88,,59,57,38,,10,11,22,18,40,30,17,25,10,48,19,16,,,15,14,23,31,10,14,31,12,12,14,8,14,15,11,8,15,7,,,12,8,21,4,7,12,,19,37,42,,31,39,36,,39,35,16,28,22,55,77,,23,28,22,34,20,20,25,32,,26,21,25,45,29,22,,19,,24,,,,30,24,12,18,47,39,,17,,25,18,22,42,33,43,98,,27,34,15,,,19,17,31,,30,31,29,,,37,13,20,23,12,29,15,59,52,38,45,23,42,54,44,,46,62,81,67,72,,42,36,50,49,41,39,39,45,39,,44,43,50,38,55,52,44,38,29,40,33,,96,118,91,,94,80,119,90,,134,133,66,,58,44,38,44,46,,49,44,36,41,50,47,52,,33,35,34,44,25,,22,34,5,11,14,8,24,30,25,22,19,20,,33,40,49,,11,25,,46,12,,35,,43,34,32,17,15,20,47,50,64,44,42,56,72,68,74,50,45,33,57,41,46,46,36,46,40,44,16,38,27,34,39,11,22,23,23,29,24,27,16,22,24,15,34,19,36,53,50,40,55,33,,36,38,66,39,29,24,36,42,34,57,49,40,35,37,29,26,22,,34,30,24,14,9,,3,14,10,14,11,27,13,26,24,47,33,35,33,41,37,,,,4,9,,12,14,14,2,9,22,,15,14,10,,,,,,17,25,16,19,13,,6,,2,9,19,14,15,23,,19,27,24,18,,,,,13,27,20,17,13,13,23,,19,,3,29,32,,17,11,14,,11,18,15,,,13,20,13,19,3,5,13,9,21,,26,28,,16,,,4,18,6,,24,,8,,8,5,9,12,7,15,28,31,31,34,15,13,9,10,,24,23,,17,22,24,,40,35,21,28,36,44,,23,15,29,26,,,16,13,17,,12,29,19,27,9,42,35,,46,,,66,18,11,17,52,50,22,23,14,,13,29,24,66,69,77,110,82,83,,,29,28,26,23,,24,27,53,23,8,60,30,40,14,12,11,46,51,,105,24,24,25,21,26,26,,22,,51,42,41,22,8,20,36,40,27,25,20,9,29,2,,,15,31,25,13,,46,19,31,21,,64,21,,,70,16,18,31,73,80,87,68,68,27,29,21,8,11,127,,12,93,,34,29,52,50,56,11,31,28,12,20,10,43,28,10,124,20,41,82,66,16,51,6,50,28,,25,22,24,36,,23,22,13,,12,46,34,36,37,120,,38,27,48,29,31,17,81,114,53,32,51,12,23,15,6,,,16,57,46,45,62,7,33,36,,32,80,48,24,10,35,96,25,16,,26,24,17,30,26,25,33,,14,21,28,23,28,44,29,17,24,11,18,8,10,29,28,65,26,15,17,20,,23,32,38,51,39,46,47,56,45,51,34,32,55,40,39,19,34,34,33,26,21,41,14,17,14,20,39,68,21,42,18,18,84,81,67,65,35,48,63,20,22,3,23,13,17,14,21,20,21,16,13,17,6,8,23,,24,31,28,92,41,54,29,31,58,,53,53,58,73,12,10,16,,21,9,21,20,26,42,28,24,24,24,44,34,69,,31,34,32,30,59,27,39,53,9,8,12,18,26,24,32,22,52,29,21,20,12,20,7,52,24,24,21,55,56,54,24,31,32,42,25,38,46,55,44,41,38,27,40,46,36,56,8,102,44,9,11,9,66,24,22,20,16,25,26,81,94,100,100,119,39,35,44,15,,11,4,,17,46,12,8,12,48,19,13,56,66,85,27,96,84,54,59,56,24,61,56,,62,40,46,26,25,21,7,20,11,17,21,62,23,44,33,32,36,55,36,30,43,36,14,25,32,26,19,,24,24,24,21,18,6,11,15,12,21,13,28,20,38,24,36,21,21,98,41,55,41,,33,23,18,10,15,20,96,82,20,18,11,57,34,28,22,19,18,71,74,119,45,35,97,59,39,9,23,15,66,28,,16,25,23,17,22,321,314,11,10,22,19,40,18,34,61,40,39,34,36,25,16,25,,22,80,47,44,21,31,21,65,95,48,48,35,95,32,74,31,22,24,19,22,27,28,23,,12,,40,76,57,122,150,56,,10,13,12,10,22,21,78,58,20,9,40,83,35,19,11,30,11,11,7,12,9,16,59,112,99,35,102,26,25,44,49,5,9,40,29,61,48,20,33
20231004,16,PM10_24h,23,18,24,22,24,23,24,49,36,25,20,23,,,63,,61,54,66,,54,,58,55,,57,61,,81,88,85,82,87,84,71,,64,66,,59,,56,52,57,,58,,73,75,74,99,112,98,120,,96,23,,27,25,19,39,38,40,41,28,48,50,,49,67,57,66,73,73,,93,99,87,92,71,,,95,95,68,68,82,,20,21,,,16,20,21,16,,35,34,,29,43,31,29,31,,26,64,52,61,56,48,53,46,59,44,35,31,29,28,26,27,19,,26,27,30,17,18,20,28,21,20,21,22,22,22,16,27,22,23,20,21,21,,20,23,23,21,24,25,29,24,27,29,24,26,22,21,,25,26,24,24,22,24,15,17,15,17,13,56,,,,50,48,,53,51,43,,,,31,,24,33,28,24,26,25,21,26,29,,,,30,27,,28,28,27,26,26,,30,33,42,43,42,47,36,30,,28,,38,41,,34,28,,35,28,25,,28,29,31,37,18,25,31,,,28,20,20,34,33,36,37,,37,,,27,,27,27,,32,23,29,18,22,20,,50,41,43,40,39,34,37,33,37,30,30,28,39,29,35,35,35,35,,,39,35,40,39,,52,55,36,30,23,,30,31,18,,31,54,50,56,,56,67,55,60,43,,,48,47,48,46,46,48,59,55,52,57,62,59,58,57,,21,23,21,23,21,22,19,,20,20,21,26,21,24,17,21,23,24,35,28,54,54,,52,72,49,43,55,44,47,36,42,47,43,56,39,49,,44,43,41,60,38,38,38,38,47,49,52,47,,40,47,46,46,50,43,,43,41,38,46,,,51,45,46,48,45,44,58,66,45,43,38,,31,32,33,31,33,38,36,63,,24,26,23,23,12,,24,11,19,27,15,13,18,,,17,24,17,26,19,,34,32,34,39,,,36,28,25,25,27,25,30,29,30,24,19,,17,11,17,18,20,17,14,13,9,11,16,9,22,21,23,20,21,17,23,13,,29,23,21,22,,42,,38,40,,,,,40,,,,61,72,62,67,70,58,61,,43,27,27,27,29,29,34,34,32,32,35,,25,34,29,22,,26,19,22,19,40,32,27,30,35,,39,33,47,23,27,24,25,23,22,22,32,39,32,33,45,42,46,,,74,,72,81,72,60,84,,77,76,,,77,81,72,82,,61,64,82,,76,70,70,63,58,46,42,38,30,48,,,,,,,67,,85,66,52,71,44,42,48,25,30,34,,71,,,35,,34,31,38,45,45,52,48,54,,37,46,34,34,41,29,40,36,31,38,32,34,39,39,50,44,39,45,39,30,,34,32,37,,40,39,,56,52,64,58,29,,42,13,,,92,81,,,,30,32,26,34,59,59,,55,69,,106,97,,108,,82,79,96,,77,49,22,21,19,,32,36,37,47,37,47,,35,30,29,29,27,33,27,32,47,26,25,29,28,42,26,35,29,23,23,25,31,24,,14,14,15,,10,33,28,30,30,31,18,19,14,19,16,24,27,26,,22,24,25,,18,23,22,26,20,,22,27,12,,54,,59,51,46,51,,81,75,,,,80,,72,,71,,,,80,53,63,42,51,,,,16,15,21,16,40,41,,26,26,31,24,26,25,,26,,,23,22,16,18,8,41,45,41,47,20,26,23,31,38,41,49,37,47,34,22,21,20,21,17,25,,44,50,47,42,,20,29,21,16,30,35,42,34,,,,,52,41,,39,10,21,23,17,20,18,22,23,24,21,23,19,17,,23,21,,32,36,41,,30,40,,46,15,15,24,20,24,29,22,24,33,33,30,35,,,34,34,69,54,73,61,17,24,,26,18,86,90,98,,,55,,,,,47,,,,,,,,,,,,,,,,39,,,,,,,,,,,,,,,,,,,,,,,,,,,,,,,,,,,,,,27,43,43,44,49,53,44,55,48,,,,68,74,66,59,,,55,71,56,64,66,90,,99,82,53,,,59,72,,55,60,62,,81,,49,33,,,45,24,,,48,47,23,,,23,23,22,21,37,37,35,36,30,26,31,35,27,30,28,35,28,27,39,25,28,31,47,24,,38,38,23,,14,12,24,26,28,24,18,29,22,33,26,24,,,28,22,24,47,13,22,27,26,13,13,15,19,27,20,20,19,12,,,12,23,24,28,11,14,,14,31,32,,24,28,21,,30,29,20,32,26,38,55,,34,35,40,45,33,28,30,31,,31,32,27,24,21,23,,35,,44,,,,24,29,20,34,49,43,,31,,27,24,26,35,33,37,57,,38,30,42,,,28,30,31,,31,37,29,,,32,21,22,22,22,34,20,48,37,39,34,31,53,55,48,,42,43,50,46,47,,55,50,68,51,52,56,52,53,55,,65,63,58,36,48,49,42,41,43,53,50,,80,79,73,,73,59,80,54,,83,87,59,,58,55,49,56,54,,42,37,28,37,48,40,57,,50,47,45,45,45,,37,44,7,32,17,14,37,40,38,38,31,26,,47,47,49,,29,31,,32,18,36,38,,46,38,35,26,17,25,45,38,36,49,41,44,49,43,45,43,32,30,48,37,43,49,43,48,47,53,45,46,43,42,42,10,16,23,23,21,23,19,20,23,21,11,16,14,67,81,82,70,28,40,26,38,44,47,39,42,29,41,49,39,58,60,51,39,42,31,29,35,,46,38,36,18,15,,7,24,20,21,16,28,20,22,25,41,31,31,33,42,33,,,,19,20,,19,15,15,10,13,22,,25,21,20,,,,,,29,27,23,24,22,,14,,6,13,15,16,16,22,,24,28,21,26,,,,,13,14,23,22,23,21,26,,18,11,11,23,18,,22,10,24,16,12,16,13,13,,24,33,27,26,20,11,17,16,29,,25,18,,14,8,,7,13,11,,31,,11,,6,9,13,12,14,13,57,76,66,58,12,21,16,18,,36,32,,20,22,29,,36,42,27,40,35,44,,34,26,32,32,,,35,25,15,,16,25,18,18,6,39,66,,58,,,75,26,20,19,52,59,63,74,19,,37,27,30,87,88,94,176,179,156,,,54,43,52,18,,30,33,35,36,12,56,54,51,60,56,50,83,100,,75,28,28,26,23,32,25,,33,,55,65,36,23,19,20,37,28,28,33,31,19,26,6,,,54,48,31,54,,67,53,71,26,,31,19,,,52,27,32,30,43,45,61,47,57,22,40,24,22,21,111,,55,62,,34,40,43,36,41,19,28,74,22,40,23,34,34,54,79,23,43,41,71,18,66,7,79,45,,26,30,24,31,,31,67,22,58,31,45,27,29,27,79,73,38,46,62,25,28,24,65,50,55,30,76,15,14,15,14,,,33,47,77,21,37,10,38,33,,27,63,52,25,47,33,79,58,33,,29,42,36,42,37,20,35,,16,21,23,22,25,32,27,21,20,27,18,61,18,29,31,53,22,19,16,27,35,31,37,48,59,50,75,51,56,39,44,44,40,56,46,53,32,33,39,47,53,15,67,56,64,71,25,26,51,20,38,29,28,68,64,56,54,46,45,50,14,18,9,13,17,23,24,23,23,23,16,15,11,16,14,32,,31,31,31,56,66,55,72,34,72,,62,81,87,77,13,16,16,,40,9,23,33,25,29,23,32,42,39,48,40,56,26,38,34,33,30,59,22,40,73,43,35,22,21,25,27,26,22,42,25,28,27,22,23,15,36,24,32,37,63,53,59,33,35,34,53,29,36,49,47,39,30,30,33,29,47,36,82,57,104,93,32,53,56,59,26,23,23,30,36,30,57,71,76,63,87,48,50,58,13,12,23,10,23,26,33,39,42,36,39,30,36,77,45,72,75,71,78,55,52,67,27,43,87,,77,80,93,69,49,74,22,46,16,25,32,54,42,43,51,37,36,44,50,34,36,36,17,26,27,21,22,,25,17,25,29,29,13,14,21,20,30,25,34,28,25,21,39,34,31,80,58,79,47,,88,63,66,66,72,63,104,68,87,126,86,96,101,98,96,87,89,58,61,98,43,41,93,53,52,19,26,21,54,25,24,18,23,26,21,40,216,207,15,11,71,98,68,46,40,53,61,46,44,45,32,19,26,,22,57,54,54,18,29,38,39,53,74,79,75,76,63,72,42,38,23,23,31,29,34,31,,11,2,35,99,61,100,95,50,,20,35,15,22,32,25,61,53,22,15,50,77,30,66,58,22,31,22,37,19,17,23,44,92,35,28,52,28,27,26,38,11,10,43,81,60,76,37,25
20231004,16,SO2,3,3,3,1,1,1,3,3,3,1,3,3,,,6,,3,5,4,,6,,4,3,,5,3,,3,3,2,2,4,4,1,,3,3,,3,,9,10,9,,4,,9,9,11,2,,5,4,,3,3,,1,1,6,7,6,4,1,2,1,2,,5,4,10,6,2,6,,9,7,5,8,,,,9,9,6,13,8,,6,5,,,8,6,5,6,,6,8,,6,5,7,6,4,,5,6,8,9,6,5,5,7,7,3,7,5,6,5,4,7,6,,4,6,4,5,6,5,5,3,4,2,6,6,7,5,7,4,8,7,7,9,,4,6,8,5,5,2,4,3,7,4,5,7,2,4,,8,10,9,8,8,10,6,6,6,6,7,10,,,,9,11,,9,8,8,,,,8,,7,6,7,8,7,9,9,7,8,,,,11,8,,4,2,3,6,5,,8,8,6,9,8,8,7,6,,6,,9,11,,8,5,,6,8,8,,8,6,8,7,5,8,5,,,7,7,6,5,5,4,6,,8,,,4,,4,5,,6,4,6,6,6,5,,4,4,3,3,2,5,5,6,4,6,5,5,7,4,5,5,6,5,,,5,3,3,4,,2,3,4,5,7,,4,5,7,,6,8,6,8,,7,7,7,9,8,,,13,11,10,12,11,11,9,6,7,6,9,10,7,8,,8,6,6,8,7,7,6,,7,4,4,6,5,4,4,3,4,3,2,6,4,7,,3,5,8,5,4,5,6,6,3,6,8,5,5,7,,4,6,6,10,6,6,8,7,7,6,6,8,,7,2,4,8,4,4,,7,6,5,6,,,6,3,12,6,7,6,4,6,6,6,7,,5,6,9,8,8,7,7,6,,6,7,5,8,6,,5,8,5,6,5,5,6,,,8,6,7,6,5,,3,2,3,2,,,4,6,3,2,3,5,5,7,3,3,3,,6,9,9,7,15,7,7,6,9,9,6,6,7,6,5,6,5,6,2,5,,5,1,4,7,,,,8,8,,,,,6,,,,7,7,10,5,3,6,7,,14,8,4,7,10,,5,5,4,5,4,,3,4,5,12,,15,12,11,14,6,17,4,4,4,,4,7,3,13,10,12,9,8,8,6,9,6,8,8,7,6,4,,,10,,10,9,8,8,8,,9,5,,,8,10,8,6,,16,14,7,,5,5,5,11,7,10,5,4,7,2,,,,,,,17,,7,10,8,9,10,8,10,3,5,8,,6,,,13,,13,6,7,7,8,10,11,10,,11,9,8,7,8,8,10,8,8,10,3,6,7,8,6,7,5,5,5,9,,7,7,8,,4,6,,7,6,5,4,6,,5,5,,,5,6,,,,8,6,11,7,14,13,,17,18,,17,17,,18,,9,10,11,,7,9,8,13,8,,5,10,9,8,8,6,,5,5,8,7,7,7,6,12,8,9,9,6,7,8,8,6,8,7,7,8,11,6,,5,2,5,,4,5,5,5,5,5,5,4,4,2,4,7,7,5,,10,9,8,,6,7,8,7,9,,10,8,9,,4,,1,3,3,2,,15,15,,,,6,,8,,8,,,,10,8,9,6,6,,,,6,5,8,6,5,5,,7,6,7,7,4,3,,6,,,5,6,,3,9,4,8,8,6,7,4,4,5,8,5,7,,7,5,4,3,4,4,7,7,,7,6,6,8,,8,8,6,4,4,4,4,3,,,,,1,3,,3,2,2,2,2,3,3,6,9,2,2,9,2,4,,2,3,,7,1,4,,8,5,,4,8,3,7,6,6,7,9,6,4,4,2,6,,,8,5,10,18,6,4,9,6,,11,6,9,7,9,,,8,,,,,11,,,,,,,,,,,,,,,,8,,,,,,,,,,,,,,,,,,,,,,,,,,,,,,,,,,,,,,6,12,,10,10,7,5,6,13,,,,6,5,8,6,,,7,8,,10,8,15,,19,20,5,,,4,4,,8,8,6,,8,,8,9,,,4,5,,,4,4,7,,,1,3,9,12,14,14,10,2,1,8,,5,8,8,7,8,5,7,4,3,5,6,6,3,,2,6,30,,7,5,6,8,6,3,6,7,6,6,6,5,,,5,10,9,11,12,8,8,6,3,6,5,8,3,1,4,2,1,,,7,4,14,4,2,6,,6,3,4,,6,5,3,,6,5,5,7,2,10,9,,6,6,8,7,4,6,8,6,,7,4,4,6,8,6,,7,,8,,,,4,9,8,5,8,6,,6,,4,6,5,8,7,8,7,,6,4,8,,,4,5,4,,3,5,2,,,5,4,4,7,7,5,12,20,22,14,20,28,10,10,15,,7,12,14,20,18,,18,6,11,5,18,13,10,10,10,,7,7,15,1,5,2,3,4,,10,2,,16,21,20,,10,9,12,8,,6,7,8,,8,7,4,7,3,,6,4,8,8,7,8,8,,7,7,6,5,5,,8,6,9,7,7,6,7,8,7,8,4,4,,8,5,3,,8,9,,13,7,8,8,,7,6,6,10,8,13,15,8,11,11,5,6,8,,7,10,6,4,5,4,4,3,4,4,5,3,8,6,7,5,6,4,1,2,5,2,3,3,2,7,4,6,6,9,8,10,8,7,17,7,18,7,5,9,5,6,4,10,6,5,4,21,18,10,10,4,7,8,,6,6,5,6,3,,2,6,7,6,7,6,6,6,7,4,8,9,9,7,9,,,,4,6,,7,6,9,9,10,6,,8,6,8,,,,,,5,4,4,8,6,,5,,7,7,15,15,14,13,,7,7,6,6,,,,,1,1,5,4,4,5,5,,3,6,5,9,7,,8,9,8,,5,6,4,4,,7,6,6,9,6,9,4,6,3,,7,4,,7,7,,6,9,2,,5,,6,,5,7,8,5,7,7,8,12,12,13,9,6,6,5,,52,36,,11,6,4,,8,6,2,4,5,12,,5,6,2,3,,,9,4,3,,7,13,10,10,9,10,9,,10,,,32,5,2,6,6,5,3,12,10,,6,8,8,6,7,2,3,5,5,,,11,10,11,5,,4,21,32,2,9,2,15,5,5,4,4,3,20,,5,12,5,2,8,4,4,,4,,9,5,6,6,6,7,6,10,5,6,5,6,6,5,,,4,6,7,6,,4,8,7,6,,7,8,,,8,6,7,8,12,11,10,11,10,7,9,6,6,7,18,,4,4,,3,3,5,5,4,8,3,2,4,6,3,5,4,5,14,6,4,11,9,2,7,7,5,7,,7,6,6,7,,1,9,6,7,5,7,5,8,6,17,,13,4,16,8,7,4,5,4,9,9,9,7,7,6,4,,,7,6,2,5,9,6,5,6,,5,12,15,6,8,5,9,5,6,,5,8,6,12,28,5,7,,4,7,10,6,12,7,6,8,3,6,11,8,10,6,6,10,9,8,8,8,19,7,5,5,5,4,6,8,8,6,3,5,7,7,6,7,6,8,4,8,2,2,7,5,5,4,9,2,8,,7,6,6,6,8,12,9,6,2,2,6,4,7,10,10,5,8,11,17,14,2,7,8,10,10,1,,2,7,9,10,5,5,11,6,7,,11,6,6,8,8,4,5,,8,3,8,8,7,7,4,7,7,3,6,9,22,4,5,5,6,6,3,4,10,7,3,3,11,10,4,7,3,7,8,2,9,7,7,11,6,12,6,6,7,4,4,10,9,11,5,8,7,7,8,7,6,8,7,4,8,8,7,3,4,8,8,3,8,6,7,3,7,,6,9,5,6,12,25,12,11,8,10,5,9,,11,6,8,5,2,3,5,4,3,6,7,7,7,11,10,12,15,8,8,8,3,10,4,,4,10,11,6,36,5,6,6,8,2,7,3,1,6,6,5,3,5,11,6,4,6,4,4,1,5,4,,7,4,6,8,7,6,7,4,9,6,7,6,6,4,6,10,9,7,17,16,20,29,,5,5,3,3,3,3,9,10,2,5,8,11,8,10,8,5,11,10,8,11,1,5,22,8,10,7,10,6,10,5,4,4,5,4,8,3,5,4,6,4,9,9,4,12,7,7,7,4,8,8,7,1,7,,10,8,1,1,8,6,1,11,9,10,4,12,9,8,37,8,6,6,5,5,8,4,4,,5,4,6,5,6,16,10,,,1,3,2,1,8,14,12,8,13,11,,13,6,2,3,3,3,3,3,6,5,7,8,16,5,4,5,4,6,4,5,7,4,8,7,9,7,6,9
20231004,16,SO2_24h,3,2,3,3,3,3,3,3,3,1,3,3,,,8,,5,7,6,,7,,6,6,,8,4,,9,4,4,7,5,8,6,,2,5,,2,,11,11,12,,8,,8,10,11,6,7,7,7,,8,2,,2,2,6,8,7,7,6,3,2,2,,6,7,9,8,5,9,,17,12,11,14,8,,,8,12,8,16,9,,5,6,,,8,6,5,7,,10,13,,8,7,11,9,7,,7,7,10,9,8,8,6,8,10,6,8,5,6,5,5,7,6,,5,6,5,6,6,6,5,3,4,4,7,8,7,6,8,4,9,7,8,8,,4,6,7,5,5,3,5,4,8,5,5,7,3,11,,8,10,9,8,8,10,6,6,7,6,7,9,,,,6,8,,6,7,7,,,,10,,7,9,10,9,6,8,11,9,9,,,,12,10,,5,4,4,8,8,,9,7,8,10,6,8,7,6,,10,,9,9,,8,5,,7,8,8,,9,6,9,7,6,8,5,,,7,8,7,6,5,4,6,,8,,,3,,5,5,,6,4,6,6,5,5,,4,4,3,4,2,6,6,6,6,6,5,5,7,4,5,5,6,6,,,5,3,3,4,,4,4,4,6,7,,7,6,8,,7,7,5,7,,5,5,5,8,6,,,10,9,9,9,9,9,5,5,6,7,6,7,7,8,,8,6,6,8,7,7,6,,7,5,4,6,5,4,4,4,3,3,2,6,4,7,,3,5,9,4,4,5,6,6,3,6,9,6,5,7,,3,6,6,9,6,6,6,8,10,7,6,9,,8,4,6,8,6,4,,7,7,5,7,,,6,3,12,6,7,8,4,6,6,9,5,,7,7,11,7,8,12,8,8,,6,7,5,8,6,,5,8,5,6,5,5,6,,,7,6,7,6,5,,3,2,3,2,,,3,7,5,3,3,5,5,8,3,7,5,,8,7,9,7,16,8,7,7,9,8,7,6,7,6,5,6,7,5,3,5,,5,2,5,7,,4,,8,10,,,,,18,,,,12,17,7,4,4,5,8,,11,7,4,7,10,6,5,5,4,5,5,,4,4,5,9,,19,9,9,16,31,31,7,5,15,,6,8,6,10,8,10,6,10,10,6,18,10,10,13,7,7,4,,,10,,12,11,14,7,11,,13,7,,,11,14,9,12,,8,9,18,,7,6,8,8,7,11,6,5,7,3,,,,,,,12,,7,9,8,9,8,6,10,4,6,8,,21,,,13,,11,7,12,8,9,10,11,9,,10,8,9,9,8,7,11,11,14,13,3,6,8,7,6,7,5,6,5,10,,8,8,7,,5,8,,9,8,6,6,6,,11,5,,,13,11,,,,11,10,13,9,11,13,,17,19,,15,16,,17,,19,11,17,,12,11,10,14,9,,6,11,11,13,13,7,,11,8,10,8,8,10,7,15,21,8,14,6,9,15,12,9,11,7,7,8,10,7,,5,2,5,,4,5,6,6,5,5,6,4,4,8,5,7,6,5,,7,8,6,,5,7,9,7,10,,11,8,11,,5,,4,3,3,2,,10,10,,,,5,,5,,8,,,,8,8,7,7,7,,,,6,5,8,6,6,6,,7,6,7,6,4,3,,8,,,4,7,9,3,9,4,10,8,7,6,4,4,5,12,7,9,10,9,8,3,3,4,5,7,7,,7,5,8,8,,8,13,7,5,5,5,6,4,,,,,4,6,,5,6,2,3,2,3,3,5,7,2,1,6,4,5,,2,3,,7,2,6,,7,5,,5,8,5,7,6,7,8,10,6,4,5,3,6,,,12,4,29,27,29,6,9,6,,9,7,12,7,8,,,6,,,,,9,,,,,,,,,,,,,,,,9,,,,,,,,,,,,,,,,,,,,,,,,,,,,,,,,,,,,,,6,3,3,3,4,9,7,8,11,,,,7,7,8,6,,,16,20,16,19,19,10,,12,12,7,,,5,7,,13,10,4,,8,,9,9,,,5,5,,,6,5,6,,,2,3,10,12,11,12,9,4,6,9,7,7,10,10,9,13,8,8,5,10,9,13,10,5,,3,6,9,,8,6,9,10,6,3,6,7,6,6,7,5,,,6,11,9,11,11,9,6,7,3,6,9,7,2,4,4,3,1,,,8,7,6,2,2,6,,5,3,4,,5,5,4,,7,10,8,9,1,8,7,,6,6,7,4,3,6,6,5,,5,4,4,6,8,7,,7,,8,,,,5,10,7,5,14,8,,5,,4,6,5,7,7,7,7,,10,4,14,,,4,5,4,,5,10,5,,,5,4,6,7,6,10,11,30,24,23,22,22,15,11,16,,8,6,23,20,12,,17,10,14,6,10,14,9,12,14,,16,14,22,2,5,2,4,5,,11,4,,12,11,12,,8,6,8,5,,4,5,6,,6,8,4,8,3,,5,4,8,7,6,7,8,,6,6,6,5,6,,10,6,9,7,6,6,8,9,7,8,4,4,,9,7,5,,8,7,,9,7,7,6,,6,6,6,10,8,14,17,6,9,13,8,9,9,8,7,10,4,3,4,4,2,4,5,4,5,4,8,7,7,6,8,4,1,3,6,4,4,3,2,3,4,6,6,8,15,10,10,11,8,5,8,12,8,9,6,6,5,11,8,24,21,23,30,7,8,5,8,9,,13,6,5,6,3,,2,5,8,7,7,8,8,6,9,4,7,8,9,7,7,,,,4,7,,7,6,10,11,12,8,,9,7,8,,,,,,5,4,5,8,5,,5,,7,7,11,12,11,18,,6,6,6,6,,,,,1,1,5,5,3,5,5,,3,6,5,9,9,,8,9,6,11,7,6,4,4,,6,8,5,9,7,9,4,6,14,,8,4,,7,7,,9,8,3,,6,,7,,6,7,6,5,7,7,9,12,12,13,8,6,6,5,,53,37,,12,8,4,,9,6,3,4,6,12,,5,6,2,3,,,9,5,3,,8,13,11,12,11,11,9,,10,,,13,7,2,6,6,5,3,6,7,,8,8,8,6,7,4,3,5,5,,,10,10,9,4,,4,7,10,3,9,2,12,5,8,6,5,6,12,,6,6,8,5,7,5,4,,4,,10,7,4,6,8,10,8,10,8,9,7,6,5,4,,,5,8,8,7,,6,11,18,4,,7,8,,,9,7,8,8,10,7,10,11,10,8,10,6,6,7,17,,6,4,,3,5,6,6,3,12,2,15,3,10,3,6,5,6,10,8,6,16,8,2,7,7,7,8,,8,8,7,7,,2,12,6,5,6,6,5,10,6,11,9,8,4,19,8,10,4,8,7,8,8,10,7,7,6,5,,,8,6,5,8,8,6,7,8,,5,9,17,7,15,5,8,7,5,,7,7,11,22,48,5,6,,4,8,8,6,9,5,7,8,3,10,10,10,12,7,7,10,9,8,7,8,10,10,5,5,5,7,6,5,5,6,3,5,8,8,13,8,7,10,5,8,3,2,11,7,7,8,8,3,5,8,8,4,4,8,8,9,8,6,2,3,8,5,8,9,10,6,10,12,18,14,5,8,8,9,10,2,,2,8,8,7,6,7,15,6,10,,12,8,9,18,10,5,4,,9,5,10,9,6,7,4,8,10,11,9,10,17,5,5,6,7,7,10,5,10,10,3,3,9,11,4,6,5,8,14,2,9,8,7,11,6,11,8,7,6,4,4,11,9,8,5,10,7,8,8,7,6,15,6,4,9,8,7,6,7,13,10,4,9,9,5,3,6,5,6,8,5,6,9,13,10,8,9,10,7,18,5,16,6,7,11,4,4,7,4,4,7,7,7,5,10,12,11,13,7,8,9,4,8,8,,22,14,14,10,17,24,7,14,8,2,7,3,4,5,8,5,7,8,8,6,2,6,4,4,2,6,4,,7,4,7,10,7,6,7,4,8,5,7,6,6,4,5,16,10,10,11,14,11,28,,8,10,3,3,4,5,9,14,4,7,11,13,10,12,11,10,15,9,9,9,1,5,16,6,10,8,10,6,13,5,4,4,5,5,8,6,10,10,6,4,9,38,6,13,10,7,8,5,8,9,12,9,8,,7,4,4,5,8,6,4,8,9,11,11,17,12,9,14,8,6,7,5,5,8,4,5,,5,5,7,8,7,13,6,6,,2,3,2,2,10,15,10,7,9,14,6,11,6,6,2,3,3,3,3,7,6,8,5,18,8,5,8,4,7,5,4,7,4,8,11,12,13,8,10
20231004,16,NO2,13,2,5,9,18,11,10,17,10,2,8,18,,,8,,13,10,12,,11,,11,10,,8,12,,9,8,14,7,11,11,17,,3,6,,6,,14,18,12,,3,,21,26,15,14,,9,13,,,4,,5,5,2,3,3,3,7,1,15,12,,15,12,13,10,8,14,,11,15,18,12,13,,,20,,13,13,10,,6,11,,,9,5,8,10,,9,10,,7,6,8,12,17,,4,12,12,9,18,9,10,5,11,9,11,14,11,6,6,12,5,,6,6,6,5,14,12,8,9,15,10,13,14,7,10,7,11,14,19,12,10,,17,11,17,14,4,10,7,6,12,5,9,10,8,6,,16,8,12,14,9,9,9,11,11,7,11,23,,,,29,22,,24,21,20,,,,11,,13,14,14,18,17,17,11,9,10,,,,1,7,,14,6,7,9,9,,23,,12,11,13,12,5,8,,10,,16,10,,18,13,,17,19,12,,19,15,14,15,13,15,11,,,6,13,9,6,4,6,10,,17,,,22,,8,8,,14,8,10,8,6,7,,19,,9,11,14,11,14,16,16,12,9,6,8,4,8,18,15,17,,,7,8,6,5,,4,5,13,10,12,,21,12,11,,13,26,21,40,,,22,32,21,18,,,26,24,23,22,35,26,41,42,34,35,44,41,33,40,,22,22,20,19,23,23,15,,14,18,20,8,11,8,16,14,14,13,10,8,25,12,,11,8,10,10,14,5,10,8,15,19,12,16,6,10,,22,9,7,22,12,13,14,14,14,10,15,10,,16,10,6,17,13,12,,16,12,13,10,,,11,8,18,11,6,2,10,10,12,14,13,,7,5,18,9,13,8,7,7,,,9,6,6,6,,12,10,14,34,28,32,19,,,19,36,19,16,38,,11,18,17,18,,,20,4,6,11,4,6,4,12,11,7,6,,12,9,7,10,15,8,8,7,7,4,8,7,31,24,34,28,26,23,22,24,,24,12,26,29,,13,,20,35,,,,,10,,,,12,9,18,25,10,16,16,,6,16,14,17,14,15,16,16,14,16,15,,7,14,12,14,,13,13,14,8,11,8,11,8,10,,9,14,12,9,12,10,16,14,20,15,14,7,7,11,12,16,12,,,22,,31,42,29,25,11,,11,15,,,13,15,8,11,,25,19,13,,20,28,16,23,33,4,11,9,4,10,,,,,,,40,,42,11,15,9,20,16,18,9,4,9,,4,,,4,,2,3,1,16,14,16,22,10,,8,9,23,14,11,14,6,7,12,10,7,5,5,7,6,6,5,6,5,7,,7,4,11,,6,3,,4,5,10,8,7,,10,6,,,38,41,,,,7,6,4,9,12,16,,12,11,,36,33,,29,,14,16,16,,16,14,8,25,10,,7,13,10,13,10,11,,5,7,6,5,4,6,10,21,12,10,12,8,12,10,7,8,7,10,13,5,16,9,,5,8,6,,7,8,8,6,1,5,5,9,6,15,8,13,17,5,,23,12,22,,8,15,18,26,13,,18,17,8,,28,,21,29,14,17,,31,24,,,,30,,40,,40,,,,26,22,19,34,20,,,,26,25,12,,8,8,,9,22,19,16,9,6,,9,,,2,8,,4,6,4,8,5,8,6,3,4,5,6,7,8,7,8,5,9,4,10,13,14,24,,14,13,18,13,,6,7,7,4,15,12,16,15,,,,,22,6,,6,4,12,10,9,16,10,13,11,7,5,9,5,5,,17,15,,12,6,25,,15,19,,19,14,14,14,15,15,13,15,12,17,19,25,19,,,12,5,5,8,10,9,5,7,,14,3,5,4,6,,,20,,,,,29,,,,,,,,,,,,,,,,6,,,,,,,,,,,,,,,,,,,,,,,,,,,,,,,,,,,,,,18,13,10,15,12,14,11,15,19,,,,16,22,25,32,,,11,13,10,10,12,25,,21,26,13,,,10,14,,11,9,60,,58,,11,13,,,8,6,,,5,6,3,,,6,5,5,,12,10,7,11,7,7,,8,11,7,3,5,5,8,15,5,5,6,6,3,,10,10,6,,7,4,11,6,4,4,12,3,9,10,5,7,,,7,5,5,5,3,2,7,9,4,9,4,3,12,5,7,11,2,,,4,10,13,1,9,8,,3,6,10,,19,11,11,,14,10,14,8,6,24,15,,7,11,15,13,9,8,17,19,,19,5,6,11,13,7,,18,,19,,,,15,11,13,7,11,8,,16,,12,21,16,11,5,8,9,,4,8,8,,,3,6,3,,6,6,4,,,9,6,8,6,10,4,10,24,25,24,22,9,11,13,15,,11,18,20,14,17,,5,13,7,14,11,10,13,13,17,,24,19,27,3,11,9,9,9,11,10,12,,38,34,38,,56,51,60,35,,29,32,26,,17,14,17,10,14,,37,22,20,15,17,15,15,,11,10,9,12,22,,8,12,6,22,10,6,16,18,19,15,8,13,,12,12,12,,11,14,,3,2,8,14,,9,13,9,10,19,15,11,15,11,14,9,5,16,,10,10,7,13,11,11,14,13,12,10,9,13,7,10,10,9,10,4,8,4,6,4,3,8,5,13,5,5,8,10,6,3,5,8,26,12,28,7,4,16,7,5,5,5,2,7,7,9,6,9,8,8,6,8,,7,4,2,5,9,,6,4,9,22,14,11,15,15,16,21,26,26,13,14,30,,,,6,8,,5,16,21,17,20,29,,20,11,9,,,,,,5,9,12,6,21,,4,,1,2,5,7,6,5,,6,3,5,3,,,,,4,5,6,4,4,4,13,,1,4,3,16,12,,6,6,5,,7,8,3,4,,4,,4,5,5,5,5,3,7,,3,11,,7,5,,5,6,7,,5,,3,,2,3,6,10,7,11,10,15,13,16,9,13,13,6,,,9,,10,9,11,,10,9,16,10,10,10,,,6,2,13,,,13,2,13,,6,17,12,2,5,4,16,,12,,,29,18,8,9,12,9,7,5,16,,9,8,8,6,12,1,8,11,8,,,13,7,13,6,,16,8,14,4,5,15,8,1,11,15,3,10,21,,44,14,9,11,15,11,12,,15,,10,24,18,5,6,6,4,14,16,9,5,6,23,5,,,11,15,12,6,,9,9,12,2,,22,12,,,34,7,12,6,22,24,33,12,22,12,6,26,16,27,28,,8,29,,14,5,14,16,26,3,11,4,4,36,17,12,6,10,42,32,8,9,31,4,25,4,13,7,,3,3,3,14,,3,11,39,23,12,41,7,10,9,30,,36,9,21,25,13,25,39,10,21,25,10,6,10,16,18,,,11,14,9,21,25,2,9,12,,8,20,13,12,10,9,,6,17,,6,16,14,8,15,11,7,,6,10,26,20,20,34,14,8,1,9,9,8,2,10,13,18,10,15,6,6,9,4,4,9,25,10,8,15,22,9,12,8,10,16,7,6,3,6,10,7,3,2,11,9,12,5,8,19,21,8,9,17,14,50,36,23,22,11,23,28,4,4,5,14,12,7,10,5,10,16,16,23,8,20,15,16,,17,12,19,30,12,21,6,9,11,,28,14,15,46,4,4,6,,12,8,20,19,4,12,4,11,3,4,6,7,13,10,16,20,16,14,10,15,19,9,10,5,10,2,10,6,11,13,12,2,24,8,6,6,6,19,7,6,5,16,15,15,10,10,10,5,5,2,17,17,8,6,10,7,8,15,8,14,2,20,9,8,18,11,15,6,14,15,18,20,12,36,39,42,48,51,27,15,12,6,,8,2,26,20,6,15,3,7,18,10,9,17,19,34,4,39,29,14,14,25,8,18,13,,11,8,12,2,16,10,7,11,5,4,6,21,4,12,6,1,10,11,8,14,7,5,1,6,,2,2,,12,8,15,7,12,13,6,3,8,19,13,21,4,17,11,7,8,15,42,13,18,13,,11,14,8,3,2,10,20,17,6,7,9,18,7,7,6,8,12,43,26,38,21,12,34,24,24,17,10,16,24,18,8,24,21,11,9,7,7,5,13,16,17,18,30,12,1,11,13,13,4,11,6,17,20,,14,17,24,18,14,16,6,,24,14,16,4,43,10,27,23,24,32,14,27,18,20,18,,8,2,23,3,12,35,31,11,,7,14,5,15,8,9,38,25,16,11,,33,12,2,3,4,18,9,8,6,8,5,20,31,10,9,15,5,16,4,12,12,5,14,10,21,12,13,10
20231004,16,NO2_24h,20,3,17,16,26,21,21,27,15,6,24,25,,,26,,24,27,30,,26,,32,30,,38,28,,38,30,34,32,30,29,18,,26,36,,35,,28,62,28,,18,,35,50,33,44,44,36,58,,61,13,,17,18,12,28,25,26,28,9,24,26,,26,30,25,25,32,37,,26,45,37,31,53,,,52,62,56,63,41,,18,25,,,19,11,13,13,,14,17,,14,11,12,16,20,,6,17,18,17,20,17,17,14,20,18,15,22,16,14,12,14,9,,14,14,16,7,10,10,9,10,15,14,14,13,8,11,13,14,20,22,15,14,,20,14,18,16,19,23,18,21,19,19,17,21,18,14,,18,14,19,25,13,20,16,17,17,15,16,32,,,,29,25,,35,26,28,,,,18,,23,26,26,28,32,26,18,23,24,,,,16,17,,20,16,14,16,15,,23,30,30,30,34,34,13,18,,14,,26,20,,25,20,,24,22,19,,26,20,18,19,16,15,12,,,12,12,10,15,8,15,17,,19,,,24,,17,15,,10,7,9,8,7,7,,21,20,13,15,18,14,14,14,22,19,15,11,15,10,14,28,17,20,,,7,8,9,7,,13,18,13,9,10,,14,9,10,,10,21,27,35,,32,29,36,26,11,,,22,31,22,24,32,30,28,29,24,32,29,28,32,31,,20,20,18,21,18,23,16,,16,15,16,7,7,7,9,10,10,11,6,6,35,25,,33,42,23,23,31,19,33,11,19,20,20,20,16,21,,14,16,12,27,10,11,12,10,21,26,25,18,,14,32,23,16,13,12,,15,15,12,13,,,21,13,21,24,17,14,14,24,24,36,17,,10,11,16,13,17,18,19,26,,10,19,9,10,8,,20,15,17,25,16,23,21,,,19,30,18,21,26,,15,15,16,17,,,18,7,7,14,5,7,5,11,10,9,7,,18,9,12,13,17,16,16,14,12,9,14,7,26,22,31,24,26,19,24,15,,19,24,25,27,,35,,31,41,,,,,16,,,,35,26,55,51,35,48,37,,15,14,10,13,10,11,14,17,13,16,14,,8,12,10,16,,16,12,15,15,38,21,20,25,34,,12,14,14,14,13,13,19,17,19,16,17,15,14,20,12,15,12,,,39,,33,39,37,28,22,,28,25,,,36,44,39,48,,25,30,28,,40,37,31,46,24,16,16,14,8,26,,,,,,,28,,32,23,22,36,36,27,38,11,8,13,,31,,,6,,3,6,8,14,15,13,13,10,,14,12,13,11,17,9,10,11,11,15,17,14,16,6,5,4,15,11,12,8,,8,10,12,,9,8,,9,10,15,14,5,,22,10,,,33,29,,,,19,17,11,17,30,34,,30,30,,33,36,,34,,64,64,49,,64,22,16,20,17,,12,15,15,22,15,15,,14,16,12,8,10,11,12,22,32,14,14,15,16,21,13,13,11,11,15,13,15,11,,5,6,6,,5,18,22,17,14,18,7,10,7,12,8,21,26,11,,21,11,22,,8,13,15,19,11,,19,17,5,,32,,35,32,20,23,,34,29,,,,25,,32,,32,,,,34,26,21,33,19,,,,27,23,13,20,18,15,,11,17,14,14,13,6,,12,,,3,10,13,6,4,5,11,8,12,8,5,6,9,12,18,20,17,20,20,5,4,9,16,13,15,,22,23,24,21,,9,16,15,8,16,15,14,16,,,,,16,12,,11,5,14,9,12,12,10,12,8,6,5,8,10,9,,18,18,,23,30,30,,27,32,,37,15,13,28,21,25,32,25,28,25,34,31,27,,,14,7,26,21,38,27,12,16,,13,9,43,33,17,,,28,,,,,23,,,,,,,,,,,,,,,,16,,,,,,,,,,,,,,,,,,,,,,,,,,,,,,,,,,,,,,16,19,11,20,23,27,21,22,29,,,,26,29,29,37,,,29,35,29,29,33,42,,51,46,17,,,17,23,,41,40,42,,36,,16,14,,,9,6,,,8,10,9,,,5,4,9,12,12,10,7,13,12,10,7,14,16,15,11,15,9,10,15,10,12,12,14,16,,10,10,5,,8,7,10,14,8,6,12,6,16,20,13,14,,,12,12,10,16,9,9,9,16,4,6,10,6,18,13,15,17,4,,,7,16,11,2,8,7,,3,12,13,,18,18,16,,17,16,21,14,14,22,28,,13,16,23,17,14,12,14,16,,14,6,7,10,15,12,,23,,32,,,,17,13,14,11,21,19,,15,,17,27,22,8,5,7,8,,14,17,16,,,10,12,11,,13,16,11,,,11,4,8,7,8,5,8,24,20,24,18,12,16,16,16,,7,7,10,9,10,,6,12,10,9,13,12,13,16,31,,29,26,17,2,10,8,6,8,15,16,14,,35,32,34,,41,33,40,22,,20,27,31,,28,24,27,20,23,,26,21,20,19,19,16,26,,20,15,16,14,11,,19,13,6,23,6,5,25,30,28,26,17,19,,15,14,15,,11,9,,6,5,10,14,,10,14,14,10,15,15,10,10,9,13,12,7,10,11,12,11,6,12,9,10,10,11,13,11,10,13,8,10,10,9,8,4,6,4,6,3,4,9,7,10,6,5,8,11,28,31,26,30,17,12,15,20,20,19,18,12,11,9,6,10,13,16,13,13,14,12,11,19,,16,11,11,6,7,,8,6,12,11,12,10,15,15,17,16,22,20,12,14,26,,,,7,11,,8,15,23,20,24,23,,22,14,10,,,,,,9,10,13,9,9,,5,,8,4,9,6,7,9,,7,3,6,4,,,,,3,4,6,5,5,7,8,,2,6,6,11,12,,9,9,6,10,8,8,6,7,,5,6,6,7,12,9,5,10,10,,8,12,,8,12,,5,6,10,,7,,10,,2,4,9,10,10,12,38,52,53,48,8,15,14,13,,27,20,,11,11,20,,16,16,26,25,13,11,,13,11,5,16,,,14,12,16,,7,12,13,3,8,9,25,,21,,,26,21,13,14,26,26,38,35,10,,24,15,9,14,21,13,38,43,35,,,33,24,30,6,,17,17,22,13,10,24,22,21,45,37,18,29,43,,43,14,18,17,17,23,18,,26,,33,28,18,7,15,16,9,14,24,15,12,8,20,5,,,25,14,18,21,,27,30,28,7,,26,21,,,39,17,32,11,25,26,28,21,27,18,11,25,15,16,38,,26,23,,11,10,15,14,16,7,8,28,7,33,19,8,8,35,34,30,10,14,54,4,43,11,44,12,,5,4,4,13,,16,26,32,25,17,27,11,15,12,32,27,27,16,28,18,28,30,35,10,27,19,35,8,7,15,18,,,31,20,37,17,32,4,15,19,,16,23,14,18,44,8,27,17,16,,12,33,32,14,20,13,8,,6,14,21,20,23,26,18,11,13,17,16,14,8,16,12,23,20,22,9,11,24,13,11,24,42,30,32,29,36,12,27,17,9,16,16,16,15,8,15,17,12,6,32,23,33,24,15,14,22,16,17,16,17,41,30,25,23,17,23,26,6,7,8,13,14,13,12,7,14,19,12,16,6,26,16,19,,18,13,16,28,46,26,33,12,31,,34,37,39,29,11,8,9,,15,10,25,33,7,11,6,15,13,7,21,13,17,20,17,23,15,16,15,13,15,37,11,9,15,8,19,12,16,29,23,7,29,22,15,15,14,12,12,14,20,55,22,42,16,15,19,8,6,6,23,13,11,8,9,14,8,17,10,22,26,30,46,12,26,46,17,10,19,21,22,32,19,30,24,36,30,36,28,21,29,13,6,13,3,23,19,9,21,18,14,21,21,17,52,16,38,26,27,34,20,34,40,14,26,34,,27,44,48,53,21,37,16,20,13,14,8,22,15,11,15,4,10,13,12,11,9,5,1,11,6,3,3,,14,11,24,10,17,14,8,6,12,19,16,23,7,24,9,22,14,19,33,31,47,24,,43,37,31,36,38,44,41,23,25,51,32,45,32,29,27,31,37,37,24,37,26,25,40,20,31,18,15,16,23,30,20,22,25,11,13,27,22,32,16,11,34,54,26,18,4,20,10,22,17,21,13,20,18,,14,19,34,35,13,15,11,32,33,38,54,38,30,20,27,29,31,28,13,15,24,24,17,,9,3,12,13,17,34,29,16,,14,25,6,22,17,11,30,30,14,18,17,39,12,24,33,15,13,19,27,18,20,6,23,35,14,10,18,11,13,6,16,6,6,21,40,26,37,14,13
20231004,16,O3,62,64,77,66,67,78,65,67,70,70,56,63,,,83,,84,82,88,,89,,77,81,,83,80,,124,137,129,129,125,138,127,,80,85,,78,,100,103,94,,92,,144,151,156,95,,84,87,,95,86,,83,82,92,78,74,82,77,78,72,80,,78,92,91,91,106,102,,108,104,111,111,92,,,85,90,91,96,95,,76,78,,,86,86,83,85,,71,72,,73,75,72,73,66,,74,87,89,89,79,90,101,95,90,88,104,62,63,67,68,64,69,,66,70,67,58,42,54,48,49,50,54,48,50,56,47,56,103,107,102,107,112,,110,109,93,100,132,125,135,130,120,126,132,131,135,124,,121,130,131,136,127,131,111,109,103,109,110,136,,,,101,115,,123,110,110,,,,138,,126,115,118,126,118,122,125,117,117,,,,126,128,,135,133,141,126,126,,127,130,138,139,133,136,135,143,,137,,153,138,,103,99,,103,98,89,,100,110,100,94,103,102,108,,,99,97,108,92,97,94,87,,93,,,147,,120,120,,95,101,96,108,118,112,,102,91,89,88,82,91,104,92,92,87,96,96,95,96,93,85,90,91,,,136,130,131,129,,160,150,60,64,70,,62,67,74,,66,139,141,124,,145,144,145,136,143,,,172,177,173,177,155,178,42,34,31,32,39,43,32,26,,41,46,45,47,38,53,47,,58,56,29,51,38,50,38,40,41,45,46,32,164,176,,140,126,150,120,173,93,129,107,141,128,131,171,106,97,,156,108,104,147,241,169,216,149,188,159,157,203,,208,129,118,195,182,196,,222,198,141,205,,,113,130,142,111,114,117,121,118,151,135,160,,121,123,114,128,148,108,104,108,,69,79,78,69,40,,26,16,19,13,7,25,22,,,17,12,17,24,12,,48,57,47,52,,,55,55,87,83,74,81,77,69,74,87,77,,68,61,51,57,43,48,68,71,63,72,61,52,45,44,38,44,47,46,37,50,,35,52,44,30,,83,,70,66,,,,,100,,,,94,86,,81,91,95,84,,92,33,41,46,44,37,40,39,37,40,42,,40,41,51,84,,90,84,88,91,89,86,85,88,83,,85,82,85,86,81,78,74,83,83,76,83,83,88,86,151,149,150,,,128,,107,95,93,108,113,,110,126,,,107,116,114,125,,130,141,136,,116,96,123,119,83,87,87,91,93,87,,,,,,,59,,56,134,138,129,132,150,152,92,94,89,,100,,,85,,88,84,94,189,194,182,209,168,,135,147,166,184,156,158,106,99,100,95,79,73,75,122,123,110,92,89,93,127,,121,113,106,,67,80,,101,96,97,101,96,,86,58,,,57,60,,,,87,81,92,86,139,141,,141,143,,42,60,,76,,110,104,111,,108,112,79,64,81,,78,75,74,73,77,72,,74,70,75,70,73,71,74,68,73,77,72,73,81,79,86,81,81,70,69,75,66,70,,42,40,42,,42,76,72,74,79,77,50,42,46,37,40,112,110,112,,129,125,137,,121,73,65,71,67,,71,78,67,,33,,34,20,34,46,,146,145,,,,42,,35,,25,,,,66,67,69,35,41,,,,46,39,48,34,66,70,,50,35,41,44,58,63,,74,,,75,79,,58,63,83,111,104,119,74,82,91,93,120,112,120,108,117,105,61,65,60,55,56,45,,60,62,57,60,,59,70,71,59,26,48,33,37,,,,,50,64,,62,32,35,36,42,29,35,86,80,90,89,84,70,71,,46,45,,82,79,52,,74,62,,67,64,88,88,80,86,90,87,90,52,62,46,50,,,78,107,106,105,97,100,99,103,,108,96,107,108,109,,,150,,,,,161,,,,,,,,,,,,,,,,93,,,,,,,,,,,,,,,,,,,,,,,,,,,,,,,,,,,,,,34,78,65,73,74,94,96,94,89,,,,90,80,76,67,,,77,74,79,80,76,93,,92,85,59,,,60,66,,98,91,26,,29,,82,81,,,77,68,,,99,102,80,,,57,61,78,80,116,115,112,79,75,75,,80,78,69,73,75,73,71,64,72,77,76,73,74,,59,62,70,,76,79,72,77,62,59,61,65,79,82,86,52,,,68,58,60,58,65,70,63,62,94,50,61,58,54,59,58,56,72,,,80,46,39,,32,32,,59,128,124,,117,119,130,,104,111,115,113,97,115,132,,81,89,88,87,87,87,85,80,,83,77,74,61,137,139,,95,,93,,,,81,85,81,73,98,108,,83,,96,94,92,126,123,138,130,,83,84,82,,,83,82,87,,80,78,82,,,145,42,45,41,40,44,46,23,24,27,30,72,70,75,72,,37,54,46,45,38,,79,80,81,79,80,84,79,83,38,,26,32,27,47,53,49,46,51,85,104,97,,100,105,100,,30,55,36,50,,54,62,79,,85,82,84,88,88,,42,54,51,63,73,78,84,,79,80,80,42,37,,55,45,89,73,65,92,82,76,72,78,54,55,,82,81,80,,60,56,,48,51,56,51,,64,66,62,38,31,45,56,53,62,56,53,65,59,,69,66,62,70,64,70,61,54,57,57,61,53,84,83,82,83,80,58,53,55,61,54,40,72,68,59,72,32,64,58,94,95,116,91,80,111,90,127,116,133,110,113,105,96,87,117,131,131,130,108,112,85,81,86,,112,81,87,60,48,,56,45,38,30,35,46,50,47,44,29,41,44,40,59,44,,,,29,28,,32,21,26,32,28,16,,40,51,36,,,,,,61,57,55,63,21,,45,,56,59,68,68,65,68,,81,82,81,84,,,,,61,60,48,53,68,67,79,,86,53,54,59,62,,47,48,44,,43,46,41,38,,59,53,57,56,52,55,45,57,77,,45,49,,48,59,,54,57,55,,56,,131,,46,45,51,50,53,52,94,82,88,84,53,53,42,85,,100,102,,86,84,105,,97,100,82,93,97,100,,79,81,104,93,,,81,98,83,,108,85,82,50,62,102,81,,76,,,55,77,92,85,120,119,114,106,89,,106,106,106,107,103,113,112,112,108,,,88,89,89,63,,87,94,92,89,76,145,148,153,91,77,82,138,90,,28,67,134,133,107,109,155,,99,,120,123,53,83,60,59,104,62,113,74,70,25,143,43,,,77,76,99,84,,84,89,87,51,,119,130,,,112,123,131,138,109,127,118,150,130,125,88,12,24,7,61,,84,31,,88,83,56,52,86,89,52,102,53,36,74,66,133,80,73,78,99,77,118,69,120,56,116,75,,78,78,73,52,,81,98,5,80,64,35,72,76,74,143,,40,39,35,49,134,49,33,74,75,74,110,63,46,26,24,,,91,111,105,76,150,128,68,128,,107,71,64,137,100,147,36,86,89,,72,85,90,117,105,73,102,,118,106,97,95,102,90,104,109,79,87,90,85,87,81,129,120,120,135,112,140,116,123,94,109,147,115,136,183,194,88,126,113,124,231,152,146,80,125,71,122,105,86,90,86,83,84,114,116,118,139,110,87,84,26,40,82,79,81,27,24,56,62,56,62,30,24,33,36,40,25,19,14,65,41,33,45,,45,59,46,166,136,102,105,99,110,,111,112,118,48,68,74,71,,88,87,78,73,50,63,86,166,108,124,123,106,135,118,108,87,102,106,110,68,88,108,63,76,89,87,138,141,125,126,138,139,128,128,140,132,110,145,120,148,112,100,94,90,89,94,104,117,95,75,106,210,118,115,162,102,132,205,102,110,94,132,115,78,80,84,114,94,111,114,98,92,117,24,39,93,48,45,44,79,87,57,,37,51,12,45,71,64,71,62,28,56,55,125,155,106,105,57,87,140,143,135,93,152,121,,128,122,122,104,93,94,96,74,89,53,133,186,72,148,83,104,100,125,109,111,93,45,87,63,66,80,81,,105,81,69,91,71,30,62,51,59,92,91,93,95,139,99,88,82,84,93,144,147,88,,121,97,81,83,79,72,131,151,88,93,94,90,92,92,88,92,86,45,34,42,20,70,110,62,58,23,30,32,114,50,54,49,42,27,109,105,96,100,28,45,90,106,63,82,86,138,95,205,142,127,108,101,80,,132,112,30,39,62,55,63,139,154,121,124,104,55,71,58,40,56,36,42,43,104,102,100,,45,59,102,111,54,43,146,58,,62,71,66,67,88,83,62,138,84,64,103,47,64,86,82,78,67,53,72,87,88,57,111,145,74,53,64,54,100,73,122,56,57,57,103,109,102,82,106
20231004,16,O3_24h,161,136,165,154,161,174,152,164,148,155,143,152,,,152,,142,142,162,,161,,141,150,,139,136,,169,174,164,168,171,169,175,,155,155,,150,,157,153,154,,150,,154,153,156,187,60,175,169,,191,87,,85,82,92,121,112,131,124,126,154,160,,157,138,135,131,155,141,,166,167,176,168,144,,,162,144,143,143,100,,93,79,,,101,96,96,106,,139,132,,145,140,141,140,139,,141,151,151,156,141,155,170,161,150,144,151,124,129,133,133,137,137,,124,136,130,82,63,75,69,73,67,76,70,73,77,60,72,105,107,105,107,112,,110,114,95,100,132,125,135,134,123,126,137,132,135,266,,134,136,133,143,129,136,122,112,104,118,112,153,,,,114,127,,130,128,128,,,,138,,131,128,125,133,128,126,133,129,126,,,,138,128,,137,134,141,131,134,,134,130,140,144,134,139,135,144,,139,,153,138,,103,99,,110,98,89,,100,110,114,94,124,165,125,,,121,122,136,136,132,131,123,,115,,,147,,127,126,,125,122,117,116,120,121,,166,169,139,145,135,100,108,100,92,87,96,96,95,96,93,85,90,95,,,137,130,131,129,,164,166,89,98,98,,90,98,100,,94,141,141,128,,145,144,145,143,143,,,172,177,173,177,170,178,128,130,134,127,133,136,127,125,,60,54,60,62,63,57,65,,69,71,34,51,44,50,45,45,44,50,46,32,166,191,,198,204,223,144,177,138,151,140,182,180,162,171,116,134,,156,127,114,206,241,169,241,207,198,174,170,203,,208,149,141,202,209,197,,222,198,141,205,,,188,201,188,124,130,144,125,133,151,135,160,,125,129,133,133,148,123,111,108,,75,79,98,78,42,,27,20,52,31,35,54,39,,,27,35,33,34,72,,84,81,74,62,,,78,108,93,92,77,85,82,75,82,93,85,,68,62,70,72,73,70,74,75,69,75,71,71,86,88,91,81,82,78,84,89,,97,91,83,87,,86,,74,75,,,,,148,,,,159,142,119,99,131,132,110,,99,39,47,53,52,42,44,39,41,43,45,,42,50,53,113,,129,115,132,134,92,94,122,115,87,,156,165,163,110,108,104,104,172,170,178,170,154,181,169,160,160,160,,,144,,125,135,127,127,152,,144,146,,,146,153,148,146,,141,141,147,,133,139,138,144,138,144,144,145,147,136,,,,,,,143,,145,147,142,141,138,150,152,158,147,146,,188,,,100,,96,88,116,189,218,208,209,192,,135,147,166,184,156,158,106,107,106,95,103,87,110,130,134,119,92,89,93,127,,121,155,140,,159,169,,129,126,128,133,116,,121,59,,,147,144,,,,111,104,117,101,166,173,,158,184,,136,141,,155,,141,133,148,,144,149,87,78,87,,145,142,132,132,136,138,,124,125,135,132,137,136,124,115,87,127,114,111,152,166,163,145,153,132,133,124,127,136,,63,63,63,,63,76,73,75,79,77,62,63,70,69,67,112,110,112,,129,125,137,,121,80,71,76,74,,87,78,98,,122,,124,118,121,123,,168,163,,,,131,,137,,135,,,,145,142,133,90,93,,,,46,48,54,42,71,70,,55,48,49,48,58,66,,79,,,76,79,47,60,78,83,111,112,119,78,83,91,95,133,122,128,123,128,111,76,83,77,71,84,80,,64,65,62,60,,64,82,78,63,64,84,74,66,,,,,86,84,,83,46,55,52,53,57,50,86,91,92,96,84,81,84,,77,78,,83,79,85,,76,73,,81,67,91,88,81,86,90,87,90,98,86,91,91,,,125,119,164,147,144,159,99,103,,121,96,107,108,109,,,150,,,,,170,,,,,,,,,,,,,,,,161,,,,,,,,,,,,,,,,,,,,,,,,,,,,,,,,,,,,,,41,83,76,78,84,113,114,112,115,,,,133,136,135,134,,,117,112,116,117,118,165,,168,162,98,,,100,111,,144,140,93,,94,,134,137,,,88,68,,,133,129,115,,,77,77,79,82,126,125,116,139,129,133,76,136,148,123,133,145,132,144,128,138,120,122,108,118,,124,129,152,,98,102,97,94,119,108,102,104,84,83,87,75,,,80,72,63,61,73,73,80,68,101,74,69,64,69,61,76,68,77,,,92,74,73,,84,86,,77,128,124,,127,122,130,,114,116,125,118,259,115,132,,86,94,97,89,92,92,91,91,,85,84,80,61,137,139,,99,,97,,,,87,90,91,81,112,109,,83,,96,94,92,129,129,138,132,,91,91,93,,,95,96,101,,89,86,90,,,145,66,60,60,52,56,58,27,41,36,43,101,106,120,106,,113,116,117,115,113,,80,84,81,85,106,111,103,109,75,,65,74,80,97,109,103,101,110,104,133,129,,156,148,145,,143,137,134,127,,139,146,124,,126,134,139,132,131,,114,142,122,134,109,114,108,,110,115,111,49,39,,55,50,96,90,86,99,84,89,95,86,54,55,,92,90,92,,75,77,,64,51,56,51,,90,85,81,43,39,52,63,58,65,65,60,65,59,62,69,66,62,70,64,70,61,88,98,97,96,89,97,84,92,92,80,58,59,55,61,54,42,72,68,62,72,42,64,58,135,153,127,116,91,111,104,127,119,142,131,119,112,112,95,130,141,136,131,108,112,88,99,97,,132,100,118,77,73,,73,74,60,64,65,67,71,62,67,90,88,102,89,100,95,,,,43,44,,39,36,34,38,34,32,,54,66,51,,,,,,75,71,78,78,28,,45,,58,68,68,68,65,69,,96,98,95,98,,,,,107,69,74,75,73,72,89,,87,53,54,74,80,,52,50,47,24,47,52,41,38,,59,58,65,62,64,82,45,64,77,,64,57,,57,60,,58,59,55,,69,,132,,46,47,75,67,71,66,132,122,117,119,59,55,54,86,,116,104,,90,98,111,,127,133,94,97,114,118,,82,82,107,99,,,85,98,91,,111,88,87,56,63,103,147,,138,,,103,82,94,88,124,120,115,106,89,,112,106,106,107,103,113,112,112,108,,,89,89,89,74,,96,116,114,89,82,149,149,179,159,147,146,170,168,,100,137,134,133,125,120,155,,101,,174,149,79,92,62,62,114,62,126,141,140,33,143,48,,,158,161,124,152,,143,153,141,60,,122,132,,,161,126,138,145,122,136,172,162,153,126,92,32,44,47,138,,144,122,,121,172,88,79,107,108,80,191,55,92,80,99,133,145,137,81,158,93,140,69,136,60,139,79,,78,78,73,63,,82,151,20,131,82,96,76,81,77,157,62,99,41,77,63,134,74,140,127,120,86,169,73,55,61,49,,,94,117,151,86,153,128,69,129,,107,150,101,137,144,152,133,160,89,,144,92,90,120,108,73,114,,118,110,108,97,102,94,108,109,114,111,131,126,116,89,132,140,121,140,119,143,116,127,120,167,169,141,227,215,211,121,181,168,156,231,162,152,110,125,147,189,134,108,136,167,145,143,114,128,118,139,114,87,84,124,147,135,136,116,127,133,70,76,67,84,34,37,42,36,61,50,30,30,67,48,39,68,,80,78,101,172,157,133,176,148,176,,135,150,150,131,68,83,82,,160,93,83,90,56,65,86,166,130,124,123,118,137,123,131,107,120,128,123,75,101,172,140,148,129,111,139,141,125,127,147,139,134,132,140,141,119,180,124,148,122,133,110,116,92,122,131,170,95,115,113,210,138,121,162,122,132,206,151,161,165,162,152,151,166,140,122,94,111,114,103,100,117,137,144,118,136,137,145,135,121,64,74,37,51,66,45,130,81,72,90,69,77,87,142,155,132,160,156,126,156,150,147,162,159,167,,151,151,154,141,140,144,99,146,89,76,133,186,146,156,155,104,100,130,109,111,105,59,87,71,86,80,81,,107,85,81,92,71,36,67,61,62,97,99,121,134,139,119,113,111,125,197,207,147,120,,179,153,148,150,135,154,165,154,173,173,178,199,188,191,188,187,184,145,119,124,118,140,154,136,96,26,48,39,142,102,77,82,94,53,109,120,114,117,61,73,153,134,134,139,94,159,142,214,189,201,126,102,80,,132,120,120,128,84,84,86,142,154,139,147,153,148,138,103,85,72,46,49,53,104,130,174,,63,70,162,111,103,127,153,104,,163,174,147,162,111,83,155,138,116,76,134,132,96,158,147,111,165,152,147,100,91,79,114,157,81,70,71,73,126,137,126,62,59,70,178,138,174,160,112
20231004,16,O3_8h,52,52,64,57,55,58,49,60,62,49,49,51,,,75,,75,75,81,,79,,70,75,,74,70,,76,98,79,85,88,89,114,,76,78,,73,,80,81,76,,74,,96,107,101,78,,67,68,,74,74,,72,71,78,75,66,72,69,71,59,66,,64,81,79,78,70,69,,99,94,100,101,68,,,70,67,62,68,64,,67,67,,,76,76,72,76,,70,69,,70,73,70,71,65,,72,79,78,80,71,83,91,84,80,81,90,61,62,66,65,61,67,,63,68,66,61,49,57,51,56,55,56,51,56,59,52,59,96,97,96,96,104,,100,104,89,94,98,98,104,96,92,92,114,105,100,114,,104,109,106,111,104,113,111,105,98,107,102,117,,,,88,100,,105,98,100,,,,110,,101,96,102,101,105,100,98,99,101,,,,102,109,,109,108,112,114,115,,115,123,118,116,113,114,123,131,,124,,120,113,,83,72,,82,82,71,,77,84,80,70,92,93,94,,,89,90,98,96,99,107,89,,80,,,106,,95,92,,96,100,95,97,107,102,,83,86,77,80,78,91,95,86,79,70,81,83,83,83,73,67,74,78,,,118,110,114,113,,131,130,52,61,64,,57,58,69,,58,122,115,110,,121,120,127,133,120,,,140,138,129,140,139,140,29,30,28,26,28,28,27,19,,38,38,40,35,36,42,38,,52,45,27,38,36,42,37,36,40,38,39,24,100,103,,98,102,123,97,104,72,102,94,113,101,109,116,93,89,,115,94,94,120,177,127,160,138,129,110,104,125,,138,103,97,154,174,147,,126,126,112,128,,,102,107,106,95,104,105,101,90,97,90,106,,96,97,102,96,96,92,86,88,,65,65,80,67,21,,14,12,17,9,9,25,19,,,17,12,11,18,14,,34,36,35,34,,,41,51,84,82,72,78,77,70,73,87,78,,47,42,38,37,38,38,54,54,49,54,46,42,43,38,35,42,36,43,32,54,,33,39,40,27,,79,,69,64,,,,,87,,,,76,71,17,42,46,41,44,,56,32,40,45,43,36,35,32,33,35,37,,33,41,43,78,,80,77,80,81,68,71,64,65,68,,76,73,76,86,81,76,76,80,78,74,81,79,81,82,125,125,134,,,116,,105,106,102,101,87,,84,109,,,107,117,106,104,,120,113,124,,113,106,110,112,106,112,113,110,115,107,,,,,,,54,,54,106,110,110,117,124,124,122,116,114,,128,,,77,,78,74,83,131,151,149,126,129,,99,99,112,110,103,101,86,88,86,74,82,71,78,94,94,83,80,78,81,98,,89,91,87,,61,76,,94,87,92,104,88,,85,42,,,61,64,,,,71,67,78,72,65,66,,66,67,,23,34,,45,,69,65,65,,68,106,74,68,78,,71,71,70,65,72,67,,72,68,74,69,70,70,68,67,66,70,65,67,78,78,82,78,79,70,69,72,72,68,,46,45,46,,45,70,67,69,69,71,52,42,50,40,47,76,72,76,,78,85,84,,81,62,58,67,56,,62,64,62,,30,,24,19,28,32,,71,69,,,,30,,28,,25,,,,46,42,57,27,31,,,,21,29,34,22,57,58,,38,33,37,38,50,58,,64,,,68,61,,48,68,71,85,83,93,62,71,84,75,106,101,102,97,102,94,66,66,56,46,48,45,,34,37,39,38,,50,57,62,48,29,35,22,22,,,,,46,50,,48,26,24,28,28,22,31,58,53,53,58,59,44,45,,35,44,,48,34,30,,37,31,,28,44,67,57,54,60,52,58,59,35,36,32,35,,,68,99,85,82,74,82,60,52,,73,57,65,64,86,,,123,,,,,148,,,,,,,,,,,,,,,,122,,,,,,,,,,,,,,,,,,,,,,,,,,,,,,,,,,,,,,32,70,52,63,68,72,71,73,69,,,,47,50,50,45,,,44,55,66,62,57,66,,65,61,49,,,43,42,,68,70,32,,29,,70,74,,,75,64,,,85,83,74,,,61,64,73,80,105,100,104,76,71,72,,78,74,63,69,71,70,72,61,71,78,79,75,75,,59,62,74,,72,73,66,66,68,61,70,72,64,59,66,52,,,69,61,56,58,67,68,66,52,94,58,65,51,58,57,58,56,70,,,88,43,35,,43,43,,55,106,106,,98,105,111,,91,94,97,92,124,89,109,,60,66,62,66,67,65,65,68,,66,60,58,38,107,109,,90,,87,,,,64,67,66,60,87,85,,58,,59,60,53,111,109,123,122,,72,75,74,,,81,79,80,,75,78,73,,,117,40,42,40,40,38,34,16,21,20,26,56,54,56,54,,32,35,32,31,27,,76,79,78,79,74,74,72,74,18,,20,22,21,48,50,46,44,48,68,87,84,,65,64,71,,33,41,35,63,,64,55,58,,54,67,72,70,73,,44,45,42,48,55,64,72,,70,62,69,37,33,,35,38,83,49,49,57,68,66,69,74,39,38,,49,57,49,,48,48,,48,33,40,38,,56,52,50,33,32,40,39,41,48,42,39,46,49,48,53,50,43,49,50,49,46,34,39,39,38,37,64,61,63,61,63,50,49,50,57,49,33,60,51,53,57,36,52,50,92,107,98,83,67,68,73,89,91,95,98,101,89,85,75,107,106,99,98,86,93,76,81,76,,99,78,93,64,50,,55,37,33,27,28,36,41,36,40,23,34,39,35,39,33,,,,25,24,,25,26,22,26,24,19,,38,41,31,,,,,,50,46,45,51,17,,31,,46,56,57,55,53,54,,57,62,57,67,,,,,63,62,51,52,66,66,56,,81,45,43,57,62,,43,42,37,,36,36,36,32,,54,52,59,57,43,50,38,50,44,,38,34,,44,42,,44,43,43,,47,,102,,37,37,58,48,53,50,59,53,54,52,43,33,31,60,,99,98,,58,62,78,,68,65,79,79,91,91,,76,78,101,94,,,80,93,74,,102,76,77,52,48,90,59,,54,,,39,67,78,75,86,75,66,59,73,,66,64,61,66,64,93,60,62,63,,,46,47,46,45,,67,61,62,57,61,102,64,101,82,71,74,97,71,,26,70,104,107,94,87,108,,97,,151,107,36,65,43,43,97,39,95,70,66,20,94,36,,,62,82,85,82,,68,74,76,50,,94,115,,,114,104,104,130,96,107,128,128,113,100,60,8,20,12,30,,77,40,,82,78,49,48,94,84,58,130,53,28,50,57,117,71,42,76,122,77,109,66,107,43,84,70,,73,72,68,45,,69,78,6,60,41,30,63,66,63,70,,34,31,23,42,106,38,31,66,58,64,133,42,42,23,28,,,87,92,78,64,121,105,58,103,,75,43,50,106,71,122,30,89,64,,76,78,82,118,104,44,96,,107,98,95,89,94,83,95,102,62,72,78,74,80,78,104,112,105,106,111,129,72,116,85,100,94,97,113,116,138,78,100,103,119,137,101,113,94,89,69,106,105,77,80,74,71,77,78,98,88,111,92,62,66,27,33,55,56,65,27,26,63,68,62,71,23,20,24,32,22,22,19,10,61,37,26,28,,28,48,34,141,108,110,124,117,141,,113,88,90,49,47,47,46,,79,76,58,60,48,48,68,109,101,97,82,93,108,89,93,76,94,93,90,63,78,136,61,65,78,80,99,95,85,100,116,108,104,101,106,113,109,135,108,126,72,48,67,51,61,70,91,114,80,71,88,152,115,94,115,85,104,157,90,71,83,98,72,75,75,74,103,75,74,84,94,94,67,22,33,64,36,30,43,70,66,62,50,21,44,16,26,70,42,50,36,25,41,33,102,139,104,120,60,61,120,121,110,124,134,100,,121,110,111,109,73,74,86,60,65,42,120,135,83,129,80,85,78,96,90,86,51,43,80,61,71,69,66,,97,59,72,70,60,24,43,42,38,67,84,82,104,95,97,78,70,70,50,81,79,71,,98,70,70,75,69,61,97,111,73,70,74,71,74,70,68,75,70,42,23,20,23,62,71,44,31,16,21,20,116,30,38,40,36,27,68,59,76,71,26,47,69,59,51,75,77,117,99,123,119,110,92,94,75,,84,98,30,29,68,46,49,124,118,102,109,124,56,50,43,32,23,20,39,39,81,89,85,,43,56,126,93,45,25,73,51,,50,60,62,57,73,47,55,116,74,72,85,21,57,81,77,59,64,46,61,75,77,57,97,77,71,51,62,52,90,71,110,47,48,35,129,110,129,75,104
20231004,16,O3_8h_24h,52,52,64,57,55,58,49,60,83,68,49,51,,,75,,83,75,81,,80,,70,75,,74,70,,76,98,79,85,88,89,137,,76,78,,76,,93,81,100,,90,,96,107,101,78,74,67,68,,74,74,,72,71,78,75,66,72,69,74,59,66,,71,81,79,78,70,69,,99,94,100,101,68,,,70,67,62,68,64,,67,67,,,76,76,72,76,,85,77,,77,78,74,81,74,,95,138,139,137,133,147,143,154,118,122,133,61,62,66,65,61,67,,63,68,66,69,60,58,62,66,64,68,62,65,59,59,65,96,97,96,97,104,,100,104,89,94,98,98,104,96,92,92,114,105,100,114,,104,109,106,111,104,113,111,105,98,107,102,117,,,,88,100,,105,98,100,,,,110,,101,96,102,101,105,100,98,99,101,,,,102,109,,109,108,112,114,115,,115,123,118,116,113,114,123,131,,124,,120,113,,83,72,,82,82,71,,77,84,80,70,92,93,94,,,89,90,98,96,101,107,89,,83,,,106,,95,92,,96,100,95,97,107,102,,86,86,82,88,78,91,95,86,79,70,81,83,83,83,73,67,74,78,,,118,110,114,113,,131,130,52,61,65,,57,60,69,,59,135,115,110,,121,120,127,133,120,,,140,138,129,140,139,140,77,76,86,79,75,79,80,82,,58,51,58,57,63,50,60,,68,58,32,42,42,42,37,41,41,38,41,28,100,103,,98,102,123,97,104,72,102,107,113,101,109,116,93,89,,115,94,94,120,177,127,160,138,129,110,104,125,,138,103,97,154,174,147,,126,126,112,128,,,102,107,106,95,104,105,101,90,97,90,106,,96,97,102,96,96,92,86,88,,65,65,80,67,33,,14,12,17,9,9,26,19,,,17,15,17,18,14,,51,42,40,36,,,46,75,84,82,74,78,77,70,73,88,78,,47,42,38,37,38,38,54,55,57,54,58,54,43,38,35,42,36,43,32,54,,44,39,40,27,,79,,69,64,,,,,87,,,,76,71,82,42,73,81,82,,62,32,40,45,43,36,36,32,33,35,37,,33,41,43,78,,80,77,80,81,68,71,64,65,68,,135,148,137,86,81,76,78,99,113,84,81,79,86,85,125,125,134,,,116,,105,106,102,101,87,,84,109,,,107,117,106,104,,120,113,124,,113,106,110,112,106,112,113,116,115,107,,,,,,,73,,54,106,110,110,117,124,124,131,121,116,,128,,,77,,78,74,83,131,151,149,130,129,,99,99,112,110,103,101,86,88,86,74,82,71,78,106,107,98,80,78,81,98,,89,91,87,,116,123,,110,120,113,104,88,,85,42,,,61,69,,,,71,67,78,72,75,66,,70,70,,42,35,,46,,69,65,65,,68,128,74,68,78,,125,118,130,116,111,124,,93,96,96,90,96,79,122,70,85,123,104,96,78,78,82,78,79,76,76,75,72,75,,49,54,53,,53,74,71,69,71,71,52,54,52,59,58,76,72,76,,78,85,84,,81,80,68,74,72,,86,77,94,,54,,24,20,45,40,,71,69,,,,59,,58,,28,,,,62,61,64,27,31,,,,21,29,34,22,57,58,,53,42,45,40,50,58,,64,,,68,61,50,48,76,71,85,83,93,62,71,84,75,106,101,102,97,102,94,66,66,56,46,48,45,,54,58,58,52,,50,57,62,48,29,35,28,22,,,,,46,50,,48,33,26,32,30,29,31,58,53,53,58,59,44,45,,35,44,,48,34,30,,37,31,,28,44,67,57,54,60,52,58,59,36,36,40,36,,,103,99,85,82,74,82,86,93,,76,75,65,64,86,,,123,,,,,148,,,,,,,,,,,,,,,,122,,,,,,,,,,,,,,,,,,,,,,,,,,,,,,,,,,,,,,32,70,52,63,68,72,71,73,69,,,,54,50,50,46,,,44,55,66,62,57,66,,65,61,50,,,50,42,,68,70,32,,29,,87,90,,,75,64,,,85,83,74,,,65,68,73,80,105,100,104,76,71,72,81,78,111,92,106,94,70,72,67,71,78,79,75,75,,59,62,78,,97,102,82,94,68,61,70,72,64,59,66,72,,,78,61,56,58,67,68,80,60,101,62,65,59,65,58,69,62,73,,,88,74,68,,62,62,,60,106,106,,98,105,111,,91,94,97,92,124,89,109,,60,66,62,66,67,65,65,68,,66,60,58,38,107,109,,90,,87,,,,64,67,66,60,87,85,,58,,59,60,53,111,109,123,122,,72,75,74,,,81,79,80,,75,78,73,,,117,40,42,40,40,38,34,16,21,20,26,59,55,66,59,,39,37,34,35,34,,76,79,78,79,83,85,80,82,18,,20,22,21,48,53,50,46,50,68,87,84,,65,71,73,,46,60,55,84,,74,71,65,,56,67,72,70,73,,69,70,63,62,62,64,72,,70,62,69,37,33,,35,38,83,49,49,57,68,66,69,74,39,38,,54,66,60,,52,51,,49,35,40,45,,56,52,50,34,36,40,39,41,48,42,39,46,58,55,53,52,43,49,50,49,46,40,39,42,39,37,64,61,63,61,63,56,59,50,57,51,33,60,51,53,57,36,52,50,92,107,98,83,67,68,73,89,91,95,98,101,89,85,75,107,106,99,98,86,93,76,81,76,,99,78,93,68,72,,73,37,33,36,33,42,47,42,44,49,50,57,50,39,47,,,,25,26,,25,31,30,32,26,28,,42,41,31,,,,,,54,56,51,54,17,,31,,46,56,57,55,53,54,,62,63,61,67,,,,,75,64,51,52,66,66,56,,81,45,43,57,62,,43,42,37,22,36,36,36,32,,54,53,59,57,43,50,38,50,44,,38,34,,44,42,,46,47,48,,49,,102,,46,44,58,67,71,64,59,53,54,52,43,33,31,60,,100,98,,62,70,87,,81,81,79,79,96,100,,76,78,101,94,,,80,93,74,,102,76,77,53,48,90,59,,54,,,44,67,78,75,86,75,66,59,73,,79,64,61,77,70,93,60,62,63,,,46,47,46,45,,83,61,62,68,61,102,89,101,82,71,74,97,71,,26,70,104,107,94,87,108,,97,,151,107,45,65,43,43,99,39,95,74,76,20,94,38,,,71,86,85,85,,68,74,76,50,,94,115,,,114,104,104,130,96,107,128,128,113,100,68,12,24,14,32,,77,62,,82,131,49,48,95,84,67,130,55,28,50,60,117,71,54,76,122,77,109,66,107,43,84,70,,73,72,68,53,,69,101,6,69,41,50,63,66,63,70,73,51,31,23,54,106,38,31,103,58,64,133,42,42,23,28,,,87,92,78,86,121,105,58,103,,91,62,58,106,71,122,68,98,64,,76,78,82,118,105,44,96,,107,98,95,89,94,83,95,102,62,72,78,83,80,78,104,112,105,106,111,129,72,116,85,100,94,97,113,116,138,78,100,103,119,137,101,113,94,89,72,106,108,77,80,76,71,77,78,98,88,111,92,62,66,38,67,75,63,65,27,62,65,70,65,72,23,21,24,32,22,31,21,19,61,37,38,45,,41,48,51,141,108,110,124,117,141,,113,88,90,49,47,47,46,,132,76,58,60,48,48,68,109,101,97,82,93,108,89,96,76,94,93,90,63,78,136,75,71,78,80,99,95,85,100,116,108,104,101,106,113,109,135,108,126,72,82,76,84,72,70,91,141,80,71,88,152,115,94,115,85,104,157,90,71,83,98,72,112,75,74,103,75,74,84,94,94,67,77,85,64,64,67,86,70,66,62,60,21,44,22,26,70,42,50,39,33,41,38,102,139,104,120,60,61,120,121,110,124,134,100,,121,110,111,109,73,74,86,60,65,42,120,135,83,129,91,85,78,96,90,86,51,44,80,61,71,69,66,,97,59,72,70,60,24,43,42,38,67,84,82,104,95,97,78,70,70,84,81,79,71,,98,70,70,75,69,61,97,112,73,70,74,71,74,70,68,75,70,54,55,54,23,62,71,70,31,16,21,20,116,30,38,40,36,27,100,78,76,71,26,73,69,59,51,89,77,117,125,123,119,110,92,94,75,,84,98,30,29,71,49,49,124,118,102,109,124,81,50,50,32,23,20,39,39,81,89,88,,47,62,126,93,64,25,74,62,,58,60,62,57,73,47,71,116,74,72,85,22,59,92,77,59,86,46,61,75,77,57,97,77,71,66,62,67,93,71,110,47,54,60,129,110,129,136,104
20231004,16,CO,0.2,0.2,,0.2,0.1,,0.3,0.2,0.2,0.2,0.2,0.5,,,0.2,,0.2,0.2,0.2,,0.3,,0.3,0.3,,0.4,0.5,,0.4,0.4,0.4,0.3,0.5,0.4,0.9,,0.4,0.3,,0.2,,,0.2,0.3,,,,0.8,0.5,0.6,0.5,,,0.3,,0.2,0.3,,0.1,0.1,0.1,0.1,0.2,0.2,0.2,0.2,0.2,0.2,,0.2,0.3,0.4,0.1,0.6,0.1,,0.5,0.3,0.3,0.4,,,,0.9,0.6,0.4,0.3,0.3,,0.4,0.4,,,0.2,0.4,0.3,0.3,,0.4,0.4,,0.3,0.3,0.4,0.4,0.3,,0.3,0.3,0.4,0.4,0.3,0.3,0.5,0.3,0.5,0.3,0.3,0.2,0.3,0.2,0.2,0.2,0.1,,0.3,0.3,0.4,0.2,0.3,0.4,0.4,0.5,0.4,0.6,0.3,0.2,0.5,0.5,0.3,0.5,0.5,0.5,0.6,0.6,,0.4,0.5,0.5,0.6,0.3,0.6,0.1,0.5,0.3,0.2,0.4,0.3,0.5,0.8,,0.7,0.7,0.7,0.6,0.7,0.7,0.2,0.5,0.5,0.4,0.5,0.8,,,,0.6,0.7,,0.4,0.6,0.5,,,,0.3,,1.1,0.5,0.8,1,0.7,1.1,0.8,0.5,0.3,,,,0.5,0.5,,0.5,0.3,0.3,0.4,0.3,,0.2,0.7,0.6,0.7,0.7,0.6,0.4,0.5,,0.4,,0.6,0.7,,0.4,0.5,,0.4,0.5,0.4,,0.5,0.5,0.6,0.5,0.5,0.5,0.5,,,0.4,0.6,0.5,0.5,0.4,0.4,0.4,,0.5,,,0.6,,0.5,0.4,,0.4,0.5,0.6,0.8,0.4,0.2,,0.5,0.5,0.5,0.5,0.6,0.4,0.4,0.4,0.6,0.4,0.5,0.3,0.5,0.3,0.6,0.6,0.4,0.5,,,0.3,0.4,0.5,0.4,,0.4,0.5,0.8,0.8,0.6,,0.7,0.6,0.5,,0.8,0.5,0.5,0.6,,0.4,0.5,0.4,0.4,0.6,,,0.8,0.8,1.2,0.6,0.7,0.9,1.3,1.2,0.5,1,1.2,1.3,0.9,1,,0.7,0.6,0.5,0.6,0.5,0.5,0.5,,0.5,0.7,0.5,0.7,0.7,0.6,,0.6,0.7,0.5,0.8,0.4,0.9,0.8,,0.6,0.6,0.8,0.8,0.7,0.6,0.8,0.6,0.9,0.5,1,0.7,0.8,0.5,,0.6,0.8,0.9,0.9,0.8,0.7,0.6,0.8,0.7,0.5,0.6,0.9,,0.7,0.6,0.6,0.5,0.7,0.5,,0.7,0.6,0.7,0.7,,,0.9,0.8,0.9,0.7,0.7,0.9,0.8,0.7,0.6,0.7,0.6,,0.5,0.5,0.6,0.7,0.3,0.5,0.5,0.6,,0.2,0.4,0.3,0.2,0.3,,0.7,0.9,0.7,0.7,0.9,0.9,0.8,,,0.9,1,0.9,0.9,0.9,,0.6,0.6,0.5,0.6,,,0.6,0.8,0.4,0.2,0.5,0.4,0.5,0.2,0.3,0.4,0.3,,0.5,0.6,0.6,0.7,0.4,0.6,0.3,0.1,0.3,0.2,0.2,0.2,0.7,0.7,0.9,0.8,0.7,0.7,0.6,0.8,,0.8,0.2,0.7,0.7,,,,0.6,0.6,,,,,0.3,,,,0.4,0.3,0.5,0.5,0.8,0.5,0.6,,0.5,0.6,0.7,0.6,0.5,0.8,0.7,0.7,0.7,0.6,0.7,,0.5,1,0.5,0.5,,0.6,0.7,0.6,0.4,0.5,0.3,0.5,,0.4,,0.4,0.6,0.3,0.5,0.5,0.5,0.5,0.1,0.3,0.2,0.1,0.3,0.1,0.5,0.8,0.7,0.6,,,0.5,,0.6,0.7,0.8,0.8,0.4,,0.3,0.6,,,0.4,0.7,0.7,0.5,,0.4,0.4,0.5,,0.3,0.5,0.5,0.6,0.7,0.4,0.2,0.5,0.4,0.3,,,,,,,0.5,,0.6,0.3,0.6,0.5,0.7,0.5,0.6,0.4,0.3,0.4,,0.2,,,0.6,,0.7,0.7,0.5,0.9,1.1,0.6,0.7,0.9,,0.7,0.7,0.8,0.8,0.7,0.7,0.6,0.7,0.6,0.6,0.6,0.7,0.6,1,0.8,0.8,0.7,0.7,0.8,0.9,,0.6,0.8,0.8,,0.3,0.6,,0.6,0.6,0.8,0.6,0.9,,0.7,0.7,,,0.5,0.4,,,,0.3,0.2,0.3,0.3,0.9,1.1,,0.8,0.7,,1.6,1.5,,1.6,,0.5,0.5,0.5,,0.5,0.5,0.2,0.3,0.2,,0.4,0.5,0.4,0.7,0.4,0.4,,0.3,0.5,0.3,0.3,0.3,0.1,0.5,0.5,0.7,0.5,0.4,0.5,0.4,0.4,0.5,0.5,0.4,0.4,0.4,0.4,0.4,0.4,,0.3,0.2,0.3,,0.2,0.3,0.2,0.2,0.4,0.3,0.3,0.3,0.3,0.2,0.3,0.4,0.4,0.6,,0.6,0.7,0.9,,0.6,0.8,0.9,1,0.7,,0.7,1,0.6,,1,,1.1,1.1,1,1.1,,1.2,1.1,,,,1,,1,,1.1,,,,0.7,0.9,0.7,0.8,0.7,,,,0.7,0.7,0.7,0.5,0.8,0.7,,0.8,0.7,0.9,0.7,0.5,0.8,,0.6,,,0.4,0.5,,0.6,0.7,0.7,0.7,0.8,0.6,0.5,0.6,0.5,0.6,0.5,0.6,0.4,0.7,0.6,0.4,0.3,0.4,0.7,0.7,0.7,0.7,,0.7,0.8,0.8,0.6,,0.5,0.6,0.4,0.5,0.4,0.5,0.6,0.5,,,,,0.5,0.6,,0.5,0.5,0.5,0.4,0.3,0.3,0.4,0.7,0.7,0.5,0.5,0.8,0.8,0.5,,0.8,0.4,,0.5,0.3,0.6,,0.4,0.5,,0.5,0.4,0.6,0.5,0.4,0.4,0.5,0.5,0.4,0.8,0.7,0.8,0.7,,,0.5,0.1,0.5,0.3,0.3,0.2,0.2,0.2,,0.4,0.2,0.3,0.3,0.3,,,0.6,,,,,0.7,,,,,,,,,,,,,,,,0.5,,,,,,,,,,,,,,,,,,,,,,,,,,,,,,,,,,,,,,0.8,0.7,0.7,0.8,0.9,0.3,0.4,0.4,0.3,,,,0.9,0.8,0.8,0.9,,,0.4,0.5,0.5,0.4,0.5,0.4,,0.4,0.4,1.4,,,0.9,1.1,,0.4,0.4,0.9,,1,,0.3,0.2,,,0.4,0.2,,,0.4,0.4,0.2,,,0.2,0.3,0.2,0.2,0.8,0.6,0.5,0.4,0.2,0.3,,0.3,0.4,0.3,0.5,0.5,0.3,0.2,0.3,0.3,0.3,0.3,0.5,0.4,,0.4,1.5,0.4,,0.3,0.3,0.5,0.5,0.3,0.4,0.3,0.4,0.4,0.4,0.4,0.1,,,0.1,0.1,0.2,0.4,0.1,0.1,0.3,0.1,0.1,0.3,0.3,0.2,0.4,0.5,0.2,0.4,0.1,,,0.6,0.2,0.3,,0.3,0.4,,0.1,0.4,0.3,,0.3,0.3,0.4,,0.3,0.2,0.2,0.1,0.2,0.6,0.6,,0.5,0.5,0.4,1.5,0.3,0.5,0.7,0.8,,0.7,0.4,0.4,0.6,0.2,0.2,,0.4,,0.4,,,,0.6,0.3,0.4,0.4,0.5,0.2,,0.6,,0.7,0.5,0.6,0.7,0.6,0.7,0.7,,0.4,0.6,0.6,,,0.6,0.7,0.6,,0.4,0.4,0.6,,,0.5,0.2,0.4,0.4,0.4,0.4,0.8,0.9,1.3,1.1,1.2,0.6,0.5,0.6,0.8,,0.1,0.6,0.5,0.7,0.7,,1.3,0.9,1.7,1.2,0.8,1.1,0.8,0.9,0.6,,1.1,1.3,1,1,0.9,0.9,1.1,0.9,,0.3,0.5,,1.8,1.6,1.6,,1.5,1.8,1.4,0.6,,0.6,0.6,0.8,,0.7,0.5,0.4,0.4,0.6,,0.7,0.8,0.7,0.7,0.5,0.6,0.4,,0.4,0.3,0.3,0.4,0.4,,0.6,0.4,0.7,0.7,0.8,0.6,0.6,0.5,0.8,0.6,0.5,0.6,,0.6,0.5,0.4,,0.7,0.7,,0.8,0.7,,0.7,,0.5,0.5,0.6,0.9,1,0.7,0.8,0.9,0.8,0.9,0.7,0.9,0.8,,0.8,0.8,0.5,0.6,0.6,0.7,0.6,0.9,0.9,0.9,0.7,0.7,0.6,0.6,0.6,0.7,0.7,0.8,0.8,0.9,0.6,0.7,0.8,0.6,0.8,0.8,0.5,0.8,0.8,0.5,0.7,0.8,0.6,0.7,1,0.8,1.2,0.6,0.6,0.7,0.5,0.4,0.5,0.5,0.6,0.6,0.7,0.6,0.5,0.8,0.8,0.4,0.6,0.7,,0.5,0.4,0.4,0.5,0.6,,0.4,0.7,0.4,0.5,0.3,0.5,0.5,0.6,0.5,0.8,0.6,0.6,1,0.5,0.6,,,,0.5,0.4,,0.4,,0.4,0.5,0.5,0.5,,0.7,0.5,0.4,,,,,,0.5,0.6,0.6,0.6,0.6,,0.5,,0.3,0.5,0.6,1.1,0.9,0.6,,0.4,0.4,0.5,0.5,,,,,0.2,0.4,0.7,0.6,,0.1,0.5,,0.3,0.5,0.4,0.6,0.5,,0.6,0.5,0.6,,0.3,0.3,0.4,0.4,,0.3,0.4,0.2,0.1,0.4,0.1,0.3,0.2,0.6,,0.5,0.3,,0.4,0.3,,0.3,0.4,0.5,,0.5,,0.2,,0.3,0.2,0.4,0.8,0.5,0.7,0.3,0.3,0.3,0.4,0.8,0.7,0.7,0.2,,0.4,0.5,,0.6,0.4,0.4,,0.2,0.3,0.1,0.2,0.4,0.4,,0.3,0.3,0.1,0.1,,,0.6,0.5,0.4,,0.5,0.4,0.5,0.4,0.6,0.6,0.3,,0.4,,,0.7,0.3,0.3,0.3,0.4,0.5,0.3,0.1,0.7,,0.3,0.2,0.3,0.5,0.6,0.4,0.3,0.5,0.2,,,0.4,0.5,0.4,0.2,,0.5,0.3,0.4,0.3,0.4,0.7,0.7,0.7,0.3,0.3,0.5,0.4,0.4,,0.7,0.4,0.7,0.3,0.5,0.4,0.6,,0.3,,0.6,0.7,0.6,0.5,0.6,0.7,0.3,0.6,0.2,0.3,0.3,0.4,0.6,0.3,,,0.2,0.6,0.6,0.3,,0.2,0.3,0.3,0.7,,0.5,0.6,,,1.3,0.3,0.3,0.4,0.4,0.6,0.9,1,0.7,0.3,0.5,0.6,1,0.8,1.4,,0.2,0.6,,0.4,0.6,0.4,0.3,0.7,0.3,0.4,0.2,0.3,0.9,0.3,0.5,0.5,0.2,2,0.4,0.2,0.2,0.7,0.2,0.4,0.3,0.2,0.9,,0.6,0.4,0.4,0.4,,0.2,0.3,1.2,0.9,0.6,0.6,0.7,0.6,0.6,1.1,,0.6,0.7,0.9,1,0.4,0.7,0.9,0.5,0.5,0.8,0.5,0.4,0.4,0.7,0.7,,,0.4,0.5,0.2,1,0.4,0.2,0.5,0.5,,0.3,0.7,0.5,0.2,0.4,0.9,1,0.6,0.7,,0.3,0.7,0.2,0.4,0.5,0.4,0.3,,0.8,0.5,0.4,0.5,0.8,0.9,0.6,0.6,0.2,0.2,0.5,0.4,0.3,0.4,0.5,0.5,0.7,0.5,0.3,0.4,0.4,0.3,0.6,0.8,0.8,0.8,0.5,0.9,0.8,0.6,0.9,0.8,0.5,0.7,0.7,0.6,0.6,0.7,0.7,0.9,0.5,0.1,0.1,0.2,0.4,0.3,0.6,0.2,0.6,0.3,0.4,0.6,0.6,1,1.3,0.7,0.9,0.3,1.2,1.4,0.4,0.3,0.4,0.9,0.7,0.8,0.5,0.7,0.7,0.4,0.7,0.5,0.7,0.6,0.4,0.6,,0.6,0.3,0.7,0.8,0.6,0.3,0.3,0.3,0.3,,0.8,0.2,0.3,0.6,0.6,0.5,0.5,,0.8,0.3,0.6,0.7,0.7,0.9,0.7,0.7,0.4,0.7,0.7,0.5,0.9,0.5,0.7,0.4,0.7,0.7,0.7,0.5,1,0.5,0.2,0.2,0.5,0.3,0.5,0.8,0.4,0.7,0.9,0.5,1.1,0.4,0.4,0.6,0.2,0.8,0.6,0.3,0.2,0.6,0.4,0.5,0.3,0.4,0.9,0.6,0.6,0.6,1,0.6,0.7,0.8,0.7,0.7,0.7,0.7,0.7,0.5,0.3,0.8,0.2,0.3,0.3,0.2,0.5,0.3,0.5,,0.4,0.4,0.6,1,1.5,1.8,1.5,1.2,0.7,0.7,0.5,0.2,,0.7,0.6,,0.8,0.1,0.5,0.5,0.6,0.7,0.5,0.6,0.4,0.5,0.9,0.4,0.7,0.8,0.5,0.4,0.4,0.3,0.7,0.1,,0.6,0.6,0.6,0.4,0.4,0.3,0.3,0.2,0.3,0.8,0.5,0.4,0.4,0.6,0.9,0.6,0.6,0.6,0.8,0.5,0.6,0.7,0.4,0.3,0.4,0.5,0.5,,0.5,0.7,0.6,0.4,0.7,1.2,0.4,0.4,0.7,0.6,0.5,0.5,0.5,0.5,0.4,0.4,0.4,0.6,2,1.6,0.9,0.4,,0.4,0.2,0.3,0.3,0.3,0.2,0.6,0.6,0.2,0.2,0.3,0.1,0.1,0.2,0.3,0.2,0.3,1.3,1.1,0.8,1,1,2.2,1,1.1,0.6,0.7,0.9,0.7,0.8,0.6,0.9,0.6,0.6,0.3,0.4,0.4,0.2,0.7,0.6,0.5,0.8,0.8,0.3,0.8,0.6,0.7,0.8,0.8,0.8,0.7,0.4,0.3,,0.8,0.5,0.7,1.1,0.3,0.4,0.5,0.7,0.7,0.3,0.3,0.4,0.5,0.4,0.8,0.9,0.5,0.7,0.6,0.8,0.4,0.6,0.4,,0.2,0.1,0.6,0.2,1.1,1.4,1.3,,,0.3,0.2,0.3,0.2,0.3,0.4,0.7,0.5,0.5,0.3,,1.3,0.6,0.2,0.3,0.3,0.1,0.2,0.2,0.2,0.3,0.5,0.4,1.1,0.3,0.3,0.1,0.4,0.5,0.3,0.3,0.1,0.5,0.6,0.3,0.9,0.4,0.5,0.4
20231004,16,CO_24h,0.4,0.3,0.4,0.4,0.4,0.2,0.4,0.5,0.4,0.3,0.3,0.6,,,0.5,,0.5,0.5,0.6,,0.6,,0.5,0.5,,0.6,0.7,,0.9,0.9,0.8,0.9,0.9,0.8,1.1,,0.6,0.5,,0.5,,0.4,0.4,0.6,,0.3,,0.9,0.5,0.8,0.7,0.8,0.4,0.5,,0.7,0.3,,0.2,0.2,0.2,0.4,0.5,0.4,0.4,0.3,0.4,0.4,,0.4,0.5,0.5,0.3,0.5,0.4,,1.2,1,1.1,1.2,0.9,,,1.1,1.1,0.9,1,1.1,,0.5,0.5,,,0.3,0.5,0.3,0.3,,0.5,0.6,,0.4,0.5,0.6,0.5,0.4,,0.4,0.7,0.7,0.6,0.7,0.6,0.7,0.7,0.7,0.6,0.6,0.3,0.4,0.3,0.4,0.3,0.2,,0.3,0.3,0.4,0.4,0.4,0.5,0.5,0.6,0.7,0.6,0.5,0.5,0.4,0.6,0.5,0.5,0.6,0.4,0.7,0.5,,0.4,0.5,0.4,0.6,0.4,0.7,0.2,0.6,0.3,0.4,0.5,0.4,0.6,0.5,,0.6,0.6,0.6,0.6,0.6,0.7,0.2,0.6,0.5,0.5,0.6,0.6,,,,0.5,0.5,,0.5,0.5,0.4,,,,0.4,,1.1,0.8,0.9,1,1,1,1,0.9,0.5,,,,0.7,0.6,,0.6,0.4,0.4,0.5,0.4,,0.3,0.7,0.6,0.7,0.7,0.6,0.4,0.5,,0.4,,0.6,0.5,,0.5,0.5,,0.4,0.5,0.5,,0.7,0.5,0.6,0.5,0.5,0.5,0.5,,,0.5,0.6,0.5,0.5,0.4,0.5,0.5,,0.5,,,0.5,,0.7,0.5,,0.5,0.5,0.5,0.4,0.4,0.3,,0.6,0.5,0.5,0.5,0.6,0.5,0.5,0.5,0.7,0.5,0.6,0.3,0.7,0.5,0.7,0.7,0.5,0.6,,,0.3,0.4,0.4,0.4,,0.4,0.4,0.7,0.8,0.5,,0.7,0.6,0.4,,0.7,0.5,0.5,0.6,,0.5,0.5,0.5,0.4,0.4,,,0.6,0.7,1,0.5,0.5,0.7,0.8,0.9,0.2,0.7,0.6,0.8,0.7,0.8,,0.7,0.6,0.5,0.7,0.5,0.5,0.5,,0.5,0.7,0.4,0.6,0.5,0.6,0.7,0.5,0.6,0.5,0.7,0.3,0.9,0.9,,0.7,0.8,0.9,0.9,0.8,0.7,0.8,0.6,0.9,0.5,1,0.7,0.8,0.6,,0.6,0.7,0.9,1,0.8,0.6,0.6,0.8,0.7,0.6,0.6,0.8,,0.8,0.8,0.6,0.5,0.7,0.5,,0.6,0.6,0.6,0.6,,,0.9,0.9,0.9,0.7,0.8,0.9,0.8,0.8,0.6,0.7,0.5,,0.7,0.7,0.8,0.8,0.5,0.8,0.7,0.7,,0.5,0.4,0.4,0.3,0.3,,0.8,1,0.6,0.6,0.9,0.9,0.8,,,0.9,0.9,0.9,1,1.2,,0.6,0.6,0.5,0.6,,,0.6,0.8,0.4,0.2,0.4,0.5,0.4,0.2,0.3,0.3,0.3,,0.6,0.5,0.6,0.7,0.5,0.6,0.4,0.2,0.3,0.3,0.3,0.2,0.7,0.8,0.9,0.7,0.7,0.7,0.6,0.7,,0.9,0.2,0.7,0.7,,0.6,,0.6,0.7,,,,,0.6,,,,0.7,0.6,0.7,0.7,0.9,0.6,0.7,,0.4,0.5,0.7,0.6,0.4,0.8,0.7,0.7,0.7,0.6,0.7,,0.4,0.8,0.5,0.4,,0.6,0.4,0.6,0.5,0.6,0.4,0.6,0.6,0.6,,0.6,0.7,0.5,0.7,0.7,0.6,0.6,0.4,0.4,0.4,0.4,0.4,0.6,0.6,0.7,0.7,0.6,,,0.9,,0.4,0.6,0.8,0.6,0.6,,0.5,0.6,,,0.7,0.9,0.9,0.7,,0.4,0.6,1.3,,0.4,0.6,0.5,0.6,0.7,0.7,0.4,0.7,0.5,0.3,,,,,,,0.4,,0.6,0.3,0.5,0.4,0.8,0.5,0.6,0.3,0.3,0.5,,0.6,,,0.7,,0.8,0.8,0.6,0.8,0.9,0.6,0.5,0.8,,0.7,0.8,0.7,0.7,0.7,0.6,0.5,0.8,0.7,0.7,0.7,0.8,0.7,0.8,0.7,0.7,0.8,0.8,0.9,0.8,,0.6,0.7,0.7,,0.5,0.6,,0.9,0.9,1.1,0.9,0.9,,0.7,0.7,,,0.5,0.4,,,,0.6,0.5,0.5,0.5,1.3,1.7,,1.3,1.2,,1.4,1.3,,1.5,,1,0.7,0.9,,0.8,0.6,0.2,0.3,0.3,,0.7,0.8,0.7,1.2,0.8,0.7,,0.4,0.6,0.6,0.6,0.5,0.4,0.6,0.9,1.5,0.6,0.5,0.7,0.5,0.6,0.6,0.7,0.5,0.5,0.5,0.5,0.5,0.5,,0.3,0.3,0.3,,0.2,0.5,0.4,0.4,0.5,0.4,0.3,0.4,0.3,0.2,0.3,0.6,0.7,0.7,,0.5,0.8,0.7,,0.7,0.7,0.7,0.8,0.7,,0.6,0.9,0.9,,0.9,,1.1,0.9,0.8,0.9,,1.1,0.9,,,,0.7,,0.6,,0.9,,,,0.6,0.7,0.6,0.8,0.6,,,,0.8,0.7,0.7,0.6,0.9,0.7,,0.8,0.6,0.8,0.6,0.5,0.7,,0.6,,,0.4,0.6,0.5,0.6,0.7,0.8,0.7,0.8,0.6,0.5,0.6,0.6,0.6,0.5,0.7,0.8,0.8,0.7,0.5,0.3,0.4,0.7,0.7,0.7,0.7,,0.8,0.8,0.8,0.6,,0.6,1,0.6,0.6,0.5,0.6,0.6,0.6,,,,,0.6,0.7,,0.6,0.5,0.5,0.4,0.3,0.3,0.4,0.7,0.7,0.5,0.5,0.8,0.9,0.5,,0.7,0.5,,0.8,0.6,0.8,,0.5,0.6,,0.7,0.5,0.7,0.7,0.6,0.7,0.7,0.7,0.7,0.8,0.7,0.7,0.7,,,0.7,0.2,1.1,0.5,0.9,0.6,0.2,0.3,,0.4,0.2,0.6,0.3,0.3,,,0.6,,,,,0.6,,,,,,,,,,,,,,,,0.6,,,,,,,,,,,,,,,,,,,,,,,,,,,,,,,,,,,,,,0.8,0.8,0.7,0.9,0.9,0.4,0.5,0.4,0.4,,,,1.3,1.1,1.2,1,,,0.6,0.6,0.6,0.6,0.6,0.7,,0.8,0.8,0.9,,,0.9,0.8,,0.7,0.8,0.6,,0.7,,0.5,0.3,,,0.4,0.3,,,0.3,0.4,0.3,,,0.3,0.3,0.2,0.2,0.6,0.5,0.5,0.4,0.4,0.4,0.7,0.4,0.5,0.6,0.7,0.9,0.4,0.3,0.4,0.4,0.4,0.4,0.6,0.5,,0.2,1.4,0.5,,0.2,0.3,0.6,0.6,0.4,0.4,0.3,0.4,0.5,0.6,0.5,0.4,,,0.2,0.2,0.3,0.3,0.2,0.2,0.2,0.3,0.2,0.3,0.4,0.2,0.6,0.6,0.4,0.5,0.2,,,0.7,0.3,0.3,,0.4,0.5,,0.1,0.4,0.4,,0.3,0.3,0.5,,0.3,0.3,0.3,0.2,0.3,0.5,0.4,,0.6,0.7,0.5,0.9,0.5,0.7,0.8,0.8,,0.7,0.4,0.5,0.6,0.3,0.3,,0.5,,0.7,,,,0.7,0.5,0.5,0.5,0.6,0.3,,0.7,,0.8,0.6,0.7,0.6,0.6,0.7,0.7,,0.5,0.7,0.8,,,0.7,0.8,0.7,,0.6,0.6,0.7,,,0.5,0.3,0.5,0.3,0.4,0.4,0.8,1.3,0.8,1,0.6,0.7,0.6,0.7,0.9,,0.1,0.5,0.5,0.6,0.7,,1.3,0.9,1.5,1.1,1,0.5,0.8,0.9,0.8,,1.5,1.8,1.1,0.9,0.8,0.8,1,0.9,,0.4,0.6,,1.2,0.9,0.9,,0.9,1.2,0.9,0.5,,0.5,0.5,0.7,,0.6,0.6,0.5,0.5,0.7,,0.6,0.7,0.6,0.6,0.5,0.6,0.4,,0.5,0.4,0.4,0.6,0.7,,1.1,0.8,0.7,0.9,0.9,0.6,0.7,0.6,0.9,0.7,0.5,0.7,,0.6,0.6,0.5,,0.7,0.7,,0.8,0.9,1,0.8,,0.6,0.6,0.6,1,1.1,0.7,0.8,0.8,0.8,0.9,0.7,0.9,0.7,0.8,0.7,0.7,0.5,0.6,0.7,0.8,0.6,0.8,1,0.9,0.8,0.8,0.7,0.6,0.6,0.7,0.7,0.7,0.7,0.8,0.6,0.6,0.9,0.5,0.8,0.8,0.3,0.7,0.6,0.5,0.9,0.9,0.7,0.7,0.6,0.6,0.7,0.7,0.7,0.7,0.5,0.5,0.6,0.6,0.6,0.5,0.7,0.7,0.7,0.8,0.8,0.4,0.7,0.8,,0.5,0.6,0.5,0.5,0.7,,0.4,0.7,0.4,0.5,0.3,0.6,0.5,0.6,0.5,0.7,0.6,0.6,0.9,0.6,0.6,,,,0.5,0.5,,0.5,,0.4,0.5,0.6,0.6,,0.7,0.6,0.4,,,,,,0.5,0.6,0.6,0.5,0.8,,0.5,,0.4,0.5,0.6,0.7,0.7,1,,0.4,0.4,0.5,0.5,,,,,0.2,0.4,0.6,0.6,0.1,0.2,0.6,,0.3,0.6,0.5,0.6,0.5,,0.6,0.5,0.7,0.7,0.4,0.4,0.5,0.5,,0.3,0.5,0.2,0.2,0.5,0.3,0.3,0.2,0.6,,0.5,0.4,,0.5,0.3,,0.3,0.4,0.5,,0.7,,0.3,,0.3,0.2,0.5,0.7,0.5,0.6,0.5,0.7,0.8,0.7,0.7,0.7,0.7,0.4,,0.6,0.7,,0.7,0.6,0.4,,0.3,0.4,0.3,0.4,0.4,0.4,,0.5,0.6,0.2,0.2,,,0.7,0.6,0.4,,0.6,0.5,0.5,0.4,0.6,0.6,0.4,,0.5,,,0.6,0.5,0.5,0.4,0.5,0.6,0.4,0.4,0.6,,0.4,0.2,0.4,0.6,0.7,0.4,0.8,0.8,0.5,,,0.7,0.7,0.6,0.3,,0.5,0.2,0.4,0.4,0.6,0.6,1.3,0.8,0.7,0.5,0.7,0.9,0.8,,0.7,0.5,0.8,0.4,0.4,0.5,0.5,,0.5,,0.6,0.7,0.7,0.7,0.8,1.1,0.5,0.6,0.2,0.5,0.4,0.5,0.5,0.4,,,0.4,0.6,0.6,0.6,,0.5,0.6,0.6,0.7,,0.4,0.7,,,1.1,0.4,0.9,0.3,0.4,0.6,0.8,0.8,0.6,0.3,0.5,0.6,0.9,0.7,1.2,,0.4,0.6,,0.4,0.6,0.4,0.4,0.7,0.3,0.3,0.5,0.3,0.8,0.5,0.5,0.5,0.4,1.2,0.4,0.2,0.3,1,0.2,0.7,0.4,0.4,0.9,,0.6,0.4,0.5,0.4,,0.3,0.6,1.1,0.7,0.7,0.6,0.7,0.6,0.6,0.8,0.8,0.6,0.9,1.3,0.7,0.5,0.7,1.1,0.7,0.5,0.8,0.6,0.5,0.4,0.7,0.6,,,0.6,0.4,0.4,0.9,0.5,0.3,0.6,0.6,,0.4,0.7,0.6,0.3,0.7,0.8,0.7,0.7,0.7,,0.5,0.9,0.4,0.6,0.9,0.5,0.3,,0.7,0.6,0.4,0.5,0.5,0.6,0.6,0.7,0.3,0.5,0.4,0.3,0.3,0.3,0.6,0.6,0.7,0.6,0.3,0.4,0.4,0.5,0.7,0.8,1,0.8,0.7,1,0.7,0.6,0.9,0.8,0.5,0.7,0.7,0.7,0.7,0.6,0.7,0.9,0.7,,0.3,0.3,0.6,0.5,0.7,0.2,0.5,0.4,0.4,0.7,0.8,0.8,1.1,0.5,0.8,0.3,0.9,1.1,0.5,0.3,0.5,0.8,0.4,0.8,0.6,0.7,0.7,0.7,0.6,0.5,0.7,0.6,0.4,0.7,,0.6,0.3,0.7,0.6,0.8,0.4,0.5,0.4,0.4,,0.6,0.5,0.4,0.6,0.6,0.5,0.5,,0.9,0.4,0.6,0.8,0.7,0.8,0.7,0.9,0.5,0.7,0.7,0.6,0.9,0.6,0.7,0.4,0.5,0.6,0.8,0.6,1.1,0.7,0.5,0.4,0.5,0.3,0.7,0.8,0.5,0.6,0.9,0.5,1,0.6,0.5,0.6,0.3,0.5,0.7,0.4,0.5,0.6,0.4,0.7,0.4,0.4,0.8,0.7,0.7,0.7,1,0.6,0.6,0.7,0.6,0.8,0.6,0.7,0.6,0.9,0.4,0.8,0.4,0.5,0.6,0.4,0.5,0.4,0.6,0.7,0.5,0.6,0.8,0.8,0.8,1.1,0.7,0.6,0.8,0.7,0.5,0.4,0.3,0.8,0.6,1.1,1,0.2,0.6,0.7,0.7,0.8,0.6,0.7,0.4,0.5,0.7,1,0.6,0.7,0.5,0.4,0.4,0.4,0.7,0.3,,0.6,0.7,0.6,0.6,0.6,0.9,0.5,0.4,0.5,0.8,0.5,0.3,0.7,0.5,0.9,0.6,0.6,0.6,1,0.5,0.6,0.7,0.5,0.4,0.4,0.6,0.5,,0.5,0.7,0.6,0.6,0.7,1.2,0.5,0.5,0.7,0.6,0.5,0.5,0.4,0.4,0.4,0.5,0.4,0.7,1.3,1.4,1.3,0.5,,0.9,0.7,0.5,0.5,0.6,0.5,1,0.9,0.6,0.7,0.6,0.6,0.4,0.6,0.7,0.7,0.8,0.9,1,0.7,0.7,0.7,1.5,0.6,1.1,0.6,0.9,0.9,0.8,0.7,0.7,0.8,0.6,0.7,0.3,0.6,0.6,0.6,0.7,0.7,0.8,1.5,1,0.3,0.8,0.6,0.8,0.8,0.8,0.9,0.6,0.4,0.3,,0.7,0.4,0.6,1,0.4,0.4,0.6,0.5,0.5,0.6,0.8,0.7,0.5,0.5,0.6,0.8,0.7,0.8,0.6,1,0.5,0.6,0.5,,0.2,0.1,0.6,0.3,1,1.2,1,0.8,,0.4,0.4,0.1,0.3,0.5,0.5,0.6,0.5,0.4,0.4,0.5,0.7,0.5,0.4,0.6,0.3,0.4,0.3,0.5,0.4,0.3,0.5,0.4,1.2,0.4,0.3,0.2,0.5,0.6,0.2,0.3,0.2,0.4,0.6,0.6,0.7,0.7,0.7,0.4
20231004,17,AQI,18,21,24,17,21,22,20,21,19,22,18,22,,,27,,25,25,28,,27,,24,25,,25,25,,41,52,55,48,45,45,63,,23,26,,25,,32,33,32,,38,,56,66,50,29,,25,32,,,28,,26,25,29,24,23,27,34,24,22,25,,26,38,33,45,,51,,53,55,52,51,,,,35,,29,30,29,,24,25,,,27,27,26,27,,22,24,,23,30,24,23,26,,37,28,28,28,25,28,32,30,27,27,31,28,26,26,22,18,24,,28,31,33,18,15,27,21,18,16,22,19,27,26,16,27,33,35,34,35,36,,35,35,32,33,42,41,44,40,38,41,43,42,43,38,,36,40,39,40,38,39,35,32,31,34,32,64,,,,77,59,,67,65,67,,,,45,,38,34,35,35,34,35,37,34,35,,,,39,38,,39,41,44,38,39,,39,,40,44,46,48,44,47,,42,,60,62,,35,33,,35,35,30,,35,40,31,29,35,35,40,,,33,33,37,29,30,30,29,,32,,,43,,32,33,,46,30,39,33,35,34,,40,,30,33,28,37,45,36,29,27,27,29,29,29,27,25,28,28,,,43,43,45,41,,47,45,39,34,31,,34,32,22,,43,57,55,56,,,63,53,68,70,,,76,80,77,79,74,71,63,63,54,66,75,64,57,64,,29,30,27,23,25,26,22,,25,23,32,30,39,33,32,40,38,31,41,39,49,69,,53,45,48,45,63,38,46,38,51,54,57,68,35,38,,,44,37,57,103,54,72,52,49,45,40,69,,102,45,32,72,75,82,,104,119,63,114,,,33,32,50,45,42,40,52,34,58,42,58,,42,36,38,51,44,34,40,35,,,28,29,23,15,,19,16,14,22,16,18,13,,,22,17,19,23,20,,29,19,34,37,,,29,17,27,31,27,26,25,29,35,28,25,,22,22,18,19,18,19,21,22,20,21,18,17,20,19,28,19,30,23,23,18,,25,23,19,21,,,,42,35,,,,,33,,,,30,27,44,44,29,36,52,,32,44,39,41,42,,40,44,42,41,42,,37,41,52,32,,29,27,27,30,29,28,31,,29,,30,25,25,25,25,24,22,47,42,51,48,73,47,41,56,55,56,,,67,,74,86,73,67,54,,55,59,,,31,44,33,51,,71,45,54,,62,64,46,56,62,95,29,34,28,29,,,,,,,68,,76,53,41,48,56,56,59,28,32,39,,30,,,45,,50,39,38,53,63,,72,63,,47,63,70,67,83,53,52,32,41,42,30,34,42,35,35,32,44,42,42,,,37,42,42,,31,32,,50,43,41,54,38,,42,17,,,86,83,,,,27,25,29,27,50,45,,44,45,,110,105,,114,,35,45,44,,34,36,35,30,31,,24,24,27,30,23,22,,36,33,32,28,36,37,22,20,23,33,33,39,68,81,74,86,59,22,21,23,32,21,,18,14,17,,14,28,22,38,23,29,19,19,13,10,18,36,35,37,,40,44,37,,40,50,49,49,55,,49,51,25,,63,,54,52,46,67,,89,79,,,,72,,,,82,,,,78,72,64,26,50,,,,19,28,28,,28,37,,32,30,46,33,33,28,,30,,,26,29,30,23,19,36,42,39,47,24,27,32,39,35,31,34,,34,31,24,25,15,19,23,19,,52,50,52,48,,18,20,20,20,20,15,14,11,,,,,37,29,,24,19,20,16,13,11,20,31,52,38,34,38,25,24,,28,29,,24,24,29,,30,28,,28,20,27,23,25,26,23,26,23,28,33,25,41,,,72,34,34,36,31,32,32,45,,34,31,66,57,60,,,55,,,,,73,,,,,,,,,,,,,,,,39,,,,,,,,,,,,,,,,,,,,,,,,,,,,,,,,,,,,,,44,39,,49,49,,42,39,57,,,,35,45,44,43,,,32,40,,48,38,65,,42,35,53,,,50,63,,30,29,67,,75,,25,26,,,69,25,,,48,51,25,,,20,21,25,25,48,54,40,89,98,77,,,24,22,22,22,53,41,64,56,78,91,122,77,,57,57,34,,24,25,25,24,40,45,18,21,25,50,28,17,,,20,29,28,37,20,21,41,23,30,15,20,20,17,16,18,16,20,,,23,11,22,,,12,,19,54,53,,39,46,41,,43,35,33,45,27,59,64,,25,30,25,29,29,26,26,31,,27,26,28,34,44,44,,38,,49,,,,,26,25,19,50,43,,25,,32,31,32,52,48,53,68,,26,26,25,,,27,26,28,,24,29,24,,,52,,22,36,21,26,19,56,56,51,45,28,45,52,39,,52,40,53,54,47,,38,52,57,51,38,38,39,43,38,,50,45,51,35,52,52,48,49,,40,32,,95,87,94,,84,94,86,93,,95,104,72,,78,42,42,52,52,,58,47,,49,48,48,53,,42,46,38,32,22,,18,30,28,21,18,27,35,36,69,38,26,23,,28,40,46,,26,32,,38,16,,16,,48,40,45,25,15,,72,,56,55,40,67,77,,70,77,35,40,72,39,49,50,46,45,53,49,29,38,33,35,43,19,25,23,31,32,30,49,46,30,33,18,43,19,40,50,45,47,52,43,,40,42,54,36,39,34,34,42,38,53,56,47,35,38,33,26,28,,33,35,29,20,15,,18,13,13,15,11,,28,30,28,42,36,30,30,33,41,,,,13,10,,10,12,15,13,16,18,,14,15,12,,,,,,28,28,24,30,12,,20,,19,19,22,21,21,27,,32,34,27,38,,,,,23,19,22,16,21,20,26,,27,18,18,29,37,,24,16,18,16,29,21,14,12,,19,,19,33,15,16,20,18,25,,27,17,,13,18,,18,21,18,,20,,42,,14,14,16,22,17,15,29,28,29,27,21,17,14,25,,,32,,23,25,34,,51,51,,30,41,57,,,24,32,29,,,27,30,26,,34,34,28,21,19,53,32,,39,,,64,25,29,27,46,46,37,35,30,,33,34,34,63,61,66,74,64,65,,,30,31,34,19,,29,31,38,29,21,53,46,48,26,25,27,41,56,,74,29,,42,35,31,48,,44,,44,36,32,25,18,19,39,37,49,34,24,10,41,15,,,24,33,31,26,,40,27,32,36,,,39,,,54,38,39,44,68,62,75,55,67,37,30,28,15,18,113,,26,104,,39,30,55,31,44,28,29,31,18,23,23,45,45,26,94,24,36,60,57,21,54,18,56,46,,25,25,35,28,,25,30,19,,19,46,41,36,38,86,,34,20,48,30,42,23,80,86,53,30,34,22,34,17,12,,,35,59,49,49,60,41,29,43,,35,64,46,43,30,46,,40,28,,38,30,28,45,33,25,36,,37,34,31,31,32,36,33,34,25,27,29,26,27,32,40,58,34,40,34,45,40,38,43,47,52,57,41,103,106,48,57,36,38,105,49,48,40,40,40,36,32,27,41,27,26,29,37,40,64,,43,27,29,92,77,77,77,42,65,52,14,24,15,25,10,16,19,15,23,22,15,13,22,23,12,30,,27,39,28,67,39,62,32,30,41,,64,60,63,62,22,27,25,,27,27,29,50,39,55,28,53,34,42,45,32,55,,37,36,35,37,51,31,51,39,18,24,29,28,41,43,41,39,51,44,38,35,44,40,34,54,37,47,35,,58,49,33,29,36,44,42,34,41,88,42,39,58,36,43,108,36,55,28,,53,22,24,25,67,23,35,,30,32,39,69,70,97,77,91,43,47,44,16,,19,17,,17,55,20,20,19,52,25,28,49,56,75,33,70,67,46,51,54,29,60,56,,54,35,41,35,31,29,30,23,28,20,44,53,25,45,33,35,37,49,43,30,45,43,27,22,,28,23,,33,24,29,30,45,15,21,17,21,30,27,30,29,45,30,,25,25,104,62,55,42,,39,37,24,26,25,22,56,68,26,27,28,51,,29,28,28,26,65,68,79,57,52,95,72,28,18,19,15,60,19,20,18,23,20,35,33,353,314,15,15,28,32,26,27,38,61,55,105,39,36,32,32,26,,41,70,48,55,28,35,23,,79,46,52,43,83,29,66,45,28,32,32,20,34,32,30,,20,19,54,68,57,129,,55,,18,20,21,20,27,27,64,54,26,19,,79,42,27,25,24,19,15,21,27,27,,60,99,74,35,73,25,34,55,50,20,19,35,31,58,36,24,33
20231004,17,PM2.5,6,4,5,5,5,6,5,4,5,6,5,7,,,7,,6,5,5,,8,,4,5,,4,6,,16,34,21,18,28,24,36,,6,14,,6,,5,15,22,,26,,36,36,35,4,,10,12,,12,2,,2,9,8,3,3,7,2,11,1,15,,3,7,7,13,10,6,,21,17,23,19,6,,,5,4,6,5,4,,6,6,,,4,5,6,6,,6,6,,5,6,4,2,7,,6,6,5,4,4,4,4,6,5,4,5,12,11,8,3,3,3,,6,6,5,3,5,9,2,8,11,5,4,5,6,5,9,12,11,10,13,8,,11,7,8,11,5,7,12,12,7,11,13,14,7,15,,10,8,9,8,12,8,,6,2,3,,41,,,,56,42,,43,47,48,,,,16,,9,9,7,17,7,12,12,7,14,,,,12,14,,15,14,12,12,9,,13,23,23,24,22,24,24,22,,15,,40,39,,11,12,,16,12,14,,17,17,16,9,9,19,11,,,8,8,7,13,11,9,10,,14,,,10,,8,11,,21,19,17,9,5,4,,17,28,20,23,19,19,19,19,9,9,14,5,12,12,12,7,9,17,,,14,20,20,16,,24,25,17,17,17,,18,19,9,,23,24,20,17,,12,22,17,34,44,,,44,48,42,46,44,37,45,43,38,43,50,40,38,40,,20,12,15,12,17,18,15,,17,16,21,21,27,22,21,28,19,20,23,19,33,33,,37,28,27,31,40,25,32,26,31,34,40,40,24,23,,48,27,25,34,40,33,26,36,29,27,28,34,,42,31,22,28,21,36,,43,38,45,42,,,23,22,35,29,26,28,29,23,41,29,39,,20,20,24,29,30,15,23,23,,22,13,11,11,6,,13,11,7,13,8,6,5,,,8,5,13,16,10,,20,9,17,13,,,12,2,12,20,17,10,14,19,24,19,17,,7,2,6,8,5,6,5,5,5,5,5,5,14,11,19,12,12,16,16,12,,17,13,12,13,,21,,29,24,,,,,5,,,,11,7,13,18,13,25,18,,13,24,26,25,26,,27,24,25,24,26,,25,19,18,2,,7,10,6,4,7,9,14,,7,,9,5,2,8,10,10,6,6,6,9,5,7,8,9,19,21,25,,,32,,44,35,42,39,2,,5,20,,,9,6,9,17,,44,14,22,,44,46,24,36,44,7,4,7,5,5,,,,,,,44,,46,26,21,26,28,26,31,5,2,2,,,,,31,,26,25,26,31,35,58,32,34,,29,23,32,28,11,35,36,22,14,29,20,23,25,23,10,20,29,29,29,21,,19,29,29,,12,11,,25,18,19,26,25,,23,4,,,63,51,,,,5,7,2,11,24,24,,22,26,,83,79,,86,,16,19,19,,11,13,14,7,15,,6,6,10,9,8,8,,6,7,9,7,7,8,4,5,6,9,10,6,10,8,5,37,8,6,9,10,8,8,,12,5,7,,8,19,14,24,11,20,13,13,6,3,12,8,9,10,,8,14,16,,14,35,34,27,39,,34,33,12,,45,,38,36,32,48,,66,50,,,,52,,,,60,,,,57,52,39,18,27,,,,9,19,12,12,19,22,,22,20,32,22,23,17,,21,,,1,20,20,11,6,23,29,27,21,8,10,9,17,23,17,20,,12,20,10,11,10,5,11,13,,36,35,36,33,,10,6,5,9,11,9,8,7,,,,,9,11,,11,2,12,5,8,7,14,20,36,22,11,20,10,2,,13,20,,8,7,15,,14,13,,12,10,6,7,11,9,11,16,8,19,23,17,22,,,16,12,,8,9,6,10,8,,15,,16,9,21,,,15,,,,,46,,,,,,,,,,,,,,,,7,,,,,,,,,,,,,,,,,,,,,,,,,,,,,,,,,,,,,,29,25,23,24,22,,22,26,40,,,,5,9,22,22,,,8,6,11,15,9,23,,25,17,37,,,25,45,,9,12,28,,33,,8,6,,,5,17,,,9,9,10,,,7,8,10,2,21,27,28,4,5,2,,14,5,3,12,12,7,7,8,7,8,9,12,10,,20,14,10,,7,10,8,11,6,5,5,6,6,9,4,4,,,,20,19,14,13,3,1,14,13,3,14,14,4,5,5,4,4,,,4,7,10,8,,4,,11,26,22,,20,28,21,,20,7,9,18,9,37,43,,11,21,9,5,20,3,10,10,,9,4,2,18,11,15,,18,,20,,,,5,6,8,6,30,19,,7,,11,10,10,29,24,20,25,,17,12,8,,,18,17,16,,12,14,12,,,26,14,8,25,12,4,13,37,36,32,25,19,20,28,27,,36,28,32,38,32,,22,36,30,28,26,24,24,23,26,,30,31,34,23,35,32,33,29,25,20,16,,71,58,70,,62,70,60,69,,66,78,52,,57,21,20,24,26,,41,32,,34,28,33,30,,20,32,21,12,11,,8,15,6,10,3,7,24,25,50,26,15,10,,19,28,32,,18,21,,26,9,,11,,33,28,31,10,2,,52,,36,39,28,48,56,62,50,56,7,28,52,27,24,20,32,31,37,34,20,26,23,24,30,6,15,14,19,22,10,34,26,19,14,10,28,10,28,35,23,25,20,23,26,17,27,17,17,17,19,12,22,26,24,30,22,24,23,23,15,13,,21,24,20,5,6,,,9,9,7,6,,19,21,19,29,25,21,19,13,17,,,,9,7,,5,5,,2,4,2,,9,10,8,,,,,,19,12,16,17,8,,6,,3,11,10,6,10,9,,12,15,9,17,,,,,16,7,15,11,3,6,18,,9,5,6,20,12,,15,4,6,4,20,9,4,5,,8,8,9,17,8,6,10,2,6,,15,11,,5,6,,4,4,1,,4,,2,,,2,5,6,5,9,5,7,8,6,6,10,8,9,,,8,,14,11,21,,12,13,,21,6,18,,7,5,10,12,,,14,11,12,,13,4,14,,6,15,12,,11,,,26,3,8,4,11,7,5,12,8,,12,16,11,23,17,42,25,29,28,,,14,18,4,3,,3,7,13,10,9,28,27,33,6,7,6,27,7,,35,7,16,12,8,9,10,,13,,9,22,16,16,1,4,12,14,9,9,7,7,13,3,,,6,17,13,5,,12,12,11,25,,39,7,,,34,11,7,19,49,39,45,39,44,11,20,8,6,10,85,,5,78,,27,20,39,21,17,12,9,19,8,16,10,22,17,8,69,15,9,10,31,14,29,8,7,32,,16,15,24,9,,2,11,5,,5,14,20,25,21,50,,17,4,31,16,13,10,59,26,37,10,9,6,7,8,4,,,24,18,24,34,43,3,20,16,,22,46,17,15,15,26,69,20,8,,4,21,9,31,11,3,10,,5,11,11,10,12,12,8,7,5,6,9,3,2,8,15,41,11,6,5,16,10,11,30,28,36,40,27,57,37,33,40,20,16,41,28,24,28,12,28,25,21,8,15,7,6,7,9,3,42,12,26,5,7,68,56,56,56,29,47,35,4,13,8,4,4,2,3,7,16,15,8,9,15,16,8,8,,12,27,19,29,12,44,,5,7,,46,7,9,44,7,4,9,,6,4,20,35,27,39,11,24,17,29,22,18,29,10,17,14,14,18,29,18,29,8,4,6,7,11,9,15,10,11,20,18,8,10,11,8,3,38,9,7,7,17,22,14,12,11,24,18,29,23,17,39,29,27,34,25,23,31,25,24,6,14,11,4,8,5,35,10,11,7,13,14,12,48,42,72,38,62,26,22,18,8,,5,11,6,2,4,5,5,7,17,14,17,7,17,48,2,39,31,27,26,21,8,27,12,,16,13,11,5,9,12,6,5,13,14,18,25,17,15,22,14,23,30,18,12,31,30,9,12,10,11,16,,6,14,14,11,31,6,6,7,6,9,13,14,10,17,10,,7,8,78,44,34,17,,17,7,6,8,2,2,24,49,9,3,5,4,,10,4,9,2,35,49,51,40,36,71,52,17,12,2,10,37,13,14,9,16,11,1,9,71,80,10,5,6,9,9,6,22,37,20,31,23,23,13,9,18,,10,43,30,39,19,24,10,46,46,12,14,5,61,10,26,28,19,19,12,14,12,12,16,,5,3,35,17,40,98,75,27,,6,5,4,4,7,4,46,17,9,8,,58,24,3,17,5,8,6,5,5,5,,28,74,12,9,25,12,8,13,31,4,,24,9,37,9,6,10
20231004,17,PM2.5_24h,11,8,10,10,10,11,9,23,18,10,8,10,,,30,,30,26,32,,26,,26,30,,27,36,,35,43,50,36,44,50,34,,32,32,,29,,18,26,34,,29,,56,51,49,61,79,50,52,,54,5,,9,13,12,14,13,20,15,18,19,28,,19,34,30,36,30,27,,42,36,44,41,34,,,42,42,31,36,33,,7,7,,,5,6,6,5,,13,12,,13,10,14,11,13,,13,31,26,29,27,30,27,23,26,26,24,13,12,12,8,7,7,,8,10,10,10,11,11,8,12,12,12,7,14,11,10,11,8,11,8,11,7,,10,9,7,9,10,14,13,11,11,12,13,16,12,12,,11,11,10,12,12,12,4,9,6,7,5,33,,,,34,28,,30,32,29,,,,19,,9,11,13,11,13,13,12,11,18,,,,12,16,,18,21,18,19,17,,16,25,24,22,26,24,19,22,,18,,24,25,,14,15,,19,18,17,,18,16,19,15,9,16,7,,,9,8,8,17,16,16,17,,17,,,15,,9,12,,14,12,15,8,6,7,,26,24,25,21,23,21,17,17,20,18,17,10,23,18,16,22,20,24,,,18,17,18,16,,26,26,18,19,11,,23,17,11,,17,27,24,24,,24,26,24,32,25,,,22,22,20,24,22,21,32,30,23,31,36,31,29,28,,13,14,16,12,19,17,13,,15,11,14,17,17,18,13,17,16,14,24,12,35,36,,37,41,39,28,35,27,33,29,25,25,26,28,25,26,,33,22,24,26,28,19,29,22,30,34,33,28,,26,29,31,29,36,29,,31,25,20,25,,,29,25,27,29,29,28,31,25,29,29,27,,18,19,21,20,20,20,20,23,,13,12,12,12,5,,16,10,13,14,10,8,13,,,11,13,11,14,13,,22,20,19,25,,,23,10,13,21,17,18,14,17,26,19,14,,7,8,8,8,7,8,11,7,7,7,8,6,9,12,13,11,12,13,13,9,,16,11,10,13,,31,,35,33,,,,,21,,,,34,34,25,31,26,24,25,,17,18,17,17,16,24,19,22,18,16,20,,19,15,13,8,,4,4,7,7,12,15,11,15,12,,19,14,8,12,13,12,12,11,10,11,11,15,12,11,19,20,21,,,36,,36,34,39,34,35,,32,42,,,40,43,36,47,,34,36,40,,45,39,32,38,38,17,19,18,14,19,,,,,,,34,,45,36,26,33,24,20,24,15,11,15,,37,,,24,,27,23,24,25,27,29,28,28,,16,25,19,17,19,18,23,19,12,26,22,21,23,23,21,19,33,36,26,18,,20,21,25,,24,26,,27,27,27,25,22,,22,7,,,49,45,,,,9,12,9,10,42,45,,39,30,,61,65,,72,,38,34,40,,37,38,5,7,10,,16,14,18,18,17,15,,10,14,14,11,15,13,12,15,20,14,12,13,15,18,12,18,12,10,12,14,12,12,,11,8,5,,7,16,19,24,13,18,14,10,11,8,18,15,15,15,,16,15,15,,15,16,16,15,21,,15,18,8,,46,,43,37,34,43,,46,33,,,,43,,31,,44,,,,44,39,36,24,28,,,,7,10,6,8,23,22,,19,16,28,16,25,17,,19,,,5,13,16,8,6,29,29,31,31,10,7,12,16,26,34,28,22,28,21,11,10,13,13,15,19,,31,34,34,27,,7,12,8,10,15,21,26,15,,,,,23,22,,19,6,19,8,10,8,14,15,22,16,14,14,8,8,,10,12,,19,24,21,,14,16,,20,10,11,17,14,15,17,12,16,26,27,21,23,,,9,12,15,13,15,11,5,13,,17,7,26,25,30,,,27,,,,,25,,,,,,,,,,,,,,,,15,,,,,,,,,,,,,,,,,,,,,,,,,,,,,,,,,,,,,,16,30,27,24,23,26,28,26,29,,,,30,27,32,28,,,20,22,26,22,23,42,,49,46,35,,,36,50,,29,34,21,,26,,16,13,,,5,20,,,16,16,12,,,16,18,5,3,16,14,15,9,7,7,7,6,14,15,16,20,10,8,10,10,8,10,11,8,,10,14,11,,5,8,9,11,9,9,9,7,11,14,12,9,,,10,14,17,14,13,8,10,12,12,6,11,11,12,10,8,12,6,,,7,12,10,16,7,7,,15,12,11,,14,19,14,,18,18,7,17,16,24,29,,19,20,15,18,23,12,23,23,,27,8,7,12,11,15,,22,,35,,,,11,10,14,15,33,27,,20,,18,18,18,17,16,18,20,,25,21,24,,,20,21,22,,20,19,18,,,17,11,13,20,13,8,12,34,25,26,21,23,28,26,31,,12,27,29,30,31,,37,39,39,38,35,34,31,35,32,,39,40,39,24,31,29,30,26,24,30,25,,54,45,53,,43,42,44,43,,46,50,40,,50,28,29,35,34,,30,25,9,29,27,29,30,,34,33,36,15,20,,21,14,5,17,6,8,22,27,43,30,11,12,,32,31,32,,20,18,,18,10,24,25,,35,28,31,11,6,24,24,,22,33,24,36,31,29,32,32,6,30,34,30,26,25,37,35,39,42,29,30,30,30,31,5,8,12,11,11,9,13,14,15,14,5,8,7,36,35,37,30,14,17,15,17,20,18,21,23,23,19,21,25,26,56,33,30,28,27,19,21,,23,23,25,7,7,,2,13,7,11,5,21,17,21,20,26,25,18,19,21,25,,,,11,10,,9,7,2,4,8,3,,17,14,13,,,,,,17,16,19,19,11,,10,,5,8,8,10,11,9,,18,21,13,17,,,,,7,7,17,15,13,13,20,,9,9,7,15,16,,17,5,9,11,13,12,11,9,,17,20,18,19,12,10,10,9,12,,13,10,,9,7,,4,4,4,,16,,4,,2,4,7,5,6,7,20,24,20,21,9,12,10,8,,17,18,,16,15,16,,23,19,,22,18,22,,17,17,19,23,,,17,14,12,,12,8,18,107,5,14,20,,21,,,28,15,16,10,14,19,18,23,8,,14,15,15,24,29,34,51,56,50,,,23,20,22,11,,5,16,16,14,7,27,37,38,32,27,25,49,50,,28,10,18,17,8,14,14,,22,,33,40,24,17,8,9,14,8,9,12,13,11,14,4,,,22,24,16,25,,24,28,39,19,,22,12,,,26,14,12,18,33,27,33,26,32,15,26,13,6,14,66,,30,53,,23,22,33,26,14,11,15,39,15,21,10,17,17,26,44,17,25,13,37,13,39,5,38,31,,23,25,21,10,,11,26,9,57,24,28,18,22,19,32,34,25,18,36,14,19,11,47,18,35,22,38,6,8,6,6,,,32,19,36,18,24,4,23,18,,16,36,27,18,26,19,52,33,18,,11,30,24,30,23,5,15,,6,9,10,8,11,11,8,7,9,11,8,7,6,5,26,31,12,13,6,17,19,20,27,32,39,39,38,31,32,23,26,26,20,31,28,30,26,14,23,31,27,7,40,27,25,38,15,8,26,13,30,16,19,46,37,42,42,31,38,39,6,16,6,5,8,14,14,9,15,19,8,10,11,10,12,19,,24,28,22,24,36,32,36,14,37,,39,36,37,43,8,8,10,,23,7,19,26,24,22,12,20,24,34,20,20,36,12,18,15,14,17,30,15,27,35,24,17,6,11,13,15,14,11,23,11,14,14,15,12,7,27,17,15,16,20,22,24,14,13,24,23,26,23,10,26,21,16,22,26,20,23,23,42,33,53,35,16,27,30,20,12,14,14,18,21,20,33,30,50,32,46,31,33,34,6,9,9,9,12,11,7,28,30,26,29,17,21,29,23,36,40,38,36,28,34,36,12,21,43,,40,42,44,33,16,22,16,14,12,12,16,24,25,13,29,26,21,24,32,20,25,27,11,14,9,11,12,,7,12,8,20,32,7,8,10,11,18,16,18,15,14,9,12,11,11,54,40,51,18,,56,21,29,36,26,32,50,38,50,63,46,36,39,41,39,33,30,26,38,44,29,31,59,32,38,17,9,17,31,14,12,9,16,13,6,7,64,80,8,7,43,40,27,9,23,25,36,25,27,28,14,13,21,,15,28,33,44,14,21,21,23,23,40,45,42,44,26,29,26,21,13,10,22,15,15,17,,5,4,21,23,43,69,49,32,,7,14,6,9,9,12,44,27,4,8,25,45,23,27,33,9,16,8,19,6,6,,19,58,16,11,23,10,8,12,17,6,1,28,37,37,38,16,15
20231004,17,PM10,16,13,14,12,13,15,20,12,11,20,14,22,,,15,,14,13,12,,17,,12,13,,12,15,,41,54,59,48,45,45,75,,23,23,,18,,15,18,28,,23,,62,82,50,16,,22,32,,22,28,,19,17,20,24,22,27,34,23,10,19,,26,38,33,45,56,52,,55,59,54,52,26,,,35,24,21,16,27,,9,9,,,12,14,10,15,,21,24,,23,30,24,11,26,,37,13,16,20,14,14,27,8,9,21,27,28,26,26,22,18,24,,28,31,33,2,13,27,21,18,13,22,19,27,26,13,27,23,23,21,23,22,,20,27,24,27,17,29,34,29,24,24,10,24,17,23,,25,24,23,20,21,18,11,12,11,10,6,78,,,,95,68,,83,78,80,,,,31,,24,30,30,24,17,17,19,22,16,,,,21,16,,23,19,27,22,22,,36,39,39,44,46,48,41,33,,30,,70,73,,24,21,,30,25,22,,30,31,28,24,20,24,40,,,24,21,11,21,20,17,29,,32,,,20,,29,28,,46,21,39,26,18,18,,40,35,30,29,28,37,45,36,24,19,22,17,22,19,24,24,24,24,,,43,43,45,41,,47,45,39,34,31,,34,32,20,,43,63,59,61,,58,76,56,85,90,,,102,88,95,95,97,92,74,75,56,82,100,78,64,78,,20,30,27,23,25,24,22,,23,10,32,27,38,33,32,27,38,31,41,39,49,49,,42,45,43,39,70,38,43,28,51,57,52,72,32,38,,53,44,37,64,55,45,48,35,34,29,40,48,,34,22,18,57,38,45,,58,60,59,63,,,32,30,41,45,42,39,54,34,51,38,57,,42,31,28,52,43,24,40,29,,8,27,29,23,4,,17,7,14,22,13,4,13,,,22,15,14,20,15,,26,19,34,37,,,29,10,27,31,27,22,24,29,29,24,19,,13,10,8,10,6,9,9,5,6,7,11,8,17,19,22,19,30,18,20,12,,24,23,19,21,,32,,28,30,,,,,23,,,,29,26,44,44,19,34,54,,32,44,39,41,42,61,40,44,42,41,42,,37,41,54,32,,18,27,25,15,29,27,31,,29,,30,18,22,17,22,20,18,47,42,52,48,95,47,41,61,59,61,,,83,,97,122,95,83,58,,59,67,,,28,44,33,51,,91,45,58,,53,63,46,61,68,139,29,34,22,29,,,,,,,85,,101,56,41,48,61,61,68,24,32,39,,24,,,43,,50,39,31,56,60,72,94,76,,45,57,48,46,75,52,46,31,41,31,30,34,42,32,33,28,44,37,40,62,,26,30,35,,31,32,,50,43,41,57,38,,42,11,,,121,116,,,,22,21,17,18,50,39,,38,45,,139,141,,124,,35,45,44,,26,21,35,30,31,,18,16,27,30,23,22,,36,33,32,28,36,37,18,18,23,33,33,39,85,111,98,121,68,20,18,22,32,17,,15,10,17,,12,26,20,38,16,23,9,17,10,10,9,21,10,24,,31,33,36,,22,45,38,49,45,,39,51,15,,42,,39,40,44,47,,115,108,,,,80,,91,,102,,,,58,58,78,26,50,,,,19,14,28,18,19,37,,30,30,33,33,31,28,,27,,,26,27,30,23,8,36,35,30,47,12,22,32,39,28,25,34,,28,28,24,25,15,19,23,17,,47,43,42,46,,12,14,13,13,20,12,12,11,,,,,37,29,,24,19,20,16,6,11,11,31,24,38,34,38,20,13,,28,12,,13,5,29,,30,28,,28,14,8,13,11,11,8,11,10,24,19,22,41,,,93,34,28,36,21,22,24,45,,34,5,82,63,70,,,59,,,,,95,,,,,,,,,,,,,,,,39,,,,,,,,,,,,,,,,,,,,,,,,,,,,,,,,,,,,,,44,39,42,49,49,36,42,39,45,,,,35,45,44,43,,,32,40,40,48,38,80,,42,35,56,,,50,57,,30,29,84,,100,,20,22,,,88,18,,,48,52,16,,,16,21,15,18,48,57,34,127,145,103,,128,21,22,20,20,55,41,77,61,106,132,193,104,,64,63,34,,16,12,25,19,40,45,9,21,8,50,28,15,,,19,15,25,37,10,15,41,23,12,15,6,14,17,16,10,15,8,,,16,10,22,6,,8,,18,57,55,,39,46,34,,43,35,28,45,19,67,78,,25,24,25,27,22,25,26,31,,13,26,28,34,27,29,,38,,49,,,,29,22,12,12,50,43,,16,,30,21,22,53,48,56,86,,23,25,17,,,21,24,10,,24,29,17,,,54,20,22,33,21,26,15,62,61,52,45,23,45,54,38,,48,39,56,46,47,,38,37,63,51,37,38,39,43,38,,50,42,52,35,54,54,45,49,31,40,32,,106,123,107,,112,91,122,112,,140,155,76,,54,42,42,53,54,,59,47,33,41,48,46,56,,42,38,38,32,22,,16,30,11,20,7,9,23,29,26,21,26,23,,14,31,28,,22,32,,38,6,,16,,46,34,32,25,15,26,57,46,61,55,30,63,92,83,89,62,35,32,56,38,49,50,33,45,39,44,22,37,32,31,43,17,25,23,31,27,30,32,46,30,33,18,43,12,32,46,45,47,54,43,,34,42,58,36,39,28,34,42,29,56,61,47,31,38,28,26,17,,27,25,25,12,14,,5,12,11,15,11,27,15,24,24,38,30,30,30,33,41,,,,5,9,,9,12,13,5,7,18,,14,14,12,,,,,,20,28,24,30,11,,20,,5,13,18,15,15,27,,32,34,24,38,,,,,16,18,18,16,11,10,24,,9,7,9,28,37,,24,10,18,4,9,21,4,,,19,25,17,33,9,7,20,14,18,,27,17,,12,2,,10,21,4,,20,,5,,8,9,9,22,2,15,23,28,29,27,10,17,9,11,,,21,,19,25,30,,51,51,22,30,41,63,,23,17,27,22,,,12,10,14,,18,34,18,21,8,56,32,,39,,,77,17,10,14,46,46,10,35,19,,18,23,24,75,72,82,97,77,80,,,24,27,34,18,,18,26,38,21,2,55,39,42,13,17,15,32,61,,98,29,27,25,20,24,24,,44,,44,36,32,23,2,11,39,37,49,34,24,10,27,2,,,21,33,28,14,,40,24,32,23,,68,22,,,58,16,17,29,66,73,99,51,83,26,28,28,15,13,138,,11,96,,36,29,50,31,44,19,29,24,18,20,2,45,38,18,138,23,36,70,63,18,58,4,62,34,,22,20,26,28,,18,24,15,,12,46,41,32,38,121,,34,20,48,30,28,23,74,122,54,30,34,4,34,17,8,,,11,68,49,45,66,6,29,31,,31,70,46,26,27,45,88,40,15,,38,24,14,35,11,25,36,,14,22,30,26,26,36,33,20,19,14,13,15,19,32,28,65,27,14,12,24,8,20,33,47,54,40,41,58,96,45,55,36,38,59,49,48,34,36,38,34,32,24,41,16,18,16,22,40,77,22,43,14,15,72,77,91,70,41,44,53,14,24,15,25,10,16,19,15,21,15,15,11,16,5,10,30,,27,36,26,83,39,61,27,24,41,,70,70,75,70,12,11,18,,27,5,16,20,37,47,23,56,27,31,38,29,60,,37,36,35,37,52,31,52,39,11,10,15,15,18,27,31,23,51,26,18,22,14,19,7,58,20,27,27,52,65,49,33,27,33,44,27,34,41,58,33,39,41,26,26,53,36,60,26,52,56,12,20,9,83,22,23,16,27,32,23,87,89,102,104,132,43,47,44,15,,19,12,9,17,60,11,12,13,54,25,28,49,61,100,29,89,83,46,52,58,19,70,61,,57,33,41,29,25,21,8,16,12,18,28,56,23,45,33,35,37,49,43,22,44,41,22,18,38,28,12,,23,19,29,5,20,15,11,14,20,21,21,30,19,43,26,30,20,11,87,42,60,42,,35,37,19,15,19,21,61,75,26,27,16,51,39,24,28,17,26,80,72,108,41,37,114,56,28,7,19,15,70,18,14,18,19,20,15,19,462,431,15,10,24,29,26,12,38,71,59,39,33,36,24,8,25,,32,90,48,36,27,31,23,75,107,46,54,43,103,29,81,45,21,32,32,16,28,28,30,,20,,58,86,56,142,142,59,,13,18,12,12,20,24,72,58,26,7,,99,42,19,25,21,16,15,10,9,14,29,69,120,98,35,95,25,26,59,50,11,6,35,24,66,36,21,29
20231004,17,PM10_24h,20,16,21,19,21,21,22,46,33,23,18,20,,,61,,60,52,65,,53,,57,54,,56,60,,80,88,84,81,86,83,70,,63,65,,58,,54,50,56,,57,,74,77,74,96,114,95,118,,92,23,,27,25,19,38,37,39,41,27,46,48,,47,66,56,66,73,73,,92,99,86,91,69,,,92,93,66,66,80,,19,19,,,15,19,19,15,,34,33,,28,43,30,28,30,,25,62,51,60,54,47,52,45,58,44,35,29,27,25,24,24,18,,24,25,28,16,17,21,27,20,18,21,20,21,23,15,26,22,23,20,21,21,,20,23,23,21,24,26,29,25,27,28,23,26,22,20,,25,26,24,24,21,24,15,17,15,17,13,58,,,,53,49,,56,54,45,,,,31,,24,32,28,24,26,25,21,26,29,,,,30,27,,28,28,27,27,27,,31,34,42,43,43,47,37,31,,28,,40,43,,33,27,,34,28,25,,28,29,31,37,18,25,31,,,27,20,20,33,32,35,36,,36,,,27,,27,27,,32,23,29,18,22,20,,50,40,42,39,38,35,37,33,37,30,30,27,39,29,35,35,35,35,,,39,34,40,39,,52,55,36,29,22,,30,31,18,,30,55,51,57,,57,68,56,62,46,,,51,50,51,49,49,50,61,57,53,59,64,61,60,59,,22,24,22,24,22,23,20,,20,20,22,26,23,25,18,22,24,25,36,29,55,54,,51,71,48,43,56,43,48,36,42,47,44,57,38,48,,45,44,41,59,39,38,38,38,47,49,51,47,,40,47,45,46,49,43,,44,42,40,46,,,51,44,46,48,45,44,58,61,46,44,39,,32,33,32,32,33,38,36,64,,23,26,24,24,12,,24,11,19,27,15,12,17,,,17,22,16,25,18,,34,32,34,40,,,36,25,25,26,27,26,30,29,31,25,19,,18,11,17,18,19,17,14,13,9,11,16,9,22,21,23,20,21,17,23,13,,28,23,22,22,,42,,38,39,,,,,38,,,,60,71,62,66,68,57,60,,43,28,28,28,30,30,35,36,32,33,36,,26,35,30,21,,24,18,21,18,39,32,27,30,34,,39,32,45,23,27,24,25,23,23,23,32,40,32,32,45,42,46,,,76,,75,85,75,63,85,,78,77,,,76,81,71,82,,63,64,81,,76,70,70,64,58,50,42,38,30,48,,,,,,,69,,87,67,53,72,46,44,50,25,30,35,,70,,,35,,34,31,38,45,45,52,48,54,,38,47,35,35,42,31,40,36,31,38,32,34,39,38,49,42,40,45,40,31,,33,33,37,,40,39,,57,52,64,59,29,,42,13,,,95,85,,,,30,31,25,32,60,59,,55,69,,109,101,,110,,82,80,96,,77,49,23,22,20,,32,35,37,47,36,43,,33,29,29,28,27,31,26,31,45,26,25,29,28,43,28,37,29,23,23,25,31,24,,14,13,15,,10,32,27,30,27,29,17,19,13,18,16,24,27,26,,22,25,26,,18,24,22,27,21,,22,28,12,,55,,60,52,47,52,,84,78,,,,81,,74,,74,,,,80,53,65,42,52,,,,16,15,21,17,40,41,,26,27,31,25,27,25,,27,,,24,22,18,19,9,41,45,41,48,20,26,23,32,38,41,49,37,48,34,22,22,20,21,17,25,,44,50,47,42,,20,29,20,16,29,34,41,33,,,,,53,41,,39,11,21,23,17,19,18,22,23,25,22,24,19,18,,23,21,,32,34,41,,30,40,,45,15,14,23,20,23,28,22,24,32,32,29,35,,,37,34,67,51,71,59,17,25,,26,18,87,90,99,,,56,,,,,51,,,,,,,,,,,,,,,,39,,,,,,,,,,,,,,,,,,,,,,,,,,,,,,,,,,,,,,29,43,43,44,49,53,44,55,49,,,,68,72,66,59,,,55,71,56,65,67,90,,98,81,54,,,60,73,,54,59,64,,84,,48,33,,,47,24,,,48,47,23,,,22,22,22,21,38,38,36,39,34,28,30,37,26,29,26,34,27,26,40,24,30,35,53,27,,37,37,23,,13,12,24,25,27,24,16,28,22,33,26,23,,,27,21,23,42,13,22,28,26,13,13,15,18,26,20,20,19,12,,,11,23,24,27,11,13,,14,32,33,,25,28,22,,30,30,20,33,26,39,57,,34,34,39,45,33,28,30,32,,31,31,26,25,21,24,,36,,45,,,,24,30,20,33,50,44,,31,,27,24,26,35,33,37,56,,38,30,41,,,27,30,30,,31,37,28,,,32,20,21,22,21,33,19,48,38,40,34,30,52,54,46,,43,43,51,46,47,,55,50,68,52,52,55,51,53,54,,63,61,58,36,48,49,42,41,42,53,49,,83,83,76,,76,62,84,57,,87,92,60,,59,55,49,56,55,,43,38,29,37,49,40,58,,50,47,45,45,44,,37,44,7,32,16,14,38,40,38,38,31,27,,46,46,48,,30,32,,32,17,37,37,,47,38,36,26,17,25,45,38,37,49,40,44,50,44,47,43,33,31,50,38,44,48,43,48,46,52,43,44,42,41,40,11,16,23,24,21,24,19,20,24,22,11,18,14,67,81,81,70,29,40,25,38,44,48,39,42,29,41,49,39,58,60,52,40,42,31,29,35,,46,39,36,18,15,,6,24,20,20,16,29,20,22,25,40,31,31,32,42,34,,,,18,19,,18,14,15,10,12,22,,25,21,20,,,,,,28,28,24,25,22,,14,,6,13,15,16,16,22,,24,29,21,26,,,,,13,14,23,21,23,21,26,,18,11,11,23,19,,22,10,24,15,12,16,13,13,,24,33,27,27,20,11,17,16,29,,25,18,,14,7,,7,13,11,,31,,10,,6,9,13,13,14,13,57,76,66,58,12,21,16,18,,36,30,,20,22,29,,37,42,27,40,35,45,,33,25,31,32,,,34,24,15,,16,24,18,18,6,39,64,,57,,,75,26,20,19,53,59,62,74,19,,36,27,30,87,88,94,176,177,155,,,52,43,52,18,,30,33,36,36,11,57,54,51,59,55,49,81,100,,77,27,29,26,22,31,25,,35,,55,65,36,23,19,19,37,29,29,32,31,19,26,5,,,52,47,31,53,,65,51,70,26,,33,19,,,53,27,31,30,45,47,64,48,59,22,39,23,21,20,113,,54,65,,34,40,44,36,40,19,28,73,22,39,22,34,34,53,84,24,43,43,73,18,68,7,79,44,,26,30,24,30,,30,65,21,60,31,46,28,30,28,82,75,38,45,61,26,28,25,67,54,56,30,75,15,15,15,13,,,33,48,76,22,39,10,38,33,,27,63,51,25,46,33,81,58,32,,28,41,35,42,37,20,35,,16,21,23,22,25,32,27,21,20,26,17,60,18,29,31,54,22,18,16,28,35,31,37,48,60,50,75,52,56,39,44,43,40,56,46,53,32,34,39,47,53,15,67,55,63,70,25,27,54,21,39,28,28,69,66,58,56,47,46,51,14,16,8,13,17,22,24,23,23,22,16,14,12,16,13,32,,31,32,30,59,66,56,71,34,72,,65,83,89,79,13,17,17,,40,9,23,33,26,30,23,33,41,40,48,40,57,26,38,34,33,30,59,21,40,73,42,33,20,21,25,27,27,22,44,25,27,27,22,23,15,38,24,32,37,63,53,58,33,34,34,51,29,36,49,48,39,31,30,33,29,47,36,81,56,103,93,31,52,55,60,26,24,23,30,36,30,59,72,78,66,91,49,50,58,13,12,23,10,22,25,32,38,41,36,40,30,35,77,46,75,74,73,80,55,53,68,26,45,88,,78,79,93,68,46,73,21,44,16,25,32,55,41,43,50,38,36,44,51,34,35,36,18,25,27,22,21,,25,17,26,28,29,13,14,21,19,28,23,34,27,26,21,38,32,29,81,58,80,47,,87,62,65,66,70,62,104,70,85,123,83,94,98,95,92,84,87,60,63,102,44,41,96,54,52,19,26,20,56,24,23,18,22,25,21,39,229,218,16,11,67,98,68,45,38,54,60,46,43,44,32,19,26,,22,60,55,55,17,29,38,41,56,75,80,75,79,61,73,43,38,24,24,30,28,34,31,,11,2,36,99,62,103,98,51,,17,33,13,19,30,25,62,55,20,12,50,80,30,64,57,21,29,20,35,18,16,23,46,95,38,28,53,28,27,27,39,11,10,43,80,62,75,36,26
20231004,17,SO2,3,3,3,3,1,1,3,3,3,1,3,3,,,6,,3,5,4,,6,,4,3,,5,3,,3,2,2,2,4,3,1,,3,3,,3,,9,9,9,,3,,5,5,8,2,,4,4,,5,3,,1,3,5,6,5,4,1,2,1,1,,5,4,9,6,2,6,,7,6,5,6,18,,,5,9,7,14,8,,5,5,,,8,6,4,6,,7,8,,6,6,7,7,5,,6,5,8,9,7,5,5,6,8,4,7,5,6,5,5,7,6,,5,6,4,4,6,5,5,3,4,2,6,6,7,5,7,4,8,7,7,8,,4,6,8,5,5,3,4,3,7,5,5,7,2,5,,8,10,9,7,8,8,6,6,6,6,7,8,,,,8,9,,8,8,8,,,,8,,6,6,6,7,5,7,8,6,9,,,,10,8,,2,3,2,6,4,,8,7,6,9,8,7,8,7,,6,,11,10,,8,4,,6,8,8,,8,6,8,7,5,8,5,,,8,7,7,6,5,4,5,,8,,,4,,4,4,,5,4,6,6,5,5,,4,4,3,3,2,5,5,6,3,6,5,5,8,4,5,5,6,6,,,5,3,3,4,,3,2,4,4,6,,4,5,7,,6,7,6,7,,6,6,5,8,7,,,11,10,9,12,11,12,8,4,6,6,9,10,7,8,,8,6,6,7,7,7,6,,7,5,4,5,5,4,4,4,3,3,2,6,4,7,,3,5,8,5,4,5,6,6,3,6,8,5,5,7,,4,6,6,9,6,6,6,7,7,6,6,7,,7,1,4,8,4,4,,6,6,4,6,,,5,3,10,6,6,6,4,6,5,6,7,,6,5,8,6,8,7,6,8,,7,7,6,8,5,,5,8,5,6,6,5,6,,,8,6,7,6,5,,2,2,3,2,,,4,10,3,2,3,5,5,8,3,5,3,,6,10,9,7,16,8,7,7,9,8,6,6,7,6,5,6,5,6,3,5,,5,1,4,6,,3,,6,7,,,,,5,,,,7,6,7,5,2,5,6,,16,8,4,7,10,5,5,5,4,5,8,,4,4,5,11,,14,12,10,13,4,17,4,3,4,,4,7,3,12,6,9,6,11,7,6,10,7,8,10,8,7,4,,,13,,12,11,8,8,8,,9,4,,,8,9,7,5,,15,6,7,,7,6,4,10,6,9,4,4,5,1,,,,,,,13,,6,10,8,9,10,9,12,3,4,7,,6,,,13,,20,9,7,7,7,9,10,10,,11,8,6,6,9,7,10,7,8,16,3,6,7,8,6,6,5,5,5,9,,8,7,8,,4,6,,7,6,4,4,6,,5,5,,,5,6,,,,8,7,11,7,15,14,,18,18,,17,18,,20,,9,10,10,,7,9,8,13,8,,7,8,11,13,9,5,,5,5,8,5,7,7,7,10,8,8,10,6,7,8,7,5,7,7,6,7,13,6,,5,2,5,,4,5,4,5,5,5,5,4,3,3,5,7,7,6,,9,11,8,,6,8,7,7,8,,10,9,12,,4,,1,2,3,1,,13,14,,,,6,,7,,8,,,,7,7,6,6,6,,,,6,4,7,6,5,5,,7,6,7,7,4,3,,6,,,4,6,8,3,8,4,7,8,6,11,4,4,5,8,5,7,8,6,6,4,3,4,5,7,8,,6,5,6,7,,8,6,7,5,4,4,4,3,,,,,1,1,,3,2,2,3,2,3,3,6,9,1,2,7,2,4,,1,3,,7,1,6,,8,5,,4,8,4,7,6,6,7,9,6,4,4,2,6,,,8,4,10,20,5,4,9,6,,24,8,10,7,9,,,7,,,,,12,,,,,,,,,,,,,,,,9,,,,,,,,,,,,,,,,,,,,,,,,,,,,,,,,,,,,,,6,7,5,6,7,,4,6,10,,,,6,5,7,5,,,6,8,8,9,8,13,,13,13,4,,,4,4,,8,8,7,,10,,8,8,,,5,5,,,4,4,5,,,1,3,9,12,12,13,10,3,1,8,,,8,7,6,18,6,7,4,3,6,6,6,3,,4,9,31,,8,5,6,9,5,3,7,9,6,6,6,4,,,5,10,8,11,11,7,8,6,3,4,5,7,2,2,4,3,1,,,7,2,9,1,,6,,5,4,4,,4,5,4,,8,5,6,9,2,10,8,,6,6,9,4,4,6,7,7,,7,5,4,6,8,6,,8,,8,,,,,10,8,5,8,6,,7,,4,6,5,8,8,8,7,,7,4,8,,,4,4,4,,3,4,3,,,5,,4,6,6,5,12,22,23,16,23,39,8,9,14,,12,4,7,8,16,,15,5,8,5,19,11,10,10,4,,8,5,13,2,4,2,4,4,,9,1,,14,20,20,,11,9,10,11,,8,10,6,,6,8,4,7,2,,6,4,8,7,6,9,8,,7,8,6,6,6,,6,6,9,6,7,6,7,8,7,8,5,5,,8,6,4,,8,7,,10,4,8,8,,6,6,6,10,8,12,10,6,9,13,8,6,10,7,8,12,4,2,4,3,1,3,4,3,5,3,8,7,7,5,6,3,1,2,5,2,3,3,2,6,4,6,7,6,7,13,8,7,5,12,26,8,6,8,5,5,3,10,7,6,4,19,16,11,11,4,7,8,,6,6,5,6,3,,2,5,7,5,7,5,6,6,7,4,9,9,9,7,9,,,,4,6,,7,5,9,9,10,6,,8,6,7,,,,,,5,4,4,8,5,,5,,7,6,18,18,20,17,,7,7,6,6,,,,,1,1,5,4,3,5,6,,2,6,5,8,7,,8,9,8,10,5,7,3,4,,5,9,6,9,7,9,4,6,3,,7,4,,6,7,,6,8,3,,6,,6,,5,7,5,5,7,7,9,14,14,13,11,8,6,5,,48,10,,11,4,4,,9,6,3,4,6,4,,5,6,2,2,,,9,3,3,,6,13,11,12,9,11,9,,13,,,33,5,2,6,6,5,3,10,10,,6,8,8,6,7,2,3,5,5,,,10,11,9,5,,4,13,17,3,8,2,17,5,5,4,4,4,15,,10,13,,2,7,4,4,,5,,7,3,6,6,6,7,5,10,12,6,5,6,5,5,,,4,6,7,6,,5,9,7,5,,8,8,,,6,6,7,8,10,9,6,9,9,6,9,6,6,7,19,,4,5,,3,3,5,5,5,8,2,2,3,8,3,5,4,5,12,7,2,11,10,2,9,6,6,7,,7,6,6,6,,1,9,6,5,5,7,4,7,6,14,,9,3,8,7,7,5,4,4,9,9,8,8,7,6,4,,,7,6,2,8,9,6,6,5,,5,9,12,6,9,5,8,5,7,,5,9,6,18,44,4,7,,4,8,8,6,10,6,7,8,3,6,11,8,11,6,6,10,9,8,7,8,21,8,6,5,5,4,6,7,7,6,2,5,8,6,6,7,6,8,4,8,2,2,7,6,5,4,9,2,7,7,7,6,6,5,9,10,6,6,2,1,7,4,7,8,9,5,9,10,21,14,1,8,9,9,10,1,,2,8,9,9,5,4,10,4,7,,11,6,6,7,8,3,6,,9,3,8,8,7,8,4,7,8,3,7,9,18,5,5,6,6,6,3,4,18,6,3,3,10,10,4,4,4,8,8,2,9,6,6,11,6,10,6,6,6,,4,8,9,18,7,8,7,7,7,7,6,8,7,4,8,8,7,3,3,5,8,3,8,6,7,3,7,,6,9,5,6,12,20,13,11,9,10,5,9,,10,6,6,4,2,2,6,4,7,8,7,4,6,11,10,10,10,8,8,9,4,11,4,,2,9,9,8,1,4,6,5,7,2,6,2,1,6,5,4,2,4,11,5,3,6,4,4,1,6,3,,7,4,6,7,8,7,7,4,9,6,7,6,6,4,6,10,9,8,15,15,23,25,,5,6,3,3,3,3,3,23,2,4,8,10,8,9,8,6,11,13,7,10,1,4,19,6,9,7,11,6,10,4,4,4,5,4,8,3,4,4,6,4,8,8,3,14,7,7,7,4,9,7,8,3,8,,11,12,2,1,8,5,1,11,9,9,4,12,8,9,35,7,6,7,5,5,8,3,4,,5,4,5,5,6,15,9,4,,1,3,3,1,9,18,9,8,14,11,,13,5,3,3,3,3,3,3,6,5,8,6,15,5,4,6,4,6,3,6,7,4,8,7,9,6,6,9
20231004,17,SO2_24h,3,3,3,2,3,2,3,3,3,1,3,3,,,8,,5,7,6,,7,,6,6,,8,4,,8,3,4,6,5,7,6,,2,5,,2,,11,11,12,,8,,8,10,11,6,7,6,7,,7,2,,2,2,6,8,7,7,5,3,2,2,,6,7,9,8,5,9,,17,11,11,13,8,,,8,12,8,16,8,,5,5,,,8,6,5,6,,10,13,,8,7,11,9,7,,7,7,10,9,8,8,6,8,10,6,8,5,6,5,5,7,6,,5,6,5,6,6,6,5,3,4,4,7,8,7,6,8,4,9,7,8,8,,4,6,7,5,5,4,5,4,8,5,5,8,3,11,,8,10,9,8,8,10,6,6,7,6,7,9,,,,7,8,,7,7,7,,,,10,,7,9,10,9,6,8,11,9,9,,,,12,10,,5,4,4,8,8,,9,7,8,10,7,8,7,6,,10,,9,9,,8,5,,7,8,8,,9,6,9,7,6,8,5,,,7,8,7,6,5,4,6,,8,,,3,,5,5,,6,4,6,6,5,5,,4,4,3,4,2,6,6,6,6,6,5,5,7,4,5,5,6,6,,,5,3,3,4,,4,4,4,5,7,,7,6,8,,7,7,5,7,,5,5,5,8,6,,,10,9,9,9,9,9,6,5,6,7,7,7,7,8,,8,6,6,8,7,7,6,,7,5,4,6,5,4,4,4,3,3,2,6,4,7,,3,5,9,4,4,5,6,6,3,6,9,6,5,7,,3,6,6,9,6,6,6,7,10,7,6,9,,8,4,6,8,6,4,,7,7,5,7,,,6,3,11,6,7,8,4,6,6,9,6,,7,7,11,7,8,12,8,8,,6,7,5,8,6,,5,8,5,6,5,5,6,,,7,6,7,6,5,,3,2,3,2,,,3,7,4,3,3,5,5,8,3,7,5,,8,7,9,7,16,8,7,7,9,8,7,6,7,6,5,6,6,5,3,5,,5,2,4,7,,4,,8,10,,,,,18,,,,11,17,7,4,3,5,8,,12,7,4,7,10,6,5,5,4,5,5,,4,4,5,9,,18,9,9,15,31,31,7,5,14,,6,8,6,11,8,10,6,10,10,6,18,10,10,12,7,7,4,,,11,,12,12,14,8,10,,12,7,,,11,14,9,12,,9,10,18,,7,6,8,8,7,11,5,5,7,3,,,,,,,12,,7,10,8,9,9,7,10,4,6,8,,21,,,13,,11,7,12,8,9,10,11,9,,10,9,9,10,8,7,11,11,14,14,3,6,8,7,6,7,5,6,5,10,,8,8,7,,5,8,,9,8,6,6,6,,10,5,,,13,11,,,,11,10,13,9,12,13,,17,19,,15,17,,17,,19,11,17,,12,12,9,14,9,,6,10,11,13,13,7,,11,8,10,8,8,9,7,15,20,8,14,6,8,15,11,7,10,7,7,8,10,7,,5,2,5,,4,5,5,6,5,5,6,4,4,7,5,7,6,5,,7,9,6,,6,7,9,7,10,,11,8,11,,5,,4,3,3,2,,10,10,,,,5,,5,,8,,,,8,7,7,7,7,,,,6,5,8,6,6,6,,7,6,7,6,4,3,,8,,,4,7,9,3,9,4,10,9,7,7,4,4,5,12,7,9,10,9,8,3,3,4,5,7,7,,7,5,8,8,,8,13,7,5,5,5,6,4,,,,,4,6,,5,6,2,3,2,3,3,5,8,2,1,6,4,5,,2,3,,7,2,6,,7,5,,5,8,5,7,6,7,8,10,6,4,5,2,6,,,11,4,28,26,29,6,9,6,,9,7,12,7,8,,,6,,,,,9,,,,,,,,,,,,,,,,9,,,,,,,,,,,,,,,,,,,,,,,,,,,,,,,,,,,,,,6,3,3,3,5,9,7,8,11,,,,7,6,8,6,,,16,20,17,19,19,10,,12,12,7,,,5,7,,12,9,4,,8,,9,9,,,5,5,,,6,5,6,,,2,3,10,12,11,12,9,4,6,9,7,7,10,10,9,13,8,8,4,10,9,13,10,5,,3,6,10,,8,6,9,10,6,3,6,7,6,6,7,5,,,6,11,9,11,11,9,6,7,3,6,9,7,2,4,4,3,1,,,8,7,6,2,2,6,,5,3,4,,5,5,4,,7,10,8,9,1,8,7,,6,6,7,4,3,6,6,5,,5,4,4,6,8,7,,7,,8,,,,5,10,7,5,14,8,,5,,4,6,5,7,7,7,7,,10,4,14,,,4,5,4,,5,10,5,,,5,4,6,7,6,10,11,30,24,23,23,23,15,10,16,,9,6,23,20,13,,17,10,14,6,10,14,10,12,14,,16,13,22,2,5,2,4,5,,11,4,,13,12,13,,8,7,8,5,,5,5,6,,6,8,4,8,3,,5,4,8,7,6,8,8,,6,6,6,5,6,,10,6,9,7,6,6,8,9,7,8,4,4,,9,7,5,,8,7,,9,7,7,6,,6,6,6,10,8,14,16,6,9,13,7,9,9,8,7,10,4,3,4,4,2,4,5,4,5,4,8,7,7,6,8,4,1,3,6,4,4,3,2,3,4,6,6,7,15,10,10,11,8,5,9,12,8,9,6,6,5,11,8,24,21,23,30,7,8,5,8,9,,13,6,5,6,3,,2,5,8,7,7,8,8,6,9,4,7,9,9,7,7,,,,4,7,,7,6,10,11,12,8,,9,7,8,,,,,,5,4,5,8,5,,5,,7,7,11,12,11,18,,6,6,6,6,,,,,1,1,5,5,3,5,5,,3,6,5,9,10,,8,9,6,11,7,6,4,4,,6,8,5,9,7,9,4,6,13,,8,4,,7,7,,9,8,3,,6,,7,,6,7,6,5,7,7,9,12,12,13,8,6,6,5,,51,34,,11,7,4,,9,6,3,4,6,12,,5,6,2,3,,,9,4,3,,8,13,11,12,11,11,9,,10,,,14,7,2,6,6,5,3,6,7,,8,8,8,6,7,4,3,5,5,,,10,10,9,4,,4,8,10,3,9,2,13,5,8,6,5,6,12,,7,6,8,4,7,5,4,,4,,10,7,4,6,8,10,8,10,8,9,6,6,5,4,,,5,8,8,7,,6,11,18,4,,7,8,,,9,7,8,8,10,7,10,11,11,8,10,6,6,7,17,,6,4,,3,5,6,6,3,12,2,15,3,10,3,6,5,6,10,8,6,16,8,2,7,7,7,8,,8,8,7,7,,2,12,6,5,6,6,5,10,6,11,9,8,4,18,8,10,4,8,7,8,8,10,7,7,6,5,,,8,6,5,8,8,6,7,8,,5,9,16,7,14,5,8,7,5,,7,7,11,21,49,5,6,,4,8,8,6,9,5,7,8,3,10,10,9,12,7,7,10,9,8,7,8,11,10,5,5,5,6,6,5,6,6,3,5,8,8,13,8,7,10,5,8,3,2,11,7,6,8,8,3,5,8,9,4,4,8,8,10,8,6,2,3,8,5,8,9,10,6,10,12,18,14,5,8,8,9,10,2,,2,8,8,8,6,7,15,6,9,,12,8,9,18,10,5,4,,9,5,10,9,6,7,4,8,10,11,9,10,17,5,5,6,7,7,10,5,10,10,3,3,8,11,4,6,5,8,14,2,9,8,7,11,6,11,8,7,6,4,4,11,9,9,5,10,7,8,8,7,6,15,6,4,9,8,7,5,6,13,10,4,9,9,6,3,6,5,6,8,5,6,9,14,10,8,9,10,7,18,5,17,6,7,10,3,4,7,4,4,7,7,7,5,10,12,11,13,7,8,9,4,8,8,,22,14,14,10,16,23,7,13,8,2,7,4,4,5,8,5,7,8,8,7,2,6,4,4,2,6,4,,7,4,7,10,8,7,7,4,8,5,7,6,6,4,5,16,10,10,11,14,12,28,,8,9,3,3,4,5,8,15,4,7,11,13,10,12,10,9,14,9,9,9,1,5,17,6,10,8,10,6,13,5,4,4,5,5,8,6,10,10,6,4,8,38,5,13,10,7,8,5,8,9,12,9,8,,7,4,4,5,8,6,4,9,9,12,11,17,12,9,15,8,6,7,5,5,8,4,5,,5,5,7,8,7,13,6,6,,2,2,2,1,10,15,10,7,9,14,6,11,6,6,2,3,3,3,3,7,6,8,5,18,8,5,8,4,7,5,4,7,4,8,11,12,13,8,10
20231004,17,NO2,21,2,10,14,22,17,19,20,20,2,9,18,,,9,,14,13,14,,12,,14,12,,10,13,,8,10,16,7,11,11,18,,10,10,,10,,15,19,13,,5,,29,26,16,14,,13,18,,,4,,4,5,1,4,4,3,8,2,18,13,,18,14,14,11,10,16,,12,21,21,16,27,,,22,,16,16,13,,7,9,,,10,6,7,8,,12,13,,10,9,10,16,23,,5,13,13,11,20,12,12,6,15,11,12,15,13,8,8,18,6,,9,7,10,6,11,14,8,8,13,11,14,12,8,8,9,11,14,17,11,11,,16,12,15,15,7,14,10,9,14,8,10,14,11,6,,18,7,14,15,10,9,9,13,13,8,13,26,,,,31,23,,34,31,32,,,,14,,10,14,12,20,17,15,9,9,14,,,,2,9,,19,8,8,10,9,,25,14,16,14,16,21,9,11,,13,,22,10,,20,13,,18,17,15,,18,15,16,14,13,15,10,,,7,12,6,7,5,9,10,,19,,,30,,12,9,,13,9,10,7,7,8,,22,,10,18,14,12,14,15,15,15,12,6,12,6,12,26,16,19,,,9,10,9,7,,5,7,14,12,14,,20,12,10,,8,25,23,34,,,23,30,28,20,,,28,23,21,23,30,29,44,48,41,39,40,41,42,44,,24,22,26,20,22,26,18,,19,17,17,8,13,11,16,16,15,14,7,8,31,13,,11,10,11,11,17,5,12,8,16,21,15,21,6,11,,15,10,9,24,13,14,11,15,10,11,12,8,,17,8,7,15,13,11,,14,16,16,14,,,9,6,14,13,6,2,10,10,12,20,13,,7,5,15,12,12,9,8,9,,,9,7,7,5,,10,14,14,38,31,36,18,,,21,34,19,18,39,,24,18,19,21,,,22,4,6,13,5,6,5,11,13,9,8,,11,9,6,10,11,7,10,7,7,6,10,7,31,22,34,31,29,24,29,28,,23,11,29,33,,14,,15,29,,,,,8,,,,11,11,12,19,9,11,11,,6,19,15,17,14,,17,16,15,18,18,,9,15,14,19,,14,16,17,9,13,9,12,9,11,,13,17,16,13,13,12,20,16,23,18,15,9,10,12,13,21,13,,,25,,34,50,46,34,13,,13,19,,,14,17,8,13,,28,14,14,,30,27,25,23,29,4,14,7,2,8,,,,,,,39,,45,13,15,8,23,18,20,10,4,11,,4,,,4,,2,3,2,15,15,15,22,8,,12,10,16,14,17,15,7,7,13,9,9,5,6,8,5,5,5,6,6,8,,11,7,11,,8,5,,4,7,10,10,6,,13,6,,,44,45,,,,8,7,4,10,17,18,,14,12,,35,37,,37,,16,17,18,,20,16,10,21,14,,9,12,13,21,12,13,,8,13,8,7,3,9,12,23,14,14,15,11,14,13,7,7,8,11,15,6,18,10,,4,6,5,,6,11,8,6,2,6,5,15,8,19,11,15,21,7,,24,16,31,,9,14,21,22,13,,18,22,7,,28,,20,16,13,21,,31,26,,,,34,,45,,43,,,,24,21,19,25,20,,,,23,36,13,,13,11,,11,16,18,17,10,6,,9,,,1,10,13,4,5,4,8,5,10,7,4,6,3,6,6,7,8,8,5,8,4,17,21,19,26,,19,17,19,16,,7,6,6,5,15,13,11,16,,,,,29,11,,10,4,13,12,10,19,11,14,10,6,5,10,6,7,,19,14,,12,7,31,,23,28,,34,14,15,20,17,18,21,20,24,13,22,16,20,,,15,7,5,11,10,11,6,8,,12,3,4,3,4,,,16,,,,,26,,,,,,,,,,,,,,,,10,,,,,,,,,,,,,,,,,,,,,,,,,,,,,,,,,,,,,,18,15,,13,12,,19,20,24,,,,26,25,38,34,,,12,13,,11,12,30,,21,26,14,,,14,16,,13,12,45,,48,,14,13,,,8,7,,,6,5,3,,,7,5,5,6,12,12,9,9,8,8,,9,13,9,5,8,7,11,16,8,5,7,6,3,,12,13,9,,8,6,12,8,8,6,13,6,11,14,6,10,,,13,4,6,4,5,2,9,10,4,6,2,3,11,12,6,15,8,,,5,21,12,1,,8,,4,15,14,,14,14,15,,26,12,19,15,10,26,18,,12,14,28,10,11,13,19,20,,18,7,8,14,14,8,,20,,22,,,,17,12,13,12,14,9,,20,,14,21,15,12,7,10,10,,5,9,9,,,4,6,4,,6,6,5,,,13,,9,7,11,11,11,25,27,30,25,10,13,12,15,,70,7,14,14,20,,5,12,8,10,13,10,14,14,27,,25,21,18,3,10,10,9,8,11,10,10,,39,39,43,,61,62,65,38,,32,39,34,,24,15,22,14,22,,35,25,20,15,17,16,16,,12,11,11,11,27,,9,17,6,23,13,10,17,19,20,16,17,18,,13,14,11,,15,14,,4,4,10,18,,10,15,10,11,28,16,11,16,10,13,14,5,16,18,12,19,6,14,12,11,12,14,13,11,9,15,8,12,11,9,10,4,8,4,6,4,3,10,6,14,6,5,7,9,3,4,11,9,17,23,42,8,7,13,6,6,5,6,4,8,7,10,8,10,8,8,5,6,,5,4,3,5,12,,6,5,11,20,17,13,16,17,11,23,26,24,14,17,25,,,,6,8,,6,21,30,26,32,26,,22,16,9,,,,,,5,10,14,6,14,,4,,2,2,6,7,6,8,,9,3,5,4,,,,,4,5,6,5,5,5,12,,1,4,3,13,14,,7,5,5,6,8,9,3,4,,4,,5,5,5,6,6,5,6,,3,12,,6,3,,5,6,6,,4,,2,,2,3,6,13,8,14,13,22,19,22,8,17,15,11,,,8,,15,12,11,,11,11,17,13,11,11,,,10,2,12,,,10,3,14,,7,16,10,6,3,5,17,,14,,,32,17,8,9,14,12,7,6,17,,9,8,8,6,12,1,8,12,9,,,13,7,12,6,,12,6,10,4,6,14,10,3,16,17,3,11,23,,43,18,,12,13,12,12,,18,,10,37,20,10,6,6,6,18,27,12,7,6,35,5,,,12,18,14,8,,14,12,12,6,,23,14,,,31,7,13,8,24,26,30,15,24,14,6,24,10,35,35,,10,31,,8,6,18,15,20,4,7,4,5,34,18,11,7,11,61,35,6,18,27,4,26,5,14,7,,3,3,4,13,,4,15,38,35,16,36,8,10,8,27,,33,11,24,20,21,34,45,12,20,27,10,6,7,20,23,,,10,14,10,19,41,2,9,12,,9,22,12,16,13,10,,8,18,,4,13,16,8,16,14,8,,7,12,25,20,19,30,14,10,1,9,10,13,2,17,14,30,11,15,6,7,14,5,5,10,32,12,9,18,25,9,13,11,18,18,8,7,4,6,13,6,4,2,14,12,15,7,9,15,26,,10,17,16,46,46,26,37,13,25,25,5,4,5,14,14,6,12,5,13,16,14,24,7,18,14,21,,20,20,19,29,13,32,6,5,9,,43,18,17,47,4,5,9,,20,8,20,25,9,13,4,10,3,4,10,8,11,14,20,23,17,16,12,22,21,8,13,4,11,3,14,5,10,18,14,4,22,17,9,7,6,26,7,7,4,13,14,9,10,14,11,6,5,4,15,14,12,6,11,9,8,16,7,15,4,14,11,13,22,12,16,8,18,17,23,22,15,44,47,44,46,50,34,21,19,5,,17,3,24,29,7,15,6,12,19,15,11,25,18,41,4,41,18,13,14,25,10,25,17,,16,7,11,5,12,10,8,13,5,4,6,19,5,14,6,2,8,10,9,6,8,7,1,4,,2,3,,11,7,24,7,14,16,6,3,9,18,17,22,7,17,12,8,9,18,38,13,20,10,,14,16,14,5,2,12,17,22,12,15,10,18,12,7,12,11,15,54,32,46,26,20,36,29,24,16,9,16,32,16,12,24,16,9,8,8,9,4,16,18,20,22,27,14,2,13,16,14,3,9,7,16,20,,19,22,30,20,19,23,9,,27,15,18,5,40,13,29,25,15,22,11,23,22,21,17,,13,3,22,6,12,50,,14,,10,20,7,17,9,8,43,27,22,14,8,43,13,2,9,5,17,20,12,6,10,4,19,36,10,13,15,8,13,6,13,7,5,14,10,31,12,17,12
20231004,17,NO2_24h,20,3,17,16,26,21,21,27,15,5,24,25,,,26,,24,27,30,,26,,32,30,,38,28,,38,29,34,31,29,29,18,,26,36,,35,,27,62,27,,18,,36,50,33,44,46,36,57,,61,12,,16,17,11,27,24,26,28,9,24,26,,26,30,25,25,32,37,,26,45,37,31,53,,,52,64,56,63,40,,18,24,,,18,10,12,13,,14,17,,14,11,12,16,20,,6,17,18,17,20,16,17,13,20,18,14,21,16,13,12,14,9,,14,14,15,7,10,10,8,9,14,13,13,12,7,10,12,14,20,22,15,14,,20,14,18,16,18,23,17,20,19,18,17,21,17,14,,18,14,19,25,13,20,15,17,17,15,16,32,,,,30,25,,36,27,29,,,,18,,22,26,25,28,31,26,18,23,23,,,,15,16,,20,16,14,16,15,,23,30,30,30,34,33,13,18,,14,,26,19,,24,20,,24,21,19,,26,20,18,18,16,15,11,,,12,12,10,14,7,15,17,,20,,,25,,17,14,,10,7,9,8,7,7,,21,20,12,15,18,14,14,14,22,18,15,11,14,10,14,28,17,20,,,7,8,9,7,,13,17,13,9,10,,14,10,10,,10,22,27,36,,33,30,37,27,11,,,23,31,23,24,32,30,29,31,25,33,30,29,33,32,,20,20,18,21,18,23,16,,16,16,16,7,8,7,10,11,10,11,6,6,36,25,,33,42,23,23,31,19,33,11,18,20,19,20,15,21,,15,16,13,27,10,11,12,11,21,26,25,17,,15,32,23,16,13,12,,15,15,12,14,,,21,13,21,24,17,14,14,24,25,36,17,,10,11,16,13,17,19,19,26,,10,19,9,10,7,,20,15,17,26,16,24,21,,,19,30,18,21,27,,16,15,16,17,,,18,7,7,14,5,7,5,11,10,9,7,,18,9,12,13,17,16,16,14,12,9,14,7,27,23,31,24,27,20,25,16,,19,24,25,28,,35,,29,39,,,,,16,,,,35,26,54,51,34,47,36,,15,14,10,13,10,11,14,17,13,16,15,,8,13,10,16,,16,12,14,15,38,20,20,25,33,,12,14,14,14,14,13,19,17,20,16,17,15,14,20,12,15,12,,,40,,33,41,39,29,22,,28,26,,,36,44,38,48,,26,31,27,,40,37,32,46,25,16,16,13,8,26,,,,,,,29,,33,23,22,36,37,27,38,10,8,13,,30,,,6,,3,6,8,14,15,13,13,10,,14,12,13,11,17,9,10,11,11,15,17,14,17,7,5,5,15,11,12,8,,8,10,12,,9,8,,9,10,15,14,6,,23,10,,,35,30,,,,19,16,11,17,30,34,,30,30,,34,37,,35,,63,64,49,,64,22,16,19,17,,11,15,15,22,15,14,,13,16,11,8,9,11,12,23,30,14,14,14,16,21,13,13,10,11,15,12,15,11,,4,5,5,,5,17,20,14,12,17,7,10,7,12,8,21,26,11,,22,11,22,,8,13,16,18,11,,18,17,5,,33,,36,33,20,23,,35,30,,,,26,,34,,34,,,,34,26,22,34,20,,,,27,24,13,19,17,15,,11,17,14,14,13,6,,12,,,2,10,14,6,4,5,11,8,12,8,5,6,9,12,18,20,17,20,20,5,4,10,16,14,16,,22,23,24,21,,9,16,15,8,16,15,14,16,,,,,17,12,,12,5,14,9,12,13,10,12,8,6,5,7,10,9,,18,18,,23,28,31,,27,32,,37,15,13,27,21,24,32,25,27,25,34,30,27,,,14,8,26,21,37,26,12,16,,13,9,43,33,17,,,28,,,,,23,,,,,,,,,,,,,,,,16,,,,,,,,,,,,,,,,,,,,,,,,,,,,,,,,,,,,,,16,19,11,20,22,27,21,22,30,,,,27,29,31,38,,,29,35,30,29,33,42,,51,45,17,,,18,23,,41,40,43,,37,,16,15,,,9,6,,,8,10,9,,,5,4,9,12,12,11,7,13,12,10,7,14,16,15,10,15,9,10,15,9,11,12,13,15,,10,10,5,,8,7,10,14,8,6,12,6,16,20,12,13,,,12,11,9,14,9,8,9,15,4,6,9,5,16,12,13,16,4,,,6,16,11,2,8,7,,3,12,14,,18,18,16,,18,16,21,14,14,23,28,,12,15,23,17,13,12,14,17,,14,6,7,10,15,12,,23,,32,,,,17,14,14,11,21,19,,15,,17,27,22,8,5,7,8,,14,16,16,,,10,12,11,,12,16,11,,,11,4,8,7,8,6,8,24,20,24,19,12,16,16,16,,10,7,10,9,11,,6,12,10,9,13,12,13,16,31,,28,26,18,2,10,8,6,8,15,16,14,,36,33,35,,43,35,42,23,,21,28,32,,29,25,27,20,24,,26,21,20,20,19,17,26,,20,15,16,14,12,,19,13,6,24,7,6,25,30,28,26,17,20,,15,14,14,,11,10,,6,5,10,14,,10,14,14,10,16,15,10,10,9,13,12,7,10,12,12,11,6,12,9,10,10,11,13,12,10,14,8,10,10,9,8,4,6,4,6,3,4,9,7,10,6,5,8,11,28,31,26,29,17,12,16,20,20,20,18,12,11,9,6,10,13,16,13,13,14,12,11,19,,16,11,11,6,7,,8,6,12,11,13,10,15,16,17,16,22,20,12,15,26,,,,7,11,,8,15,23,21,25,23,,22,14,10,,,,,,9,10,13,9,9,,5,,8,4,9,6,7,9,,7,3,6,4,,,,,3,4,6,5,5,7,8,,2,6,6,12,12,,9,9,6,10,8,8,6,7,,5,6,6,7,12,9,5,10,10,,8,12,,8,12,,5,6,10,,7,,10,,2,4,9,11,10,12,38,52,53,49,8,16,14,13,,26,19,,11,11,19,,17,16,26,24,13,12,,12,11,4,16,,,14,12,16,,7,12,13,3,8,9,25,,21,,,27,21,13,14,26,26,38,35,10,,23,15,10,14,22,13,38,43,35,,,33,24,30,6,,16,17,22,13,10,24,21,21,46,37,18,29,43,,44,14,18,17,17,23,17,,27,,33,29,18,7,15,15,9,14,25,15,12,8,21,5,,,24,14,18,21,,27,30,27,7,,26,21,,,39,17,31,11,25,26,28,21,28,18,11,25,15,16,39,,26,24,,11,10,15,14,16,6,8,28,7,34,20,8,9,35,36,30,10,14,54,4,44,11,43,12,,5,4,4,13,,15,26,33,26,17,28,11,15,12,32,28,28,16,28,19,28,31,37,10,28,20,34,8,7,16,19,,,30,20,37,17,33,4,15,18,,16,23,14,18,44,8,28,17,16,,12,32,31,14,20,13,8,,6,14,21,20,23,26,17,11,13,17,16,15,8,16,13,24,19,21,9,11,24,13,11,23,42,30,32,29,36,11,27,17,10,16,16,17,15,8,15,17,12,6,32,23,33,24,14,14,23,16,17,16,16,42,31,25,24,17,23,26,6,6,8,12,14,13,12,7,14,18,13,16,6,26,16,19,,18,14,16,29,46,27,32,11,31,,36,37,40,30,11,8,9,,16,10,25,34,7,11,6,16,13,7,21,13,17,20,18,23,16,16,15,12,16,36,11,9,14,8,19,12,15,29,23,7,29,21,14,15,14,13,12,12,20,54,22,41,16,15,19,8,6,6,23,14,11,9,9,14,8,17,10,22,26,30,46,12,27,46,17,10,19,21,22,32,19,31,26,38,32,38,29,22,29,12,6,13,3,23,19,8,21,18,15,21,21,17,52,16,39,26,28,34,20,34,40,14,27,34,,28,43,48,52,21,37,16,20,13,14,8,22,14,11,14,4,10,13,12,11,9,6,1,10,6,3,3,,14,11,24,10,17,14,8,6,11,19,16,24,7,24,9,22,14,19,34,31,47,24,,43,36,32,36,38,44,41,24,25,51,31,45,32,29,27,31,37,38,25,39,27,26,41,21,32,18,14,16,24,30,20,23,25,11,13,26,22,32,16,11,33,54,27,18,4,19,9,22,16,20,13,20,19,,14,20,35,36,13,16,12,32,33,38,54,37,31,20,27,30,30,28,13,15,24,24,17,,9,3,12,13,17,35,29,16,,14,25,6,22,17,11,31,31,14,17,17,40,12,24,32,14,13,19,26,17,20,6,23,36,14,10,17,11,13,6,17,6,6,21,40,27,36,14,13
20231004,17,O3,56,65,74,52,65,69,49,66,58,70,56,61,,,85,,78,79,88,,86,,75,80,,79,77,,124,134,126,129,122,139,136,,72,83,,78,,100,104,94,,90,,97,113,113,92,,80,78,,90,85,,82,80,90,76,72,81,76,76,68,78,,74,80,82,81,101,97,,96,96,99,98,80,,,85,94,90,95,91,,75,80,,,85,85,81,86,,69,70,,70,75,72,72,62,,73,88,89,88,78,89,101,94,84,86,98,60,60,64,65,57,67,,60,68,62,56,47,47,44,50,48,51,43,50,51,50,51,104,109,106,109,115,,112,112,101,104,133,131,139,127,120,129,135,133,135,120,,114,125,124,127,120,124,110,102,98,107,102,111,,,,86,106,,100,89,84,,,,143,,121,107,109,112,107,112,116,107,110,,,,122,120,,122,131,138,121,124,,124,119,127,128,132,116,138,148,,134,,146,127,,109,104,,110,109,94,,111,125,98,92,109,109,112,,,104,103,116,92,96,95,89,,90,,,136,,101,103,,96,94,94,103,112,106,,92,85,84,77,79,89,103,94,92,84,86,92,91,92,86,77,87,87,,,132,127,130,128,,128,130,56,63,64,,59,63,70,,68,138,130,114,,129,138,135,133,135,,,175,184,181,183,168,171,38,24,21,25,54,52,22,18,,41,47,36,49,41,48,44,,56,61,33,58,35,53,40,44,45,47,56,32,149,175,,136,125,151,118,170,91,117,79,140,126,145,174,110,90,,52,111,108,110,206,163,177,140,156,141,111,175,,204,121,97,177,180,185,,207,238,158,227,,,100,98,100,104,107,116,112,108,156,133,166,,120,114,121,119,138,108,104,111,,73,87,78,67,46,,37,11,22,8,6,23,26,,,14,13,14,27,12,,26,54,45,49,,,52,54,84,85,73,81,79,71,74,87,77,,69,68,56,60,56,58,67,70,64,67,57,54,45,46,38,35,43,40,30,47,,37,52,40,24,,83,,76,72,,,,,103,,,,95,86,102,99,92,102,96,,96,35,40,48,46,36,38,39,38,39,39,,38,47,53,82,,91,83,86,94,89,87,86,88,83,,78,77,80,79,78,74,68,77,75,70,80,80,82,81,140,133,139,,,136,,101,83,71,98,102,,100,118,,,97,104,102,120,,130,121,115,,105,93,96,116,90,84,80,89,88,84,,,,,,,63,,54,128,122,126,130,151,156,89,91,86,,95,,,83,,90,82,90,157,170,,171,141,,148,170,176,173,186,162,110,100,96,95,80,78,78,112,110,101,91,89,91,118,,117,106,97,,75,89,,92,84,88,92,94,,62,54,,,50,52,,,,85,79,90,85,132,142,,140,141,,45,51,,67,,108,107,112,,107,115,74,64,73,,74,75,70,62,73,70,,70,63,71,67,71,67,70,63,68,70,66,69,74,73,80,75,74,68,65,72,61,67,,47,43,44,,44,70,68,69,73,73,43,31,41,28,34,113,110,116,,128,138,118,,126,86,72,82,79,,79,79,80,,37,,40,34,45,42,,146,145,,,,34,,25,,25,,,,68,67,47,46,40,,,,53,31,49,36,61,64,,47,44,40,41,51,63,,74,,,76,72,68,59,59,84,107,99,113,74,86,88,86,110,97,106,105,108,99,58,63,48,46,49,41,,51,54,54,58,,57,62,62,62,31,45,44,34,,,,,47,58,,58,30,31,31,39,23,33,81,83,87,87,88,79,76,,41,44,,74,76,48,,59,50,,43,62,85,71,77,81,71,82,72,66,61,63,44,,,75,103,108,102,98,101,101,106,,105,98,101,102,106,,,131,,,,,178,,,,,,,,,,,,,,,,88,,,,,,,,,,,,,,,,,,,,,,,,,,,,,,,,,,,,,,35,73,63,70,73,82,78,86,78,,,,74,75,51,60,,,81,78,82,83,81,87,,93,88,59,,,59,58,,96,86,25,,26,,80,82,,,74,68,,,100,101,80,,,63,66,77,80,109,104,102,74,70,69,,73,75,64,69,70,68,67,61,66,74,73,70,72,,56,55,66,,76,80,71,76,56,47,57,63,78,78,83,52,,,62,60,59,60,63,67,59,59,93,46,53,57,52,48,57,51,63,,,73,32,38,,36,37,,59,116,119,,122,119,129,,85,108,105,99,84,103,122,,77,84,75,90,84,81,80,80,,84,68,61,58,139,138,,97,,98,,,,78,82,77,58,84,105,,80,,101,97,100,127,132,132,126,,81,81,80,,,84,82,88,,74,71,74,,,148,36,48,42,39,38,46,23,22,22,25,68,70,77,70,,35,65,64,59,35,,76,80,81,79,76,78,73,78,25,,32,36,43,56,54,49,47,49,84,98,96,,92,95,93,,19,39,36,44,,50,52,60,,68,78,83,86,74,,51,53,66,71,74,78,83,,78,76,76,36,25,,55,38,88,66,57,85,76,73,69,76,35,44,,85,83,84,,58,60,,39,49,52,50,,56,56,60,39,25,41,59,55,61,62,48,61,68,70,66,58,64,72,70,73,65,55,57,57,56,49,80,70,76,73,74,59,54,58,61,54,42,66,63,56,68,26,61,58,91,95,106,83,91,98,72,127,131,95,106,107,108,94,93,110,126,136,128,107,112,77,82,87,,103,79,84,62,48,,57,40,34,31,31,44,49,44,47,32,37,40,39,52,52,,,,28,30,,30,4,14,21,13,20,,33,42,29,,,,,,59,56,52,62,17,,39,,58,60,70,67,66,68,,83,86,85,88,,,,,58,58,50,50,65,63,75,,84,55,57,56,53,,53,49,46,51,46,46,42,38,,54,52,58,55,46,51,46,57,79,,42,36,,40,57,,55,58,57,,49,,133,,44,43,49,47,52,47,90,76,83,79,65,49,43,78,,99,101,,71,72,106,,95,97,83,87,100,101,,75,75,101,92,,,85,96,82,,108,86,87,50,60,105,80,,74,,,54,77,91,84,121,118,116,106,95,,105,107,106,100,96,116,117,115,112,,,96,98,94,60,,92,97,97,91,67,120,147,152,83,79,84,129,90,,30,63,139,132,111,98,152,,102,,95,102,48,78,56,59,103,57,101,74,68,26,130,45,,,75,67,97,83,,78,86,86,37,,,124,,,102,120,124,140,91,113,104,128,108,118,94,13,30,4,51,,81,29,,102,93,50,48,97,89,60,97,50,39,72,64,144,82,45,74,91,74,131,67,132,56,108,72,,80,79,74,51,,78,93,5,58,60,44,72,76,75,147,,46,38,38,49,134,36,29,72,77,75,95,69,44,20,16,,,94,108,99,87,127,129,68,136,,110,65,67,137,95,147,23,79,88,,72,87,88,116,103,64,100,,116,106,97,99,100,86,104,108,78,86,91,82,85,76,127,98,108,128,108,142,128,119,92,110,131,100,130,206,212,77,139,108,105,210,155,147,82,128,70,102,98,84,83,86,83,90,116,110,106,138,106,85,90,34,32,69,50,75,24,28,43,50,47,59,31,36,28,35,32,22,22,11,62,42,35,39,,44,43,44,144,122,78,102,94,97,,90,102,111,39,68,85,77,,80,86,76,64,36,58,89,154,108,122,142,101,130,96,99,87,92,95,99,58,88,94,57,75,91,87,131,137,130,123,134,138,121,111,139,125,108,116,116,150,112,106,102,100,94,90,114,109,96,63,108,190,128,105,166,102,137,216,110,114,87,108,108,70,76,78,113,73,112,114,95,92,123,10,31,90,66,57,35,82,73,51,,27,52,17,38,68,63,63,58,31,45,55,89,151,90,103,56,121,140,132,124,90,146,120,,116,110,108,111,97,92,95,73,88,52,140,157,67,135,80,104,105,104,104,96,86,44,85,69,70,76,73,,104,74,45,95,63,26,66,52,67,94,86,95,92,141,94,84,78,79,92,143,154,89,,124,99,75,81,79,69,97,140,78,82,88,92,91,92,81,89,81,43,27,23,11,60,107,49,56,22,32,32,101,58,44,46,60,24,109,103,94,100,21,46,89,102,63,84,84,156,85,209,122,107,100,100,78,,130,106,31,38,54,43,60,147,159,106,116,98,58,68,56,33,53,50,34,41,108,101,96,,47,60,103,109,60,25,148,59,,56,64,67,64,86,85,57,124,80,59,97,48,64,86,80,74,58,42,65,85,86,50,112,140,70,52,62,54,107,69,125,64,59,55,99,92,90,76,105
20231004,17,O3_24h,147,97,160,149,150,159,127,143,144,132,135,131,,,146,,139,134,156,,154,,137,137,,118,128,,157,159,147,152,154,161,175,,134,145,,135,,157,147,146,,144,,151,151,156,171,52,162,139,,182,87,,85,82,92,107,112,123,124,126,132,151,,149,117,127,115,149,129,,157,152,152,156,138,,,155,124,127,134,95,,78,80,,,88,87,86,92,,135,128,,145,137,139,139,134,,134,148,150,151,140,155,162,156,135,142,151,115,113,125,128,128,132,,111,128,109,82,63,75,69,73,67,76,70,73,77,60,72,105,109,106,109,115,,112,114,101,104,133,131,139,134,123,129,137,133,135,266,,134,136,133,143,129,136,122,112,104,118,112,153,,,,114,127,,130,128,128,,,,143,,131,128,125,133,128,126,133,129,126,,,,138,128,,137,134,141,131,134,,134,130,140,144,134,139,138,148,,139,,153,138,,109,104,,110,109,94,,111,125,109,94,119,165,124,,,110,118,130,124,122,121,115,,115,,,147,,127,126,,121,116,111,108,119,114,,156,135,128,128,121,100,108,99,92,87,96,96,95,96,93,85,90,95,,,137,130,131,129,,164,166,82,88,90,,84,87,92,,84,141,141,126,,145,144,145,143,143,,,175,184,181,183,170,178,118,121,123,116,129,124,122,119,,60,54,60,62,63,57,65,,68,71,33,58,42,53,45,44,45,50,56,32,164,184,,183,204,211,138,173,102,151,138,166,166,151,174,116,130,,156,127,108,206,241,169,241,207,188,173,170,203,,208,149,141,202,208,197,,222,238,158,227,,,185,160,175,124,130,144,125,118,156,135,166,,125,129,133,133,148,123,111,111,,75,87,98,78,46,,37,20,42,31,35,47,39,,,27,30,27,34,41,,69,81,69,62,,,74,108,93,92,77,85,82,75,82,93,85,,69,68,67,64,66,59,74,75,69,75,71,71,81,78,85,76,71,73,75,83,,88,83,77,79,,86,,76,75,,,,,148,,,,144,130,119,99,117,132,110,,99,39,47,53,52,42,44,39,41,43,45,,40,50,53,108,,113,111,112,123,92,92,111,110,83,,156,157,160,104,94,90,96,166,163,171,164,148,174,162,160,160,160,,,144,,125,135,127,127,147,,136,140,,,138,149,135,132,,141,141,147,,133,139,138,144,128,144,144,144,147,136,,,,,,,143,,139,147,142,141,138,151,156,158,147,146,,179,,,85,,90,88,94,189,218,208,209,192,,148,170,176,184,186,162,110,107,106,95,103,87,110,130,134,119,92,89,93,127,,121,130,126,,159,169,,129,126,128,133,116,,121,59,,,137,142,,,,101,92,108,101,140,152,,141,150,,129,131,,142,,117,107,114,,113,149,84,78,87,,138,134,132,131,131,136,,119,115,121,123,128,132,122,111,85,124,104,101,151,161,163,145,150,126,128,119,114,132,,63,63,63,,63,76,73,75,79,77,62,60,65,59,61,113,110,116,,129,138,137,,126,86,72,82,79,,87,79,98,,122,,113,103,98,114,,151,145,,,,120,,124,,127,,,,126,128,130,86,84,,,,53,48,52,38,71,70,,55,48,49,48,58,65,,79,,,76,79,68,59,78,84,111,112,119,78,86,91,95,133,122,128,123,128,111,76,83,67,57,73,68,,64,65,62,60,,64,82,78,63,64,69,65,57,,,,,81,82,,82,39,46,44,45,48,40,86,83,90,89,88,81,84,,75,73,,83,79,85,,74,62,,67,67,91,88,81,86,90,87,90,90,81,90,88,,,122,118,150,144,128,157,101,106,,111,98,107,108,109,,,150,,,,,178,,,,,,,,,,,,,,,,161,,,,,,,,,,,,,,,,,,,,,,,,,,,,,,,,,,,,,,36,83,75,77,84,98,105,110,105,,,,132,131,133,134,,,117,111,116,115,118,156,,158,143,86,,,86,91,,138,120,93,,92,,113,116,,,84,68,,,125,115,86,,,66,70,78,81,124,120,115,138,125,133,74,135,140,118,124,140,132,143,128,134,108,117,99,101,,124,129,146,,98,102,94,94,98,96,83,88,79,83,87,75,,,80,72,63,61,73,73,80,68,101,74,69,64,69,61,76,68,77,,,92,74,73,,84,86,,75,128,124,,127,122,130,,114,116,125,118,259,115,132,,86,94,97,90,92,92,91,91,,85,78,78,61,139,139,,99,,98,,,,87,90,91,81,102,108,,83,,101,97,100,129,132,138,132,,91,91,93,,,95,96,101,,89,84,87,,,148,51,59,59,51,55,52,27,28,27,35,99,96,111,100,,84,102,112,111,104,,80,84,81,85,106,111,99,104,66,,58,62,68,97,93,92,84,98,104,130,129,,139,122,124,,131,128,126,117,,129,126,111,,114,113,119,116,115,,114,120,118,116,104,78,102,,98,107,101,49,39,,55,50,96,82,74,99,82,82,85,86,54,55,,86,85,84,,73,74,,64,51,56,51,,81,79,71,43,39,52,62,58,64,63,59,65,68,70,69,66,64,72,70,73,65,68,76,82,87,84,87,83,84,83,80,59,59,58,61,54,42,72,68,62,72,42,64,58,135,134,127,116,91,111,104,127,131,142,131,113,108,112,93,130,141,136,131,108,112,88,99,97,,132,100,118,77,73,,73,68,60,58,63,60,64,57,61,90,79,95,79,95,74,,,,40,38,,38,36,34,38,34,32,,52,58,47,,,,,,74,69,72,76,28,,45,,58,68,70,68,66,69,,92,98,91,98,,,,,107,69,74,75,73,72,89,,87,55,57,74,80,,53,49,46,52,47,52,42,38,,59,58,65,62,64,82,46,64,79,,64,57,,57,59,,58,58,57,,68,,133,,46,47,75,67,71,66,132,119,114,118,65,54,54,86,,116,104,,90,98,110,,126,130,94,97,107,114,,82,82,107,99,,,85,98,91,,111,88,87,56,63,105,142,,132,,,97,82,94,88,121,119,116,106,95,,109,107,106,107,103,116,117,115,112,,,96,98,94,74,,96,114,114,91,82,149,148,168,147,135,136,155,154,,97,137,139,133,125,120,155,,102,,174,139,71,92,61,62,112,62,126,133,140,33,143,48,,,149,152,124,143,,142,153,132,60,,122,132,,,161,126,138,145,122,136,172,162,153,126,94,25,36,47,125,,141,78,,121,172,81,79,107,90,71,191,55,83,74,89,144,133,128,81,158,84,140,69,136,57,133,75,,80,79,74,62,,82,143,18,122,81,88,76,81,77,147,58,85,41,68,63,134,68,132,119,113,86,169,69,55,55,49,,,94,117,140,87,153,129,69,136,,110,137,95,137,141,152,127,151,89,,144,92,90,120,108,73,112,,118,110,105,99,102,94,108,109,103,106,119,115,90,87,132,140,121,140,119,143,128,127,111,167,147,127,207,206,212,119,167,152,156,231,155,151,110,128,106,189,134,99,115,150,135,133,116,128,118,139,110,87,90,115,144,123,117,107,111,121,70,76,67,84,31,37,42,36,54,46,27,26,67,48,39,68,,63,72,94,172,137,133,161,148,176,,135,143,138,123,68,85,82,,154,93,80,86,56,65,89,166,130,124,142,118,137,123,126,102,117,124,116,75,88,172,100,134,112,93,139,141,130,127,147,139,134,132,140,141,119,180,124,150,122,133,110,116,94,122,114,168,96,92,113,210,138,121,166,122,137,216,140,141,156,142,131,130,150,126,122,94,112,114,103,100,123,132,132,99,129,128,135,118,99,64,68,37,52,48,45,130,81,71,83,58,58,71,136,155,132,160,150,121,156,150,147,162,159,152,,146,143,144,141,140,95,99,145,89,66,140,186,138,156,155,104,105,130,109,111,93,56,87,71,86,80,81,,107,85,81,95,71,36,66,61,67,94,93,121,126,141,112,100,102,103,190,167,154,118,,161,143,138,142,132,142,158,154,147,145,152,180,165,181,178,164,164,127,115,110,107,120,141,117,91,25,44,36,142,85,70,73,82,53,109,110,114,117,50,73,132,118,130,114,94,159,142,214,184,197,126,102,80,,132,120,109,115,84,76,78,147,159,131,128,148,144,128,102,85,56,50,49,53,108,130,143,,63,70,162,111,95,117,148,98,,131,170,134,147,100,85,148,138,108,76,120,116,89,153,136,99,143,137,141,87,88,79,114,147,80,70,70,73,126,135,126,64,59,64,160,138,174,154,112
20231004,17,O3_8h,54,56,66,58,57,62,52,63,66,55,51,55,,,78,,78,77,85,,82,,73,79,,79,73,,88,108,91,97,98,101,117,,77,82,,76,,85,89,78,,78,,104,108,110,82,,73,76,,79,80,,77,76,84,75,72,79,73,75,62,71,,67,82,82,81,82,80,,105,102,111,106,70,,,74,74,71,77,76,,70,70,,,80,79,77,80,,70,70,,72,74,72,72,66,,72,81,81,82,72,83,93,86,82,81,92,62,63,67,67,63,69,,64,70,67,61,49,57,51,56,54,57,51,55,59,52,59,99,100,99,100,107,,104,108,92,97,108,109,114,106,101,102,117,108,110,122,,110,116,112,119,110,121,114,108,101,110,106,124,,,,94,109,,116,106,106,,,,120,,109,102,102,108,105,107,106,105,110,,,,110,114,,117,117,121,121,122,,123,122,125,126,122,122,129,139,,130,,132,125,,89,79,,88,85,76,,86,92,86,76,95,97,96,,,94,93,102,98,100,107,90,,85,,,114,,100,97,,97,100,96,98,110,104,,87,90,79,80,79,92,98,93,85,75,86,88,84,88,78,73,79,84,,,124,116,120,115,,138,139,54,63,65,,57,59,69,,60,132,122,116,,128,129,132,133,129,,,153,151,144,155,150,154,33,31,29,26,34,33,28,21,,39,39,40,37,38,43,39,,53,47,28,41,35,44,38,37,41,40,41,25,116,122,,109,111,137,106,122,81,116,98,124,110,122,132,99,93,,114,100,99,127,195,140,176,148,133,124,114,144,,161,114,106,170,174,164,,146,149,127,150,,,108,112,113,102,113,114,102,97,113,103,122,,106,106,114,106,110,103,95,98,,68,70,83,69,25,,18,13,18,9,9,26,21,,,17,13,11,20,14,,35,41,40,38,,,45,51,85,83,73,79,78,71,74,88,79,,53,47,42,42,42,44,58,60,54,59,51,46,44,39,36,41,38,43,33,54,,35,42,41,28,,80,,70,67,,,,,92,,,,81,75,33,51,57,53,52,,62,32,40,46,44,36,36,34,34,36,38,,34,42,45,81,,83,80,84,84,76,76,70,72,73,,78,75,79,85,80,77,74,80,79,76,81,81,84,84,132,131,140,,,128,,110,111,105,109,94,,92,115,,,111,121,112,114,,128,121,128,,119,112,116,121,110,110,110,112,115,109,,,,,,,60,,58,114,117,121,130,137,136,118,113,112,,129,,,81,,83,80,87,141,163,158,138,135,,114,116,128,126,122,117,93,94,91,80,87,78,84,100,99,88,85,83,86,107,,99,98,93,,64,80,,98,90,95,106,94,,90,46,,,63,65,,,,77,72,82,77,74,82,,82,84,,28,39,,51,,74,77,78,,73,108,79,71,80,,74,73,71,67,74,69,,73,68,75,70,71,71,70,68,68,72,67,69,78,79,84,78,80,72,70,74,70,69,,46,45,46,,45,72,67,70,70,72,50,41,49,39,46,86,82,86,,89,96,92,,92,67,62,71,60,,66,67,64,,32,,29,22,32,34,,87,85,,,,32,,28,,27,,,,52,49,58,33,35,,,,27,32,39,25,61,62,,40,34,37,38,50,58,,70,,,73,64,58,53,67,74,92,89,100,67,75,84,82,115,107,111,105,110,101,67,68,57,48,50,47,,39,42,44,44,,54,62,62,53,30,38,26,24,,,,,47,52,,50,28,26,30,31,23,31,63,59,61,64,66,52,52,,38,44,,57,45,36,,43,37,,33,50,74,62,61,62,57,65,63,41,42,39,37,,,69,102,91,90,82,88,66,60,,83,65,73,76,92,,,124,,,,,158,,,,,,,,,,,,,,,,124,,,,,,,,,,,,,,,,,,,,,,,,,,,,,,,,,,,,,,34,73,56,67,71,78,78,78,75,,,,53,56,50,51,,,48,65,68,70,65,72,,72,68,51,,,47,47,,78,80,34,,32,,73,76,,,75,66,,,86,88,76,,,61,64,75,80,107,103,105,77,72,72,,77,75,64,70,71,71,72,63,72,80,78,76,76,,58,64,74,,74,76,68,70,67,60,68,71,65,67,74,52,,,68,62,58,58,68,68,64,53,94,56,63,52,57,56,58,55,69,,,87,41,35,,41,41,,57,112,112,,109,111,118,,96,102,104,98,119,96,111,,66,71,69,72,69,72,69,70,,70,64,61,42,117,117,,94,,93,,,,70,74,73,65,86,94,,64,,68,69,64,116,114,128,126,,78,79,80,,,86,84,88,,79,77,78,,,128,41,44,42,42,39,38,18,22,21,27,60,58,60,58,,33,40,37,36,29,,77,80,79,79,78,78,76,78,21,,23,25,25,49,50,47,45,48,73,92,89,,73,74,73,,32,41,35,62,,66,58,64,,62,74,77,76,77,,48,50,49,56,63,69,77,,73,66,70,37,32,,40,39,86,55,54,66,71,69,72,77,38,39,,56,64,56,,51,52,,46,36,43,41,,58,55,54,34,32,42,43,44,51,45,42,50,53,53,57,53,48,54,52,54,50,39,44,44,43,38,70,62,68,65,66,51,50,51,58,50,36,63,54,54,63,35,55,52,101,102,110,90,75,80,80,100,103,106,108,102,98,93,82,107,116,113,111,93,100,81,88,85,,109,84,98,62,48,,54,39,33,29,30,40,44,39,41,25,35,38,36,44,38,,,,26,25,,27,24,23,27,24,19,,42,45,34,,,,,,55,50,49,55,19,,35,,50,60,62,59,57,58,,62,68,62,71,,,,,62,62,52,53,67,66,63,,83,49,48,60,64,,46,44,41,46,40,41,38,34,,55,53,60,58,48,55,40,54,53,,42,38,,46,48,,46,48,48,,50,,111,,40,40,60,49,53,50,69,64,63,60,48,38,34,65,,100,98,,63,65,83,,75,72,82,84,95,95,,78,78,103,95,,,81,95,80,,105,80,80,52,53,92,62,,58,,,44,72,83,78,95,86,79,71,79,,78,74,71,73,70,97,69,71,73,,,56,55,56,52,,73,72,72,66,67,112,80,114,86,75,77,106,73,,30,71,115,116,97,92,118,,97,,143,113,40,71,49,49,100,43,102,72,68,21,103,37,,,66,84,86,82,,71,79,79,47,,102,121,,,121,112,113,136,102,115,134,140,122,108,66,9,21,10,36,,80,39,,89,82,54,53,95,87,59,131,52,32,56,58,125,76,46,76,123,79,122,67,120,48,94,71,,74,74,69,49,,74,82,6,64,47,34,68,72,69,85,,38,34,26,44,117,39,31,68,66,67,137,48,45,24,26,,,89,100,90,69,130,111,62,114,,85,49,53,116,79,132,29,88,70,,76,81,84,118,104,48,99,,111,101,98,92,96,87,98,105,68,77,82,77,83,81,113,119,110,115,113,135,101,119,91,107,109,97,121,138,163,82,114,109,125,157,116,124,92,102,74,112,108,83,83,78,75,78,88,103,98,124,98,68,69,29,35,62,61,66,28,27,60,65,60,70,25,22,25,33,25,23,20,10,62,38,28,32,,32,51,37,150,118,112,126,118,143,,116,96,100,48,55,55,53,,81,82,66,65,45,52,75,125,110,104,96,101,111,94,99,81,94,99,96,64,81,137,62,69,82,84,109,107,95,108,126,118,112,109,117,120,112,141,114,135,82,57,71,59,68,76,100,115,84,74,96,168,117,101,132,91,116,178,97,82,87,108,84,75,78,78,109,79,84,87,97,94,79,21,31,73,42,36,43,76,72,61,50,23,47,17,31,71,48,57,43,27,44,39,108,144,110,121,64,73,127,132,119,125,145,109,,120,118,117,118,80,81,90,64,70,46,127,149,83,134,84,91,87,105,92,95,60,44,82,64,71,74,72,,100,66,68,74,62,26,49,46,45,73,85,86,104,105,98,78,76,77,59,97,97,80,,109,74,77,79,73,67,106,119,78,77,79,79,81,78,74,81,76,43,25,21,22,64,80,50,36,18,23,23,123,35,41,42,39,26,73,71,80,78,27,46,75,71,56,77,83,130,99,144,126,117,100,96,76,,94,105,32,32,68,50,52,128,123,111,110,127,57,53,49,34,29,26,39,41,88,95,89,,44,56,126,96,49,28,88,52,,52,62,63,59,78,57,59,121,78,71,89,26,59,82,79,66,66,48,64,81,82,58,105,90,72,52,63,52,94,72,115,53,52,41,130,114,134,75,104
20231004,17,O3_8h_24h,54,56,66,58,57,62,52,63,83,68,51,55,,,78,,83,77,85,,82,,73,79,,79,73,,88,108,91,97,98,101,137,,77,82,,76,,93,89,100,,90,,104,108,110,82,71,73,76,,79,80,,77,76,84,75,72,79,73,75,62,71,,71,82,82,81,82,80,,105,102,111,106,70,,,74,74,71,77,76,,70,70,,,80,79,77,80,,85,77,,77,78,74,81,74,,95,138,139,137,133,147,143,154,118,122,133,62,63,67,67,63,69,,64,70,67,69,60,58,62,66,64,68,62,65,59,59,65,99,100,99,100,107,,104,108,92,97,108,109,114,106,101,102,117,108,110,122,,110,116,112,119,110,121,114,108,101,110,106,124,,,,94,109,,116,106,106,,,,120,,109,102,102,108,105,107,106,105,110,,,,110,114,,117,117,121,121,122,,123,123,125,126,122,122,129,139,,130,,132,125,,89,79,,88,85,76,,86,92,86,76,95,97,96,,,94,93,102,98,101,107,90,,85,,,114,,100,97,,97,100,96,98,110,104,,87,90,82,88,79,92,98,93,85,75,86,88,84,88,78,73,79,84,,,124,116,120,115,,138,139,54,63,65,,57,60,69,,60,135,122,116,,128,129,132,133,129,,,153,151,144,155,150,154,77,76,86,79,75,79,80,82,,58,51,58,57,63,50,60,,68,58,32,42,42,44,38,41,41,40,41,28,116,122,,109,111,137,106,122,81,116,107,124,110,122,132,99,93,,115,100,99,127,195,140,176,148,133,124,114,144,,161,114,106,170,174,164,,146,149,127,150,,,108,112,113,102,113,114,102,97,113,103,122,,106,106,114,106,110,103,95,98,,68,70,83,69,33,,18,13,18,9,9,26,21,,,17,15,17,20,14,,51,42,40,38,,,46,75,85,83,74,79,78,71,74,88,79,,53,47,42,42,42,44,58,60,57,59,58,54,44,39,36,42,38,43,33,54,,44,42,41,28,,80,,70,67,,,,,92,,,,81,75,82,51,73,81,82,,62,32,40,46,44,36,36,34,34,36,38,,34,42,45,81,,83,80,84,84,76,76,70,72,73,,135,148,137,86,81,77,78,99,113,84,81,81,86,85,132,131,140,,,128,,110,111,105,109,94,,92,115,,,111,121,112,114,,128,121,128,,119,112,116,121,110,112,113,116,115,109,,,,,,,73,,58,114,117,121,130,137,136,131,121,116,,129,,,81,,83,80,87,141,163,158,138,135,,114,116,128,126,122,117,93,94,91,80,87,78,84,106,107,98,85,83,86,107,,99,98,93,,116,123,,110,120,113,106,94,,90,46,,,63,69,,,,77,72,82,77,75,82,,82,84,,42,39,,51,,74,77,78,,73,128,79,71,80,,125,118,130,116,111,124,,93,96,96,90,96,79,122,70,85,123,104,96,78,79,84,78,80,76,76,75,72,75,,49,54,53,,53,74,71,70,71,72,52,54,52,59,58,86,82,86,,89,96,92,,92,80,68,74,72,,86,77,94,,54,,29,22,45,40,,87,85,,,,59,,58,,28,,,,62,61,64,33,35,,,,27,32,39,25,61,62,,53,42,45,40,50,58,,70,,,73,64,58,53,76,74,92,89,100,67,75,84,82,115,107,111,105,110,101,67,68,57,48,50,47,,54,58,58,52,,54,62,62,53,30,38,28,24,,,,,47,52,,50,33,26,32,31,29,31,63,59,61,64,66,52,52,,38,44,,57,45,36,,43,37,,33,50,74,62,61,62,57,65,63,41,42,40,37,,,103,102,91,90,82,88,86,93,,83,75,73,76,92,,,124,,,,,158,,,,,,,,,,,,,,,,124,,,,,,,,,,,,,,,,,,,,,,,,,,,,,,,,,,,,,,34,73,56,67,71,78,78,78,75,,,,54,56,50,51,,,48,65,68,70,65,72,,72,68,51,,,50,47,,78,80,34,,32,,87,90,,,75,66,,,86,88,76,,,65,68,75,80,107,103,105,77,72,72,79,78,111,92,106,94,71,72,67,72,80,79,76,76,,59,64,78,,97,102,82,94,68,61,70,72,65,67,74,72,,,78,62,58,58,68,68,80,60,101,62,65,59,65,58,69,62,73,,,88,74,68,,62,62,,60,112,112,,109,111,118,,96,102,104,98,124,96,111,,66,71,69,72,69,72,69,70,,70,64,61,42,117,117,,94,,93,,,,70,74,73,65,87,94,,64,,68,69,64,116,114,128,126,,78,79,80,,,86,84,88,,79,78,78,,,128,41,44,42,42,39,38,18,22,21,27,60,58,66,59,,39,40,37,36,34,,77,80,79,79,83,85,80,82,21,,23,25,25,49,53,50,46,50,73,92,89,,73,74,73,,46,60,55,84,,74,71,65,,62,74,77,76,77,,69,70,63,62,63,69,77,,73,66,70,37,33,,40,39,86,55,54,66,71,69,72,77,39,39,,56,66,60,,52,52,,49,36,43,45,,58,55,54,34,36,42,43,44,51,45,42,50,58,55,57,53,48,54,52,54,50,40,44,44,43,38,70,62,68,65,66,56,59,51,58,51,36,63,54,54,63,36,55,52,101,107,110,90,75,80,80,100,103,106,108,102,98,93,82,107,116,113,111,93,100,81,88,85,,109,84,98,68,72,,73,39,33,36,33,42,47,42,44,49,50,57,50,44,47,,,,26,26,,27,31,30,32,26,28,,42,45,34,,,,,,55,56,51,55,19,,35,,50,60,62,59,57,58,,62,68,62,71,,,,,75,64,52,53,67,66,63,,83,49,48,60,64,,46,44,41,46,40,41,38,34,,55,53,60,58,48,55,40,54,53,,42,38,,46,48,,46,48,48,,50,,111,,46,44,60,67,71,64,69,64,63,60,48,38,34,65,,100,98,,63,70,87,,81,81,82,84,96,100,,78,78,103,95,,,81,95,80,,105,80,80,53,53,92,62,,58,,,44,72,83,78,95,86,79,71,79,,79,74,71,77,70,97,69,71,73,,,56,55,56,52,,83,72,72,68,67,112,89,114,86,75,77,106,73,,30,71,115,116,97,92,118,,97,,151,113,45,71,49,49,100,43,102,74,76,21,103,38,,,71,86,86,85,,71,79,79,50,,102,121,,,121,112,113,136,102,115,134,140,122,108,68,12,24,14,36,,80,62,,89,131,54,53,95,87,67,131,55,32,56,60,125,76,54,76,123,79,122,67,120,48,94,71,,74,74,69,53,,74,101,6,69,47,50,68,72,69,85,71,51,34,26,54,117,39,31,103,66,67,137,48,45,24,28,,,89,100,90,86,130,111,62,114,,91,62,58,116,79,132,68,98,70,,76,81,84,118,105,48,99,,111,101,98,92,96,87,98,105,68,77,82,83,83,81,113,119,110,115,113,135,101,119,91,107,109,97,121,138,163,82,114,109,125,157,116,124,94,102,74,112,108,83,83,78,75,78,88,103,98,124,98,68,69,38,67,75,63,66,28,62,65,70,65,72,25,22,25,33,25,31,21,19,62,38,38,45,,41,51,51,150,118,112,126,118,143,,116,96,100,49,55,55,53,,132,82,66,65,48,52,75,125,110,104,96,101,111,94,99,81,94,99,96,64,81,137,75,71,82,84,109,107,95,108,126,118,112,109,117,120,112,141,114,135,82,82,76,84,72,76,100,141,84,74,96,168,117,101,132,91,116,178,97,82,87,108,84,112,78,78,109,79,84,87,97,94,79,77,85,73,64,67,86,76,72,62,60,23,47,22,31,71,48,57,43,33,44,39,108,144,110,121,64,73,127,132,119,125,145,109,,121,118,117,118,80,81,90,64,70,46,127,149,83,134,91,91,87,105,92,95,60,44,82,64,71,74,72,,100,66,72,74,62,26,49,46,45,73,85,86,104,105,98,78,76,77,84,97,97,80,,109,74,77,79,73,67,106,119,78,77,79,79,81,78,74,81,76,54,55,54,23,64,80,70,36,18,23,23,123,35,41,42,39,27,100,78,80,78,27,73,75,71,56,89,83,130,125,144,126,117,100,96,76,,94,105,32,32,71,50,52,128,123,111,110,127,81,53,50,34,29,26,39,41,88,95,89,,47,62,126,96,64,28,88,62,,58,62,63,59,78,57,71,121,78,72,89,26,59,92,79,66,86,48,64,81,82,58,105,90,72,66,63,67,94,72,115,53,54,60,130,114,134,136,104
20231004,17,CO,0.3,0.2,0.1,0.2,0.1,0.1,0.3,0.2,0.2,0.2,0.2,0.5,,,0.3,,0.2,0.3,0.3,,0.4,,0.3,0.3,,0.4,0.5,,0.4,0.4,0.4,0.3,0.5,0.4,0.8,,0.4,0.3,,0.2,,,0.2,0.3,,,,0.5,0.3,0.3,0.5,,,0.3,,0.2,0.3,,,0.1,0.1,0.1,0.2,0.2,0.2,0.2,0.2,0.2,,0.2,0.3,0.4,0.1,,0.1,,0.4,0.3,0.3,0.4,,,,0.7,0.5,0.4,0.3,0.3,,0.4,0.3,,,0.2,0.4,0.3,0.3,,0.4,0.4,,0.3,0.4,0.4,0.4,0.3,,0.3,0.3,0.4,0.4,0.3,0.3,0.5,0.3,0.5,0.4,0.3,0.2,0.3,0.2,0.2,0.2,0.1,,0.3,0.3,0.4,0.3,0.3,0.5,0.4,0.5,0.4,0.5,0.3,0.3,0.4,0.5,0.3,0.5,0.6,0.4,0.6,0.5,,0.4,0.5,0.5,0.6,0.3,0.7,0.2,0.5,0.3,0.1,0.4,0.3,0.5,0.7,,0.6,0.6,0.6,0.5,0.6,0.6,0.2,0.5,0.5,0.4,0.6,0.7,,,,0.6,0.7,,0.4,0.6,0.7,,,,0.3,,0.9,0.4,0.6,0.8,0.5,0.9,0.7,0.5,0.3,,,,0.5,0.5,,0.5,0.4,0.3,0.4,0.3,,0.2,,0.6,0.7,0.7,0.6,0.7,0.7,,0.5,,0.6,0.8,,0.5,0.5,,0.5,0.5,0.4,,0.5,0.6,0.6,0.5,0.5,0.5,0.5,,,0.4,0.6,0.4,0.5,0.4,0.4,0.4,,0.5,,,0.5,,0.5,0.4,,0.5,0.5,0.6,0.7,0.4,0.2,,0.6,0.5,0.5,0.5,0.6,0.4,0.5,0.4,0.6,0.4,0.5,0.3,0.6,0.3,0.6,0.6,0.4,0.5,,,0.3,0.4,0.4,0.5,,0.4,0.5,0.8,0.8,0.6,,0.7,0.7,0.5,,0.8,0.5,0.5,0.5,,0.4,0.5,0.4,0.4,0.7,,,0.9,1,1.4,0.8,0.7,1.1,1.3,1.2,0.5,1,1.5,1.6,1,1.1,,0.7,0.6,0.6,0.6,0.5,0.5,0.5,,0.5,0.7,0.5,0.7,0.7,0.7,0.7,0.6,0.7,0.5,0.9,0.4,0.9,0.8,,0.6,0.6,0.8,0.7,0.7,0.6,0.8,0.6,0.9,0.6,1,0.7,0.8,0.5,,,0.8,1.4,0.9,0.8,0.7,0.6,0.8,0.6,0.5,0.6,0.8,,0.7,0.6,0.6,0.5,0.7,0.5,,0.6,0.7,0.7,0.7,,,0.9,0.8,0.9,0.6,0.7,0.9,0.8,0.7,0.7,0.7,0.6,,0.5,0.5,0.6,0.7,0.3,0.5,0.5,0.6,,0.2,0.4,0.3,0.2,0.2,,0.7,0.9,0.7,0.7,0.9,0.9,0.8,,,0.9,1,0.8,0.9,1,,0.6,0.6,0.6,0.6,,,0.7,0.8,0.4,0.2,0.4,0.5,0.5,0.2,0.3,0.3,0.3,,0.5,0.6,0.6,0.6,0.4,0.5,0.3,0.2,0.3,0.2,0.3,0.2,0.7,0.7,1,0.8,0.8,0.8,0.6,0.8,,0.8,0.2,0.7,0.7,,,,0.4,0.6,,,,,0.3,,,,0.4,0.3,0.3,0.5,0.7,0.3,0.5,,0.6,0.7,0.7,0.6,0.5,,0.7,0.7,0.8,0.6,0.8,,0.5,1,0.5,0.5,,0.6,0.6,0.6,0.4,0.5,0.3,0.6,0.3,0.4,,0.4,0.6,0.3,0.5,0.5,0.5,0.5,0.2,0.3,0.2,0.2,0.3,0.1,0.5,0.8,0.8,0.6,,,0.6,,0.6,0.6,0.9,0.8,0.4,,0.3,0.5,,,0.4,0.6,0.6,0.5,,0.5,0.4,0.4,,0.4,0.6,0.5,0.6,0.7,0.4,0.2,0.5,0.3,0.2,,,,,,,0.5,,0.6,0.3,0.5,0.5,0.8,0.6,0.7,0.4,0.2,0.4,,0.2,,,0.6,,0.7,0.7,0.5,0.8,1,0.7,0.7,0.9,,0.7,0.7,0.7,0.8,0.7,0.7,0.6,0.7,0.6,0.7,0.7,0.8,0.7,1,0.8,0.8,0.7,0.7,0.8,,,0.6,0.8,0.7,,0.3,0.6,,0.6,0.6,0.8,0.6,0.9,,0.6,0.7,,,0.5,0.4,,,,0.3,0.2,0.4,0.4,1,1.2,,1,0.8,,1.7,1.7,,1.9,,0.5,0.5,0.6,,0.6,0.6,0.2,0.3,0.3,,0.4,0.3,0.5,1,0.5,0.4,,0.3,0.5,0.3,0.3,0.3,0.1,0.5,0.4,0.7,0.5,0.4,0.5,0.4,0.4,0.5,0.5,0.4,0.4,0.4,0.5,0.5,0.4,,0.3,0.2,0.3,,0.2,0.4,0.2,0.2,0.4,0.3,0.3,0.3,0.3,0.2,0.3,0.4,0.4,0.6,,0.6,0.9,0.9,,0.6,0.8,0.9,1,0.8,,0.7,1,0.4,,1,,1,1,0.9,1,,1.2,1.1,,,,1.1,,1.1,,1.1,,,,0.7,0.8,0.8,0.7,0.7,,,,0.7,0.7,0.7,0.5,0.8,0.7,,0.8,0.7,0.9,0.7,0.5,0.7,,0.6,,,0.4,0.5,0.5,0.6,0.7,0.7,0.7,0.8,0.6,0.6,0.6,0.5,0.6,0.5,0.6,0.5,,0.6,0.4,0.3,0.4,0.7,0.7,0.7,0.7,,0.8,0.8,0.8,0.6,,0.5,0.6,0.4,0.5,0.4,0.4,0.5,0.5,,,,,0.5,0.6,,0.6,0.5,0.5,0.4,0.3,0.3,0.4,0.7,0.7,0.5,0.5,0.8,0.8,0.5,,0.8,0.4,,0.5,0.3,0.5,,0.4,0.5,,0.6,0.3,0.6,0.5,0.4,0.4,0.5,0.5,0.4,0.8,0.7,0.7,0.7,,,0.5,0.1,0.5,0.2,0.3,0.2,0.2,0.2,,0.5,0.2,0.3,0.2,0.3,,,0.7,,,,,0.8,,,,,,,,,,,,,,,,0.5,,,,,,,,,,,,,,,,,,,,,,,,,,,,,,,,,,,,,,0.9,0.7,0.7,0.8,0.9,,0.5,0.4,0.5,,,,1.1,0.8,0.9,0.8,,,0.4,0.5,0.5,0.4,0.5,0.4,,0.3,0.4,1,,,0.9,1.2,,0.4,0.4,0.6,,0.7,,0.3,0.3,,,0.4,0.2,,,0.4,0.4,0.2,,,0.2,0.3,0.2,0.2,0.8,0.6,0.5,0.4,0.2,0.2,,0.2,0.4,0.3,0.5,0.5,0.4,0.2,0.3,0.3,0.3,0.3,0.5,0.5,,0.6,2.4,0.4,,0.3,0.3,0.5,0.4,0.4,0.3,0.3,0.4,0.4,0.5,0.4,0.1,,,0.1,0.1,0.2,0.3,0.1,0.2,0.3,0.1,0.1,0.3,0.3,0.2,0.4,0.5,0.2,0.4,0.1,,,0.6,0.2,0.3,,0.4,0.4,,0.1,0.4,0.3,,0.4,0.3,0.4,,0.3,0.2,0.2,0.2,0.2,0.6,0.5,,0.5,0.5,0.5,0.6,0.3,0.6,0.8,0.8,,0.6,0.4,0.5,0.6,0.2,0.2,,0.4,,0.4,,,,0.5,0.4,0.4,0.4,0.5,0.3,,0.7,,0.6,0.4,0.6,0.7,0.6,0.7,0.7,,0.4,0.6,0.6,,,0.6,0.7,0.7,,0.4,0.4,0.6,,,0.6,0.2,0.5,0.4,0.4,0.4,1,1.2,1.3,1,1.1,0.6,0.6,0.6,0.9,,0.4,0.5,0.4,0.6,0.7,,1.3,0.9,1.7,1.1,0.9,0.9,0.7,0.9,0.6,,1.1,1.3,0.9,1,0.9,0.9,1.1,1,,0.3,0.5,,1.7,1.7,1.7,,1.5,1.8,1.6,0.6,,0.6,0.6,0.9,,0.9,0.5,0.4,0.5,0.7,,0.7,0.8,0.7,0.6,0.5,0.6,0.4,,0.3,0.3,0.3,0.4,0.5,,0.5,0.5,0.7,0.7,0.9,0.7,0.6,0.5,0.8,0.6,0.5,0.6,,0.6,0.5,0.4,,0.7,0.8,,0.8,0.7,0.7,0.6,,0.5,0.6,0.6,0.9,1,0.7,0.9,0.9,0.9,1,0.8,0.8,1.2,,0.8,1.1,0.5,0.6,0.6,0.7,0.6,0.9,0.9,0.8,0.7,0.7,0.6,0.6,0.6,0.7,0.7,0.8,0.8,0.9,0.6,0.7,0.8,0.6,0.8,0.9,0.5,0.8,0.7,0.5,0.7,0.8,0.7,0.7,0.6,1,1.4,0.6,0.6,0.6,0.5,0.4,0.5,0.5,0.6,0.7,0.7,0.6,0.5,0.8,0.9,0.4,0.6,0.6,,0.5,0.4,0.4,0.5,0.6,,0.4,0.7,0.4,0.5,0.3,0.6,0.5,0.6,0.5,0.8,0.6,0.6,0.9,0.5,0.6,,,,0.5,0.4,,0.5,,0.5,0.5,0.6,0.5,,0.7,0.6,0.4,,,,,,0.5,0.7,0.6,0.6,0.8,,0.5,,0.3,0.5,0.6,0.8,0.8,1,,0.4,0.4,0.5,0.6,,,,,0.2,0.3,0.6,0.6,0.1,0.1,0.6,,0.3,0.5,0.4,0.7,0.6,,0.6,0.5,0.6,0.6,0.4,0.3,0.4,0.4,,0.3,0.4,0.2,0.1,0.3,0.1,0.4,0.2,0.6,,0.5,0.4,,0.4,0.3,,0.3,0.4,0.5,,0.5,,0.2,,0.3,0.3,0.5,0.8,0.5,0.7,0.3,0.3,0.3,0.4,0.7,0.7,0.7,0.2,,0.4,0.5,,0.7,0.5,0.4,,0.2,0.3,0.2,0.2,0.4,0.4,,0.3,0.4,0.1,0.1,,,0.5,0.5,0.4,,0.5,0.5,0.5,0.5,0.5,0.6,0.3,,0.4,,,0.7,0.3,0.3,0.3,0.4,0.5,0.3,0.1,0.7,,0.3,0.2,0.2,0.6,0.6,0.4,0.3,0.5,0.2,,,0.4,0.5,0.4,0.3,,0.5,0.2,0.3,0.3,0.4,0.6,0.9,0.8,0.3,0.4,0.5,0.4,0.4,,0.5,0.5,0.8,0.3,0.4,0.4,0.6,,0.4,,0.4,0.6,0.7,0.5,0.6,0.7,0.3,0.7,0.3,0.3,0.3,0.4,0.6,0.3,,,0.2,0.6,0.6,0.3,,0.3,0.3,0.3,0.8,,0.5,0.6,,,1.3,0.3,0.3,0.5,0.5,0.6,0.9,1,0.7,0.3,0.5,0.6,1.2,0.8,1.6,,0.2,0.6,,0.4,0.6,0.4,0.3,0.9,0.3,0.3,0.2,0.3,0.8,0.3,0.5,0.5,0.2,2.2,0.4,0.1,0.2,0.7,0.2,0.5,0.3,0.2,0.9,,0.6,0.4,0.4,0.4,,0.2,0.3,1.3,1,0.6,0.6,0.7,0.6,0.6,1.1,,0.6,0.5,0.9,0.7,0.4,0.9,1,0.6,0.5,0.8,0.4,0.4,0.4,0.8,0.7,,,0.4,0.5,0.2,1,0.5,0.2,0.5,0.5,,0.3,0.7,0.5,0.2,0.4,0.9,1,0.6,0.8,,0.4,0.7,0.2,0.5,0.5,0.5,0.4,,0.8,0.6,0.4,0.5,0.7,0.7,0.6,0.6,0.2,0.2,0.5,0.4,0.3,0.4,0.5,0.6,0.8,0.5,0.3,0.4,0.4,0.4,0.7,0.8,0.9,0.8,0.5,1,0.8,0.6,0.9,0.8,0.6,0.6,0.7,0.6,0.7,0.7,0.7,0.9,0.5,0.1,0.1,0.2,0.4,0.3,0.6,0.2,0.6,,0.4,0.6,0.6,0.9,1.3,0.7,1,0.3,1.2,1.5,0.4,0.3,0.4,0.8,0.7,0.7,0.6,0.7,0.8,0.5,0.7,0.5,0.7,0.6,0.4,0.6,,0.6,0.4,0.8,0.8,0.5,0.3,0.2,0.2,0.2,,0.9,0.3,0.4,0.6,0.6,0.5,0.5,,1.2,0.3,0.5,0.7,0.7,0.9,0.8,0.7,0.4,0.7,0.7,0.5,0.8,0.5,0.7,0.4,0.7,0.7,0.8,0.5,1.1,0.4,0.2,0.2,0.5,0.3,0.5,0.8,0.4,0.7,1,0.5,1,0.4,0.4,0.5,0.2,0.8,0.6,0.3,0.2,,0.4,0.4,0.4,0.5,0.9,0.6,0.6,0.7,1,0.6,0.7,0.8,0.7,0.8,0.7,0.7,0.7,0.5,0.3,,0.2,0.3,0.4,0.2,0.5,0.3,0.6,0.6,0.4,0.5,0.7,1.1,1.7,1.8,1.5,1.3,0.7,0.7,0.6,0.2,,0.8,0.6,,0.8,0.3,0.5,0.5,0.6,0.7,0.6,0.6,0.3,0.5,0.9,0.3,0.7,0.8,0.4,0.3,0.4,0.3,0.8,0.1,,0.6,0.4,0.5,0.4,0.3,0.3,0.3,0.2,0.4,0.8,0.5,0.4,0.4,0.6,0.7,0.6,0.6,0.6,0.9,0.5,0.6,0.7,0.4,0.3,0.4,0.5,0.5,,0.5,0.7,0.7,0.4,0.7,1.3,0.4,0.4,0.7,0.6,0.5,0.4,0.5,0.6,0.5,0.4,0.4,0.6,1.6,1.3,1.1,0.4,,0.5,0.3,0.2,0.3,0.3,0.2,0.3,0.7,0.2,0.2,0.3,0.1,,0.2,0.3,0.2,0.3,2,1.2,1,1.3,0.9,2,1,1,0.6,0.7,0.8,0.7,0.7,0.7,0.9,0.6,0.7,0.3,0.4,0.4,0.2,0.7,0.6,0.5,0.8,0.7,0.3,0.8,0.6,0.8,0.8,0.7,0.8,0.7,0.4,0.3,,1,0.5,0.7,1,0.4,0.4,0.6,0.9,0.9,0.3,0.3,0.4,0.5,0.4,0.7,0.9,0.5,0.7,0.6,0.7,0.4,0.6,0.5,,0.2,0.1,0.8,0.2,1.2,1.8,1.3,1,,0.3,0.2,0.3,0.2,0.4,0.4,0.6,0.4,0.6,0.3,0.5,1.3,0.7,0.2,0.4,0.3,0.2,0.2,0.2,0.2,0.3,0.4,0.4,1.1,0.3,0.3,0.1,0.4,0.5,0.2,0.3,0.1,0.5,0.6,0.3,1,0.4,0.5,0.4
20231004,17,CO_24h,0.4,0.3,0.3,0.4,0.4,0.2,0.4,0.4,0.4,0.3,0.3,0.6,,,0.5,,0.5,0.5,0.5,,0.6,,0.5,0.5,,0.6,0.7,,0.9,0.8,0.8,0.8,0.9,0.8,1.1,,0.6,0.5,,0.5,,0.3,0.4,0.6,,0.3,,0.9,0.5,0.8,0.7,0.8,0.4,0.5,,0.7,0.3,,0.2,0.2,0.2,0.4,0.5,0.4,0.4,0.3,0.4,0.4,,0.4,0.5,0.5,0.3,0.5,0.4,,1.2,1,1.1,1.2,0.9,,,1.1,1.1,0.9,1,1,,0.5,0.5,,,0.2,0.4,0.3,0.3,,0.5,0.6,,0.4,0.5,0.6,0.5,0.4,,0.4,0.6,0.7,0.6,0.7,0.6,0.7,0.6,0.7,0.6,0.6,0.3,0.4,0.3,0.4,0.3,0.2,,0.3,0.3,0.4,0.4,0.4,0.5,0.4,0.6,0.6,0.6,0.5,0.5,0.4,0.6,0.4,0.5,0.6,0.4,0.7,0.5,,0.4,0.5,0.4,0.6,0.4,0.7,0.2,0.6,0.3,0.3,0.5,0.4,0.6,0.5,,0.6,0.6,0.6,0.6,0.6,0.7,0.2,0.6,0.5,0.5,0.6,0.6,,,,0.5,0.5,,0.5,0.5,0.4,,,,0.4,,1.1,0.7,0.9,1,1,1,1,0.9,0.5,,,,0.7,0.6,,0.6,0.4,0.4,0.5,0.4,,0.3,0.7,0.6,0.7,0.7,0.6,0.4,0.5,,0.4,,0.6,0.6,,0.5,0.5,,0.4,0.5,0.5,,0.6,0.5,0.6,0.5,0.5,0.5,0.5,,,0.4,0.6,0.5,0.5,0.4,0.5,0.5,,0.5,,,0.5,,0.7,0.5,,0.5,0.5,0.5,0.4,0.4,0.3,,0.6,0.5,0.5,0.5,0.6,0.5,0.5,0.5,0.7,0.5,0.6,0.3,0.7,0.5,0.7,0.7,0.5,0.6,,,0.3,0.4,0.5,0.4,,0.4,0.4,0.7,0.8,0.5,,0.7,0.6,0.4,,0.7,0.5,0.5,0.6,,0.5,0.5,0.5,0.4,0.5,,,0.6,0.7,1,0.5,0.6,0.7,0.8,0.9,0.2,0.7,0.7,0.8,0.7,0.8,,0.7,0.6,0.5,0.7,0.5,0.5,0.5,,0.5,0.7,0.4,0.6,0.6,0.6,0.7,0.5,0.6,0.5,0.7,0.3,0.9,0.9,,0.8,0.8,0.9,0.9,0.8,0.7,0.8,0.6,0.9,0.5,1,0.7,0.8,0.6,,0.6,0.7,0.9,1,0.8,0.6,0.6,0.8,0.7,0.6,0.6,0.8,,0.8,0.8,0.6,0.5,0.7,0.5,,0.6,0.6,0.6,0.6,,,0.9,0.9,0.9,0.7,0.8,0.9,0.8,0.8,0.6,0.7,0.5,,0.7,0.7,0.8,0.8,0.5,0.8,0.7,0.7,,0.5,0.4,0.4,0.3,0.3,,0.8,1,0.7,0.6,0.9,0.9,0.8,,,0.9,0.9,0.9,1,1.2,,0.6,0.6,0.5,0.6,,,0.6,0.8,0.4,0.2,0.4,0.5,0.4,0.2,0.3,0.3,0.3,,0.6,0.5,0.6,0.8,0.5,0.6,0.4,0.2,0.3,0.3,0.3,0.2,0.7,0.8,0.9,0.7,0.7,0.7,0.6,0.7,,0.9,0.2,0.7,0.7,,0.6,,0.6,0.7,,,,,0.6,,,,0.7,0.6,0.7,0.7,0.9,0.6,0.7,,0.4,0.5,0.7,0.6,0.4,0.8,0.7,0.7,0.7,0.6,0.7,,0.4,0.8,0.5,0.4,,0.6,0.4,0.6,0.5,0.6,0.4,0.6,0.6,0.6,,0.6,0.7,0.5,0.7,0.7,0.6,0.6,0.4,0.4,0.3,0.4,0.4,0.5,0.6,0.7,0.7,0.6,,,0.9,,0.4,0.6,0.8,0.7,0.6,,0.5,0.6,,,0.6,0.9,0.9,0.7,,0.4,0.6,1.2,,0.5,0.6,0.6,0.6,0.7,0.7,0.3,0.6,0.5,0.3,,,,,,,0.4,,0.6,0.3,0.6,0.4,0.8,0.6,0.6,0.3,0.3,0.5,,0.5,,,0.7,,0.8,0.8,0.6,0.8,0.9,0.6,0.5,0.8,,0.7,0.7,0.7,0.7,0.7,0.6,0.6,0.8,0.7,0.7,0.7,0.8,0.7,0.8,0.7,0.7,0.8,0.8,0.9,0.8,,0.6,0.8,0.7,,0.5,0.6,,0.9,0.9,1.1,0.9,0.9,,0.7,0.7,,,0.5,0.4,,,,0.6,0.5,0.5,0.5,1.3,1.7,,1.3,1.2,,1.5,1.4,,1.5,,1,0.7,0.9,,0.8,0.6,0.2,0.3,0.3,,0.7,0.8,0.7,1.2,0.8,0.7,,0.4,0.6,0.6,0.6,0.5,0.3,0.6,0.9,1.4,0.6,0.5,0.7,0.5,0.6,0.6,0.7,0.5,0.5,0.5,0.5,0.5,0.5,,0.3,0.3,0.3,,0.2,0.5,0.4,0.4,0.5,0.4,0.3,0.4,0.3,0.2,0.3,0.5,0.7,0.7,,0.5,0.8,0.8,,0.7,0.7,0.7,0.8,0.7,,0.6,0.9,0.9,,1,,1.1,0.9,0.8,0.9,,1.1,1,,,,0.7,,0.7,,1,,,,0.6,0.7,0.6,0.8,0.6,,,,0.8,0.7,0.7,0.6,0.9,0.7,,0.8,0.6,0.8,0.6,0.5,0.7,,0.6,,,0.4,0.6,0.5,0.6,0.7,0.8,0.7,0.9,0.6,0.5,0.6,0.6,0.6,0.5,0.8,0.8,0.8,0.7,0.5,0.3,0.4,0.7,0.7,0.7,0.7,,0.8,0.8,0.8,0.6,,0.6,1,0.6,0.6,0.4,0.6,0.6,0.6,,,,,0.6,0.7,,0.6,0.5,0.5,0.4,0.3,0.3,0.4,0.7,0.7,0.5,0.5,0.8,0.9,0.6,,0.7,0.5,,0.8,0.6,0.8,,0.5,0.6,,0.7,0.5,0.7,0.7,0.6,0.7,0.7,0.7,0.6,0.8,0.7,0.8,0.7,,,0.7,0.2,1.1,0.5,0.9,0.6,0.2,0.3,,0.4,0.2,0.6,0.3,0.3,,,0.6,,,,,0.6,,,,,,,,,,,,,,,,0.6,,,,,,,,,,,,,,,,,,,,,,,,,,,,,,,,,,,,,,0.8,0.8,0.7,0.9,1,0.4,0.5,0.4,0.4,,,,1.3,1.1,1.2,1,,,0.5,0.6,0.6,0.6,0.6,0.7,,0.7,0.8,0.9,,,0.9,0.9,,0.6,0.8,0.6,,0.7,,0.5,0.3,,,0.4,0.3,,,0.3,0.4,0.3,,,0.3,0.3,0.2,0.2,0.6,0.5,0.5,0.4,0.4,0.4,0.7,0.4,0.5,0.5,0.7,0.8,0.4,0.3,0.3,0.4,0.4,0.4,0.6,0.5,,0.2,1.5,0.5,,0.2,0.3,0.6,0.6,0.4,0.4,0.3,0.4,0.5,0.6,0.5,0.4,,,0.2,0.2,0.3,0.3,0.2,0.2,0.2,0.3,0.2,0.3,0.4,0.2,0.6,0.6,0.4,0.5,0.2,,,0.7,0.3,0.3,,0.4,0.5,,0.1,0.4,0.4,,0.3,0.3,0.5,,0.3,0.3,0.3,0.2,0.3,0.5,0.4,,0.6,0.6,0.5,0.9,0.4,0.7,0.8,0.8,,0.7,0.4,0.5,0.6,0.3,0.3,,0.6,,0.7,,,,0.7,0.5,0.5,0.5,0.6,0.3,,0.7,,0.8,0.6,0.7,0.6,0.6,0.7,0.7,,0.5,0.7,0.8,,,0.7,0.8,0.7,,0.6,0.6,0.7,,,0.5,0.3,0.5,0.3,0.4,0.4,0.8,1.2,0.8,1,0.7,0.7,0.6,0.7,0.9,,0.1,0.5,0.5,0.6,0.7,,1.3,0.9,1.5,1.1,1,0.5,0.8,0.9,0.8,,1.5,1.8,1.1,0.9,0.8,0.8,1,0.9,,0.4,0.6,,1.2,1,1,,0.9,1.2,0.9,0.5,,0.5,0.5,0.7,,0.6,0.6,0.5,0.5,0.7,,0.6,0.7,0.6,0.6,0.5,0.6,0.4,,0.5,0.4,0.4,0.6,0.7,,1.1,0.8,0.7,0.9,0.9,0.6,0.7,0.6,0.9,0.7,0.5,0.7,,0.6,0.6,0.5,,0.7,0.7,,0.8,0.9,1,0.8,,0.6,0.6,0.6,1,1,0.7,0.8,0.8,0.8,0.9,0.7,0.9,0.7,0.8,0.7,0.7,0.5,0.6,0.7,0.8,0.6,0.8,1,0.9,0.7,0.8,0.6,0.6,0.6,0.7,0.7,0.7,0.7,0.9,0.6,0.6,0.9,0.5,0.8,0.8,0.3,0.7,0.6,0.5,0.9,0.9,0.7,0.7,0.6,0.6,0.7,0.7,0.7,0.7,0.5,0.5,0.6,0.6,0.7,0.5,0.7,0.7,0.7,0.8,0.8,0.4,0.7,0.8,,0.5,0.6,0.5,0.5,0.7,,0.4,0.7,0.4,0.5,0.3,0.6,0.5,0.6,0.5,0.7,0.6,0.6,0.9,0.6,0.6,,,,0.5,0.5,,0.5,,0.4,0.5,0.6,0.6,,0.7,0.6,0.4,,,,,,0.5,0.6,0.6,0.6,0.8,,0.5,,0.4,0.5,0.6,0.7,0.7,1,,0.4,0.4,0.5,0.5,,,,,0.2,0.4,0.6,0.6,0.1,0.2,0.6,,0.3,0.6,0.5,0.6,0.6,,0.6,0.5,0.7,0.7,0.4,0.4,0.5,0.5,,0.4,0.5,0.2,0.2,0.5,0.2,0.3,0.2,0.7,,0.5,0.4,,0.4,0.3,,0.3,0.4,0.5,,0.7,,0.3,,0.3,0.2,0.5,0.7,0.5,0.6,0.5,0.7,0.8,0.7,0.7,0.7,0.7,0.4,,0.6,0.7,,0.7,0.6,0.4,,0.3,0.4,0.3,0.4,0.4,0.4,,0.5,0.5,0.2,0.1,,,0.7,0.6,0.4,,0.6,0.5,0.5,0.4,0.6,0.6,0.4,,0.5,,,0.6,0.5,0.5,0.4,0.5,0.6,0.4,0.4,0.6,,0.4,0.2,0.4,0.6,0.7,0.4,0.8,0.8,0.5,,,0.7,0.7,0.6,0.3,,0.5,0.3,0.4,0.4,0.6,0.6,1.3,0.8,0.7,0.5,0.7,0.9,0.8,,0.7,0.5,0.8,0.4,0.4,0.5,0.5,,0.5,,0.6,0.7,0.7,0.7,0.8,1.1,0.5,0.6,0.3,0.4,0.4,0.5,0.5,0.4,,,0.4,0.6,0.6,0.6,,0.5,0.6,0.6,0.7,,0.5,0.7,,,1.1,0.4,0.9,0.3,0.4,0.6,0.8,0.8,0.6,0.3,0.5,0.6,0.9,0.7,1.2,,0.4,0.6,,0.4,0.6,0.4,0.4,0.7,0.3,0.3,0.5,0.3,0.8,0.5,0.5,0.5,0.4,1.3,0.4,0.2,0.3,1,0.2,0.7,0.4,0.4,0.9,,0.6,0.4,0.5,0.4,,0.3,0.6,1.1,0.7,0.7,0.6,0.7,0.6,0.6,0.8,0.8,0.6,0.9,1.2,0.7,0.5,0.8,1.1,0.7,0.5,0.8,0.6,0.5,0.4,0.7,0.6,,,0.6,0.4,0.4,0.9,0.5,0.3,0.6,0.6,,0.4,0.7,0.5,0.3,0.7,0.8,0.7,0.7,0.7,,0.5,0.9,0.4,0.6,0.9,0.5,0.3,,0.7,0.6,0.4,0.5,0.6,0.6,0.6,0.7,0.3,0.5,0.4,0.3,0.3,0.3,0.6,0.6,0.7,0.6,0.3,0.4,0.4,0.5,0.7,0.8,1,0.8,0.7,1,0.7,0.6,0.9,0.8,0.5,0.7,0.7,0.7,0.7,0.6,0.7,0.9,0.7,,0.3,0.3,0.6,0.5,0.7,0.2,0.5,0.4,0.4,0.7,0.8,0.8,1.1,0.6,0.8,0.3,0.9,1.1,0.5,0.3,0.5,0.8,0.4,0.8,0.6,0.7,0.7,0.6,0.6,0.5,0.7,0.6,0.4,0.7,,0.6,0.3,0.7,0.7,0.8,0.4,0.5,0.4,0.4,,0.6,0.5,0.4,0.6,0.6,0.5,0.5,,0.9,0.4,0.6,0.8,0.7,0.8,0.7,0.9,0.5,0.7,0.7,0.6,0.9,0.6,0.7,0.4,0.5,0.7,0.8,0.5,1.1,0.7,0.4,0.4,0.4,0.3,0.6,0.8,0.5,0.6,0.9,0.5,1,0.5,0.5,0.6,0.3,0.5,0.7,0.4,0.5,0.6,0.4,0.7,0.4,0.4,0.8,0.7,0.7,0.7,1,0.6,0.6,0.8,0.6,0.8,0.6,0.7,0.6,0.9,0.4,0.8,0.4,0.5,0.5,0.4,0.5,0.4,0.6,0.7,0.5,0.6,0.8,0.8,0.8,1.2,0.7,0.6,0.8,0.7,0.5,0.4,0.3,0.8,0.6,1.1,1,0.2,0.6,0.7,0.7,0.8,0.6,0.7,0.4,0.5,0.7,1,0.6,0.7,0.5,0.4,0.4,0.4,0.7,0.3,,0.6,0.7,0.6,0.6,0.6,0.8,0.5,0.4,0.5,0.8,0.5,0.3,0.7,0.5,0.9,0.6,0.6,0.6,1,0.5,0.6,0.7,0.5,0.4,0.4,0.6,0.5,,0.5,0.7,0.6,0.5,0.7,1.2,0.5,0.5,0.7,0.6,0.5,0.5,0.4,0.4,0.4,0.5,0.4,0.7,1.3,1.4,1.4,0.5,,0.9,0.7,0.5,0.5,0.6,0.5,0.9,0.9,0.6,0.7,0.6,0.6,0.4,0.5,0.6,0.6,0.8,0.9,1,0.7,0.7,0.7,1.5,0.7,1.1,0.6,0.9,0.9,0.8,0.7,0.7,0.8,0.6,0.7,0.3,0.6,0.6,0.6,0.7,0.7,0.8,1.5,1,0.3,0.8,0.6,0.8,0.8,0.8,0.9,0.6,0.4,0.3,,0.7,0.4,0.6,1,0.4,0.4,0.6,0.6,0.5,0.6,0.8,0.7,0.5,0.5,0.6,0.8,0.7,0.8,0.6,1,0.5,0.6,0.5,,0.2,0.1,0.6,0.3,1,1.2,1,0.8,,0.4,0.4,0.1,0.3,0.5,0.5,0.6,0.5,0.4,0.4,0.5,0.7,0.5,0.4,0.6,0.3,0.4,0.3,0.5,0.4,0.3,0.5,0.4,1.2,0.4,0.3,0.2,0.5,0.6,0.2,0.3,0.2,0.4,0.6,0.6,0.7,0.7,0.7,0.4
20231004,18,AQI,21,20,20,15,19,23,25,17,16,23,20,38,,,26,,25,25,26,,25,,20,22,,22,22,,54,53,67,50,60,48,66,,44,23,,26,,32,38,33,,39,,52,48,52,39,,31,47,,34,26,,24,,26,36,31,30,39,26,25,19,,22,38,,41,62,47,,57,57,53,53,,,,32,,29,28,32,,23,24,,,25,26,34,26,,27,43,,53,58,52,21,39,,68,25,25,26,24,27,30,29,24,27,28,34,32,28,20,23,23,,31,28,28,19,14,30,19,16,16,25,21,17,24,14,28,34,35,33,35,36,,36,35,32,33,39,39,40,39,36,37,41,41,40,35,,31,35,34,36,32,35,33,31,30,32,30,79,,,,65,63,,64,68,69,,,,43,,34,30,30,32,30,31,32,31,32,,,,35,32,,54,36,41,35,37,,36,,51,54,52,56,56,,,42,,62,67,,38,32,,40,35,32,,32,43,35,30,,34,42,,,33,33,37,28,29,56,35,,25,,,45,,30,30,,39,29,34,32,35,33,,46,48,34,29,33,37,51,45,25,25,22,28,27,25,27,27,25,27,,,44,49,41,41,,48,40,49,39,36,,38,40,35,,48,53,53,46,,,58,52,69,64,,,78,70,68,74,69,74,62,60,63,63,75,62,58,62,,18,28,29,24,28,29,20,,29,23,30,37,41,34,35,40,44,35,42,39,46,48,,49,46,45,46,60,41,45,38,52,,57,62,39,47,,,45,35,57,51,45,107,54,45,44,43,49,,80,46,35,89,70,53,,95,108,82,92,,,32,30,43,45,42,38,54,37,55,42,69,,40,38,40,54,56,35,40,40,,30,29,30,24,11,,19,12,15,26,16,18,15,,,22,19,20,28,19,,54,27,45,44,,,52,18,26,29,29,25,29,29,32,29,25,,20,22,19,21,28,20,19,20,15,19,27,21,27,16,32,20,23,25,26,22,,26,24,49,25,,,,36,40,,,,,31,,,,28,27,33,35,,32,43,,36,47,44,39,42,49,40,41,42,41,41,,49,41,46,30,,26,25,26,28,36,31,36,,34,,35,23,25,24,29,23,20,67,65,52,73,95,72,66,58,60,59,,,68,,75,93,85,76,54,,54,62,,,30,36,33,46,,56,51,41,,67,78,56,55,75,,36,36,28,34,,,,,,,66,,78,57,53,57,60,62,64,34,28,34,,29,,,51,,,42,49,56,53,,70,64,,64,54,52,47,67,47,54,32,34,42,33,37,45,35,35,44,45,43,44,,,40,42,49,,40,34,,35,43,32,45,29,,33,19,,,92,81,,,,29,28,26,25,50,52,,45,53,,134,122,,134,,47,46,67,,38,33,38,30,28,,21,25,46,51,29,24,,54,51,46,47,43,56,20,20,54,35,37,33,77,129,78,88,68,23,25,25,32,21,,16,15,15,,15,32,20,34,31,29,25,15,11,12,12,34,30,35,,35,41,37,,36,55,54,48,54,,49,52,26,,60,,53,50,45,63,,92,80,,,,79,,,,89,,,,68,55,64,29,45,,,,25,25,26,,30,35,,30,25,39,25,43,30,,,,,24,30,29,22,22,35,40,39,33,25,34,29,36,31,30,33,35,30,30,32,31,17,22,24,25,,42,35,39,46,,19,19,19,19,18,12,12,11,,,,,45,32,,34,9,19,22,10,11,13,39,50,48,43,38,26,26,,28,36,,16,20,23,,31,42,,33,18,22,20,21,22,18,22,24,28,29,22,39,,,76,41,39,30,30,29,30,30,,42,31,56,57,55,,,55,,,,,68,,,,,,,,,,,,,,,,44,,,,,,,,,,,,,,,,,,,,,,,,,,,,,,,,,,,,,,51,42,,49,48,,52,50,60,,,,42,49,47,23,,,41,49,,51,50,53,,44,38,52,,,43,68,,52,40,65,,65,,26,26,,,58,26,,,50,51,25,,,19,28,22,24,46,49,41,102,77,68,,89,24,27,23,39,67,50,76,64,79,89,103,74,,68,57,47,,23,25,28,28,24,38,18,34,23,50,25,16,,,20,25,30,31,19,20,22,20,29,22,25,18,18,18,16,15,15,,,23,15,30,,,13,,23,52,55,,46,56,44,,52,51,37,52,,65,68,,29,34,31,33,24,24,29,30,,25,29,22,43,42,40,,39,,46,,,,,31,24,43,56,48,,24,,32,26,30,41,40,51,55,,28,24,23,,,27,32,34,,21,23,23,,,,,25,32,18,35,50,67,64,63,54,30,41,52,38,,37,32,32,30,35,,54,52,60,51,39,39,44,43,42,,49,46,50,36,52,51,50,49,,33,32,,92,93,98,,78,85,94,100,,97,107,77,,83,44,37,53,51,,57,53,,51,53,53,54,,43,46,41,33,29,,18,30,28,19,15,23,40,42,57,38,21,25,,,36,42,,35,37,,32,15,,19,,45,43,38,29,17,,77,,67,62,54,70,83,67,73,68,28,35,55,49,39,51,52,48,43,52,36,34,43,29,40,18,26,32,38,30,27,52,46,42,42,20,46,20,39,44,54,,53,52,47,58,52,53,35,41,32,36,45,33,50,51,44,38,37,35,25,26,,34,33,26,30,17,,18,14,16,18,12,,26,25,28,33,26,25,24,31,30,,,,15,10,,10,10,16,14,16,11,,14,16,15,,,,,,22,27,30,33,16,,13,,19,19,23,22,21,31,,26,42,26,42,,,,,20,19,20,20,20,20,,,25,18,18,40,43,,26,15,23,16,18,25,14,12,,28,26,25,28,17,13,19,32,26,,22,26,,14,21,,19,21,18,,26,,43,,14,14,14,13,14,26,29,39,32,26,24,24,19,24,,38,32,,25,22,38,,59,59,,37,41,59,,,22,32,30,,,33,30,25,,33,38,27,16,19,51,36,,32,,,61,29,27,25,51,45,35,53,31,,33,33,33,61,56,65,69,70,72,,,34,31,30,19,,29,31,41,31,22,52,48,46,19,23,26,53,44,,69,33,,40,35,31,47,,41,,34,43,44,25,19,23,39,36,56,67,38,10,41,14,,,23,40,30,26,,36,34,37,30,,63,35,,,58,34,35,45,60,62,71,55,64,35,31,32,19,22,139,,23,118,,42,31,57,43,46,29,32,30,16,28,24,42,46,25,100,23,31,58,67,24,59,18,51,42,,30,30,35,45,,25,38,18,,17,36,39,42,43,83,,31,20,51,26,40,23,83,96,72,32,27,22,39,20,14,,,33,63,55,51,64,41,28,46,,41,52,48,39,42,52,,44,27,,35,28,27,38,31,26,38,,,32,32,32,30,30,34,34,24,27,27,26,27,37,37,62,32,37,32,46,39,36,57,48,54,53,42,62,94,50,46,40,31,92,49,51,38,38,50,38,44,25,27,25,23,23,36,50,71,,46,26,26,107,85,74,83,49,70,53,16,20,14,27,11,20,25,16,30,16,14,18,19,20,12,44,,27,35,24,58,41,64,28,29,36,,89,57,57,63,20,27,26,,25,26,26,50,40,65,30,42,31,39,39,31,54,59,32,37,37,35,51,43,56,27,14,21,28,28,37,39,42,33,56,39,35,34,39,35,32,53,34,45,,34,52,43,31,35,45,37,40,32,,48,60,48,43,30,39,78,39,52,24,,55,20,25,22,72,27,31,,40,50,37,72,76,97,82,103,42,52,47,15,,22,17,46,19,57,20,30,19,36,31,35,58,49,81,32,71,64,56,53,53,27,69,65,,60,31,36,33,29,26,28,26,25,23,47,51,35,52,39,36,31,45,51,32,55,35,24,22,,23,27,,32,23,37,31,38,13,21,24,29,30,27,29,31,41,29,38,26,24,82,55,57,40,,48,45,41,28,31,21,62,75,43,48,30,68,45,35,51,46,51,72,60,,48,55,110,62,27,16,32,16,60,20,23,18,29,26,33,31,400,430,11,14,26,44,23,26,48,61,53,72,34,33,31,30,24,,36,73,44,54,29,32,26,,68,40,48,32,72,31,67,43,22,44,30,19,36,27,31,,29,18,45,64,58,144,,58,,18,23,19,18,25,27,64,53,29,19,36,89,55,31,32,23,17,22,17,24,26,,64,98,58,32,60,26,35,60,64,22,19,26,27,67,39,28,33
20231004,18,PM2.5,8,3,7,7,6,9,7,6,8,6,6,12,,,9,,8,10,9,,6,,5,7,,9,7,,22,26,29,28,26,22,46,,15,16,,10,,7,24,21,,27,,19,22,19,6,,12,14,,14,1,,2,7,3,6,3,10,17,10,7,12,,5,18,5,16,23,5,,22,15,18,14,7,,,5,3,6,6,6,,5,6,,,3,5,9,5,,6,7,,6,7,4,2,9,,7,6,6,4,4,4,5,7,7,4,6,13,12,9,4,4,3,,6,8,5,1,3,8,,11,10,3,2,4,3,5,4,8,14,9,12,8,,16,10,7,13,12,12,12,12,9,10,15,19,12,15,,10,9,10,9,13,8,1,8,6,4,10,58,,,,43,39,,46,46,44,,,,19,,7,5,9,9,7,9,9,5,14,,,,7,14,,38,17,13,17,14,,8,30,29,34,24,28,27,27,,20,,44,46,,11,11,,15,10,14,,17,19,15,9,9,19,9,,,9,8,7,15,15,32,14,,10,,,11,,8,12,,21,18,17,7,4,5,,19,26,22,20,22,20,23,24,9,12,12,7,12,17,10,7,12,15,,,17,34,24,19,,23,21,24,27,19,,22,19,24,,24,17,15,15,,,12,10,29,31,,,44,46,32,51,44,39,44,43,39,45,49,39,39,39,,10,17,20,11,19,20,13,,20,16,20,22,24,22,19,28,29,21,23,18,32,32,,34,27,27,32,41,28,31,26,33,35,40,43,27,27,,54,29,23,34,30,31,22,38,28,28,30,29,,41,32,24,31,20,35,,38,36,60,37,,,22,21,30,31,27,26,30,25,39,29,50,,20,22,28,31,32,19,24,28,,21,12,11,11,6,,13,8,7,10,9,6,7,,,15,13,14,10,6,,28,9,3,20,,,24,4,14,20,14,17,9,14,22,17,17,,8,13,8,10,6,6,6,6,5,5,5,5,13,10,22,14,11,17,18,15,,18,15,14,14,,21,,25,28,,,,,5,,,,7,12,10,13,7,15,13,,15,20,24,23,24,34,27,21,26,23,26,,34,18,16,6,,8,10,12,7,7,14,14,12,5,,12,7,2,9,10,10,5,7,7,10,5,12,14,9,20,25,24,,,36,,45,40,47,25,7,,5,30,,,5,12,9,17,,22,12,19,,48,57,34,39,51,9,10,6,6,5,,,,,,,41,,46,33,19,34,32,34,34,7,2,2,,2,,,33,,,29,31,39,34,55,35,46,,33,21,28,27,7,31,36,22,22,29,20,24,25,24,10,21,29,30,27,,,28,29,34,,15,9,,24,23,20,30,20,,22,6,,,52,48,,,,9,13,4,12,34,36,,31,4,,102,92,,102,,26,22,23,,13,15,15,9,10,,9,8,14,18,12,9,,7,9,12,9,9,10,4,7,18,9,9,7,15,10,12,42,10,7,10,11,9,7,,7,7,10,,4,22,11,14,12,20,17,10,7,5,8,10,11,10,,9,12,15,,15,38,38,33,38,,34,34,10,,43,,37,35,31,45,,68,50,,,,58,,,,66,,,,49,39,46,20,25,,,,17,17,9,12,18,24,,20,17,27,17,30,21,,19,,,8,20,18,12,4,24,28,27,23,17,10,12,7,17,21,22,16,14,21,12,10,11,9,16,16,,29,24,27,32,,10,6,5,6,12,6,5,5,,,,,14,14,,12,6,10,9,6,7,5,20,35,28,30,26,9,6,,14,25,,8,4,16,,15,18,,16,9,7,8,12,9,11,13,8,19,20,15,27,,,19,9,2,8,9,9,9,11,,18,15,16,24,14,,,17,,,,,44,,,,,,,,,,,,,,,,7,,,,,,,,,,,,,,,,,,,,,,,,,,,,,,,,,,,,,,35,29,30,21,19,37,19,20,31,,,,5,7,12,9,,,13,23,,16,21,23,,22,18,36,,,30,49,,12,18,28,,28,,6,9,,,9,18,,,16,15,13,,,7,6,10,2,22,22,23,4,6,2,,11,5,4,16,13,9,9,9,9,10,11,13,12,,15,16,12,,8,5,6,10,5,4,8,14,7,9,4,2,,,2,17,21,14,13,2,5,9,15,15,17,11,3,3,6,3,4,,,10,7,7,17,4,2,,12,19,21,,25,29,21,,23,14,10,24,16,45,48,,13,20,14,13,4,11,9,9,,11,9,4,24,10,16,,19,,30,,,,3,3,9,6,36,21,,7,,12,11,12,24,25,17,23,,19,12,6,,,18,20,18,,9,14,10,,,21,10,8,22,10,2,35,48,46,45,28,21,20,26,26,,14,22,22,21,24,,38,36,34,29,27,27,25,22,29,,30,26,35,25,32,30,34,30,17,19,16,,68,69,73,,57,63,70,75,,72,80,56,,61,25,24,35,31,,40,37,,34,28,37,38,,26,32,24,11,10,,10,4,14,12,6,12,28,29,40,26,12,16,,,25,29,,24,21,,20,6,,13,,31,30,26,12,5,,56,,48,44,38,51,61,48,53,46,7,24,39,34,22,17,36,32,30,36,25,22,30,20,28,8,18,22,24,21,11,36,32,29,29,14,32,14,24,30,20,24,18,22,24,24,24,18,17,17,21,19,24,23,23,28,22,26,22,24,16,14,,22,23,18,6,8,,2,8,9,7,6,,18,17,19,23,18,17,13,10,12,,,,10,6,,5,6,,5,3,,,9,10,10,,,,,,7,17,19,17,8,,5,,2,9,10,9,11,10,,18,19,17,26,,,,,14,13,14,14,2,4,19,,7,8,6,16,14,,15,9,7,3,12,8,4,6,,18,7,17,12,10,9,12,22,7,,15,18,,7,3,,6,5,2,,9,,1,,,3,6,6,6,10,6,8,10,7,6,12,12,10,,13,11,,12,13,24,,18,17,,18,10,19,,10,8,8,15,,,23,7,11,,11,7,15,4,4,17,12,,10,,,28,3,8,4,13,7,11,16,13,,18,17,11,26,15,30,27,29,28,,,16,10,6,7,,,10,18,10,10,23,29,32,6,11,9,32,7,,35,9,18,13,7,12,11,,16,,5,30,28,17,1,7,9,10,19,14,7,7,14,3,,,3,19,7,8,,8,19,17,21,,43,2,,,41,11,2,19,43,40,41,39,46,14,17,9,6,15,106,,8,89,,29,21,40,30,19,13,13,2,7,18,11,27,17,10,75,14,7,9,34,11,39,3,8,29,,21,21,24,11,,2,13,5,,7,12,20,23,22,49,,7,4,29,16,14,11,61,32,52,9,7,9,10,10,5,,,23,27,25,34,46,2,19,18,,22,36,18,15,15,23,72,21,6,,6,19,8,26,11,4,16,,,15,13,9,12,11,8,6,5,8,7,4,1,7,16,39,9,6,2,18,12,8,40,29,33,37,29,38,35,35,32,22,8,29,26,26,26,15,35,26,25,3,17,10,8,7,11,3,50,,27,4,7,80,63,54,61,34,51,34,8,10,5,6,6,6,5,8,21,11,8,12,11,14,7,28,,17,24,16,17,12,46,2,5,11,,66,7,11,44,8,6,9,,6,4,18,35,28,47,11,24,14,27,23,15,31,13,13,14,15,17,33,30,29,6,5,7,7,8,14,18,15,11,25,17,7,10,14,8,2,37,10,12,,12,21,15,12,13,31,18,28,22,10,31,30,27,30,21,25,39,26,30,16,17,14,4,9,4,43,16,15,9,17,15,14,50,42,72,45,70,20,28,20,10,,5,11,32,2,4,6,21,7,12,19,18,7,10,58,7,44,29,31,24,26,16,39,17,,29,9,9,7,10,12,7,5,14,16,20,19,24,15,26,24,20,16,35,13,39,24,9,13,9,8,12,,8,14,12,10,26,6,6,4,8,10,13,15,17,18,10,1,11,8,60,37,37,16,,14,6,14,11,7,9,18,55,21,6,5,9,,6,4,10,5,35,43,50,33,39,83,44,16,11,3,10,37,14,16,10,20,14,8,7,88,94,5,8,6,13,12,7,25,40,16,17,19,23,13,9,15,,10,46,29,38,12,22,12,39,39,9,12,5,47,10,27,25,15,22,8,12,11,10,14,,7,6,26,12,41,110,,41,,6,6,5,5,7,2,46,17,10,10,16,66,28,10,18,5,8,9,7,5,4,,34,69,16,13,23,14,7,5,34,3,,18,7,47,9,8,12
20231004,18,PM2.5_24h,9,7,9,9,9,10,8,22,17,9,7,9,,,29,,29,25,31,,25,,26,30,,26,35,,34,42,50,36,44,50,35,,31,32,,28,,18,26,34,,29,,56,51,49,58,81,48,51,,53,4,,8,12,11,14,12,19,15,18,18,27,,18,34,29,36,30,27,,42,36,44,40,33,,,39,40,29,35,32,,6,7,,,4,5,5,5,,12,11,,13,10,14,10,12,,13,30,25,28,26,29,26,22,25,25,23,13,12,12,8,7,7,,8,10,10,10,10,11,8,11,12,11,7,13,10,10,10,8,11,8,11,7,,10,9,7,9,10,14,13,11,10,12,13,16,12,12,,11,11,10,12,12,12,4,9,6,7,5,35,,,,34,29,,31,33,30,,,,20,,9,11,13,11,13,13,12,11,17,,,,12,16,,19,21,18,20,17,,16,26,25,24,27,25,19,23,,18,,25,26,,14,14,,18,18,17,,18,16,19,14,9,16,7,,,9,8,8,17,16,15,17,,16,,,15,,9,12,,14,12,14,8,6,7,,25,24,24,21,22,21,17,17,20,18,17,10,23,18,16,22,20,24,,,18,18,18,16,,26,26,18,19,11,,23,17,12,,17,27,24,23,,24,26,24,32,26,,,23,24,21,25,24,22,33,31,25,33,38,32,30,29,,13,14,17,12,19,18,13,,15,11,14,18,18,19,14,18,16,14,25,13,35,36,,36,40,37,28,36,27,33,29,26,25,26,28,26,26,,35,23,24,25,28,20,30,23,30,34,33,28,,27,29,31,29,36,29,,31,25,22,25,,,29,25,27,30,29,29,31,25,30,30,28,,18,20,22,20,21,20,21,23,,13,12,12,13,5,,16,10,12,14,10,8,12,,,11,12,11,14,12,,23,19,18,24,,,23,9,13,21,17,19,14,17,26,19,15,,7,8,8,8,7,8,11,7,7,7,7,6,10,12,14,12,12,13,14,9,,16,11,10,13,,31,,35,33,,,,,20,,,,32,33,25,31,25,23,24,,18,18,18,18,17,24,19,22,18,17,20,,20,16,13,7,,3,4,7,7,11,14,11,14,12,,19,14,8,12,12,12,11,11,10,11,10,14,11,11,20,21,22,,,36,,38,35,40,35,35,,32,43,,,39,42,35,46,,34,36,39,,46,40,33,39,38,17,19,18,14,18,,,,,,,35,,46,37,26,34,25,22,25,14,11,15,,36,,,24,,27,23,24,25,28,30,27,29,,17,25,20,18,19,18,24,19,13,27,22,21,23,23,21,20,33,36,26,18,,21,22,25,,22,24,,27,27,26,25,21,,22,7,,,50,46,,,,9,12,9,9,43,45,,39,29,,62,66,,72,,38,34,40,,37,38,6,8,10,,15,14,17,18,17,14,,10,13,14,11,14,13,12,15,20,13,12,12,14,17,11,19,12,9,12,13,12,12,,11,8,5,,7,17,18,22,13,18,13,9,11,8,17,15,16,15,,15,15,15,,16,17,17,16,22,,16,19,8,,47,,44,37,35,44,,49,36,,,,44,,32,,46,,,,45,39,37,24,28,,,,7,11,6,8,23,22,,19,16,28,16,26,18,,20,,,5,14,17,8,6,29,29,31,31,10,7,12,15,26,35,28,22,28,21,11,10,13,13,15,19,,32,34,34,27,,7,12,8,10,15,20,25,15,,,,,23,22,,18,6,18,8,10,8,14,15,22,16,14,14,8,8,,11,13,,19,23,21,,14,16,,19,10,11,17,14,15,16,12,16,26,27,20,23,,,10,12,15,12,15,10,6,13,,17,7,25,25,29,,,27,,,,,26,,,,,,,,,,,,,,,,15,,,,,,,,,,,,,,,,,,,,,,,,,,,,,,,,,,,,,,17,30,27,24,23,27,28,25,29,,,,29,26,31,28,,,20,22,26,22,23,42,,48,45,35,,,36,51,,29,34,21,,26,,16,13,,,5,20,,,16,15,12,,,15,17,5,3,16,14,15,8,6,6,7,6,14,14,16,20,10,7,10,10,8,9,11,7,,10,14,10,,5,7,9,11,9,8,9,7,11,14,12,9,,,9,14,17,14,13,8,9,12,12,6,11,11,11,10,8,11,7,,,7,11,10,16,7,6,,15,13,11,,14,19,14,,18,18,7,17,16,25,30,,19,20,15,18,22,11,23,22,,27,7,7,12,11,15,,22,,35,,,,11,10,13,15,34,27,,19,,18,18,17,17,16,18,20,,25,20,23,,,21,21,21,,20,19,18,,,18,11,13,19,13,8,13,34,26,27,21,22,27,26,31,,12,26,28,30,30,,38,40,39,38,35,34,31,35,31,,38,39,39,24,31,29,30,26,23,30,25,,55,47,55,,45,44,46,46,,48,52,41,,52,28,29,36,34,,31,26,8,30,28,29,30,,34,33,36,15,20,,20,14,5,17,6,9,22,27,44,30,11,13,,32,31,32,,21,18,,18,10,25,24,,36,29,32,11,6,24,26,,23,34,24,37,32,30,33,32,6,30,35,31,26,24,36,34,37,42,28,29,29,28,30,5,8,13,12,12,9,14,15,15,15,6,9,8,36,35,37,30,15,17,15,18,21,18,21,23,24,19,21,25,26,56,33,31,28,27,19,21,,24,24,25,7,7,,2,13,7,11,5,21,17,21,20,26,25,18,18,21,25,,,,11,10,,9,7,2,4,7,3,,17,14,13,,,,,,17,16,19,19,11,,10,,4,8,8,10,11,9,,17,21,13,18,,,,,7,7,17,15,13,13,20,,9,9,7,15,16,,17,5,8,11,13,12,11,9,,18,20,18,19,12,10,10,9,12,,13,10,,9,7,,4,5,4,,16,,4,,1,4,7,5,6,7,20,24,20,21,9,12,10,8,,17,18,,15,15,16,,23,19,,22,17,22,,17,17,18,23,,,17,13,12,,12,8,18,107,5,15,19,,20,,,29,15,16,10,14,20,18,23,9,,13,15,15,24,28,33,51,56,49,,,23,19,22,11,,5,15,16,14,7,27,37,38,31,27,24,49,48,,28,10,18,17,8,14,14,,23,,33,41,25,17,8,9,14,8,10,12,13,11,13,3,,,20,23,16,24,,23,27,38,19,,23,12,,,27,14,12,19,34,28,35,27,33,15,25,12,5,14,68,,29,56,,24,22,33,26,14,11,14,38,15,21,10,17,17,25,46,17,25,13,37,13,39,4,38,32,,23,25,21,10,,11,25,9,58,23,27,18,23,20,33,35,25,17,35,15,19,11,49,19,36,22,37,7,8,6,6,,,31,20,36,18,25,4,23,18,,17,37,26,18,26,19,55,32,17,,10,29,24,30,22,5,15,,6,9,10,8,11,11,8,7,9,10,7,7,6,5,26,32,11,13,6,17,20,20,28,32,39,39,37,31,32,23,26,26,19,31,28,30,26,14,23,31,27,7,39,27,25,37,15,7,27,13,30,16,18,48,39,43,44,32,40,40,6,16,6,5,8,14,13,9,15,18,8,9,11,10,12,20,,24,28,21,24,35,33,34,14,36,,41,36,37,44,8,8,10,,22,6,19,26,25,23,12,20,24,34,20,20,36,12,18,15,14,17,30,16,26,34,23,16,6,11,13,15,14,11,24,12,14,13,16,12,7,28,17,15,16,19,21,24,14,13,24,23,26,23,10,27,21,17,23,26,20,24,23,42,33,53,35,15,26,30,22,12,15,14,18,21,20,35,31,52,33,48,30,33,34,7,8,9,9,12,11,7,27,30,26,28,18,21,29,23,38,39,39,36,28,34,36,12,23,43,,40,42,43,32,14,20,16,13,13,13,16,24,26,14,29,27,21,24,32,20,26,26,11,14,9,11,12,,7,13,9,19,32,8,8,10,11,17,15,18,15,14,9,12,11,11,55,40,53,18,,55,20,28,35,25,31,50,40,49,60,44,34,37,40,37,32,29,26,39,46,30,31,61,33,38,17,9,16,32,14,13,9,16,13,6,7,67,82,8,7,40,40,27,9,23,25,34,25,26,27,14,13,20,,15,29,33,45,14,21,21,24,24,39,44,41,46,26,29,26,21,14,10,22,15,15,16,,5,3,21,23,43,70,50,33,,5,13,5,8,9,11,45,27,4,8,24,47,23,26,32,9,15,7,18,5,5,,20,60,16,11,22,10,8,12,18,6,1,28,36,38,36,16,15
20231004,18,PM10,21,12,18,15,18,23,25,16,16,19,20,38,,,21,,17,20,19,,15,,16,16,,22,17,,58,56,84,50,69,48,81,,44,22,,26,,15,38,33,,31,,54,48,53,39,,31,47,,34,16,,7,11,16,36,31,30,39,26,25,19,,11,38,41,41,73,47,,64,63,56,55,26,,,32,22,21,17,32,,12,17,,,12,18,34,15,,27,43,,55,66,54,21,39,,85,15,16,20,14,14,27,9,14,20,19,34,32,28,20,23,23,,31,28,28,3,12,30,19,13,14,25,21,16,24,8,28,22,25,22,21,23,,21,24,21,24,26,27,31,31,29,34,23,30,22,19,,27,24,24,20,23,18,10,15,11,12,18,83,,,,80,75,,73,85,88,,,,41,,34,18,25,24,19,24,17,14,18,,,,21,16,,49,22,25,22,22,,21,53,51,58,54,61,61,44,,35,,70,83,,25,22,,30,24,22,,29,37,28,23,20,24,42,,,26,20,13,23,27,62,35,,21,,,22,,28,26,,39,23,34,23,18,19,,46,48,34,27,33,37,51,45,24,22,22,22,27,24,27,27,24,27,,,44,40,41,41,,48,40,49,36,36,,38,40,15,,48,56,56,46,,,66,54,88,78,,,105,90,85,97,88,97,70,63,76,70,100,74,65,74,,18,28,26,24,28,22,20,,28,20,30,37,41,34,35,36,44,35,42,39,46,48,,41,46,43,41,70,41,42,29,54,61,55,74,32,47,,55,45,35,64,52,38,50,39,34,34,42,40,,37,39,34,57,52,48,,36,55,84,56,,,29,29,37,45,42,38,58,37,52,40,65,,40,37,40,58,61,29,40,38,,15,29,30,24,9,,17,12,15,26,13,5,15,,,22,17,17,28,13,,57,27,45,44,,,54,18,22,29,29,17,29,29,29,29,17,,18,11,14,13,28,12,10,7,8,7,27,21,27,16,20,20,23,16,25,16,,25,24,49,25,,35,,27,24,,,,,24,,,,28,27,32,35,,24,43,,36,47,44,39,42,43,40,41,42,41,41,,48,41,46,30,,19,22,26,12,36,31,36,27,34,,35,23,25,17,29,20,19,83,80,53,96,139,93,81,65,70,67,,,85,,100,136,119,102,58,,58,73,,,28,36,33,46,,61,51,41,,68,85,61,51,100,,36,36,17,34,,,,,,,82,,105,63,56,63,70,73,78,34,22,34,,14,,,52,,,39,49,62,55,62,89,78,,63,52,53,47,71,46,58,31,34,31,33,37,45,23,35,44,45,35,44,,,37,34,40,,40,34,,32,43,32,45,15,,33,19,,,133,111,,,,29,28,23,24,50,42,,42,56,,158,145,,140,,47,46,83,,38,21,38,30,28,,21,25,46,51,29,24,,58,51,46,47,43,62,17,20,58,35,37,33,103,207,106,125,85,23,25,25,32,20,,16,14,14,,15,27,17,34,31,29,8,11,9,10,12,24,18,25,,29,31,37,,22,59,42,48,46,,48,53,13,,43,,36,36,41,45,,109,110,,,,83,,98,,95,,,,44,37,73,24,45,,,,19,15,26,18,30,32,,30,23,33,22,29,27,,30,,,23,30,29,22,6,25,39,33,32,17,34,29,36,24,28,33,35,30,29,32,31,17,22,24,25,,38,29,28,45,,19,13,18,9,17,12,11,10,,,,,45,32,,34,9,19,22,8,11,13,39,33,48,36,38,22,12,,28,23,,14,10,23,,31,42,,33,8,13,20,12,12,16,10,13,19,27,22,32,,,102,41,39,29,30,22,23,30,,42,4,62,63,59,,,59,,,,,85,,,,,,,,,,,,,,,,44,,,,,,,,,,,,,,,,,,,,,,,,,,,,,,,,,,,,,,51,39,48,49,48,,54,50,70,,,,42,49,47,23,,,41,49,,51,50,56,,44,38,49,,,42,53,,54,40,79,,80,,20,19,,,65,23,,,50,51,23,,,19,28,21,19,46,49,41,154,104,86,,128,24,27,22,39,84,50,102,77,108,128,156,98,,85,63,47,,11,25,28,28,24,38,18,34,20,50,16,16,,,17,11,16,31,8,10,22,20,18,11,14,18,18,18,11,15,8,,,16,15,30,12,5,4,,23,54,59,,46,61,44,,53,51,37,54,40,79,85,,29,34,31,33,17,24,29,30,,24,29,22,43,28,34,,39,,46,,,,25,31,17,43,61,48,,17,,23,26,25,41,36,52,60,,24,22,23,,,23,32,34,,12,23,23,,,49,47,25,30,18,35,32,64,65,65,58,25,41,54,34,,37,22,30,23,28,,38,44,69,51,39,38,44,43,42,,49,46,50,33,54,52,50,49,30,33,32,,113,131,120,,87,99,121,106,,140,147,70,,55,44,37,56,51,,56,55,36,51,55,54,57,,43,42,41,33,29,,13,30,15,19,11,14,30,31,36,29,21,25,,,20,20,,35,37,,32,8,,19,,41,32,29,29,17,41,66,58,58,61,55,59,88,68,79,86,28,30,51,37,39,51,40,48,43,48,30,34,41,28,39,17,26,26,38,30,27,41,35,30,36,17,41,13,39,44,58,42,55,53,47,66,54,55,31,41,23,36,45,29,50,52,44,31,37,34,25,17,,34,26,21,30,17,,5,14,16,18,12,27,18,15,25,26,25,24,24,31,30,,,,9,10,,6,3,10,9,9,9,,14,16,15,,,,,,22,27,30,33,13,,13,,1,16,18,16,15,31,,24,42,24,42,,,,,20,17,18,20,16,18,26,,14,18,10,40,43,,26,9,23,8,10,25,11,9,,28,26,25,28,17,11,19,9,16,,20,8,,13,7,,19,21,8,,26,,3,,7,7,12,9,7,26,29,39,32,26,6,24,19,14,,38,22,,25,14,38,,67,67,28,37,41,68,,24,22,25,30,,,20,13,18,,23,38,22,16,5,52,36,,32,,,72,29,14,11,51,45,18,55,28,,23,22,22,71,62,79,88,89,93,,,34,30,28,13,,18,25,41,19,1,54,46,41,16,23,22,56,44,,87,33,31,25,19,31,23,,41,,34,41,44,25,9,23,39,36,62,83,38,10,32,2,,,23,40,18,22,,36,34,37,24,,75,22,,,58,18,19,34,63,73,92,56,75,23,22,32,19,17,142,,15,102,,37,27,44,38,46,20,32,24,16,28,14,42,36,23,139,22,31,65,83,24,68,8,52,38,,26,28,28,45,,25,38,17,,7,36,39,42,43,115,,31,20,52,26,35,23,58,142,80,32,27,20,39,20,11,,,14,75,59,51,67,4,28,46,,41,53,48,35,42,53,84,44,12,,35,24,16,33,24,26,38,,,22,25,26,27,30,27,21,18,17,16,21,19,37,29,73,22,14,22,31,31,24,46,48,58,40,39,52,83,49,43,40,29,52,48,51,31,37,44,34,44,13,27,23,23,20,23,50,92,,46,13,16,95,91,93,60,45,45,55,16,20,10,27,9,20,25,16,23,11,14,13,16,7,8,44,,27,33,24,66,41,78,19,27,36,,117,63,64,75,13,12,19,,25,3,20,25,31,67,22,39,30,29,12,29,58,67,27,37,37,35,51,34,62,27,14,14,20,19,32,34,23,23,61,31,16,23,17,20,7,52,20,36,,34,54,43,27,35,39,37,29,31,44,48,70,48,37,28,32,63,39,54,11,68,60,12,25,9,94,27,31,23,40,50,28,93,102,115,114,155,42,53,47,14,,22,13,24,19,64,12,21,12,36,31,35,66,49,112,27,91,77,61,56,56,27,88,80,,70,30,36,33,26,20,10,26,10,17,31,51,33,53,39,36,31,45,51,26,52,33,17,22,33,23,27,,28,6,37,26,18,11,10,24,29,20,22,29,31,41,24,38,26,24,85,60,63,40,,48,45,41,28,31,21,73,92,43,48,30,85,45,35,51,46,52,93,53,,40,35,119,55,27,13,32,16,70,17,13,18,21,26,22,17,500,530,11,14,25,44,23,22,48,71,55,36,29,31,30,13,24,,30,95,44,36,29,32,26,82,85,40,48,32,94,31,83,43,21,44,30,19,27,23,31,,29,,45,78,57,156,,60,,18,23,13,18,21,25,72,56,29,9,36,114,59,31,32,19,16,22,15,12,7,11,78,146,66,32,70,26,25,69,77,9,8,24,24,83,39,28,28
20231004,18,PM10_24h,17,14,18,17,19,18,20,44,31,22,16,19,,,60,,58,51,63,,52,,55,54,,55,60,,79,87,84,79,85,82,71,,62,63,,57,,52,49,55,,55,,74,78,74,92,115,92,114,,89,22,,25,24,19,37,36,38,39,26,44,46,,45,66,56,65,74,72,,92,99,86,91,67,,,88,90,63,64,76,,17,18,,,13,17,18,14,,32,33,,28,44,30,27,30,,27,60,50,59,53,45,51,43,57,44,34,27,25,23,22,22,17,,23,24,26,14,16,21,26,19,18,20,19,20,22,14,25,22,22,20,21,21,,20,23,22,21,24,26,29,25,27,28,23,26,22,20,,25,26,23,24,21,23,15,17,15,17,14,60,,,,56,51,,58,56,48,,,,32,,24,32,28,24,25,25,20,26,28,,,,29,26,,29,28,27,27,27,,31,35,43,44,45,49,38,32,,29,,42,45,,33,27,,34,27,24,,28,29,31,36,18,24,32,,,26,20,19,32,31,35,35,,35,,,26,,27,27,,31,22,28,18,22,19,,49,40,41,38,37,35,37,33,36,30,29,27,39,29,35,35,36,35,,,39,34,40,39,,53,55,36,29,22,,29,30,18,,30,56,52,58,,58,69,57,64,49,,,54,52,53,52,52,53,63,59,55,61,66,62,61,60,,22,24,22,24,22,23,20,,21,20,22,27,24,26,19,22,25,26,36,30,55,54,,51,69,48,44,57,44,48,36,42,48,44,58,38,47,,46,44,41,59,40,39,39,38,47,49,51,46,,39,47,46,46,49,43,,44,43,42,46,,,50,43,45,47,45,44,59,60,47,44,40,,33,33,33,33,34,38,37,64,,23,27,24,24,11,,23,11,18,26,15,12,16,,,18,21,16,25,17,,36,32,35,40,,,37,23,25,26,27,26,30,29,31,25,19,,18,11,17,18,19,17,15,13,9,11,16,9,22,21,23,20,21,17,23,13,,27,23,23,22,,42,,37,39,,,,,36,,,,58,69,62,66,69,56,59,,44,30,29,28,31,31,36,36,33,33,36,,27,35,31,20,,23,18,20,17,40,31,27,29,33,,39,31,43,23,27,24,25,25,24,23,35,43,33,34,45,43,47,,,78,,78,89,78,66,86,,78,78,,,75,80,71,82,,64,64,80,,78,71,71,64,60,50,42,38,30,47,,,,,,,71,,89,68,54,73,48,45,52,25,30,35,,68,,,35,,34,31,38,46,45,52,49,54,,39,45,36,36,43,31,41,36,31,37,32,34,39,37,49,42,40,45,40,31,,34,33,37,,38,38,,56,52,64,59,29,,42,13,,,98,87,,,,29,29,24,30,61,59,,55,70,,110,103,,111,,82,80,96,,76,50,24,22,21,,31,34,37,47,36,40,,33,29,28,28,26,31,25,30,44,26,25,28,30,48,30,40,30,22,22,24,30,23,,14,13,14,,10,32,24,27,25,28,15,18,12,17,15,24,27,27,,23,26,27,,19,26,23,28,23,,23,29,12,,56,,60,52,48,52,,86,81,,,,83,,75,,77,,,,80,53,66,41,52,,,,17,16,22,17,40,41,,27,27,31,25,27,26,,28,,,25,23,19,19,9,41,45,41,48,20,26,24,32,37,41,50,37,48,33,22,22,19,21,17,24,,44,50,47,42,,20,29,21,15,28,33,40,33,,,,,53,41,,39,11,21,23,16,19,18,23,23,26,22,24,19,18,,24,21,,30,33,41,,30,40,,45,14,14,23,19,23,27,21,23,32,31,28,35,,,40,34,66,50,70,58,18,25,,26,17,87,90,98,,,57,,,,,54,,,,,,,,,,,,,,,,40,,,,,,,,,,,,,,,,,,,,,,,,,,,,,,,,,,,,,,30,43,44,44,50,54,45,55,50,,,,68,72,65,58,,,56,71,57,65,68,89,,96,79,55,,,60,73,,54,58,65,,85,,48,33,,,48,24,,,49,47,23,,,22,22,22,21,39,40,36,42,35,29,29,40,25,28,25,33,30,26,41,25,33,39,57,30,,38,37,24,,13,12,24,25,26,24,16,27,21,34,25,23,,,26,20,22,42,13,21,28,26,13,13,15,18,24,19,19,19,12,,,11,22,24,24,11,12,,14,34,34,,26,30,23,,31,31,21,34,26,41,59,,34,35,39,45,32,29,31,32,,31,30,25,26,22,24,,36,,47,,,,25,31,20,34,51,44,,30,,28,24,26,34,32,37,55,,38,30,41,,,27,30,30,,31,36,28,,,33,21,20,21,20,33,19,49,39,40,35,28,50,53,45,,43,41,49,44,45,,55,51,68,52,52,55,51,53,52,,62,60,56,35,48,49,42,42,42,53,49,,86,86,80,,78,65,88,60,,91,96,62,,60,55,49,57,55,,44,39,30,38,50,41,59,,50,47,45,45,43,,36,43,7,32,16,14,38,41,38,38,31,27,,45,45,47,,30,32,,32,17,38,36,,48,39,36,26,16,25,46,39,38,50,41,45,52,45,49,45,33,31,51,38,45,47,42,47,46,51,42,43,40,40,39,11,16,23,24,21,24,20,21,24,23,12,19,15,66,81,82,70,31,42,26,39,45,49,39,42,30,41,49,39,59,60,52,40,43,30,29,35,,47,39,36,19,15,,6,24,20,20,16,30,21,22,26,38,31,31,31,42,34,,,,18,19,,18,13,14,10,12,21,,24,21,20,,,,,,29,28,24,26,22,,14,,5,13,15,16,16,22,,24,29,21,26,,,,,13,14,23,21,23,21,26,,18,11,11,24,20,,23,10,24,15,12,17,13,13,,25,33,27,27,20,11,17,16,28,,25,17,,14,7,,8,13,11,,32,,10,,6,8,13,12,13,13,57,76,66,58,11,22,16,18,,35,29,,19,22,29,,37,43,27,39,35,45,,33,25,31,32,,,34,23,15,,17,25,18,18,6,40,63,,56,,,75,27,20,19,54,59,62,74,20,,36,27,29,87,88,93,176,176,155,,,52,42,51,18,,29,32,36,36,11,57,54,51,58,54,48,81,98,,79,27,29,26,22,30,24,,36,,55,66,37,23,19,19,38,29,31,33,30,19,26,5,,,50,46,31,52,,64,50,68,26,,35,20,,,54,26,31,31,46,49,66,49,61,22,38,23,20,19,114,,52,67,,35,39,44,35,39,18,28,72,22,39,22,33,34,53,88,24,42,45,75,19,69,8,79,44,,27,31,25,30,,30,64,20,61,31,46,29,31,29,85,76,39,44,60,26,28,25,68,58,57,31,74,15,16,16,13,,,32,50,77,24,41,10,38,34,,28,64,50,26,46,33,82,57,31,,26,41,34,41,37,20,36,,16,21,23,22,25,32,27,21,20,24,16,60,17,30,32,56,22,18,17,28,35,32,38,48,60,50,75,52,57,40,43,42,39,56,47,54,33,34,38,46,54,14,65,54,62,69,25,28,56,21,40,28,28,70,68,61,57,47,47,52,14,16,7,13,17,22,23,23,23,21,15,14,12,15,13,33,,31,32,29,60,65,57,70,33,71,,68,84,90,80,13,17,17,,39,9,23,34,26,31,23,33,41,40,47,40,57,28,37,34,33,30,60,21,40,72,40,31,19,21,25,28,27,22,46,25,27,27,21,23,14,39,24,33,38,62,52,58,34,34,34,50,29,35,49,48,40,32,31,33,29,47,36,79,55,104,93,30,50,54,63,26,24,23,32,38,30,62,74,81,70,96,48,51,59,13,11,23,10,22,25,31,38,40,35,40,30,35,77,47,79,73,74,81,56,54,68,26,48,88,,80,78,92,67,44,71,21,43,15,25,32,56,41,43,49,38,36,44,52,35,36,35,18,26,28,22,21,,25,17,27,28,29,13,14,21,20,27,22,34,27,26,20,37,31,28,83,59,82,48,,86,62,64,64,69,59,105,71,83,120,80,93,95,91,90,82,86,63,64,105,44,41,99,55,52,18,25,20,58,24,23,18,22,25,20,38,244,235,16,11,63,98,66,45,38,54,58,45,43,44,32,18,26,,23,62,55,55,17,29,37,44,59,74,78,74,81,60,73,43,38,25,24,30,28,34,31,,12,1,37,98,63,105,100,52,,14,31,12,17,28,25,64,55,20,10,49,83,31,63,56,22,27,18,33,17,14,23,49,99,39,28,53,28,26,28,41,11,9,43,78,64,73,35,26
20231004,18,SO2,3,3,3,3,2,1,3,3,3,1,3,3,,,7,,3,5,4,,6,,4,3,,10,3,,3,2,2,2,4,4,1,,3,3,,3,,8,9,9,,3,,3,2,6,2,,4,4,,7,3,,1,3,5,6,5,4,2,2,1,1,,5,5,10,6,3,6,,6,5,4,6,9,,,3,10,6,16,8,,5,5,,,8,6,4,6,,6,7,,6,6,7,6,4,,5,5,9,10,6,6,6,6,7,3,7,5,6,5,4,7,6,,5,6,4,6,6,5,5,3,4,2,6,5,6,5,7,4,8,7,7,8,,4,6,8,5,4,3,4,4,8,5,6,7,2,5,,7,8,8,7,8,8,6,6,6,6,7,7,,,,6,9,,8,8,8,,,,8,,4,6,6,6,4,7,8,6,7,,,,10,9,,4,1,2,6,5,,8,8,6,8,8,7,10,,,7,,8,8,,8,4,,6,8,8,,9,6,8,6,,8,5,,,7,7,6,6,5,4,5,,6,,,4,,4,4,,5,4,6,6,5,5,,4,5,3,2,3,5,6,6,4,6,5,5,7,5,5,5,6,6,,,5,4,3,4,,3,3,3,4,6,,3,5,6,,8,7,5,7,,6,6,4,5,7,,,10,10,9,12,10,9,7,4,6,6,7,9,7,7,,8,6,6,8,6,7,6,,7,4,4,6,6,4,4,4,4,3,2,6,4,7,,3,5,8,5,4,5,6,6,3,,9,5,5,7,,3,6,6,9,6,6,7,6,7,6,6,7,,6,1,4,9,4,4,,6,6,5,6,,,6,3,8,6,6,6,4,6,5,6,8,,5,4,9,6,7,7,6,5,,7,6,5,8,6,,5,8,5,6,6,5,6,,,7,6,7,7,5,,4,1,3,2,,,5,7,2,3,3,5,5,7,3,6,3,,5,9,10,9,17,8,8,7,9,8,6,6,6,5,4,6,5,5,3,5,,5,3,4,7,,3,,6,6,,,,,5,,,,11,6,5,4,1,4,6,,16,8,4,7,11,6,5,5,4,5,6,,3,5,5,10,,13,12,10,12,3,21,4,4,4,,5,8,3,11,8,10,7,7,7,6,11,7,9,10,9,8,4,,,15,,12,12,10,7,7,,9,4,,,8,10,7,6,,8,7,6,,6,6,6,9,7,9,5,4,6,1,,,,,,,11,,5,11,9,11,11,10,14,3,4,6,,5,,,11,,,28,14,6,6,8,10,9,,10,7,7,8,9,8,10,6,7,7,3,6,7,8,5,6,5,5,5,8,,10,7,7,,4,6,,7,6,4,4,6,,6,5,,,4,5,,,,9,7,11,7,16,15,,19,20,,16,16,,18,,9,9,10,,7,8,8,14,8,,9,13,16,25,16,8,,5,5,8,5,7,7,7,9,7,8,8,6,6,8,8,5,7,7,6,7,10,6,,5,2,5,,4,5,4,5,5,5,5,4,3,3,4,7,6,6,,8,9,6,,6,7,9,8,9,,10,9,14,,4,,1,2,2,1,,12,12,,,,6,,6,,12,,,,5,6,5,6,6,,,,6,4,8,5,5,5,,7,6,7,7,4,3,,,,,17,5,8,3,8,4,9,10,7,13,4,4,5,8,5,7,8,6,5,3,3,4,6,7,8,,6,5,6,7,,8,6,7,4,4,5,4,3,,,,,2,1,,1,2,2,3,2,3,3,5,8,1,2,8,2,5,,1,4,,7,1,6,,8,5,,3,8,4,7,6,6,7,9,6,4,4,2,6,,,8,3,11,15,5,4,10,6,,18,6,9,7,9,,,7,,,,,11,,,,,,,,,,,,,,,,8,,,,,,,,,,,,,,,,,,,,,,,,,,,,,,,,,,,,,,6,5,4,5,6,6,4,6,8,,,,6,5,7,5,,,4,8,7,9,8,11,,10,12,5,,,3,4,,8,10,10,,12,,8,8,,,4,5,,,4,4,5,,,1,3,9,12,12,12,9,3,1,8,,5,8,7,8,12,5,7,5,4,6,6,7,3,,3,8,21,,8,4,7,9,5,2,6,7,6,6,7,5,,,6,10,8,11,11,7,9,6,3,4,5,7,2,4,4,2,1,,,7,2,24,2,2,6,,5,4,4,,4,5,4,,7,6,12,9,3,9,7,,6,5,10,3,3,6,8,7,,7,5,4,6,8,6,,7,,7,,,,3,9,7,5,8,5,,9,,4,6,5,8,8,8,7,,6,4,7,,,4,5,4,,3,4,3,,,,4,4,7,10,5,12,27,29,23,27,22,13,8,11,,6,2,4,2,8,,15,5,23,5,23,11,8,11,2,,8,4,14,2,4,1,4,4,,10,3,,11,17,18,,8,8,11,11,,10,12,4,,5,8,3,7,2,,6,5,8,7,6,8,9,,8,8,7,5,5,,7,6,9,6,7,6,8,8,7,8,4,5,,,6,3,,12,7,,9,9,6,8,,7,6,6,10,8,13,16,6,9,11,12,6,7,4,6,10,4,2,4,3,3,4,4,3,5,3,8,6,7,6,6,3,1,2,5,2,3,3,2,6,4,6,6,6,7,11,8,,4,13,18,9,7,7,5,7,3,10,6,5,4,15,12,11,12,4,7,8,,5,6,5,6,3,,2,6,7,6,6,5,7,5,6,5,7,8,10,7,8,,,,4,6,,7,5,8,9,10,7,,8,6,7,,,,,,5,4,4,8,9,,5,,7,7,21,22,24,25,,7,7,6,6,,,,,1,2,5,4,4,5,,,4,6,4,8,6,,8,8,9,10,5,6,4,4,,6,12,5,9,7,9,4,6,2,,7,4,,7,7,,6,9,3,,6,,6,,5,7,9,5,7,7,12,18,19,18,8,8,8,5,,45,12,,11,6,5,,9,6,4,5,10,6,,5,6,2,3,,,6,4,3,,7,13,12,12,9,10,8,,10,,,28,5,2,6,6,5,3,8,9,,6,8,7,7,7,2,3,5,5,,,8,10,8,5,,4,16,14,4,8,2,17,5,5,4,4,3,12,,9,16,4,3,8,4,4,,5,,7,4,6,6,6,8,8,11,8,8,5,6,5,5,,,4,6,6,6,,13,16,7,5,,8,8,,,6,5,7,10,10,10,7,8,8,6,9,7,6,7,18,,4,5,,4,3,4,5,5,10,3,1,3,8,3,5,4,5,11,7,2,14,12,1,12,7,6,8,,8,7,6,6,,1,9,6,4,5,9,4,7,5,14,,7,3,6,7,6,4,6,4,8,9,7,8,7,6,4,,,9,6,3,9,9,6,6,5,,6,7,11,6,9,5,8,5,6,,5,9,7,16,40,4,6,,,10,7,6,11,6,7,8,3,7,10,8,13,6,5,9,9,8,6,10,21,8,6,5,5,4,6,5,6,6,2,5,8,6,6,8,6,8,3,8,2,2,7,6,5,4,9,4,6,7,5,5,5,8,12,8,6,7,2,1,7,4,7,12,10,4,7,11,17,14,2,8,9,9,10,1,,2,8,8,6,4,15,9,4,6,,11,6,6,7,8,3,6,,6,3,8,8,7,7,4,7,7,3,8,9,13,4,4,5,6,5,2,4,15,5,3,3,9,11,4,6,4,8,9,1,8,6,6,10,6,9,6,7,,3,3,8,10,17,6,8,6,7,,7,6,8,6,5,7,8,6,3,2,4,8,3,8,6,7,3,7,,7,9,5,5,10,18,13,10,8,10,5,8,,10,6,7,4,2,2,6,4,7,8,6,4,5,11,10,9,8,9,8,9,3,12,4,,3,9,11,7,3,4,6,8,7,3,6,2,1,6,6,6,2,5,11,4,3,6,4,4,2,6,4,,8,4,6,8,7,7,8,5,8,6,7,5,6,4,6,10,10,11,11,17,22,26,,5,6,3,1,3,3,3,22,3,4,8,11,8,9,9,6,11,11,6,9,3,4,18,5,10,7,12,6,12,4,4,4,5,4,8,3,5,4,6,4,8,10,3,12,7,7,7,3,9,8,7,9,8,,8,9,1,1,9,6,2,10,9,10,4,10,7,8,31,6,6,6,4,5,8,3,4,,5,4,5,5,6,16,,4,,1,3,2,1,8,11,8,8,15,11,1,12,6,3,3,3,3,3,3,6,4,8,7,13,5,4,6,4,6,3,4,7,4,7,5,9,6,7,8
20231004,18,SO2_24h,3,3,3,2,3,2,3,3,3,1,3,3,,,8,,5,7,6,,7,,6,5,,8,4,,8,3,4,6,5,7,6,,2,5,,3,,11,11,12,,8,,8,9,10,6,7,6,6,,7,2,,1,2,6,7,6,6,4,3,2,2,,6,7,10,8,5,9,,16,11,10,13,8,,,7,12,8,16,8,,5,5,,,8,6,4,6,,10,13,,8,7,11,9,7,,7,6,10,9,8,8,6,7,10,6,8,5,6,5,5,7,6,,5,6,4,6,6,6,5,3,4,3,7,7,7,6,8,4,9,7,8,8,,4,6,7,5,5,4,5,4,8,5,5,8,3,11,,8,10,9,8,8,10,6,6,7,6,7,9,,,,7,8,,7,7,7,,,,10,,7,9,10,9,6,8,10,9,9,,,,12,10,,5,4,4,8,8,,9,7,7,10,7,8,7,6,,10,,9,9,,8,5,,7,8,8,,9,6,9,7,6,8,5,,,7,8,7,6,5,4,6,,8,,,3,,5,5,,6,4,6,6,5,5,,4,4,3,4,2,6,6,6,6,6,5,5,7,4,5,5,6,6,,,5,3,3,4,,4,4,4,5,7,,6,6,8,,7,7,5,7,,5,5,5,8,6,,,10,9,9,10,9,9,6,5,6,7,7,7,7,8,,8,6,6,8,7,7,6,,7,5,4,6,5,4,4,4,3,3,2,6,4,7,,3,5,9,4,4,5,6,6,3,6,9,6,5,7,,3,6,6,9,6,6,6,7,10,7,6,9,,8,4,6,8,6,4,,7,7,5,7,,,6,3,11,6,7,8,4,6,6,9,6,,7,7,11,7,8,12,8,8,,6,7,5,8,6,,5,8,5,6,5,5,6,,,7,6,7,6,5,,3,2,3,2,,,4,7,4,3,3,5,5,8,3,7,5,,8,8,9,7,16,8,7,7,9,8,7,6,7,6,5,6,6,5,3,5,,5,2,4,7,,4,,8,10,,,,,17,,,,11,17,7,3,3,5,8,,12,7,4,7,10,6,5,5,4,5,5,,4,4,5,9,,18,10,9,15,31,32,7,5,14,,6,8,6,11,8,10,6,9,10,6,18,10,10,12,7,7,4,,,11,,12,12,14,8,10,,12,7,,,11,14,9,12,,9,10,18,,7,6,8,8,7,11,5,5,7,2,,,,,,,12,,7,10,8,9,9,7,11,4,6,8,,21,,,13,,11,8,12,8,9,10,11,9,,10,9,9,10,8,7,11,11,14,14,3,6,8,8,6,7,5,6,5,10,,8,8,7,,5,8,,9,8,6,6,6,,10,5,,,12,11,,,,11,10,13,9,12,13,,18,19,,15,17,,17,,19,11,17,,11,12,9,14,9,,6,10,11,14,13,7,,10,7,10,8,8,9,7,15,18,8,14,6,8,15,10,7,9,7,7,8,10,7,,5,2,5,,4,5,5,6,5,5,5,4,4,7,5,7,6,5,,7,9,6,,6,7,9,7,10,,11,8,11,,5,,4,3,3,2,,11,10,,,,5,,5,,8,,,,8,7,7,7,7,,,,6,5,8,6,6,6,,7,6,7,6,4,3,,8,,,5,7,9,3,9,4,10,9,7,7,4,4,5,12,7,9,10,9,8,3,3,4,5,7,7,,7,5,8,8,,8,13,7,5,5,5,6,4,,,,,4,6,,5,2,2,3,2,3,3,5,7,2,1,6,4,5,,2,3,,7,2,6,,7,5,,5,8,5,7,6,7,7,9,6,4,5,2,6,,,11,4,28,25,28,6,9,6,,10,7,12,7,9,,,6,,,,,9,,,,,,,,,,,,,,,,9,,,,,,,,,,,,,,,,,,,,,,,,,,,,,,,,,,,,,,6,4,3,3,5,9,7,8,11,,,,7,6,8,6,,,16,20,17,19,19,10,,11,12,6,,,5,7,,12,9,4,,8,,8,9,,,5,5,,,6,5,6,,,2,3,10,12,11,12,9,4,5,9,7,6,9,9,9,13,8,8,4,10,9,13,10,5,,3,6,10,,8,6,9,10,6,3,6,7,6,6,7,5,,,6,11,9,11,11,8,6,6,3,6,8,7,2,3,4,3,1,,,7,7,7,2,2,6,,5,3,4,,5,5,4,,7,10,9,9,2,8,7,,6,6,8,4,3,6,7,5,,5,4,4,6,8,7,,7,,8,,,,5,10,7,5,14,8,,5,,4,6,5,7,7,7,7,,10,4,14,,,4,5,4,,5,10,5,,,5,4,6,7,6,10,11,30,24,22,23,23,15,10,16,,9,6,23,20,13,,17,10,14,6,10,14,10,12,14,,15,13,21,2,5,2,4,5,,11,4,,13,12,13,,8,7,8,6,,5,5,6,,6,8,4,8,3,,5,4,8,7,6,8,8,,6,6,6,5,6,,10,6,9,7,6,6,8,9,7,8,4,4,,9,7,5,,8,7,,9,7,7,6,,6,6,6,10,8,14,16,6,9,12,7,9,9,8,7,10,4,3,4,4,2,4,5,4,5,4,8,7,7,6,8,4,1,3,6,4,4,3,2,3,4,6,6,7,15,10,10,11,8,5,10,12,8,9,6,6,5,11,8,24,21,23,30,7,8,5,8,9,,13,6,5,6,3,,2,5,8,7,7,8,8,6,9,4,7,9,9,7,7,,,,4,7,,7,6,10,11,12,8,,9,7,8,,,,,,5,4,5,8,5,,5,,7,7,11,12,12,18,,6,6,6,6,,,,,1,1,5,5,3,5,5,,3,6,5,9,10,,8,9,6,11,7,6,4,4,,6,8,5,9,7,9,4,6,12,,8,4,,7,7,,8,9,3,,6,,7,,6,7,6,5,7,7,9,12,12,14,8,6,6,5,,50,30,,11,7,4,,9,6,3,4,7,12,,5,6,2,3,,,9,4,3,,8,13,11,12,11,11,9,,10,,,15,7,2,6,6,5,3,6,7,,8,8,8,6,7,4,3,5,5,,,10,10,9,4,,4,8,10,3,9,3,13,5,8,6,5,5,12,,7,7,8,4,7,5,4,,5,,10,7,5,6,8,10,8,10,8,9,6,6,5,4,,,4,8,8,7,,7,11,18,4,,7,8,,,9,7,8,8,10,7,10,11,10,8,10,6,6,7,17,,5,4,,3,4,6,6,3,12,2,15,3,10,3,6,5,6,10,8,6,16,8,2,8,7,7,8,,8,7,7,7,,2,12,6,5,6,6,5,10,6,11,9,8,4,18,8,10,4,8,7,8,8,10,7,7,6,5,,,8,6,5,8,8,6,7,8,,5,8,16,7,14,5,8,6,5,,7,7,11,21,50,5,6,,4,8,8,6,9,5,7,8,3,10,10,9,12,7,7,10,9,8,7,8,11,10,5,5,5,6,6,5,6,6,3,5,8,7,13,8,7,10,5,8,3,2,11,7,6,8,9,3,5,8,9,4,4,8,8,10,8,6,2,3,8,5,8,9,10,6,10,12,18,14,5,7,8,9,10,2,,2,8,8,8,6,7,15,6,9,,12,8,9,18,10,5,4,,9,5,10,9,6,7,4,8,10,11,9,10,17,5,5,6,7,7,10,5,10,10,3,3,8,11,4,6,5,8,14,2,9,8,7,11,6,11,8,7,6,3,4,10,10,9,5,10,7,8,8,7,6,15,6,4,9,8,7,5,6,12,10,4,9,9,6,3,6,5,6,8,5,6,9,14,11,8,9,10,7,17,5,17,6,7,10,3,4,7,4,5,7,7,7,5,11,12,11,13,7,8,9,4,9,8,,22,14,14,10,16,23,7,13,8,2,7,4,4,5,8,5,7,8,8,6,2,6,4,4,2,6,4,,7,4,7,10,8,7,7,4,8,5,7,6,6,4,5,16,10,10,11,13,13,29,,8,9,3,3,4,5,8,15,3,7,10,13,10,12,10,9,14,9,9,9,1,5,17,7,10,8,10,6,13,5,4,4,5,5,8,6,10,10,6,4,8,38,5,13,10,7,8,5,8,9,12,9,8,,7,5,4,5,8,6,4,9,9,12,11,17,12,9,16,8,6,7,5,5,8,4,5,,5,5,7,8,7,13,6,6,,1,2,2,1,10,15,10,8,9,14,6,12,6,6,3,3,3,3,3,7,5,8,5,18,8,5,8,4,6,5,4,7,4,8,11,12,12,8,10
20231004,18,NO2,38,2,20,19,28,27,28,33,25,2,13,40,,,13,,16,18,20,,16,,24,22,,20,16,,15,17,20,15,14,13,17,,32,30,,22,,15,27,20,,9,,33,24,18,25,,33,35,,24,5,,8,,6,6,6,4,12,2,23,17,,21,25,21,21,18,18,,19,39,32,21,,,,21,17,18,22,20,,9,14,,,12,8,12,11,,13,14,,12,10,12,17,24,,5,16,19,14,24,15,16,7,23,11,14,20,21,14,13,20,7,,12,12,15,5,9,14,4,6,10,9,12,11,7,8,8,10,15,20,10,11,,17,12,16,14,9,16,14,14,16,16,13,15,14,8,,23,9,17,15,12,10,11,14,14,11,19,33,,,,32,23,,32,33,29,,,,17,,15,16,17,20,19,19,11,11,16,,,,6,17,,18,17,10,14,11,,26,17,20,21,20,23,12,,,16,,41,11,,20,17,,18,16,16,,24,18,14,16,14,15,12,,,8,9,6,8,8,10,11,,15,,,28,,15,13,,13,10,10,8,8,7,,26,27,14,16,19,14,15,21,21,20,20,9,19,16,26,43,19,26,,,12,10,9,8,,11,8,15,16,13,,21,12,11,,12,28,28,38,,40,29,42,38,18,,,28,27,20,28,31,22,52,50,43,40,44,41,52,40,,21,26,30,22,25,24,21,,20,16,18,8,10,11,18,16,16,16,6,9,26,15,,12,15,13,13,21,16,10,8,19,30,18,20,8,15,,17,11,8,32,21,20,15,17,12,11,14,10,,18,12,9,17,16,12,,12,15,19,12,,,12,8,15,17,8,5,12,12,14,24,20,,8,6,43,15,15,11,11,10,,9,10,8,7,6,,11,15,14,34,32,35,20,,,22,27,21,17,38,,19,21,20,24,,,28,5,5,16,8,7,5,13,14,12,12,,11,8,10,13,12,11,13,10,9,8,12,10,30,24,41,34,33,30,22,32,,24,12,31,37,,17,,16,33,,,,,10,,,,20,15,10,16,9,11,8,,6,20,17,17,15,18,18,16,15,18,18,,12,16,11,35,,20,22,22,13,21,13,16,,16,,16,21,16,16,14,12,25,17,20,26,15,8,11,12,16,22,15,,,33,,41,58,61,42,17,,17,27,,,18,20,12,17,,22,23,16,,32,40,35,24,31,4,21,8,2,9,,,,,,,46,,48,16,22,11,29,24,26,10,3,8,,8,,,6,,,6,5,14,14,12,19,11,,23,14,19,20,17,20,9,9,11,10,8,6,6,10,7,10,7,7,8,9,,12,12,18,,9,6,,6,9,11,13,5,,7,7,,,55,43,,,,11,11,8,14,20,22,,15,15,,36,38,,36,,36,49,32,,35,16,14,33,20,,15,22,20,40,25,19,,10,17,15,13,6,11,15,17,30,23,17,17,15,18,8,10,8,11,15,8,15,10,,6,9,6,,7,9,10,7,5,8,7,21,8,24,16,22,30,12,,29,14,28,,8,15,21,24,14,,19,27,8,,36,,23,18,17,25,,32,28,,,,45,,51,,46,,,,25,19,22,34,26,,,,34,34,15,,15,16,,11,14,19,16,11,7,,9,,,7,10,14,5,5,5,12,6,11,7,4,8,4,6,7,8,9,10,8,10,4,13,31,26,42,,25,23,22,15,,7,7,8,5,15,17,15,22,,,,,43,21,,15,5,15,15,14,19,11,15,8,7,6,17,7,6,,20,16,,24,9,34,,29,45,,43,17,23,33,26,21,35,29,19,27,24,28,18,,,16,8,9,16,17,17,8,12,,10,3,5,3,3,,,26,,,,,24,,,,,,,,,,,,,,,,11,,,,,,,,,,,,,,,,,,,,,,,,,,,,,,,,,,,,,,20,14,,15,12,24,23,19,31,,,,22,25,27,29,,,16,16,14,15,14,29,,26,24,12,,,17,18,,23,12,51,,54,,13,14,,,10,11,,,7,8,5,,,12,9,11,9,13,12,9,11,8,8,,10,18,18,12,15,7,9,16,7,10,10,9,6,,19,20,12,,9,3,10,6,8,5,13,21,9,10,6,10,,,9,5,7,5,5,2,13,9,4,6,1,3,14,6,11,17,19,,,5,13,22,2,8,5,,8,15,17,,16,19,19,,20,26,27,24,,24,28,,18,20,40,14,16,15,20,21,,18,8,9,16,17,15,,22,,24,,,,,13,29,54,15,13,,22,,15,24,21,12,10,12,9,,6,10,12,,,4,8,5,,10,5,4,,,13,5,13,10,14,7,23,28,32,33,26,9,15,9,14,,10,10,9,11,16,,5,11,8,12,14,5,15,16,23,,19,21,19,5,12,10,10,11,14,13,6,,43,44,49,,58,63,70,46,,37,40,40,,27,14,17,12,18,,23,24,25,19,18,17,22,,16,16,14,14,17,,8,14,6,26,20,16,22,22,20,16,18,22,,,9,8,,26,13,,4,5,7,14,,9,14,10,15,31,16,14,18,13,15,14,8,12,15,11,13,5,12,11,11,10,21,14,11,9,11,8,12,11,9,10,4,8,5,8,4,4,12,9,14,8,5,5,15,2,8,12,8,17,27,36,17,12,14,6,8,5,8,7,14,8,11,10,13,11,8,6,9,,6,4,4,5,14,,8,5,11,16,19,14,19,20,12,26,27,24,14,15,22,,,,6,10,,6,19,32,27,31,22,,19,13,9,,,,,,6,12,15,9,19,,4,,2,2,7,7,8,11,,9,4,5,5,,,,,4,6,6,5,5,5,11,,2,5,4,14,14,,8,7,6,6,8,9,3,7,,5,12,6,7,7,6,4,10,7,,5,15,,7,2,,4,8,6,,5,,2,,2,3,5,15,11,13,25,37,32,34,7,23,22,10,,11,11,,20,13,14,,12,13,23,23,12,12,,,12,2,18,,,11,3,16,,8,20,12,7,3,6,24,,16,,,31,19,9,13,14,19,12,12,16,,10,8,8,8,12,2,7,10,10,,,11,6,11,5,,8,7,11,3,5,19,11,5,31,22,6,20,22,,53,21,,14,12,21,15,,18,,10,43,26,11,7,8,9,22,33,18,9,7,41,5,,,19,16,8,10,,23,23,22,6,,28,17,,,39,11,16,10,26,28,32,20,23,14,5,25,8,35,32,,17,40,,8,7,14,12,20,4,18,7,5,34,17,10,8,15,63,36,4,15,34,5,33,7,20,7,,5,5,4,16,,6,25,36,38,18,32,8,11,9,34,,32,11,22,21,25,32,48,13,36,26,12,7,7,23,28,,,13,22,14,22,31,2,12,17,,15,19,12,24,18,10,,12,17,,11,15,18,11,18,13,9,,12,16,19,20,24,27,12,11,3,11,14,15,4,20,17,28,11,16,8,9,19,8,8,11,43,15,10,20,22,11,14,17,20,15,9,8,4,7,12,9,6,1,18,19,25,15,14,21,25,18,14,16,18,58,56,27,36,17,30,25,4,4,5,18,14,8,14,5,14,16,17,30,7,21,14,26,,23,14,20,24,21,52,15,5,16,,66,30,21,50,3,5,9,,18,8,21,26,7,14,4,12,4,5,15,8,13,19,11,25,13,14,12,28,23,10,16,7,15,4,24,10,12,27,20,14,20,14,12,9,10,19,8,10,,13,12,11,11,14,10,6,8,8,,12,19,6,11,10,10,21,8,12,12,21,16,9,30,15,23,17,38,21,23,27,20,44,50,56,57,58,25,22,18,5,,23,4,23,34,12,16,14,10,17,17,17,42,21,49,6,44,22,19,18,22,9,29,21,,35,10,14,7,16,14,13,19,6,7,6,27,8,18,10,1,17,13,9,6,12,6,1,6,2,4,4,,13,10,23,5,16,14,6,3,11,18,19,24,10,20,12,13,11,33,35,17,26,14,,26,28,34,14,19,17,33,24,28,33,22,35,20,14,35,22,31,66,33,51,30,25,40,34,26,17,9,18,22,20,22,26,23,12,9,8,9,3,18,21,23,47,28,17,3,17,18,13,3,13,8,18,22,,23,20,37,22,17,13,16,32,26,23,22,7,38,21,30,25,36,24,10,12,21,24,24,,26,5,12,4,12,45,,10,,18,28,9,21,14,7,42,35,28,13,7,54,15,14,32,5,19,30,20,17,13,4,22,35,14,14,19,10,7,12,39,4,6,10,13,45,17,23,11
20231004,18,NO2_24h,21,3,17,15,26,21,22,28,15,5,23,26,,,26,,24,27,30,,26,,33,30,,38,28,,38,29,33,31,29,28,18,,26,36,,35,,27,61,27,,17,,36,50,33,44,48,36,57,,59,11,,15,17,10,26,24,25,27,9,24,26,,26,30,25,25,32,37,,26,46,38,31,54,,,51,62,55,62,39,,17,23,,,17,9,11,12,,14,16,,14,11,12,16,20,,6,17,18,16,21,16,17,13,20,18,14,21,16,13,12,14,9,,13,14,15,6,9,10,7,7,12,11,12,11,7,10,10,13,19,22,14,14,,20,13,18,16,17,22,17,20,19,18,16,20,17,14,,19,14,19,24,13,20,15,16,16,15,16,33,,,,30,25,,36,27,29,,,,18,,22,25,25,27,30,26,18,22,22,,,,14,16,,20,16,14,16,15,,23,30,30,30,34,33,12,18,,14,,27,19,,24,20,,24,21,19,,26,19,18,18,16,15,11,,,12,12,10,14,7,15,16,,20,,,25,,16,14,,10,7,9,8,7,7,,21,20,12,15,18,14,15,14,22,19,15,11,14,10,15,29,17,20,,,7,8,9,7,,13,17,13,9,10,,15,10,10,,10,23,28,36,,34,30,38,28,12,,,24,32,23,25,33,30,31,32,26,34,31,30,34,33,,20,20,19,21,18,23,16,,16,16,16,7,8,7,10,11,11,11,6,6,36,25,,32,42,23,23,31,19,33,11,18,20,19,20,14,20,,15,16,13,27,10,12,12,11,21,26,25,17,,15,32,23,16,13,12,,15,15,13,14,,,20,13,21,23,17,14,14,24,24,35,17,,11,11,18,13,17,19,19,26,,10,19,9,10,7,,19,15,17,26,17,24,21,,,19,29,18,21,27,,16,16,17,18,,,19,7,7,14,5,7,5,11,10,9,7,,18,9,12,13,16,15,16,14,12,10,14,7,28,23,32,25,27,20,25,17,,19,24,26,28,,34,,28,38,,,,,15,,,,34,26,54,50,33,46,35,,15,14,11,13,10,11,14,17,13,16,15,,8,13,10,17,,15,13,15,14,37,20,20,25,32,,12,14,14,14,14,13,20,16,20,16,17,14,14,19,12,15,12,,,41,,35,42,40,31,22,,28,26,,,36,44,38,48,,27,31,27,,41,37,33,46,25,15,16,13,8,26,,,,,,,31,,35,24,23,36,37,27,38,10,7,12,,30,,,6,,3,6,8,14,14,13,13,10,,15,13,14,12,17,10,11,11,11,15,17,14,17,7,6,5,14,10,12,8,,8,10,12,,9,8,,9,10,15,14,6,,22,10,,,36,31,,,,19,16,11,17,30,33,,29,30,,34,38,,35,,64,65,49,,63,22,16,19,17,,11,15,14,22,15,14,,12,15,11,8,9,11,12,22,29,14,14,14,15,21,13,13,10,10,15,11,15,11,,4,5,5,,5,16,17,11,11,14,6,10,6,12,7,21,26,11,,22,11,23,,8,13,16,18,11,,18,17,5,,34,,35,33,20,24,,36,30,,,,28,,35,,35,,,,35,26,22,35,21,,,,27,24,13,19,17,15,,11,17,14,14,13,6,,11,,,3,10,13,6,4,5,11,8,12,8,5,6,9,12,18,20,17,20,20,5,4,10,17,15,17,,23,23,24,21,,9,16,15,8,15,16,14,17,,,,,18,13,,12,5,14,10,12,13,10,12,7,6,5,8,10,9,,18,19,,22,26,31,,27,33,,37,15,13,28,20,23,32,25,27,25,33,30,27,,,14,8,25,21,37,26,12,16,,13,9,43,33,17,,,29,,,,,24,,,,,,,,,,,,,,,,15,,,,,,,,,,,,,,,,,,,,,,,,,,,,,,,,,,,,,,16,19,11,19,21,27,22,22,30,,,,27,29,31,38,,,29,35,30,29,34,42,,50,44,17,,,18,23,,41,39,44,,38,,17,15,,,9,7,,,8,10,8,,,5,4,9,12,12,11,8,13,11,9,6,14,15,14,10,14,9,9,15,9,11,12,13,15,,10,10,6,,8,7,10,14,8,6,12,6,15,20,12,12,,,11,10,9,12,8,6,8,15,4,6,8,4,14,11,11,14,5,,,6,15,11,2,8,6,,3,12,14,,18,19,16,,18,16,21,15,14,23,28,,12,15,24,16,13,12,15,17,,14,6,7,10,15,12,,24,,32,,,,17,14,14,13,22,19,,16,,17,27,22,8,5,7,8,,14,16,16,,,10,12,11,,12,16,11,,,11,4,8,7,8,6,9,24,20,24,19,12,16,16,16,,10,7,10,9,11,,6,12,10,9,13,12,13,16,31,,27,26,19,3,10,8,6,8,15,17,14,,37,34,36,,45,37,45,24,,22,29,32,,29,24,27,20,24,,26,21,21,20,20,17,26,,20,15,17,13,12,,19,13,6,24,7,6,25,31,28,26,17,20,,15,14,14,,12,10,,6,5,10,14,,10,15,14,10,16,15,11,10,10,13,12,7,10,12,11,11,6,12,9,10,10,12,13,12,10,14,8,10,10,9,8,4,6,4,6,3,4,9,7,10,6,5,8,11,28,31,26,29,17,13,17,20,20,20,17,12,11,10,6,10,13,16,13,13,14,12,11,19,,16,11,11,6,8,,8,6,12,11,13,10,15,16,17,17,23,21,12,15,26,,,,7,11,,8,15,23,21,25,23,,22,13,10,,,,,,9,10,14,9,9,,5,,8,4,9,6,7,9,,7,3,6,4,,,,,3,4,6,5,5,7,9,,2,6,6,12,13,,9,8,6,10,8,8,6,7,,5,6,6,7,12,9,5,9,10,,8,12,,8,11,,5,6,10,,7,,10,,2,4,8,11,10,12,38,53,54,49,8,16,14,13,,25,18,,12,11,20,,17,16,26,24,13,12,,12,11,4,16,,,13,11,16,,7,12,13,4,8,9,26,,22,,,28,21,13,14,26,26,38,35,10,,23,15,10,14,22,13,38,43,35,,,33,24,29,6,,16,17,22,13,10,24,21,21,46,37,18,29,43,,46,14,18,17,17,22,17,,27,,32,30,18,7,15,15,9,14,25,15,12,8,21,5,,,24,14,18,21,,28,30,27,7,,26,21,,,40,16,30,11,26,27,29,21,28,18,11,25,14,17,39,,26,24,,11,10,15,14,15,6,8,27,7,34,20,8,9,34,38,30,10,14,54,4,44,11,43,12,,5,5,4,13,,14,25,32,27,17,28,11,15,12,32,29,28,16,27,19,28,31,38,11,29,20,34,8,7,17,20,,,29,21,37,17,33,4,15,18,,16,23,14,18,44,8,29,17,16,,12,32,30,14,20,14,8,,7,14,21,20,23,26,17,11,13,16,15,15,7,16,13,25,19,21,9,11,24,13,11,23,43,30,32,29,36,11,26,17,10,16,16,17,15,8,15,16,12,6,32,23,34,24,14,14,23,17,17,16,16,42,33,26,25,17,24,27,5,6,7,12,14,13,12,6,14,18,13,17,6,26,16,19,,18,14,17,29,45,28,32,11,31,,38,38,40,32,11,8,9,,16,10,25,34,7,11,6,16,13,7,21,13,18,19,17,23,16,16,15,12,16,36,11,8,14,8,19,12,15,29,23,7,29,21,14,15,14,13,12,12,21,53,21,41,16,15,19,8,6,6,24,14,11,9,9,14,8,17,10,21,26,30,46,12,27,45,18,10,20,20,22,33,19,32,27,40,34,39,30,22,29,11,5,13,3,23,19,8,22,18,15,21,21,16,53,16,41,26,30,34,19,34,40,14,28,34,,29,43,47,51,21,36,15,20,13,14,8,22,13,11,14,4,11,13,12,11,9,6,1,10,6,4,3,,14,11,24,9,17,14,8,6,11,18,16,24,7,24,9,22,14,19,34,31,46,24,,42,37,32,36,37,43,42,24,26,51,31,45,32,29,28,31,37,40,26,40,27,26,42,22,32,18,14,16,25,30,20,23,26,11,14,26,22,32,17,12,32,55,28,19,4,19,9,22,16,20,13,19,18,,14,20,36,36,13,15,12,33,34,38,54,36,32,20,28,30,31,28,13,14,24,25,17,,9,3,12,13,17,36,30,16,,14,26,6,22,17,11,32,32,15,16,17,42,12,24,33,14,13,20,27,15,18,6,23,37,14,10,17,10,13,6,18,6,6,21,40,28,36,14,13
20231004,18,O3,42,61,61,41,58,56,37,45,50,71,50,35,,,82,,78,78,82,,78,,63,68,,63,68,,122,119,111,126,113,130,144,,41,58,,62,,100,93,86,,85,,76,87,91,82,,60,62,,76,82,,76,76,82,71,67,76,68,73,58,60,,68,67,71,71,93,94,,87,75,80,88,80,,,83,90,90,89,68,,72,74,,,80,82,73,81,,66,67,,63,68,66,65,55,,62,80,80,83,74,85,95,92,74,85,89,51,49,55,58,52,63,,57,61,53,58,44,45,50,50,51,55,47,52,54,44,57,106,109,104,110,115,,113,112,101,105,123,124,128,123,113,117,129,130,126,112,,98,111,108,115,102,110,104,99,95,100,95,93,,,,83,102,,98,82,86,,,,136,,102,95,94,101,96,98,102,98,102,,,,112,100,,114,113,130,109,116,,114,111,120,117,118,109,138,146,,134,,109,106,,119,101,,126,111,100,,100,135,110,95,105,107,104,,,105,105,116,89,90,95,85,,77,,,142,,94,95,,90,90,87,101,110,105,,85,83,75,72,67,93,100,97,80,78,66,89,79,79,66,55,77,76,,,126,131,126,130,,106,109,54,59,63,,56,64,64,,62,115,102,91,,99,113,110,113,116,,,169,166,158,169,157,124,31,19,18,21,39,52,16,18,,54,42,37,51,44,59,45,,51,60,33,51,41,47,41,38,42,45,55,30,135,139,,127,107,144,114,148,75,124,55,131,112,158,163,101,84,,34,98,96,85,143,127,214,132,141,138,115,155,,184,115,85,191,176,162,,196,215,130,193,,,89,79,86,89,96,102,88,98,148,132,157,,115,120,104,125,132,110,103,119,,69,74,68,66,35,,27,9,25,6,4,22,28,,,12,20,13,32,15,,47,44,43,45,,,48,47,81,76,75,79,76,67,70,81,72,,61,68,59,66,60,63,60,62,46,60,55,48,45,46,27,40,33,40,37,42,,33,51,37,22,,78,,73,69,,,,,99,,,,82,79,103,99,91,100,98,,99,35,42,53,47,42,37,35,35,39,38,,31,47,60,63,,83,77,81,87,80,83,80,79,77,,67,68,72,76,76,72,63,71,72,55,73,76,73,75,130,125,129,,,131,,89,73,48,76,95,,93,111,,,94,101,96,105,,108,99,90,,88,70,70,112,91,85,72,89,88,83,,,,,,,56,,45,132,132,142,128,148,154,83,87,83,,90,,,83,,93,85,82,137,143,,150,123,,171,163,150,146,173,150,113,100,100,101,76,72,72,98,97,85,88,86,88,130,,126,102,73,,80,95,,76,73,74,76,92,,64,55,,,40,52,,,,81,75,83,79,131,141,,143,141,,43,45,,60,,87,58,95,,88,105,70,54,67,,62,61,60,40,56,62,,63,56,60,58,65,60,61,63,48,58,56,55,68,62,74,69,71,66,63,68,62,66,,46,45,47,,47,67,64,65,66,67,37,22,34,21,25,107,96,110,,109,130,111,,114,83,72,77,77,,85,74,83,,28,,39,35,35,34,,136,138,,,,14,,12,,15,,,,78,76,44,26,36,,,,37,34,40,40,61,64,,47,45,37,39,46,59,,74,,,74,68,65,61,68,83,92,95,98,77,89,84,83,99,90,96,101,96,92,55,61,43,33,37,16,,42,46,50,55,,58,60,60,60,24,38,37,25,,,,,29,42,,48,27,26,22,31,20,25,67,71,71,73,70,82,83,,40,52,,49,61,40,,41,21,,24,57,69,49,66,70,54,68,76,40,59,46,48,,,64,102,103,93,90,90,95,95,,110,97,93,95,98,,,106,,,,,166,,,,,,,,,,,,,,,,83,,,,,,,,,,,,,,,,,,,,,,,,,,,,,,,,,,,,,,30,70,65,66,70,78,66,83,62,,,,78,78,71,65,,,78,78,82,81,81,84,,83,88,64,,,56,53,,87,87,23,,23,,83,82,,,69,58,,,98,94,80,,,56,54,70,75,106,104,102,70,67,67,,70,68,54,59,60,67,68,58,69,65,67,63,65,,49,47,62,,72,78,71,74,48,45,44,47,72,76,78,50,,,63,55,54,57,59,64,51,58,90,40,47,40,45,54,50,48,45,,,71,46,32,,39,40,,53,108,108,,118,102,118,,83,92,91,81,78,92,97,,70,78,62,82,75,72,79,83,,78,58,53,49,134,125,,92,,93,,,,46,77,75,15,78,88,,74,,101,81,94,121,127,125,124,,75,75,72,,,84,81,84,,66,68,69,,,137,42,41,38,40,34,34,19,17,18,23,62,64,76,70,,37,64,63,54,35,,74,78,77,76,72,74,71,72,32,,33,38,48,58,57,52,47,53,71,86,87,,80,87,88,,18,28,16,35,,41,51,48,,59,76,83,78,70,,69,69,55,71,68,73,69,,72,69,72,35,36,,56,43,87,55,48,73,65,67,71,76,32,35,,,93,92,,46,57,,41,47,58,53,,64,61,61,30,21,41,54,51,60,60,57,60,68,76,65,60,62,73,70,71,68,42,55,56,53,50,79,65,77,66,66,55,52,53,58,51,40,58,55,48,60,19,62,52,83,86,92,79,85,85,71,115,103,82,110,101,102,98,79,95,114,111,107,96,104,68,78,82,,99,75,76,66,47,,56,38,32,30,28,43,45,40,46,30,35,40,41,59,49,,,,28,28,,29,3,11,19,14,24,,36,39,40,,,,,,57,52,49,57,13,,34,,58,60,72,69,67,70,,81,86,83,89,,,,,55,55,51,54,63,62,65,,80,55,57,50,47,,57,46,46,50,47,47,42,36,,50,45,60,54,35,41,50,48,82,,42,34,,42,65,,55,54,56,,53,,135,,43,42,44,41,44,46,67,58,68,67,74,41,38,76,,98,100,,61,70,100,,91,91,70,71,98,101,,71,65,101,85,,,82,95,78,,104,79,86,46,60,102,72,,69,,,56,71,85,77,125,115,112,84,97,,103,105,105,103,106,119,119,120,115,,,97,99,96,60,,91,98,95,98,68,94,153,129,60,71,81,111,87,,25,56,125,126,110,83,149,,99,,85,92,48,79,58,62,101,52,98,62,61,24,131,44,,,67,62,93,82,,67,75,77,38,,105,112,,,68,107,112,142,87,103,94,118,99,109,99,13,38,3,46,,71,26,,99,98,46,49,100,90,48,93,47,34,74,65,145,78,37,71,90,68,126,62,128,57,98,70,,81,81,75,52,,73,84,5,49,54,44,72,75,71,136,,43,40,46,50,126,33,25,62,52,77,84,70,42,20,9,,,89,87,94,82,125,131,65,127,,99,82,66,123,91,149,14,72,84,,63,83,84,110,97,64,97,,105,102,100,100,96,90,108,106,74,84,85,82,85,73,117,101,102,117,102,147,124,113,90,109,82,89,117,169,195,94,106,99,98,193,155,121,76,121,50,94,80,80,74,80,70,73,114,108,89,129,95,82,81,20,11,55,46,64,19,29,41,49,44,54,33,30,21,33,31,21,22,6,59,41,37,38,,42,47,40,115,106,51,89,92,80,,53,85,98,28,62,84,82,,78,83,71,62,38,55,95,133,98,117,122,98,103,88,100,81,89,94,93,55,80,83,43,65,87,87,118,122,132,103,120,123,109,107,122,109,100,98,106,141,,106,107,95,98,94,103,94,75,47,88,147,104,106,124,96,124,182,85,106,74,94,92,62,66,69,96,58,90,107,96,86,117,9,23,72,50,40,48,73,67,43,,18,52,16,31,60,61,52,58,37,40,44,64,125,74,101,47,116,139,134,133,84,145,110,,108,99,98,98,90,82,88,73,80,63,148,104,62,124,73,101,95,87,92,100,72,56,74,62,64,59,56,,102,73,51,99,67,26,66,51,69,94,84,89,94,126,90,75,76,68,82,143,150,81,,110,88,46,68,56,64,81,126,64,60,68,65,82,82,53,68,60,34,27,17,8,51,105,33,52,20,37,29,132,44,52,43,44,24,104,98,93,101,14,43,83,74,64,81,92,148,73,177,108,86,97,96,74,,114,109,24,41,55,50,48,138,136,96,99,86,65,57,58,32,22,48,35,51,113,86,84,,32,55,94,115,53,28,125,55,,56,54,59,51,80,84,58,101,73,58,78,14,62,72,51,73,52,31,53,74,82,45,105,134,64,49,56,52,112,62,81,68,60,65,86,76,77,64,103
20231004,18,O3_24h,101,86,111,98,117,111,91,110,123,104,98,86,,,125,,125,117,131,,126,,129,116,,99,112,,147,146,136,138,133,144,175,,111,122,,119,,150,147,144,,136,,151,151,156,154,45,144,124,,164,87,,85,82,92,100,109,123,109,117,129,138,,137,114,118,95,139,119,,140,132,139,142,94,,,99,109,91,102,95,,76,80,,,88,87,86,88,,129,124,,143,133,130,134,130,,130,148,150,146,140,155,162,156,132,133,151,102,109,111,116,115,118,,108,120,108,82,63,75,69,73,67,76,70,73,77,60,72,106,109,106,110,115,,113,114,101,105,133,131,139,134,123,129,137,133,135,266,,134,136,133,143,129,136,122,112,104,118,112,153,,,,114,127,,130,128,128,,,,143,,131,128,125,133,128,126,133,129,126,,,,138,128,,137,134,141,131,134,,134,130,140,144,134,139,138,148,,139,,153,138,,119,104,,126,111,100,,111,135,110,95,111,165,113,,,110,118,130,113,112,121,100,,115,,,147,,127,126,,116,113,110,108,119,113,,113,112,120,111,94,100,104,99,92,87,96,96,95,96,93,85,90,95,,,137,131,131,130,,164,166,72,77,80,,70,80,83,,76,141,141,126,,145,144,145,143,143,,,175,184,181,183,170,178,109,114,122,88,114,118,108,110,,60,54,60,62,63,59,65,,68,71,33,58,42,53,45,44,45,50,56,32,164,184,,155,175,200,122,173,102,151,138,162,144,158,174,116,125,,156,119,108,169,241,169,241,207,188,173,170,203,,208,149,141,202,199,197,,222,238,158,227,,,172,133,162,124,130,144,121,118,156,135,166,,125,129,133,133,148,123,111,119,,75,87,98,78,46,,37,19,28,31,26,38,29,,,27,20,24,32,41,,58,69,66,58,,,71,108,93,92,77,85,82,75,82,93,85,,69,68,59,66,60,63,69,74,69,72,67,67,73,71,62,68,61,67,66,69,,68,66,68,58,,86,,76,75,,,,,148,,,,96,103,113,99,95,110,110,,99,39,47,53,52,42,44,39,41,43,45,,40,50,60,84,,96,84,88,94,89,87,98,90,83,,156,157,158,104,91,85,96,156,157,163,159,140,165,150,160,160,160,,,144,,125,135,127,127,126,,118,140,,,128,137,128,132,,141,141,147,,133,139,138,144,128,144,144,144,147,136,,,,,,,134,,126,147,142,142,138,151,156,158,147,146,,171,,,85,,93,88,94,189,218,208,209,192,,171,170,176,184,186,162,113,107,106,101,103,87,110,130,134,119,92,89,93,130,,126,113,108,,159,164,,129,126,128,133,116,,118,59,,,118,126,,,,89,81,100,92,139,142,,143,143,,110,113,,122,,110,107,112,,108,149,84,78,87,,133,126,132,131,131,128,,119,115,121,114,123,131,122,102,85,123,104,101,136,155,147,132,134,126,128,119,114,132,,63,63,63,,63,76,73,75,79,77,62,58,65,59,61,113,110,116,,129,138,137,,126,86,72,82,79,,87,79,98,,80,,94,87,70,90,,146,145,,,,98,,103,,110,,,,86,100,116,70,75,,,,53,48,52,40,71,70,,55,48,49,48,58,65,,79,,,76,79,68,61,78,84,111,104,119,78,89,91,95,133,122,128,123,128,111,76,83,66,55,63,58,,60,65,62,60,,64,82,78,63,64,61,47,48,,,,,72,68,,71,39,38,38,42,37,38,86,83,90,89,88,82,83,,66,68,,83,79,74,,74,62,,67,67,91,88,81,86,90,87,90,79,62,63,75,,,113,110,127,126,98,125,101,106,,111,98,107,108,109,,,150,,,,,178,,,,,,,,,,,,,,,,161,,,,,,,,,,,,,,,,,,,,,,,,,,,,,,,,,,,,,,35,83,75,77,84,95,96,94,92,,,,128,126,127,129,,,107,96,107,108,97,106,,128,125,78,,,74,79,,98,91,66,,69,,104,107,,,81,68,,,100,102,80,,,66,70,78,81,117,115,114,129,122,132,114,132,133,110,124,116,132,142,128,134,102,102,94,79,,120,125,141,,98,102,92,94,91,90,76,77,79,83,87,75,,,80,72,63,61,73,73,80,68,101,74,69,64,69,61,76,68,77,,,92,74,73,,84,86,,69,128,124,,127,122,130,,114,116,125,118,259,115,132,,86,94,97,90,92,92,91,91,,85,77,74,61,139,139,,99,,98,,,,87,90,91,81,98,108,,83,,101,97,100,129,132,138,132,,91,91,93,,,95,96,101,,89,84,87,,,148,51,51,51,51,44,48,27,28,27,35,92,93,104,92,,74,100,100,98,88,,80,84,81,85,103,103,98,104,53,,49,51,55,88,90,85,81,88,88,108,125,,105,108,112,,108,106,103,106,,106,102,96,,90,90,95,96,96,,94,96,91,89,88,78,86,,81,97,80,49,39,,56,50,96,78,74,99,82,79,78,81,54,55,,51,93,92,,71,70,,64,51,58,53,,72,72,65,43,39,52,59,58,64,62,58,65,68,76,69,66,64,73,70,73,68,60,61,63,62,61,87,83,84,83,80,59,59,58,61,54,42,72,68,62,72,42,64,58,135,133,127,116,91,111,104,127,131,142,131,113,108,112,93,130,141,136,131,108,112,88,99,97,,132,100,118,77,73,,73,50,47,51,54,54,57,51,52,72,68,86,72,86,68,,,,40,38,,37,36,34,38,34,32,,52,58,47,,,,,,74,69,70,76,28,,45,,58,68,72,69,67,70,,91,98,91,94,,,,,107,69,74,75,73,72,89,,87,55,57,74,80,,57,49,46,52,47,52,42,38,,59,58,65,62,64,82,50,64,82,,64,57,,57,65,,55,58,57,,61,,135,,46,47,75,67,71,66,97,82,88,87,74,54,47,86,,116,104,,90,98,106,,113,121,94,97,107,107,,82,82,107,99,,,85,98,91,,111,88,87,56,63,105,86,,118,,,84,82,94,88,125,119,116,106,97,,106,107,106,107,106,119,119,120,115,,,97,99,96,74,,96,114,114,98,82,149,153,153,128,101,105,142,113,,88,134,139,133,121,120,155,,102,,174,132,69,92,61,62,106,62,126,130,136,33,143,48,,,136,129,124,122,,113,138,125,60,,122,132,,,161,126,138,145,122,136,172,162,153,126,99,25,38,37,103,,120,78,,108,172,72,68,107,90,71,186,55,77,74,82,145,99,112,81,158,84,140,69,136,57,120,75,,81,81,75,57,,82,138,17,106,74,76,76,81,77,147,55,68,41,55,63,134,55,118,111,87,86,169,70,55,45,34,,,94,113,135,87,153,131,69,136,,110,113,89,137,100,152,104,135,89,,144,92,90,120,108,73,103,,118,110,105,100,102,94,108,109,97,95,91,109,87,87,132,140,121,140,119,147,128,127,106,130,147,115,149,206,212,119,139,141,156,231,155,151,110,128,106,181,134,90,107,129,123,110,116,128,118,139,110,87,90,115,121,104,103,93,82,90,70,76,67,84,33,36,42,36,52,42,27,26,67,48,39,64,,60,68,71,172,137,133,156,148,176,,135,112,118,99,68,85,82,,136,93,78,80,56,65,95,166,130,124,142,118,137,123,126,100,117,123,110,75,88,172,94,101,99,87,139,141,132,127,147,139,134,132,140,141,119,180,124,150,67,109,110,108,98,119,114,153,96,88,113,210,138,121,166,119,137,216,110,133,143,142,115,119,124,107,122,94,112,114,103,100,123,109,115,96,118,118,89,94,92,64,53,37,52,35,45,129,73,71,69,54,56,58,136,155,132,160,131,121,156,150,147,162,159,129,,146,133,130,141,135,94,99,113,89,63,148,186,112,156,132,104,105,130,109,111,93,56,87,71,86,80,81,,107,85,81,99,71,36,66,54,69,94,93,121,117,141,112,95,89,98,120,144,154,110,,129,120,114,115,101,120,153,154,104,140,147,142,125,166,162,139,120,101,98,88,81,100,118,95,71,25,37,34,142,71,59,60,72,43,109,105,112,117,37,73,104,106,121,107,94,159,133,212,170,189,126,102,80,,132,120,81,83,84,72,66,147,159,128,128,148,135,100,82,66,56,50,49,53,113,130,110,,63,69,162,115,83,80,148,85,,80,147,92,122,91,85,121,138,88,76,113,93,77,134,88,96,130,75,92,87,88,76,114,145,78,70,70,73,121,134,126,68,60,65,156,138,174,153,112
20231004,18,O3_8h,54,58,67,57,58,64,52,62,65,59,52,56,,,81,,80,80,87,,84,,74,80,,78,74,,100,116,100,108,105,111,113,,73,81,,76,,89,93,83,,80,,108,112,115,86,,75,74,,83,82,,79,78,87,74,72,80,74,76,64,69,,69,82,83,82,92,88,,108,102,107,109,75,,,76,80,78,82,83,,72,73,,,81,81,79,82,,70,71,,72,75,72,72,66,,72,82,82,83,74,85,95,89,83,83,92,61,62,66,67,62,69,,64,70,66,61,49,56,51,55,55,57,50,55,59,51,60,101,103,100,102,110,,107,110,94,99,116,111,121,114,108,110,118,116,118,127,,113,119,116,123,112,120,114,108,101,110,106,127,,,,97,113,,114,107,107,,,,128,,114,105,106,112,109,112,109,110,109,,,,116,116,,123,122,128,123,125,,126,121,130,130,126,126,133,142,,133,,134,123,,96,86,,96,92,82,,88,101,92,81,98,100,99,,,96,96,106,97,98,106,89,,88,,,121,,102,100,,96,100,96,100,112,106,,92,89,80,80,78,93,99,95,88,79,86,91,86,90,80,73,82,87,,,128,121,123,120,,142,142,55,62,67,,59,61,70,,62,132,124,116,,127,131,132,131,131,,,160,159,154,164,156,159,35,31,28,27,36,36,28,22,,41,41,40,39,40,46,40,,55,49,29,43,36,45,39,38,42,42,44,27,129,134,,118,117,146,111,136,87,117,97,131,116,132,143,102,94,,108,104,102,126,202,146,194,155,145,137,124,156,,164,123,111,183,175,174,,165,167,135,166,,,110,111,116,105,110,119,99,102,125,115,135,,114,115,112,116,122,110,101,106,,68,73,84,70,27,,21,13,19,9,9,25,22,,,17,14,12,22,15,,39,46,41,41,,,45,50,86,83,74,80,78,71,75,87,79,,58,52,47,48,47,46,61,63,56,62,56,48,45,41,34,41,38,44,33,52,,35,45,40,27,,80,,72,69,,,,,94,,,,84,78,53,59,68,64,61,,72,34,42,48,46,38,37,35,36,38,39,,34,44,48,79,,84,80,84,86,80,79,75,76,77,,78,76,79,84,80,77,73,80,79,74,81,82,84,84,136,136,144,,,134,,111,111,101,109,98,,97,118,,,112,121,114,117,,128,121,126,,118,110,115,126,109,105,104,110,112,105,,,,,,,59,,57,121,125,124,130,143,145,113,108,107,,124,,,83,,86,82,89,148,169,168,146,139,,128,129,140,138,136,130,99,99,96,86,88,79,86,104,103,92,88,86,90,115,,109,102,95,,68,83,,97,88,95,104,99,,92,51,,,60,66,,,,80,75,84,79,88,98,,97,100,,32,42,,55,,82,82,87,,81,107,79,70,80,,74,72,71,65,73,69,,74,68,73,70,72,71,70,69,66,70,66,69,78,78,84,78,79,71,70,74,69,70,,46,45,46,,46,72,68,70,71,73,48,39,47,36,43,93,90,94,,98,106,102,,100,70,64,72,63,,70,69,67,,34,,30,26,35,36,,101,99,,,,31,,28,,28,,,,60,56,59,32,38,,,,30,35,42,30,63,65,,42,36,37,39,51,59,,74,,,75,68,59,56,67,77,96,93,104,71,79,84,86,118,110,115,109,115,103,66,68,55,47,50,46,,43,47,44,50,,58,66,66,57,32,38,29,25,,,,,46,52,,52,28,27,30,32,24,30,67,64,66,69,70,60,60,,40,48,,62,54,40,,47,35,,35,57,78,64,66,68,61,70,68,42,46,41,39,,,70,104,96,94,87,91,71,70,,94,74,81,86,96,,,124,,,,,165,,,,,,,,,,,,,,,,122,,,,,,,,,,,,,,,,,,,,,,,,,,,,,,,,,,,,,,33,74,61,69,73,81,81,82,78,,,,60,62,55,56,,,56,67,73,74,71,78,,78,74,52,,,49,52,,86,81,36,,33,,74,78,,,75,65,,,91,92,78,,,60,62,75,79,109,104,105,77,72,72,74,77,75,64,70,71,72,73,62,72,78,77,74,75,,57,62,74,,74,77,71,73,64,58,64,67,72,74,80,52,,,68,61,59,60,66,67,62,54,93,54,61,52,55,56,57,55,67,,,84,42,35,,40,40,,58,115,115,,114,112,121,,98,101,106,100,120,100,114,,69,76,71,76,73,72,73,74,,74,66,63,45,122,122,,96,,95,,,,72,79,79,63,85,97,,69,,77,76,73,119,118,130,128,,81,82,82,,,86,86,91,,80,78,80,,,134,42,45,42,42,40,40,20,22,22,28,64,60,64,61,,34,45,42,40,30,,77,81,80,79,80,80,78,80,24,,26,28,30,51,52,48,45,49,76,95,92,,79,82,81,,30,42,34,60,,66,60,66,,67,79,81,80,78,,53,56,53,62,68,72,79,,75,69,72,38,32,,44,41,89,60,56,73,73,71,73,77,37,39,,,67,64,,53,54,,44,39,45,44,,62,58,57,34,31,43,45,47,54,49,46,53,57,59,61,57,53,60,57,60,55,42,49,49,47,42,75,65,73,68,68,52,50,52,58,52,37,65,57,53,65,32,57,53,106,108,108,95,80,88,84,108,109,103,114,106,103,98,85,111,123,121,119,98,105,82,87,90,,114,86,98,63,48,,54,41,33,31,31,43,47,41,44,26,35,40,38,50,42,,,,27,26,,28,21,23,28,24,20,,41,47,38,,,,,,55,52,51,57,20,,38,,53,62,65,62,60,62,,67,70,68,76,,,,,62,60,54,55,68,67,68,,84,52,51,61,65,,48,46,43,49,44,44,39,36,,55,52,60,57,50,58,43,56,62,,46,42,,47,53,,49,51,51,,52,,121,,42,42,60,50,54,49,73,64,70,67,55,41,38,69,,101,99,,66,68,90,,80,79,82,84,97,100,,77,77,103,94,,,82,95,84,,106,81,84,52,56,95,64,,61,,,48,74,86,80,105,98,92,80,85,,90,84,81,80,78,102,79,84,85,,,67,66,66,58,,79,82,82,74,71,117,96,124,84,77,79,112,79,,29,70,122,122,100,95,126,,99,,136,113,44,77,53,54,102,46,107,72,68,22,112,38,,,68,84,91,82,,72,78,81,44,,108,124,,,122,116,120,139,104,117,135,143,126,113,73,10,23,9,41,,81,37,,94,84,57,52,96,88,57,126,52,35,61,61,130,78,49,75,118,77,129,67,126,52,102,71,,76,75,70,51,,76,85,6,66,52,37,72,77,73,100,,41,36,30,46,123,40,31,69,70,71,133,54,46,25,25,,,90,103,91,72,136,118,65,120,,92,57,56,120,86,139,28,88,77,,75,84,86,117,103,52,99,,111,102,100,94,98,88,101,106,72,81,83,80,84,82,120,123,109,120,112,139,123,120,94,111,115,103,125,152,167,86,118,112,127,172,130,129,90,110,76,114,107,84,84,80,77,80,96,108,102,131,100,74,73,29,33,66,63,69,27,27,57,63,58,68,26,24,25,33,28,22,21,10,62,40,30,36,,36,54,40,154,122,106,124,116,138,,112,99,106,46,56,62,60,,82,86,70,68,43,54,81,135,114,111,106,106,118,97,103,84,97,102,100,65,82,134,61,70,82,85,117,116,105,111,130,123,117,114,123,123,112,142,116,138,,68,78,66,75,83,103,114,83,73,98,175,122,106,141,95,123,190,99,90,88,113,92,74,76,78,110,78,90,96,99,94,90,21,30,79,46,39,44,78,76,58,,24,50,18,31,71,54,59,48,29,46,44,107,143,109,119,62,82,133,137,129,118,148,115,,122,120,118,117,84,84,93,69,75,50,132,151,80,137,85,95,92,109,96,101,66,46,83,65,70,74,72,,101,72,66,79,65,28,54,48,51,78,85,90,103,111,98,80,76,80,67,103,114,83,,116,76,74,79,73,70,110,128,80,78,82,81,86,83,76,83,78,42,27,21,21,63,89,52,40,19,26,25,128,36,44,44,40,27,84,82,86,87,26,45,77,78,59,79,87,138,96,160,129,118,106,97,76,,102,110,32,34,66,54,53,129,132,111,114,123,58,55,50,36,31,30,39,43,95,98,92,,42,57,126,99,50,30,101,54,,55,63,63,59,80,66,60,122,79,69,92,27,61,84,76,70,65,48,64,80,84,57,105,102,72,52,63,52,97,72,114,58,54,48,125,113,130,75,106
20231004,18,O3_8h_24h,54,58,67,58,58,64,52,63,83,68,52,56,,,81,,83,80,87,,84,,74,80,,79,74,,100,116,100,108,105,111,137,,77,82,,76,,93,93,100,,90,,108,112,115,86,66,75,76,,83,82,,79,78,87,75,72,80,74,76,64,71,,71,82,83,82,92,88,,108,102,111,109,75,,,76,80,78,82,83,,72,73,,,81,81,79,82,,85,77,,77,78,74,81,74,,95,138,139,137,133,147,143,154,118,122,133,62,63,67,67,63,69,,64,70,67,69,60,58,62,66,64,68,62,65,59,59,65,101,103,100,102,110,,107,110,94,99,116,111,121,114,108,110,118,116,118,127,,113,119,116,123,112,121,114,108,101,110,106,127,,,,97,113,,116,107,107,,,,128,,114,105,106,112,109,112,109,110,110,,,,116,116,,123,122,128,123,125,,126,123,130,130,126,126,133,142,,133,,134,125,,96,86,,96,92,82,,88,101,92,81,98,100,99,,,96,96,106,98,101,107,90,,88,,,121,,102,100,,97,100,96,100,112,106,,92,90,82,88,79,93,99,95,88,79,86,91,86,90,80,73,82,87,,,128,121,123,120,,142,142,55,63,67,,59,61,70,,62,135,124,116,,128,131,132,133,131,,,160,159,154,164,156,159,77,76,86,79,75,79,80,82,,58,51,58,57,63,50,60,,68,58,32,43,42,45,39,41,42,42,44,28,129,134,,118,117,146,111,136,87,117,107,131,116,132,143,102,94,,115,104,102,127,202,146,194,155,145,137,124,156,,164,123,111,183,175,174,,165,167,135,166,,,110,112,116,105,113,119,102,102,125,115,135,,114,115,114,116,122,110,101,106,,68,73,84,70,33,,21,13,19,9,9,26,22,,,17,15,17,22,15,,51,46,41,41,,,46,75,86,83,74,80,78,71,75,88,79,,58,52,47,48,47,46,61,63,57,62,58,54,45,41,36,42,38,44,33,54,,44,45,41,28,,80,,72,69,,,,,94,,,,84,78,82,59,73,81,82,,72,34,42,48,46,38,37,35,36,38,39,,34,44,48,81,,84,80,84,86,80,79,75,76,77,,135,148,137,86,81,77,78,99,113,84,81,82,86,85,136,136,144,,,134,,111,111,105,109,98,,97,118,,,112,121,114,117,,128,121,128,,119,112,116,126,110,112,113,116,115,109,,,,,,,73,,58,121,125,124,130,143,145,131,121,116,,129,,,83,,86,82,89,148,169,168,146,139,,128,129,140,138,136,130,99,99,96,86,88,79,86,106,107,98,88,86,90,115,,109,102,95,,116,123,,110,120,113,106,99,,92,51,,,63,69,,,,80,75,84,79,88,98,,97,100,,42,42,,55,,82,82,87,,81,128,79,71,80,,125,118,130,116,111,124,,93,96,96,90,96,79,122,70,85,123,104,96,78,79,84,78,80,76,76,75,72,75,,49,54,53,,53,74,71,70,71,73,52,54,52,59,58,93,90,94,,98,106,102,,100,80,68,74,72,,86,77,94,,54,,30,26,45,40,,101,99,,,,59,,58,,28,,,,62,61,64,33,38,,,,30,35,42,30,63,65,,53,42,45,40,51,59,,74,,,75,68,59,56,76,77,96,93,104,71,79,84,86,118,110,115,109,115,103,67,68,57,48,50,47,,54,58,58,52,,58,66,66,57,32,38,29,25,,,,,47,52,,52,33,27,32,32,29,31,67,64,66,69,70,60,60,,40,48,,62,54,40,,47,37,,35,57,78,64,66,68,61,70,68,42,46,41,39,,,103,104,96,94,87,91,86,93,,94,75,81,86,96,,,124,,,,,165,,,,,,,,,,,,,,,,124,,,,,,,,,,,,,,,,,,,,,,,,,,,,,,,,,,,,,,34,74,61,69,73,81,81,82,78,,,,60,62,55,56,,,56,67,73,74,71,78,,78,74,52,,,50,52,,86,81,36,,33,,87,90,,,75,66,,,91,92,78,,,65,68,75,80,109,104,105,77,72,72,74,78,111,92,106,94,72,73,67,72,80,79,76,76,,59,64,78,,97,102,82,94,68,61,70,72,72,74,80,72,,,78,62,59,60,68,68,80,60,101,62,65,59,65,58,69,62,73,,,88,74,68,,62,62,,60,115,115,,114,112,121,,98,102,106,100,124,100,114,,69,76,71,76,73,72,73,74,,74,66,63,45,122,122,,96,,95,,,,72,79,79,65,87,97,,69,,77,76,73,119,118,130,128,,81,82,82,,,86,86,91,,80,78,80,,,134,42,45,42,42,40,40,20,22,22,28,64,60,66,61,,39,45,42,40,34,,77,81,80,79,83,85,80,82,24,,26,28,30,51,53,50,46,50,76,95,92,,79,82,81,,46,60,55,84,,74,71,66,,67,79,81,80,78,,69,70,63,62,68,72,79,,75,69,72,38,33,,44,41,89,60,56,73,73,71,73,77,39,39,,54,67,64,,53,54,,49,39,45,45,,62,58,57,34,36,43,45,47,54,49,46,53,58,59,61,57,53,60,57,60,55,42,49,49,47,42,75,65,73,68,68,56,59,52,58,52,37,65,57,54,65,36,57,53,106,108,110,95,80,88,84,108,109,106,114,106,103,98,85,111,123,121,119,98,105,82,88,90,,114,86,98,68,72,,73,41,33,36,33,43,47,42,44,49,50,57,50,50,47,,,,27,26,,28,31,30,32,26,28,,42,47,38,,,,,,55,56,51,57,20,,38,,53,62,65,62,60,62,,67,70,68,76,,,,,75,64,54,55,68,67,68,,84,52,51,61,65,,48,46,43,49,44,44,39,36,,55,53,60,58,50,58,43,56,62,,46,42,,47,53,,49,51,51,,52,,121,,46,44,60,67,71,64,73,64,70,67,55,41,38,69,,101,99,,66,70,90,,81,81,82,84,97,100,,78,78,103,95,,,82,95,84,,106,81,84,53,56,95,64,,61,,,48,74,86,80,105,98,92,80,85,,90,84,81,80,78,102,79,84,85,,,67,66,66,58,,83,82,82,74,71,117,96,124,86,77,79,112,79,,30,71,122,122,100,95,126,,99,,151,113,45,77,53,54,102,46,107,74,76,22,112,38,,,71,86,91,85,,72,79,81,50,,108,124,,,122,116,120,139,104,117,135,143,126,113,73,12,24,14,41,,81,62,,94,131,57,53,96,88,67,131,55,35,61,61,130,78,54,76,123,79,129,67,126,52,102,71,,76,75,70,53,,76,101,6,69,52,50,72,77,73,100,69,51,36,30,54,123,40,31,103,70,71,137,54,46,25,28,,,90,103,91,86,136,118,65,120,,92,62,58,120,86,139,68,98,77,,76,84,86,118,105,52,99,,111,102,100,94,98,88,101,106,72,81,83,83,84,82,120,123,110,120,113,139,123,120,94,111,115,103,125,152,167,86,118,112,127,172,130,129,94,110,76,114,108,84,84,80,77,80,96,108,102,131,100,74,73,38,67,75,63,69,28,62,65,70,65,72,26,24,25,33,28,31,21,19,62,40,38,45,,41,54,51,154,122,112,126,118,143,,116,99,106,49,56,62,60,,132,86,70,68,48,54,81,135,114,111,106,106,118,97,103,84,97,102,100,65,82,137,75,71,82,85,117,116,105,111,130,123,117,114,123,123,112,142,116,138,65,82,78,84,75,83,103,141,84,74,98,175,122,106,141,95,123,190,99,90,88,113,92,112,78,78,110,79,90,96,99,94,90,77,85,79,64,67,86,78,76,62,56,24,50,22,31,71,54,59,48,33,46,44,108,144,110,121,64,82,133,137,129,125,148,115,,122,120,118,118,84,84,93,69,75,50,132,151,83,137,91,95,92,109,96,101,66,46,83,65,71,74,72,,101,72,72,79,65,28,54,48,51,78,85,90,104,111,98,80,76,80,84,103,114,83,,116,76,77,79,73,70,110,128,80,78,82,81,86,83,76,83,78,54,55,54,23,64,89,70,40,19,26,25,128,36,44,44,40,27,100,82,86,87,27,73,77,78,59,89,87,138,125,160,129,118,106,97,76,,102,110,32,34,71,54,53,129,132,111,114,127,81,55,50,36,31,30,39,43,95,98,92,,47,62,126,99,64,30,101,62,,58,63,63,59,80,66,71,122,79,72,92,27,61,92,79,70,86,48,64,81,84,58,105,102,72,66,63,67,97,72,115,58,54,60,130,114,134,136,106
20231004,18,CO,0.4,0.2,0.2,0.3,0.2,0.1,0.4,0.3,0.3,0.2,0.2,0.6,,,0.3,,0.3,0.3,0.3,,0.4,,0.3,0.3,,0.4,0.5,,0.4,0.4,0.4,0.4,0.5,0.3,0.8,,0.4,0.3,,0.2,,,0.3,0.3,,,,0.4,0.1,0.2,0.6,,,0.3,,0.3,0.3,,0.1,0.2,0.2,0.2,0.3,0.2,0.2,0.2,0.2,0.2,,0.3,0.5,,0.2,0.5,0.1,,0.4,0.3,0.3,0.4,0.7,,,0.6,,0.4,0.3,0.3,,0.4,0.4,,,0.2,0.4,0.3,0.3,,0.4,0.4,,0.3,0.4,0.4,0.4,0.3,,0.3,0.4,0.4,0.4,0.3,0.3,0.6,0.4,0.5,0.3,0.3,0.3,0.4,0.2,0.2,0.2,0.1,,0.3,0.3,0.4,0.3,0.3,0.5,0.4,0.5,0.6,0.5,0.3,0.5,0.4,0.5,0.3,0.5,0.6,0.4,0.6,0.5,,0.4,0.5,0.4,0.6,0.3,0.7,0.2,0.6,0.4,0.2,0.4,0.3,0.6,0.7,,0.6,0.6,0.6,0.5,0.7,0.6,0.2,0.6,0.6,0.4,0.6,0.7,,,,0.6,0.7,,0.4,0.6,0.6,,,,0.4,,0.8,0.4,0.6,0.8,0.5,0.8,0.7,0.5,0.3,,,,0.5,0.5,,0.5,0.3,0.3,0.5,0.4,,0.2,,0.6,0.7,0.7,0.6,1.1,1.2,,0.9,,0.7,0.8,,0.5,0.6,,0.5,0.6,0.5,,0.6,0.6,0.6,0.5,0.5,0.5,0.5,,,0.4,0.6,0.4,0.5,0.4,0.5,0.4,,0.6,,,0.7,,0.5,0.4,,0.5,0.5,0.6,0.6,0.4,0.3,,0.6,0.5,0.5,0.6,0.7,0.5,0.5,0.5,0.6,0.4,0.6,0.3,0.7,0.4,0.7,0.6,0.4,0.5,,,0.4,0.4,0.5,0.5,,0.4,0.4,0.8,0.8,0.6,,0.7,0.7,0.5,,0.7,0.5,0.5,0.5,,,0.5,0.4,0.5,0.6,,,1.1,1.2,1.5,1,1,0.7,1.5,1.2,0.6,1,1.6,1.7,1,1.1,,0.7,0.6,0.6,0.6,0.5,0.5,0.5,,0.5,0.6,0.5,0.6,0.8,0.6,0.8,0.6,0.7,0.6,0.8,0.4,0.9,0.8,,0.6,0.6,0.8,0.8,0.7,0.7,0.7,0.6,0.9,0.6,1,0.7,0.8,0.5,,,0.8,0.9,0.9,0.9,0.7,0.6,0.9,0.7,0.5,0.6,0.8,,0.8,0.7,0.6,0.5,0.7,0.5,,0.6,0.7,0.8,0.7,,,0.8,0.8,0.8,0.7,0.8,0.9,0.8,0.7,0.7,0.7,0.6,,0.5,0.5,0.7,0.7,0.3,0.6,0.5,0.6,,0.2,0.4,0.3,0.2,0.3,,0.7,0.9,0.7,0.7,0.9,0.9,0.8,,,0.9,0.9,0.9,0.8,1,,0.6,0.6,0.6,0.6,,,0.7,0.8,0.4,0.3,0.3,0.5,0.5,0.2,0.3,0.3,0.3,,0.5,0.5,0.6,0.7,0.5,0.6,0.3,0.2,0.3,0.2,0.3,0.2,0.7,0.7,1,0.8,0.7,0.8,0.6,0.9,,0.8,0.2,0.8,0.7,,,,0.4,0.6,,,,,0.3,,,,0.4,0.3,0.3,0.3,0.7,0.3,0.3,,0.6,0.6,0.8,0.7,0.5,0.9,0.8,0.8,0.8,0.6,0.8,,0.5,1,0.5,0.5,,0.5,0.5,0.6,0.4,0.5,0.3,0.6,0.3,0.5,,0.4,0.6,0.3,0.5,0.5,0.5,0.5,0.2,0.3,0.2,0.2,0.3,0.2,0.5,0.8,0.8,0.7,,,0.7,,0.6,0.7,0.9,0.8,0.4,,0.4,0.5,,,0.4,0.6,0.6,0.4,,0.4,0.4,0.4,,0.4,0.6,0.6,0.7,0.8,0.4,0.2,0.5,0.3,0.2,,,,,,,0.5,,0.7,0.4,0.6,0.5,0.9,0.7,0.8,0.3,0.2,0.3,,0.2,,,0.7,,0.7,0.8,0.6,0.8,1.1,0.7,0.7,1,,0.8,0.8,1,1.1,0.8,0.8,0.7,0.7,0.6,0.7,0.7,0.8,0.7,1.1,0.8,0.8,0.8,0.7,0.8,0.8,,0.8,0.9,0.8,,0.4,0.7,,0.7,0.7,0.8,0.6,0.9,,0.6,0.7,,,0.6,0.4,,,,0.4,0.3,0.4,0.4,1.3,1.6,,1.2,1.1,,2.1,1.9,,2,,0.6,0.6,0.7,,0.8,0.6,0.2,0.3,0.3,,0.6,0.6,0.7,1.6,0.7,0.5,,0.3,0.5,0.4,0.3,0.3,0.1,0.5,0.4,0.9,0.6,0.4,0.5,0.5,0.4,0.5,0.6,0.4,0.4,0.4,0.5,0.5,0.4,,0.3,0.2,0.3,,0.2,0.3,0.2,0.3,0.4,0.3,0.3,0.4,0.4,0.3,0.4,0.5,0.4,0.6,,0.5,0.7,0.7,,0.6,0.7,0.9,1,0.7,,0.7,0.9,0.3,,1,,1,1,0.9,1.1,,1.1,1,,,,1,,1.2,,1.3,,,,0.7,0.8,0.8,0.8,0.7,,,,0.7,0.7,0.7,0.6,0.8,0.7,,0.8,0.6,0.8,0.7,0.5,0.7,,,,,0.9,0.6,0.5,0.6,0.7,0.8,0.7,0.9,0.6,0.6,0.6,0.5,0.6,0.4,0.7,0.6,0.8,0.6,0.4,0.3,0.4,0.7,0.7,0.7,0.8,,0.8,0.8,0.8,0.6,,0.5,0.6,0.4,0.5,0.4,0.4,0.5,0.5,,,,,0.6,0.7,,0.6,0.5,0.5,0.4,0.3,0.4,0.4,0.7,0.7,0.5,0.6,0.8,0.9,0.5,,0.8,0.4,,0.5,0.4,0.6,,0.5,0.8,,0.7,0.4,0.6,0.6,0.5,0.4,0.6,0.6,0.5,0.8,0.7,0.8,0.7,,,0.5,0.2,0.5,0.2,0.4,0.2,0.2,0.2,,0.5,0.2,0.3,0.2,0.2,,,0.7,,,,,0.9,,,,,,,,,,,,,,,,0.4,,,,,,,,,,,,,,,,,,,,,,,,,,,,,,,,,,,,,,0.9,0.7,0.7,0.9,0.9,0.4,0.5,0.4,0.4,,,,0.9,0.7,0.7,0.7,,,0.5,0.5,,0.5,0.6,0.3,,0.3,0.4,1,,,1,1.1,,0.4,0.4,0.6,,0.7,,0.3,0.3,,,0.5,0.2,,,0.4,0.4,0.2,,,0.2,0.3,0.3,0.2,0.7,0.6,0.5,0.4,0.2,0.3,,0.3,0.4,0.4,0.6,0.5,0.4,0.2,0.3,0.2,0.3,0.3,0.5,0.4,,0.2,2.4,0.5,,0.3,0.3,0.5,0.4,0.4,0.3,0.4,0.4,0.4,0.5,0.4,0.2,,,0.1,0.2,0.3,0.3,0.1,0.1,0.4,0.1,0.1,0.3,0.3,0.2,0.4,0.5,0.3,0.5,0.2,,,0.6,0.2,0.3,,,0.4,,0.1,0.5,0.4,,0.4,0.4,0.5,,0.3,0.3,0.3,0.3,0.2,0.7,0.6,,0.5,0.5,0.6,0.6,0.3,0.6,0.8,0.8,,0.7,0.5,0.5,0.6,0.3,0.3,,0.5,,0.5,,,,0.6,0.4,0.5,0.5,0.5,0.3,,0.7,,0.6,0.5,0.6,0.7,0.6,0.7,0.7,,0.4,0.7,0.7,,,0.7,0.8,0.7,,0.4,0.4,0.6,,,0.5,,0.5,0.4,0.4,0.4,1.6,1.2,1.3,1.2,1,0.5,0.6,0.6,0.9,,0.4,0.5,0.4,0.6,0.7,,1.3,0.9,1.7,1.1,1,0.8,0.7,0.9,0.5,,1.1,1.3,0.8,1,0.9,1,1.2,1,,0.3,0.5,,1.6,1.6,1.6,,1.3,2,1.5,0.7,,0.7,0.7,1.1,,1,0.6,0.5,0.5,0.7,,0.7,0.8,0.7,0.7,0.5,0.6,0.4,,0.4,0.3,0.3,0.4,0.5,,0.5,0.4,0.7,0.9,1,0.7,0.7,0.5,0.8,0.6,0.5,0.7,,,0.5,0.4,,0.8,0.8,,0.8,0.7,0.7,0.6,,0.5,0.5,0.5,1,1.1,0.8,0.9,1,1,1.1,1,0.9,0.8,0.7,0.7,0.8,0.5,0.6,0.6,0.8,0.6,0.9,0.9,0.9,0.7,0.7,0.7,0.6,0.7,0.7,0.7,0.8,0.8,0.9,0.7,0.7,0.8,0.6,0.8,0.8,0.5,0.8,0.6,0.6,0.8,0.8,0.9,0.7,0.5,0.9,1.1,0.6,0.6,0.6,0.5,0.5,0.5,0.5,0.7,0.7,0.7,0.6,0.5,0.9,0.9,0.4,0.6,0.7,,0.5,0.4,0.4,0.5,0.6,,0.4,0.7,0.4,0.5,0.3,0.6,0.5,0.6,0.5,0.7,0.6,0.6,0.9,0.5,0.5,,,,0.5,0.5,,0.5,,0.5,0.6,0.6,0.5,,0.7,0.6,0.4,,,,,,0.5,0.6,0.6,0.6,1.6,,0.5,,0.3,0.4,0.6,0.7,0.8,1.2,,0.5,0.4,0.5,0.6,,,,,0.3,0.3,0.6,0.6,0.1,0.1,0.6,,0.3,0.5,0.5,0.7,0.6,,0.6,0.5,0.6,0.5,0.4,0.3,0.4,0.4,,0.3,0.5,0.2,0.2,0.4,0.1,0.3,0.3,0.6,,0.5,0.4,,0.4,0.2,,0.3,0.4,0.5,,0.6,,0.2,,0.3,0.3,0.5,0.8,0.5,0.7,0.3,0.4,0.4,0.5,0.6,0.9,0.9,0.2,,0.5,0.6,,0.7,0.5,0.5,,0.2,0.3,0.3,0.3,0.4,0.4,,0.4,0.4,0.1,0.1,,,0.6,0.5,0.4,,0.5,0.5,0.5,0.5,0.5,0.6,0.3,,0.4,,,0.7,0.3,0.4,0.3,0.5,0.5,0.3,0.2,0.6,,0.3,0.2,0.2,0.5,0.6,0.4,0.3,0.5,0.2,,,0.4,0.5,0.4,0.3,,0.5,0.2,0.4,0.4,0.4,0.6,1.1,0.8,0.4,0.4,0.5,0.4,0.3,,0.5,0.5,,0.3,0.4,0.4,0.6,,0.4,,0.4,0.6,0.7,0.7,0.6,0.7,0.3,0.7,0.2,0.4,0.3,0.5,0.6,0.3,,,0.2,0.6,0.6,0.4,,0.3,0.4,0.3,0.8,,0.6,0.6,,,1.3,0.4,0.3,0.9,0.4,0.7,1,1,0.7,0.2,0.4,0.6,1,0.8,1.8,,0.2,0.7,,0.5,0.6,0.4,0.3,0.9,0.3,0.4,0.2,0.3,0.9,0.3,0.5,0.5,0.2,2.3,0.4,0.2,0.2,0.8,0.2,0.6,0.4,0.2,0.9,,0.6,0.4,0.5,0.4,,0.2,0.3,1.2,1,0.6,0.6,0.7,0.6,0.6,1,,0.6,0.5,0.9,0.6,0.5,0.8,1.1,0.6,0.6,0.8,0.4,0.4,0.4,0.8,0.8,,,0.4,0.6,0.3,1,0.6,0.3,0.5,0.6,,0.4,0.7,0.5,0.3,0.5,0.9,1.1,0.6,0.6,,0.4,0.7,0.2,0.4,0.5,0.4,0.4,,0.8,0.6,0.4,0.5,0.7,0.8,0.6,0.6,0.2,0.2,0.5,0.4,0.3,0.4,0.5,0.6,0.6,0.5,0.3,0.8,0.4,0.4,0.8,0.8,0.9,0.8,0.5,1,0.8,0.6,0.9,0.9,0.6,0.6,0.7,0.6,0.7,0.7,0.7,0.9,0.5,0.1,0.2,0.2,0.4,0.4,0.6,0.2,0.6,0.3,0.4,0.5,0.6,1.1,1.5,0.7,1.1,0.3,1.3,1.4,0.5,0.3,0.4,0.9,0.7,0.8,0.6,0.7,0.8,0.5,0.7,0.6,0.7,0.6,0.4,0.7,,0.6,0.3,0.7,0.7,0.6,0.5,0.2,0.3,0.2,,0.9,0.3,0.2,0.7,0.6,0.5,0.5,,0.7,0.3,0.5,0.7,0.7,1,0.8,0.7,0.4,0.7,0.8,0.5,0.8,0.5,0.7,0.5,0.6,0.7,0.8,0.6,1.1,0.4,0.3,0.2,0.5,0.3,0.6,0.7,0.5,0.7,1.1,0.5,0.9,0.4,0.5,0.5,0.2,0.8,0.6,0.4,,0.3,0.3,0.3,0.4,0.5,0.9,0.6,0.7,0.7,1,0.6,0.8,0.9,0.7,0.8,0.8,0.8,0.7,0.5,0.3,,0.2,0.4,0.4,0.2,0.5,0.4,0.6,0.6,0.5,0.5,0.6,1.1,1.7,1.8,1.6,1.4,0.6,0.8,0.6,0.2,,0.8,0.6,0.7,0.8,0.2,0.5,0.6,0.6,0.7,0.6,0.7,0.2,0.4,0.9,0.3,0.7,0.8,0.5,0.4,0.4,0.2,0.9,0.1,,0.6,0.4,0.4,0.5,0.3,0.3,0.3,0.2,0.4,0.8,0.5,0.3,0.5,0.7,0.7,0.6,0.6,0.6,0.9,0.5,0.7,0.7,0.5,0.4,,0.5,0.5,,0.5,0.8,0.7,0.4,0.7,1.3,0.4,0.4,0.8,0.6,0.6,0.5,0.5,0.6,0.5,0.4,0.5,0.6,1.2,1.5,1.3,0.4,,0.5,0.4,0.3,0.3,0.4,0.2,0.2,0.6,0.3,0.3,0.4,0.2,0.1,0.2,0.4,0.3,0.4,2.2,1.2,1.1,1.2,0.9,1.9,1,1,0.6,0.7,0.9,0.7,0.7,0.6,0.9,0.6,0.7,0.3,0.5,0.3,0.1,0.7,0.6,0.6,0.9,0.5,0.3,0.8,0.6,0.8,0.7,0.7,0.8,0.7,0.4,0.3,,0.8,0.6,0.7,1.1,0.4,0.4,0.6,,0.9,0.4,0.2,0.4,0.5,0.4,0.7,0.8,0.6,0.7,0.6,0.7,0.5,0.7,0.5,,0.4,0.2,0.9,0.2,1.1,2,1.3,1,,0.3,0.2,0.3,0.2,0.4,0.4,0.7,0.4,0.6,0.3,0.5,1.3,0.8,0.2,0.4,0.3,0.2,0.3,0.3,0.2,0.3,0.4,0.5,1,0.4,0.3,0.2,0.4,0.5,0.3,0.4,0.1,0.5,0.6,0.3,1,0.4,0.6,0.4
20231004,18,CO_24h,0.3,0.3,0.3,0.4,0.3,0.2,0.4,0.4,0.4,0.3,0.3,0.6,,,0.5,,0.5,0.5,0.5,,0.6,,0.5,0.5,,0.6,0.7,,0.9,0.8,0.8,0.8,0.9,0.8,1.1,,0.6,0.5,,0.5,,0.3,0.4,0.6,,0.3,,0.9,0.5,0.8,0.7,0.8,0.4,0.5,,0.7,0.3,,0.2,0.2,0.2,0.3,0.4,0.4,0.4,0.2,0.4,0.4,,0.4,0.5,0.5,0.3,0.5,0.4,,1.2,1,1.1,1.2,0.9,,,1,1.1,0.9,1,1,,0.5,0.4,,,0.2,0.4,0.3,0.3,,0.5,0.6,,0.4,0.5,0.6,0.5,0.4,,0.4,0.6,0.7,0.6,0.7,0.6,0.7,0.6,0.7,0.6,0.6,0.3,0.4,0.3,0.4,0.3,0.2,,0.3,0.3,0.4,0.4,0.4,0.5,0.4,0.6,0.6,0.6,0.5,0.4,0.4,0.6,0.4,0.5,0.6,0.4,0.7,0.5,,0.4,0.5,0.4,0.6,0.4,0.7,0.2,0.6,0.3,0.3,0.5,0.4,0.6,0.5,,0.6,0.6,0.6,0.6,0.6,0.7,0.2,0.6,0.5,0.5,0.6,0.6,,,,0.5,0.5,,0.5,0.5,0.5,,,,0.4,,1.1,0.7,0.9,1,1,1,1,0.9,0.5,,,,0.7,0.6,,0.6,0.4,0.4,0.5,0.4,,0.3,0.7,0.6,0.7,0.7,0.6,0.4,0.5,,0.4,,0.6,0.6,,0.5,0.5,,0.4,0.5,0.5,,0.6,0.5,0.6,0.5,0.5,0.5,0.5,,,0.4,0.6,0.5,0.5,0.4,0.5,0.5,,0.5,,,0.5,,0.7,0.5,,0.5,0.5,0.5,0.4,0.4,0.3,,0.6,0.5,0.5,0.5,0.6,0.5,0.5,0.5,0.7,0.5,0.6,0.3,0.7,0.4,0.7,0.7,0.5,0.6,,,0.3,0.4,0.5,0.4,,0.4,0.4,0.7,0.8,0.5,,0.7,0.6,0.4,,0.7,0.5,0.5,0.6,,0.5,0.5,0.5,0.4,0.5,,,0.6,0.7,1,0.5,0.6,0.7,0.9,0.9,0.2,0.7,0.7,0.9,0.7,0.8,,0.7,0.6,0.5,0.7,0.5,0.5,0.5,,0.5,0.7,0.4,0.6,0.6,0.6,0.7,0.6,0.6,0.5,0.7,0.3,0.9,0.9,,0.8,0.8,0.9,0.9,0.8,0.7,0.8,0.6,0.9,0.5,1,0.7,0.8,0.6,,0.6,0.7,0.9,1,0.8,0.6,0.6,0.8,0.7,0.6,0.6,0.8,,0.8,0.8,0.6,0.5,0.7,0.5,,0.6,0.6,0.6,0.6,,,0.9,0.9,0.9,0.7,0.8,0.9,0.8,0.8,0.6,0.7,0.5,,0.7,0.7,0.8,0.8,0.5,0.8,0.7,0.7,,0.5,0.4,0.4,0.3,0.3,,0.8,1,0.7,0.6,0.9,0.9,0.8,,,0.9,0.9,0.9,1,1.2,,0.6,0.6,0.6,0.6,,,0.6,0.8,0.4,0.2,0.4,0.4,0.4,0.2,0.3,0.3,0.3,,0.6,0.5,0.6,0.8,0.5,0.6,0.4,0.2,0.3,0.3,0.3,0.2,0.7,0.8,0.9,0.7,0.7,0.7,0.6,0.7,,0.9,0.2,0.7,0.7,,0.6,,0.6,0.7,,,,,0.5,,,,0.7,0.6,0.7,0.7,0.8,0.6,0.6,,0.5,0.5,0.7,0.6,0.4,0.8,0.7,0.7,0.7,0.5,0.7,,0.4,0.8,0.5,0.4,,0.6,0.4,0.6,0.5,0.6,0.4,0.6,0.6,0.6,,0.6,0.7,0.5,0.7,0.7,0.6,0.6,0.4,0.4,0.3,0.3,0.4,0.5,0.6,0.7,0.7,0.6,,,0.9,,0.5,0.6,0.8,0.7,0.6,,0.5,0.6,,,0.6,0.9,0.9,0.7,,0.4,0.6,1.2,,0.5,0.6,0.6,0.6,0.7,0.7,0.3,0.6,0.5,0.3,,,,,,,0.4,,0.6,0.3,0.6,0.4,0.8,0.6,0.7,0.3,0.3,0.5,,0.5,,,0.7,,0.8,0.8,0.6,0.8,0.9,0.6,0.6,0.8,,0.7,0.7,0.8,0.7,0.7,0.6,0.6,0.8,0.7,0.7,0.7,0.8,0.7,0.9,0.7,0.7,0.8,0.8,0.9,0.9,,0.6,0.8,0.7,,0.4,0.6,,0.9,0.9,1.1,0.9,0.9,,0.7,0.7,,,0.5,0.4,,,,0.6,0.5,0.5,0.5,1.3,1.7,,1.4,1.2,,1.5,1.4,,1.5,,1,0.7,0.9,,0.8,0.6,0.2,0.3,0.3,,0.7,0.8,0.7,1.3,0.8,0.6,,0.4,0.6,0.6,0.5,0.5,0.3,0.6,0.8,1.3,0.6,0.5,0.6,0.5,0.6,0.6,0.7,0.4,0.5,0.5,0.5,0.5,0.5,,0.3,0.2,0.3,,0.2,0.5,0.3,0.3,0.5,0.4,0.3,0.4,0.3,0.2,0.3,0.5,0.7,0.7,,0.5,0.8,0.7,,0.7,0.7,0.7,0.8,0.7,,0.6,0.9,0.9,,1,,1.2,0.9,0.8,0.9,,1.1,1,,,,0.7,,0.7,,1,,,,0.6,0.8,0.6,0.8,0.6,,,,0.8,0.7,0.7,0.6,0.9,0.7,,0.8,0.6,0.8,0.6,0.5,0.7,,0.6,,,0.5,0.6,0.5,0.6,0.7,0.8,0.8,0.9,0.6,0.5,0.6,0.6,0.6,0.5,0.8,0.8,0.8,0.7,0.5,0.3,0.4,0.7,0.7,0.7,0.7,,0.8,0.8,0.8,0.6,,0.6,1,0.6,0.6,0.5,0.6,0.6,0.6,,,,,0.6,0.7,,0.6,0.5,0.5,0.4,0.3,0.3,0.4,0.7,0.7,0.5,0.5,0.8,0.9,0.5,,0.8,0.5,,0.8,0.6,0.7,,0.5,0.6,,0.7,0.5,0.7,0.7,0.6,0.6,0.7,0.7,0.6,0.8,0.7,0.8,0.7,,,0.6,0.2,1.1,0.5,0.9,0.6,0.2,0.3,,0.4,0.2,0.6,0.3,0.3,,,0.6,,,,,0.7,,,,,,,,,,,,,,,,0.6,,,,,,,,,,,,,,,,,,,,,,,,,,,,,,,,,,,,,,0.8,0.8,0.7,0.9,1,0.4,0.5,0.4,0.4,,,,1.3,1.1,1.1,1,,,0.6,0.6,0.6,0.6,0.6,0.7,,0.7,0.7,1,,,1,0.9,,0.6,0.8,0.6,,0.7,,0.5,0.3,,,0.4,0.3,,,0.3,0.4,0.3,,,0.3,0.3,0.2,0.2,0.6,0.5,0.5,0.4,0.4,0.4,0.6,0.4,0.5,0.5,0.7,0.8,0.4,0.3,0.3,0.4,0.4,0.4,0.6,0.5,,0.2,1.5,0.5,,0.2,0.3,0.6,0.5,0.4,0.4,0.3,0.4,0.5,0.6,0.5,0.3,,,0.2,0.2,0.3,0.3,0.2,0.2,0.2,0.3,0.2,0.3,0.4,0.2,0.5,0.6,0.3,0.5,0.2,,,0.7,0.3,0.3,,0.4,0.4,,0.1,0.4,0.4,,0.3,0.3,0.5,,0.3,0.3,0.3,0.2,0.3,0.6,0.5,,0.6,0.6,0.5,0.9,0.4,0.7,0.8,0.8,,0.7,0.4,0.5,0.6,0.3,0.3,,0.5,,0.6,,,,0.7,0.5,0.5,0.5,0.6,0.3,,0.7,,0.8,0.6,0.7,0.6,0.6,0.7,0.7,,0.5,0.7,0.8,,,0.7,0.8,0.7,,0.6,0.6,0.7,,,0.5,0.3,0.5,0.4,0.4,0.4,0.8,1.2,0.8,1,0.7,0.7,0.6,0.7,0.9,,0.1,0.5,0.4,0.6,0.7,,1.3,0.9,1.5,1.1,1,0.5,0.8,0.9,0.8,,1.5,1.7,1.1,0.9,0.8,0.8,1,0.9,,0.4,0.6,,1.3,1,1,,0.9,1.2,0.9,0.5,,0.5,0.5,0.7,,0.7,0.6,0.5,0.6,0.7,,0.6,0.7,0.6,0.6,0.5,0.6,0.4,,0.5,0.4,0.4,0.6,0.7,,1.1,0.8,0.7,0.9,0.9,0.6,0.7,0.6,0.9,0.7,0.5,0.7,,0.6,0.6,0.5,,0.7,0.8,,0.8,0.9,1,0.8,,0.6,0.6,0.6,1,1,0.7,0.8,0.8,0.8,0.9,0.8,0.9,0.7,0.8,0.7,0.7,0.5,0.6,0.7,0.8,0.6,0.9,1,0.9,0.7,0.8,0.6,0.6,0.6,0.7,0.6,0.7,0.7,0.9,0.6,0.6,0.9,0.5,0.8,0.8,0.3,0.7,0.6,0.5,0.9,0.9,0.8,0.7,0.6,0.6,0.7,0.7,0.7,0.7,0.5,0.5,0.6,0.6,0.7,0.6,0.7,0.7,0.7,0.8,0.8,0.4,0.7,0.8,,0.5,0.6,0.5,0.5,0.6,,0.4,0.7,0.4,0.5,0.3,0.6,0.5,0.6,0.5,0.7,0.6,0.6,0.9,0.6,0.6,,,,0.5,0.5,,0.5,,0.4,0.5,0.6,0.6,,0.7,0.6,0.4,,,,,,0.5,0.6,0.6,0.6,0.8,,0.5,,0.4,0.5,0.6,0.7,0.7,1,,0.4,0.4,0.5,0.5,,,,,0.2,0.4,0.6,0.6,0.1,0.1,0.7,,0.3,0.6,0.5,0.6,0.6,,0.6,0.5,0.7,0.7,0.4,0.4,0.5,0.5,,0.4,0.5,0.2,0.2,0.5,0.2,0.3,0.2,0.7,,0.5,0.4,,0.5,0.3,,0.3,0.4,0.5,,0.7,,0.3,,0.3,0.2,0.5,0.8,0.5,0.6,0.5,0.7,0.8,0.7,0.7,0.7,0.7,0.4,,0.6,0.7,,0.7,0.6,0.4,,0.3,0.4,0.3,0.4,0.4,0.4,,0.5,0.5,0.2,0.1,,,0.7,0.6,0.4,,0.6,0.5,0.5,0.4,0.6,0.6,0.4,,0.5,,,0.6,0.4,0.5,0.4,0.5,0.6,0.4,0.4,0.6,,0.4,0.2,0.4,0.6,0.7,0.4,0.8,0.8,0.5,,,0.7,0.7,0.6,0.3,,0.5,0.2,0.4,0.4,0.6,0.6,1.3,0.8,0.6,0.5,0.7,0.9,0.8,,0.7,0.5,0.8,0.4,0.4,0.5,0.5,,0.5,,0.6,0.7,0.7,0.7,0.8,1.1,0.4,0.6,0.3,0.4,0.4,0.5,0.5,0.4,,,0.4,0.6,0.6,0.6,,0.5,0.5,0.6,0.7,,0.5,0.7,,,1.2,0.4,0.9,0.4,0.4,0.6,0.8,0.8,0.6,0.3,0.5,0.6,0.9,0.7,1.3,,0.4,0.6,,0.4,0.6,0.4,0.4,0.7,0.3,0.3,0.5,0.3,0.8,0.5,0.5,0.5,0.4,1.3,0.4,0.2,0.3,1,0.2,0.7,0.4,0.4,0.9,,0.6,0.4,0.5,0.4,,0.3,0.6,1.1,0.7,0.7,0.6,0.7,0.6,0.6,0.9,0.8,0.6,0.9,1.2,0.7,0.5,0.8,1.1,0.7,0.5,0.8,0.6,0.5,0.4,0.7,0.6,,,0.6,0.5,0.4,0.9,0.5,0.3,0.6,0.6,,0.4,0.7,0.5,0.3,0.7,0.8,0.8,0.7,0.7,,0.5,0.9,0.4,0.6,0.9,0.5,0.3,,0.7,0.6,0.4,0.5,0.6,0.6,0.6,0.7,0.3,0.5,0.4,0.3,0.3,0.3,0.6,0.6,0.7,0.6,0.3,0.4,0.4,0.5,0.7,0.8,1,0.8,0.7,1,0.7,0.6,0.9,0.8,0.5,0.7,0.7,0.7,0.7,0.6,0.7,0.9,0.7,,0.3,0.3,0.6,0.5,0.7,0.2,0.5,0.4,0.4,0.7,0.8,0.8,1.1,0.6,0.8,0.3,1,1.2,0.5,0.3,0.5,0.8,0.4,0.8,0.6,0.7,0.7,0.6,0.6,0.5,0.7,0.6,0.4,0.7,,0.6,0.3,0.7,0.7,0.8,0.4,0.5,0.4,0.4,,0.7,0.4,0.4,0.6,0.6,0.5,0.5,,0.9,0.4,0.6,0.8,0.7,0.8,0.7,0.9,0.5,0.7,0.7,0.6,0.9,0.6,0.7,0.4,0.5,0.7,0.8,0.5,1.1,0.7,0.4,0.4,0.4,0.3,0.6,0.8,0.5,0.6,0.9,0.5,1,0.5,0.5,0.6,0.3,0.6,0.7,0.4,0.5,0.6,0.4,0.7,0.4,0.4,0.8,0.7,0.7,0.7,1,0.6,0.6,0.8,0.6,0.8,0.7,0.7,0.7,0.9,0.4,0.8,0.4,0.5,0.5,0.4,0.5,0.4,0.6,0.7,0.5,0.6,0.8,0.8,0.9,1.2,0.8,0.7,0.8,0.7,0.6,0.4,0.3,0.8,0.6,1,1,0.2,0.6,0.7,0.7,0.8,0.6,0.7,0.4,0.5,0.7,0.9,0.6,0.7,0.5,0.4,0.4,0.4,0.7,0.3,,0.6,0.7,0.6,0.6,0.6,0.8,0.5,0.4,0.5,0.8,0.5,0.3,0.7,0.5,0.9,0.7,0.6,0.6,1,0.6,0.6,0.7,0.5,0.4,0.4,0.6,0.5,,0.5,0.7,0.6,0.5,0.7,1.2,0.5,0.5,0.7,0.6,0.5,0.5,0.5,0.4,0.4,0.5,0.4,0.7,1.3,1.4,1.4,0.5,,0.8,0.6,0.5,0.5,0.6,0.5,0.9,1,0.6,0.6,0.5,0.5,0.3,0.5,0.6,0.6,0.8,1,1,0.7,0.7,0.7,1.5,0.7,1.1,0.6,0.9,0.9,0.8,0.7,0.7,0.8,0.6,0.7,0.3,0.6,0.6,0.6,0.7,0.7,0.7,1.5,1,0.3,0.8,0.6,0.8,0.8,0.8,0.9,0.6,0.4,0.3,,0.7,0.5,0.6,1,0.4,0.4,0.6,0.6,0.6,0.6,0.8,0.7,0.5,0.5,0.6,0.9,0.7,0.8,0.6,1,0.5,0.6,0.5,,0.2,0.1,0.6,0.3,1,1.3,1,0.8,,0.4,0.4,0.1,0.3,0.5,0.5,0.6,0.5,0.4,0.4,0.5,0.8,0.5,0.4,0.6,0.3,0.3,0.3,0.4,0.4,0.3,0.5,0.4,1.3,0.4,0.3,0.2,0.5,0.5,0.2,0.4,0.2,0.4,0.6,0.6,0.8,0.7,0.7,0.4
20231004,19,AQI,20,17,23,17,24,27,24,27,20,21,20,55,,,32,,39,31,30,,34,,20,27,,20,20,,55,63,71,54,61,53,74,,54,31,,,,32,54,32,,45,,52,47,51,62,,61,54,,46,23,,21,,25,23,23,25,40,22,32,34,,40,45,,50,,51,,55,63,58,57,,,,38,,26,25,49,,21,21,,,,24,29,21,,40,60,,75,64,63,36,49,,80,22,21,24,21,25,27,28,22,25,32,35,38,34,24,30,20,,24,32,33,17,13,27,,15,16,16,14,15,16,13,17,32,35,32,35,35,,34,35,32,33,36,39,40,37,35,,40,40,36,30,,30,31,30,30,29,30,32,29,27,29,,83,,,,74,64,,68,70,67,,,,46,,28,27,25,29,27,31,27,26,28,,,,32,30,,31,35,39,31,34,,32,,60,58,56,60,56,,,49,,78,97,,35,29,,40,36,28,,32,42,38,28,,33,39,,,33,32,35,29,30,29,28,,26,,,43,,36,28,,29,30,33,32,33,33,,42,,35,26,28,37,40,46,34,29,36,29,36,31,44,31,,31,,,46,53,47,46,,,42,55,52,46,,53,48,32,,53,54,64,56,,,63,56,62,46,,,56,70,,57,62,55,64,62,66,62,72,65,59,58,,25,32,29,31,32,33,22,,27,25,29,32,45,33,34,39,44,38,43,37,46,51,,48,49,44,45,60,40,43,39,48,,54,69,40,50,,69,46,36,65,51,54,60,53,43,48,50,45,,57,46,40,59,63,63,,85,58,74,74,,,,36,38,49,49,44,57,44,46,33,89,,49,51,41,52,54,34,40,46,,32,28,31,,9,,13,11,13,27,16,19,22,,,,25,18,18,,,48,37,,50,,,54,30,19,32,29,28,29,34,35,36,32,,18,19,19,20,30,19,18,18,12,17,26,18,24,16,33,22,24,28,26,25,,28,26,80,21,,38,,39,40,,,,,76,,,,28,,29,30,41,30,37,,40,45,44,39,41,49,41,47,52,48,44,,87,53,51,30,,31,38,31,45,52,48,34,34,51,,39,30,30,25,24,23,19,70,65,54,72,80,82,71,60,58,55,,,65,,86,109,87,84,63,,59,69,,,40,46,40,41,,59,56,39,,70,87,68,58,77,36,27,28,27,25,,,,,,,64,,,67,52,62,67,64,68,25,,32,,27,,,46,,,42,52,64,55,59,63,85,,68,56,57,46,64,55,57,51,34,51,36,,35,35,63,30,42,43,46,,,48,39,45,,41,48,,43,51,53,53,29,,39,19,,,86,88,,,,34,39,28,36,52,55,,45,57,,124,155,,165,,51,44,72,,61,33,38,26,24,,31,48,66,63,44,32,,70,72,59,66,58,78,24,26,58,31,36,42,82,101,73,87,69,23,25,24,40,20,,16,16,18,,15,32,25,35,31,39,11,12,11,12,20,32,28,32,,33,37,36,,30,55,57,52,49,,53,51,26,,60,,50,46,43,62,,88,71,,,,72,,67,,92,,,,67,43,63,29,48,,,,24,21,36,,32,34,,33,19,36,19,36,32,,31,,,23,35,29,21,23,33,42,,37,31,28,34,36,30,33,33,39,37,34,33,27,20,25,34,32,,36,40,38,39,,17,19,18,18,22,23,19,15,,,,,51,38,,51,9,36,19,12,17,13,23,43,43,40,45,24,25,,19,35,,22,21,25,,45,45,,30,20,24,18,20,20,19,24,23,32,36,,35,,,79,46,39,38,24,58,28,30,,39,28,62,62,55,,,57,,,,,56,,,,,,,,,,,,,,,,29,,,,,,,,,,,,,,,,,,,,,,,,,,,,,,,,,,,,,,53,39,,53,51,52,,49,52,,,,45,48,53,30,,,51,59,,49,55,44,,43,41,59,,,52,68,,51,52,62,,62,,28,25,,,55,28,,,55,53,35,,,24,23,30,20,57,53,40,72,62,53,35,70,58,60,71,56,73,72,73,71,74,84,88,71,,65,59,42,,22,30,40,51,16,14,26,46,24,32,28,17,,,20,20,23,17,18,19,20,18,27,19,25,17,18,18,16,15,18,,,22,19,31,,13,,,27,58,56,,58,59,48,,49,54,47,54,52,66,78,,36,45,35,41,33,28,27,32,,27,31,25,46,37,41,,51,,55,,,,,39,52,64,56,50,,22,,30,28,32,43,39,40,46,,32,24,23,,,26,29,28,,20,20,21,,,,43,22,40,15,29,38,70,72,73,54,26,38,47,34,,28,29,29,35,38,,77,45,57,52,43,40,44,43,43,,51,52,54,41,48,52,46,51,,31,24,,100,103,117,,92,100,76,113,,107,118,84,,89,53,49,60,57,,49,49,,54,58,57,57,,43,53,43,36,33,,16,28,29,21,22,23,43,45,70,46,27,32,,30,35,,,50,41,,28,15,30,21,,38,43,29,27,14,,83,,69,73,59,69,64,50,70,63,43,53,55,55,48,49,48,,49,55,46,46,54,41,52,22,28,39,39,32,34,53,43,53,45,16,33,20,47,53,58,,45,46,28,48,75,53,39,44,29,36,50,40,53,51,47,49,43,36,23,40,,37,38,32,21,17,,19,27,20,18,15,33,28,22,26,35,27,30,,31,29,,,,15,15,,9,13,23,15,18,23,,15,15,11,,,,,,25,29,26,32,58,,19,,18,19,23,22,21,32,,31,42,32,37,,,,,22,21,17,18,20,18,,,27,21,16,35,43,,20,14,27,16,25,26,13,27,,28,36,32,35,24,26,20,27,24,,,23,,17,19,,14,27,,,,,43,,14,14,12,,14,19,45,35,43,34,22,29,19,24,,48,31,,22,24,56,,59,64,,39,59,75,,27,26,30,33,,,25,28,24,,33,35,28,18,17,53,42,,49,,,64,28,26,25,46,45,25,95,32,,32,34,33,65,64,75,70,84,83,,,30,31,30,19,,29,30,31,29,,53,49,48,36,24,30,61,46,,69,30,36,39,34,33,47,,44,,31,46,58,25,19,19,44,44,61,78,43,,47,14,,,37,44,28,31,,42,33,40,37,,82,31,,,67,29,30,49,,59,69,64,67,31,31,29,12,22,165,,24,124,,,33,,35,35,26,34,26,20,28,27,51,41,26,92,30,29,57,69,22,60,18,56,39,,50,46,39,37,,22,36,22,102,15,,35,29,37,77,,33,20,51,29,44,21,79,99,74,28,31,33,26,22,21,,,43,64,61,49,82,,32,46,,59,53,44,44,40,40,,41,22,,43,30,24,38,28,24,38,,,31,30,32,30,34,33,31,21,24,34,38,24,37,37,65,29,31,30,49,33,38,57,78,62,54,42,48,55,44,53,44,35,62,40,58,42,43,45,,38,24,29,32,30,27,31,56,68,36,48,21,23,99,62,80,82,55,67,84,17,28,14,26,16,22,22,22,28,9,13,19,,15,16,49,,31,40,25,49,41,83,24,29,34,,83,60,62,70,19,25,25,,96,24,26,,39,86,29,53,,39,29,41,51,59,26,40,37,35,52,53,,31,24,19,23,27,41,36,40,27,61,50,27,29,34,30,26,59,31,46,59,35,53,36,31,39,52,38,39,40,,51,53,51,42,40,42,67,40,55,40,60,89,20,38,36,76,48,43,,51,49,36,,71,93,74,97,36,,,19,,26,16,27,19,61,17,33,18,23,42,40,67,52,92,36,73,67,56,56,60,26,71,74,,68,39,39,32,30,26,,27,25,23,44,50,42,50,42,49,32,52,46,39,54,32,24,29,37,26,32,,32,32,30,31,23,12,18,27,,26,29,43,29,38,29,51,35,35,59,70,60,38,,50,42,62,50,60,31,65,71,53,65,45,69,66,32,52,58,52,64,59,,38,54,114,57,30,16,39,16,59,34,28,17,23,33,32,34,185,363,14,18,25,54,32,26,49,60,52,60,34,39,37,29,30,,37,78,41,50,29,32,32,,62,48,51,29,77,34,67,37,33,47,36,23,34,30,30,,34,17,49,88,67,119,,62,,22,27,19,34,,26,64,60,36,19,31,92,54,49,51,21,18,38,22,22,22,,68,84,40,29,56,25,33,56,70,21,18,30,24,75,46,40,33
20231004,19,PM2.5,7,3,8,9,8,10,7,7,10,7,7,21,,,12,,20,17,14,,15,,8,12,,6,8,,24,29,40,25,29,27,42,,16,17,,12,,5,24,22,,24,,31,25,34,14,,20,20,,26,2,,10,,17,7,10,13,11,6,13,17,,11,20,,23,31,12,,19,12,14,23,9,,,10,4,8,7,10,,6,7,,,4,6,14,6,,6,7,,5,8,4,3,10,,8,7,7,7,5,5,6,8,12,4,9,15,12,10,4,4,3,,6,7,5,2,2,7,,10,11,4,1,4,3,5,3,12,13,10,14,8,,10,9,9,11,17,17,22,17,14,,19,19,9,12,,10,8,10,9,13,8,2,16,15,8,,61,,,,54,46,,46,51,44,,,,22,,5,2,12,12,9,9,9,5,18,,,,10,21,,17,20,16,19,9,,9,40,35,31,29,33,34,30,,27,,57,72,,12,10,,18,12,15,,16,19,17,9,9,16,8,,,7,7,7,20,14,12,13,,12,,,15,,11,12,,16,14,16,5,2,4,,19,26,23,18,18,17,17,24,14,14,9,7,19,14,16,9,12,14,,,28,34,27,28,,26,20,39,29,24,,23,31,22,,37,12,12,15,,,10,7,17,19,,,19,12,10,17,17,17,46,44,41,44,52,46,42,40,,17,22,17,11,22,23,12,,17,17,20,22,28,22,18,26,27,20,24,18,31,35,,33,28,27,31,40,27,30,27,30,,38,50,28,29,,50,31,23,44,22,38,19,37,30,33,32,31,,40,32,28,42,22,45,,39,41,54,43,,,34,25,26,34,32,29,34,30,32,20,66,,23,26,28,36,34,22,28,29,,22,14,13,,6,,9,7,7,12,9,6,15,,,,17,9,8,,,33,16,,12,,,34,6,9,22,14,19,17,19,24,17,22,,10,7,9,11,5,6,6,5,5,6,5,5,16,11,23,15,16,19,18,17,,19,18,15,14,,24,,27,28,,,,,11,,,,19,19,10,9,3,12,12,,18,20,23,22,23,34,27,24,30,26,29,,64,22,20,10,,11,11,19,19,14,19,21,12,19,,10,7,3,8,8,10,4,8,7,11,9,12,16,10,23,24,22,,,28,,51,51,52,14,14,,7,31,,,12,9,13,14,,22,22,12,,51,64,39,41,56,5,8,7,9,5,,,,,,,46,,53,44,20,35,45,42,42,2,5,2,,14,,,32,,26,29,35,46,35,42,37,63,,31,21,24,21,7,27,34,34,12,29,25,,24,24,13,21,29,30,25,,,33,27,31,,20,15,,29,27,26,28,20,,24,6,,,53,51,,,,5,11,4,16,36,39,,31,22,,94,118,,125,,24,29,27,,14,23,13,14,10,,13,12,15,18,14,12,,8,9,14,11,9,11,5,9,17,11,9,12,15,12,19,43,10,6,9,11,13,7,,11,8,12,,3,19,8,24,8,27,7,8,5,6,14,14,14,14,,9,12,17,,10,39,40,32,26,,30,35,8,,43,,35,32,28,44,,61,44,,,,52,,42,,68,,,,48,30,44,20,24,,,,12,12,14,12,13,18,,23,13,25,9,25,22,,16,,,5,24,20,12,7,23,29,,24,8,5,14,24,15,22,16,19,12,23,14,12,12,5,21,20,,25,28,26,27,,10,7,5,6,12,16,13,2,,,,,24,17,,15,6,25,9,2,7,8,16,30,25,28,31,5,11,,13,24,,9,4,15,,28,22,,14,9,8,10,12,13,13,11,10,22,25,27,24,,,21,9,4,10,8,13,4,12,,16,2,20,22,26,,,15,,,,,24,,,,,,,,,,,,,,,,5,,,,,,,,,,,,,,,,,,,,,,,,,,,,,,,,,,,,,,37,27,23,19,20,36,24,24,36,,,,17,22,22,9,,,19,16,19,9,18,21,,22,18,42,,,27,49,,19,20,29,,29,,7,17,,,11,18,,,19,19,24,,,11,5,7,2,24,20,20,4,6,2,8,9,5,4,17,13,10,12,9,10,10,11,14,11,,15,23,14,,10,2,3,5,6,4,18,23,8,10,5,5,,,10,14,16,11,12,3,6,11,17,13,17,9,4,3,6,5,6,,,9,9,5,8,2,,,14,23,21,,31,32,25,,25,18,21,25,32,44,57,,19,13,14,9,23,13,11,10,,11,9,6,25,13,27,,23,,38,,,,,6,16,15,34,35,,10,,14,12,14,30,21,18,25,,22,12,6,,,18,20,19,,10,13,8,,,16,13,9,28,8,2,18,51,52,53,33,18,20,23,22,,2,20,20,24,26,,56,31,35,28,26,28,25,23,27,,32,34,36,27,31,33,31,28,9,18,13,,75,77,88,,68,75,53,85,,80,89,62,,66,37,30,43,39,,34,34,,38,39,39,39,,26,37,25,16,19,,10,8,15,13,15,16,30,31,51,32,12,22,,15,24,,,29,22,,19,10,21,12,,26,30,20,9,7,,61,,50,53,42,50,46,33,51,45,5,37,36,39,29,25,33,30,34,39,32,29,38,28,36,9,19,27,22,18,18,37,30,37,29,8,23,14,24,29,27,,15,25,15,14,55,18,27,19,20,12,25,28,29,35,24,34,26,25,16,28,,22,26,22,8,6,,,8,9,12,5,15,19,15,17,24,18,18,,12,17,,,,10,6,,6,6,2,5,12,,,10,10,6,,,,,,17,15,17,22,15,,11,,7,6,11,12,12,12,,16,17,22,24,,,,,15,14,11,10,13,6,,,9,5,6,18,19,,13,5,5,3,17,9,4,8,,19,22,18,12,10,18,12,18,10,,22,16,,8,2,,6,6,,,,,3,,,3,6,,5,10,7,9,11,8,6,16,12,10,,16,17,,11,14,26,,16,20,,15,18,19,,11,9,7,15,,,14,12,15,,7,13,19,8,1,17,13,,16,,,31,5,10,5,16,12,7,18,14,,14,17,10,24,28,23,23,33,29,,,15,10,14,10,,2,17,14,9,9,26,34,33,16,10,10,35,7,,37,7,22,21,6,13,16,,19,,5,25,27,16,1,9,9,7,18,15,8,7,21,5,,,2,24,14,12,,9,23,23,22,,60,17,,,48,12,4,29,39,38,40,46,48,9,18,12,4,15,125,,12,94,,35,23,37,24,14,9,18,2,10,16,10,34,14,10,68,14,13,8,36,15,41,4,13,27,,35,32,27,9,,8,11,12,76,7,,19,19,23,38,,9,5,29,15,18,12,58,36,54,12,4,11,18,9,9,,,30,35,33,34,60,,8,21,,27,37,22,20,9,20,75,20,15,,8,21,11,26,13,5,23,,,10,11,7,14,12,9,7,7,5,15,5,6,10,21,46,11,5,12,21,13,18,40,57,44,38,29,33,37,30,37,26,6,42,16,39,29,18,31,30,26,10,17,14,9,9,15,13,48,19,29,7,8,74,39,59,60,39,48,62,7,19,6,5,11,10,13,13,19,6,9,13,,9,11,34,,14,28,16,10,9,61,5,5,9,,61,12,13,41,11,11,9,,17,4,18,26,27,60,15,26,21,27,20,23,35,14,11,17,15,17,24,37,34,5,10,7,7,7,14,21,19,11,24,30,8,10,21,7,14,42,12,17,24,8,25,18,11,13,36,22,27,25,11,32,29,29,29,28,29,39,28,29,8,18,22,6,15,6,54,20,16,8,20,20,15,50,42,69,48,72,22,42,33,13,,7,7,11,2,4,9,20,8,12,26,28,12,12,68,14,48,36,39,25,32,7,44,27,,30,11,12,6,10,11,,6,15,16,19,19,29,16,27,34,22,36,31,27,38,22,9,15,9,9,11,,9,22,12,9,16,4,7,7,8,10,12,25,14,17,9,6,15,8,26,51,43,22,,24,11,17,22,20,13,33,40,36,14,7,20,11,21,18,20,6,37,42,51,26,38,86,38,19,10,27,9,42,16,16,8,16,17,6,7,80,108,7,7,6,17,22,6,27,43,15,22,23,27,19,10,21,,10,57,28,35,9,21,15,24,17,9,9,5,55,17,29,23,18,29,14,16,15,14,14,,5,8,28,11,48,90,56,44,,5,8,5,5,7,7,46,7,11,13,16,68,37,12,17,5,9,16,11,6,4,,49,60,19,14,22,12,7,12,39,8,1,21,5,54,9,9,14
20231004,19,PM2.5_24h,8,6,8,8,8,9,8,21,16,9,7,9,,,29,,29,25,31,,25,,26,29,,26,34,,34,42,49,35,43,49,36,,30,31,,28,,17,26,33,,28,,56,52,50,56,84,47,49,,51,4,,8,12,11,13,12,19,14,17,17,26,,17,34,29,36,31,26,,41,36,43,40,30,,,35,37,28,33,31,,6,6,,,3,4,4,4,,12,11,,12,10,13,10,12,,12,29,24,26,25,28,25,21,24,24,22,12,11,12,7,6,6,,8,10,10,9,9,11,7,11,12,9,6,12,10,9,9,8,11,8,11,7,,10,9,7,9,10,14,14,11,11,12,14,16,12,12,,11,11,10,12,12,11,4,9,7,7,5,36,,,,36,30,,33,34,31,,,,20,,9,10,13,11,13,13,11,11,17,,,,12,17,,19,21,18,20,17,,16,27,26,24,27,26,20,24,,19,,26,29,,14,14,,18,17,17,,18,16,18,13,9,17,7,,,8,8,8,17,15,15,16,,16,,,15,,9,12,,14,12,14,8,6,7,,24,24,24,20,21,21,16,18,20,18,16,10,23,18,16,22,19,23,,,18,18,18,17,,26,26,19,19,11,,23,18,12,,17,27,24,23,,25,26,23,32,26,,,24,24,21,25,24,22,34,32,26,34,39,33,30,30,,14,15,17,12,20,18,13,,16,12,15,18,19,19,14,19,17,15,26,13,35,36,,35,39,36,29,36,27,33,29,26,25,27,29,26,25,,36,23,24,26,28,21,30,24,30,34,33,27,,27,29,31,30,36,30,,31,25,23,25,,,29,25,26,30,29,29,31,25,30,30,29,,18,20,22,21,21,21,21,24,,14,12,13,13,5,,15,9,12,14,10,8,11,,,10,12,10,13,11,,23,18,18,23,,,23,8,13,22,17,19,15,17,26,19,15,,7,8,8,8,7,8,10,7,7,7,7,6,10,12,14,12,13,13,14,10,,16,12,10,13,,30,,35,33,,,,,19,,,,31,33,24,30,23,22,23,,18,19,19,18,17,25,20,22,19,18,21,,21,16,14,7,,4,5,7,6,11,15,12,14,12,,18,14,8,12,12,12,11,10,10,11,10,12,11,10,20,21,22,,,36,,39,37,42,35,35,,32,43,,,38,40,35,45,,34,34,39,,47,42,34,39,39,16,19,17,14,18,,,,,,,36,,46,38,25,34,26,23,27,14,11,15,,35,,,24,,27,23,24,26,28,30,27,30,,18,26,20,18,19,19,25,20,13,27,22,21,23,24,21,20,33,35,25,18,,22,22,25,,21,23,,27,27,26,25,21,,20,7,,,52,47,,,,9,11,8,10,43,46,,39,29,,64,68,,75,,38,34,40,,37,38,6,8,10,,15,14,17,18,16,14,,9,13,13,10,13,13,12,14,18,13,11,12,13,16,11,20,11,8,12,13,12,11,,11,7,5,,7,16,17,22,12,18,12,9,10,6,16,15,16,15,,14,14,15,,16,18,18,16,22,,17,19,7,,47,,44,38,35,45,,50,39,,,,46,,33,,48,,,,45,39,38,24,28,,,,8,11,7,8,23,22,,20,16,28,16,26,18,,20,,,5,14,17,9,6,29,30,31,31,10,7,12,15,26,35,28,22,28,20,11,10,12,12,15,19,,31,34,34,28,,8,12,8,10,15,20,24,14,,,,,23,22,,18,6,19,8,9,8,14,14,23,16,14,14,8,8,,11,13,,18,22,21,,15,16,,19,10,11,16,14,14,16,12,15,25,27,20,23,,,10,12,14,12,14,10,5,13,,16,7,25,25,30,,,26,,,,,27,,,,,,,,,,,,,,,,15,,,,,,,,,,,,,,,,,,,,,,,,,,,,,,,,,,,,,,18,30,27,24,22,27,28,25,29,,,,29,26,31,27,,,20,22,26,22,23,40,,47,44,36,,,36,52,,28,33,22,,27,,15,13,,,6,20,,,16,15,12,,,14,16,6,3,17,15,16,8,6,5,6,6,13,13,15,19,9,7,9,10,8,9,11,7,,10,14,11,,5,7,8,10,8,8,9,7,10,14,11,9,,,9,14,17,13,13,8,9,12,12,6,12,11,10,10,8,11,7,,,7,11,10,16,7,6,,15,13,12,,15,20,15,,18,17,8,18,16,26,32,,19,19,15,18,23,12,22,22,,26,7,6,13,11,16,,22,,36,,,,11,10,13,15,34,28,,19,,18,18,17,18,16,18,21,,25,20,22,,,21,20,21,,20,19,18,,,18,11,12,20,12,8,13,34,26,27,22,21,26,25,30,,12,26,28,29,30,,39,40,39,38,34,33,31,34,31,,38,38,38,23,31,29,30,26,22,29,24,,56,50,58,,47,47,47,49,,51,55,43,,53,29,30,36,34,,31,27,6,31,28,30,31,,33,33,35,15,20,,20,14,5,17,6,9,23,28,45,30,11,13,,31,31,32,,21,19,,18,10,25,24,,36,29,32,10,6,24,27,,25,35,25,37,32,31,33,33,7,30,35,31,27,23,34,32,36,40,27,28,28,27,29,5,9,13,12,12,10,15,16,17,15,6,10,8,36,35,37,31,15,18,16,18,22,18,21,23,24,19,21,25,26,57,33,31,28,27,19,21,,24,24,26,7,7,,2,13,7,11,5,21,17,20,19,25,24,18,17,21,25,,,,11,9,,9,7,1,3,8,2,,17,14,13,,,,,,17,16,19,20,10,,10,,5,9,9,10,11,9,,17,21,13,18,,,,,7,8,17,14,14,13,20,,9,8,7,16,16,,17,5,8,10,13,12,10,9,,18,20,18,18,12,10,10,9,12,,14,10,,9,7,,4,5,3,,16,,4,,1,4,7,5,5,7,19,23,20,21,8,12,10,8,,16,17,,15,15,16,,22,19,,21,17,22,,16,16,17,22,,,17,13,12,,12,8,19,107,5,15,18,,20,,,29,14,16,10,14,20,18,23,10,,13,16,15,24,28,33,50,56,48,,,24,19,22,11,,5,15,16,14,7,27,37,38,31,26,24,48,44,,29,9,19,17,8,14,14,,23,,32,41,25,17,8,9,14,8,10,12,12,10,14,4,,,19,23,16,24,,22,27,37,19,,25,12,,,28,14,12,19,35,28,36,28,34,14,25,12,5,14,71,,29,59,,24,21,33,25,14,10,14,38,15,21,10,18,17,25,48,17,25,12,38,13,40,4,37,32,,24,26,22,9,,10,24,9,60,23,28,18,23,20,34,36,24,16,34,15,20,11,51,20,36,22,36,7,9,6,6,,,31,21,36,19,27,4,22,18,,17,37,25,18,24,19,57,32,17,,10,29,23,30,22,5,15,,6,9,10,8,11,11,8,7,9,10,7,7,6,5,26,33,11,13,6,18,20,21,28,33,39,39,35,31,32,24,26,25,18,31,27,31,26,15,24,31,26,7,38,26,25,36,15,7,29,13,30,15,17,50,40,45,45,32,40,41,6,16,6,5,8,13,12,9,15,17,8,9,10,10,11,21,,24,27,21,24,35,34,33,13,35,,43,35,36,45,8,8,10,,22,6,20,27,25,24,12,20,25,34,20,21,36,12,17,15,14,16,30,16,26,33,22,16,6,10,13,16,14,11,24,13,14,13,16,12,7,29,17,15,17,19,21,23,14,12,25,22,25,23,10,27,22,18,24,27,21,25,23,42,31,52,34,15,25,29,23,13,15,13,18,21,20,37,33,54,34,50,30,34,34,7,8,9,9,11,11,6,27,30,25,27,19,22,27,22,40,39,40,37,29,35,37,12,24,43,,41,41,42,32,13,19,16,12,13,13,16,24,26,14,29,27,21,24,32,20,26,25,11,15,9,11,12,,7,13,9,19,31,7,8,10,11,16,15,18,15,14,9,11,11,10,54,40,54,19,,53,20,28,35,25,30,50,41,47,58,42,33,35,38,35,31,27,27,40,47,30,32,63,33,37,16,10,16,33,14,13,9,16,13,6,7,68,83,8,7,36,40,27,9,23,26,33,24,26,27,14,13,20,,14,31,34,45,14,21,21,25,24,39,43,38,47,25,29,26,20,15,11,22,15,15,15,,5,4,22,22,44,71,52,34,,5,12,5,7,8,11,46,26,4,8,24,49,24,25,31,9,14,7,17,4,4,,22,61,16,11,22,10,8,11,19,6,1,28,35,40,35,15,15
20231004,19,PM10,20,11,23,17,24,27,24,19,20,19,20,59,,,32,,39,31,30,,34,,20,27,,19,20,,60,75,92,58,72,56,97,,57,31,,40,,16,55,32,,45,,53,47,52,74,,72,57,,46,20,,19,,22,18,23,25,40,20,32,34,,40,45,,50,68,52,,60,76,65,64,32,,,38,24,26,22,49,,17,14,,,14,22,29,17,,40,70,,100,77,75,36,49,,110,18,20,24,16,15,27,10,22,19,32,35,38,34,24,30,20,,24,32,33,3,6,27,14,1,10,8,2,2,9,2,15,24,26,20,21,22,,22,22,20,22,28,34,34,34,34,,31,38,27,18,,26,23,24,20,24,17,16,24,22,21,,85,,,,78,63,,85,85,83,,,,46,,22,19,23,22,27,31,19,24,21,,,,24,20,,24,26,26,29,24,,23,58,70,66,61,70,61,55,,49,,84,110,,30,23,,32,25,23,,30,37,29,25,18,21,39,,,20,20,13,29,25,25,28,,26,,,28,,36,27,,24,22,33,18,18,17,,42,47,35,25,28,37,40,46,34,29,36,29,36,31,44,27,24,31,,,46,55,47,46,,53,42,59,53,46,,55,48,15,,42,58,78,61,,,76,61,73,46,,,61,90,70,63,73,59,77,66,82,62,92,80,67,65,,22,32,29,31,22,27,22,,27,20,25,30,45,33,34,39,44,38,43,37,46,52,,40,49,44,41,70,40,40,31,48,,56,85,36,50,,49,46,36,80,51,52,50,35,31,46,50,41,,34,39,36,62,56,50,,40,60,59,68,,,46,36,34,48,49,44,63,44,45,29,75,,49,51,41,54,58,34,35,46,,19,28,31,,6,,10,8,13,27,15,4,14,,,,17,18,18,,,39,37,,50,,,58,30,19,29,29,22,29,34,31,36,27,,7,12,18,16,30,17,14,10,12,8,26,18,24,16,26,22,24,20,17,18,,28,24,110,21,,38,,23,28,,,,,102,,,,25,33,27,26,41,29,37,,40,45,44,39,41,44,41,47,53,48,44,,79,56,52,27,,31,38,31,45,53,48,34,34,51,,39,30,30,16,22,18,19,90,80,57,94,110,113,92,69,66,60,,,80,,122,168,124,117,75,,67,88,,,40,46,40,41,,67,61,39,,83,105,85,56,95,36,27,17,19,24,,,,,,,78,,117,83,53,73,83,78,85,24,32,32,,27,,,40,,28,31,54,71,60,40,75,95,,85,62,64,46,78,59,63,51,34,51,33,,35,20,75,27,36,36,46,,,46,36,41,,41,48,,43,51,55,55,27,,39,16,,,122,125,,,,34,39,28,36,54,57,,45,63,,133,145,,183,,52,40,94,,72,26,38,26,24,,31,48,81,75,44,32,,90,94,67,82,65,106,24,26,66,31,36,42,113,151,96,124,88,23,25,24,40,19,,13,16,14,,11,32,25,34,31,32,2,11,6,11,12,32,28,32,,27,25,20,,22,60,48,54,49,,55,52,13,,45,,39,33,43,46,,125,92,,,,76,,84,,96,,,,43,42,76,28,48,,,,24,21,36,21,32,34,,25,19,24,19,18,29,,31,,,14,28,28,21,7,22,42,,37,31,28,34,36,25,33,33,39,37,34,33,27,20,25,34,32,,33,34,28,38,,16,16,18,9,22,17,18,15,,,,,51,38,,51,4,25,19,12,17,13,23,31,43,33,33,22,13,,17,18,,22,21,25,,45,45,,30,16,19,18,18,6,18,12,14,22,27,31,30,,,108,46,39,38,24,66,22,19,,39,13,74,73,59,,,63,,,,,61,,,,,,,,,,,,,,,,29,,,,,,,,,,,,,,,,,,,,,,,,,,,,,,,,,,,,,,53,34,47,56,51,50,49,49,39,,,,45,48,55,30,,,52,67,44,49,60,44,,43,41,53,,,54,61,,52,54,73,,73,,28,21,,,59,28,,,59,56,27,,,24,23,30,16,63,55,40,93,74,56,35,90,65,69,92,62,96,93,96,91,98,117,125,91,,80,68,42,,14,30,40,52,16,13,23,46,24,32,28,17,,,20,14,17,17,7,8,12,16,14,11,15,17,18,15,13,13,9,,,14,9,31,26,4,,,27,66,61,,66,68,48,,49,57,47,57,54,81,93,,36,45,35,41,24,28,27,32,,27,31,25,46,30,41,,51,,60,,,,,39,53,78,61,47,,22,,27,28,32,40,26,40,46,,18,15,22,,,26,27,25,,9,18,20,,,33,43,22,25,15,29,38,87,66,70,58,20,38,47,34,,28,16,28,22,24,,49,39,63,54,43,40,44,43,43,,52,54,58,41,48,54,46,51,30,31,24,,130,148,133,,86,103,101,98,,141,154,68,,51,56,49,63,63,,49,46,35,44,65,63,64,,43,47,43,36,33,,13,28,16,21,17,16,39,34,42,30,27,27,,14,17,,,50,41,,28,14,28,21,,37,24,25,27,14,53,83,70,63,69,62,65,67,50,77,61,43,32,60,40,48,49,48,52,45,53,34,46,52,41,50,22,28,37,39,32,34,47,38,42,45,16,27,18,47,55,65,,45,46,26,48,44,55,39,44,22,36,50,36,55,52,47,35,43,32,21,33,,37,35,17,13,14,,5,27,20,16,15,33,19,19,26,31,27,30,,31,29,,,,9,15,,7,13,23,14,9,23,,14,14,11,,,,,,23,29,26,26,65,,19,,4,17,17,17,17,32,,31,42,32,37,,,,,11,21,12,14,18,15,,,14,21,12,35,43,,20,7,27,16,19,26,11,27,,22,36,32,35,24,11,20,27,21,,22,22,,17,11,,11,27,,,,,4,,5,9,8,,14,19,45,35,43,34,7,29,19,14,,35,24,,22,21,62,,67,77,31,39,68,100,,27,26,28,33,,,20,16,22,,14,35,18,18,2,56,42,,49,,,78,28,14,20,46,45,20,140,30,,25,30,21,80,77,99,90,118,115,,,28,26,29,19,,29,26,28,20,,55,46,43,36,24,30,72,46,,87,30,36,35,19,33,31,,44,,31,46,66,25,12,18,44,44,71,106,43,10,47,4,,,37,44,28,31,,42,21,40,37,,94,22,,,83,21,25,46,66,68,87,61,80,21,8,29,11,17,164,,24,97,,46,20,38,31,34,26,34,22,20,28,8,52,32,25,124,30,29,64,88,20,70,1,61,32,,38,39,35,37,,22,36,22,112,7,,35,29,37,104,,33,20,51,29,44,21,63,148,83,28,31,33,24,22,21,,,15,78,72,44,84,,32,46,,67,44,44,44,40,33,93,41,22,,43,26,24,34,27,24,38,,,26,26,25,28,34,26,20,20,17,34,38,14,37,35,79,24,14,24,40,33,38,53,88,74,45,39,45,60,44,50,44,35,73,40,66,31,43,40,37,38,23,29,32,30,27,24,62,86,28,48,19,19,83,74,91,65,57,47,49,17,19,14,26,10,22,22,22,19,6,12,13,,11,9,48,,31,39,25,49,41,98,24,24,34,,102,70,73,90,15,17,19,,142,4,18,27,30,121,23,56,38,39,22,41,52,67,26,40,37,35,54,51,50,31,24,17,23,27,41,34,25,25,71,50,18,22,22,17,17,55,25,46,67,35,55,36,31,39,44,38,30,40,50,51,56,51,38,35,37,83,40,60,40,70,128,15,38,15,102,48,43,31,52,49,36,75,91,124,97,128,36,66,56,11,,26,14,27,19,71,17,33,13,23,42,40,83,54,134,36,96,83,61,62,70,17,92,97,,85,39,39,32,30,26,,27,12,15,29,50,35,50,42,41,30,50,46,31,50,31,19,29,37,26,32,,32,19,30,14,18,8,12,27,18,22,20,43,25,38,18,51,35,35,67,80,66,38,,50,42,74,50,70,31,79,92,56,79,45,88,81,32,54,66,53,78,50,,32,32,115,63,30,16,28,16,68,34,28,16,21,33,21,34,320,470,14,13,25,58,29,24,49,66,54,41,34,36,37,15,26,,37,102,41,31,29,32,32,80,73,48,52,29,103,34,83,37,33,47,36,14,28,30,30,,34,5,49,126,60,133,126,57,,14,27,14,34,28,26,73,70,36,9,31,111,58,49,52,21,18,38,22,22,9,13,86,117,40,29,62,25,24,61,90,8,12,28,24,100,46,40,33
20231004,19,PM10_24h,16,13,17,15,18,18,20,42,28,20,16,20,,,59,,57,51,62,,51,,54,52,,54,59,,78,86,84,78,84,82,72,,62,61,,56,,50,47,53,,53,,74,78,75,91,117,91,111,,87,21,,24,24,19,36,33,37,38,25,42,44,,43,66,56,64,74,70,,91,100,86,90,64,,,85,87,60,62,71,,15,16,,,11,15,17,12,,32,34,,31,45,31,26,30,,29,58,48,58,51,43,50,41,55,43,35,26,24,22,20,21,16,,21,23,24,13,14,21,24,18,18,18,17,17,21,13,24,21,22,19,20,20,,20,22,22,21,24,27,29,25,27,28,24,26,23,20,,25,26,23,24,21,23,15,17,15,17,14,62,,,,57,52,,59,57,49,,,,33,,24,32,28,24,25,26,20,26,28,,,,29,26,,29,28,27,27,28,,31,37,45,45,46,50,40,34,,30,,44,49,,32,26,,34,27,24,,28,29,31,35,17,24,32,,,26,20,19,32,29,34,34,,35,,,26,,27,26,,30,22,28,18,22,19,,48,40,40,35,35,35,36,34,36,30,30,28,39,29,36,35,35,35,,,39,35,40,39,,53,55,36,29,22,,31,31,17,,30,57,54,59,,58,70,58,65,49,,,56,55,55,54,54,53,65,60,57,62,68,64,62,61,,22,25,23,24,23,23,20,,22,21,23,28,26,27,20,22,26,27,37,31,56,54,,50,66,47,44,58,44,49,36,43,48,45,59,38,46,,47,44,41,59,40,40,40,38,46,49,52,46,,39,47,46,46,49,43,,43,43,43,47,,,50,43,44,48,46,45,59,58,47,44,41,,34,34,33,34,35,39,36,64,,24,28,25,24,11,,23,11,17,26,15,11,15,,,17,20,16,24,16,,36,32,35,41,,,38,22,25,26,27,25,30,30,31,25,20,,18,11,16,18,20,17,15,13,10,11,17,10,22,21,23,20,21,17,23,13,,27,23,27,22,,42,,37,38,,,,,37,,,,55,67,60,64,67,54,58,,45,30,30,29,32,32,37,37,34,34,37,,29,37,32,20,,22,18,19,17,40,32,27,29,34,,39,31,42,23,26,23,24,28,27,24,37,45,36,36,45,43,47,,,79,,81,94,82,70,87,,79,80,,,74,79,70,82,,65,63,77,,79,73,72,64,61,50,41,37,29,46,,,,,,,72,,91,69,54,74,50,47,53,26,30,35,,67,,,36,,34,32,38,47,46,51,50,56,,41,45,38,37,45,32,43,37,31,38,32,34,39,36,51,42,39,45,40,32,,35,33,37,,37,36,,56,52,63,58,29,,42,13,,,100,90,,,,29,29,23,28,61,59,,55,70,,112,106,,114,,82,79,97,,75,50,24,22,21,,30,34,38,47,35,37,,34,30,29,29,26,34,25,30,44,26,25,28,33,52,33,43,32,21,22,23,30,22,,14,13,14,,10,31,22,26,24,25,14,17,11,16,14,25,27,27,,23,26,27,,20,27,24,29,24,,25,31,12,,55,,60,52,48,53,,90,82,,,,83,,76,,79,,,,78,53,68,41,53,,,,17,16,23,17,40,41,,27,27,31,25,27,27,,29,,,24,23,20,20,9,40,45,42,48,20,26,24,32,38,41,50,37,48,33,23,22,19,21,18,25,,44,49,46,43,,20,29,21,15,28,33,40,32,,,,,53,41,,40,11,21,23,16,19,17,22,23,26,22,24,19,18,,23,21,,29,32,41,,31,40,,44,14,15,22,18,22,26,20,22,31,31,28,34,,,43,34,65,49,68,57,18,25,,26,16,88,90,97,,,58,,,,,55,,,,,,,,,,,,,,,,40,,,,,,,,,,,,,,,,,,,,,,,,,,,,,,,,,,,,,,31,43,44,44,51,54,46,55,50,,,,67,71,65,57,,,57,72,57,64,68,86,,92,76,55,,,60,74,,53,56,67,,86,,47,32,,,48,24,,,49,47,23,,,21,21,22,22,41,41,37,44,36,29,28,41,26,29,27,33,32,29,42,28,36,43,61,32,,38,38,25,,13,13,25,26,25,22,16,28,20,34,25,22,,,25,18,21,33,12,19,24,23,13,13,15,18,22,18,19,18,12,,,11,17,24,22,10,12,,15,36,36,,28,32,24,,32,32,22,35,28,43,61,,34,35,39,45,32,29,31,32,,32,30,24,27,22,25,,37,,48,,,,25,31,22,36,52,45,,30,,28,24,27,34,32,37,56,,37,30,40,,,27,29,30,,31,36,28,,,33,21,20,20,19,31,19,50,40,41,35,27,49,52,43,,42,40,48,43,43,,55,51,68,53,51,54,51,52,51,,61,59,56,34,48,49,42,42,41,52,48,,89,90,84,,79,69,90,63,,95,99,63,,60,55,49,57,55,,45,39,30,39,51,42,60,,50,47,45,45,43,,36,43,8,32,16,14,38,41,38,38,31,28,,44,44,47,,31,32,,32,17,38,36,,48,39,36,26,16,25,47,40,39,51,41,46,52,46,50,45,34,32,51,39,46,46,40,46,45,50,41,42,39,39,39,11,16,23,25,22,24,21,22,25,24,12,20,15,66,82,82,71,31,42,26,40,45,50,39,42,30,41,49,39,59,61,51,40,44,30,29,35,,47,39,36,19,15,,6,24,20,20,16,30,21,22,26,37,30,30,30,42,34,,,,17,18,,18,13,14,9,11,20,,23,20,19,,,,,,29,28,24,26,22,,14,,5,13,15,16,16,22,,24,30,22,26,,,,,13,15,22,20,23,21,26,,18,11,11,25,21,,23,10,24,15,13,17,13,13,,25,32,27,27,20,11,17,15,28,,25,17,,15,8,,8,14,11,,32,,9,,6,8,13,12,13,13,57,76,66,58,11,22,16,17,,35,29,,19,22,30,,38,44,27,39,35,47,,32,25,31,32,,,32,23,15,,16,25,18,18,6,40,60,,54,,,74,27,20,19,54,59,60,74,20,,35,27,29,86,89,92,175,174,155,,,51,41,50,18,,29,32,35,36,11,58,54,51,57,53,47,80,93,,81,26,30,26,22,30,24,,37,,55,66,39,24,18,19,38,29,32,35,30,18,27,5,,,48,46,31,52,,63,48,66,27,,38,20,,,56,26,30,32,48,50,68,50,63,22,37,22,19,19,117,,52,69,,36,37,43,34,38,18,28,71,22,38,20,33,34,52,92,24,42,46,76,18,70,7,79,44,,27,31,25,28,,29,61,20,64,30,47,30,32,30,87,78,39,44,59,26,29,24,69,63,58,31,73,15,16,16,13,,,31,52,77,25,43,10,38,35,,29,64,49,27,45,33,84,56,31,,26,40,34,41,37,20,35,,16,21,23,22,25,32,26,21,20,23,15,61,16,30,32,57,22,18,17,29,36,33,38,50,61,49,72,51,56,40,43,42,39,56,46,54,32,35,38,46,53,14,64,53,61,67,26,30,58,22,41,27,27,72,69,63,58,48,47,52,14,16,7,13,16,21,23,22,22,20,15,14,12,15,12,33,,31,32,28,60,65,58,67,33,70,,71,84,90,81,13,17,17,,43,9,23,34,26,34,23,34,42,40,47,40,57,30,36,35,33,29,60,22,39,70,39,29,19,21,26,28,28,22,48,27,27,27,21,23,14,40,25,34,41,61,51,57,34,33,35,48,29,35,49,48,41,33,31,33,30,48,36,78,54,104,93,29,49,53,65,27,25,23,33,39,31,64,75,85,73,99,47,52,59,13,11,23,10,21,24,31,37,40,35,40,31,35,77,48,83,73,76,83,57,54,69,26,50,90,,81,77,90,65,43,68,21,42,15,24,32,56,41,44,48,38,36,45,52,35,36,34,18,26,28,22,22,,25,16,27,28,28,13,14,22,20,26,21,35,26,26,19,38,31,28,83,59,82,48,,84,61,64,64,66,57,106,73,80,118,76,91,92,88,87,81,84,64,64,105,44,41,101,57,50,18,25,20,59,24,23,18,22,26,20,38,251,249,16,10,59,97,65,45,38,55,56,44,43,43,32,18,26,,24,64,55,55,17,29,37,46,61,74,78,72,83,59,73,43,38,26,25,29,28,34,30,,13,1,38,98,63,106,101,53,,14,29,11,16,27,26,65,56,20,9,48,85,32,63,56,22,25,18,31,14,11,22,51,101,38,27,53,27,26,29,44,11,9,43,76,67,71,35,26
20231004,19,SO2,3,3,3,3,1,1,3,3,3,3,3,3,,,7,,3,5,4,,6,,4,4,,6,3,,3,2,2,2,4,4,1,,3,2,,,,8,10,9,,3,,3,2,6,3,,4,6,,6,3,,3,,6,6,5,4,1,2,1,1,,5,6,10,6,6,9,,7,5,4,6,6,,,1,10,8,13,7,,6,5,,,,6,4,6,,6,7,,6,5,7,7,5,,5,5,10,10,6,6,6,6,7,4,7,5,6,5,5,7,6,,5,6,4,4,6,6,5,2,3,2,6,5,6,5,8,4,8,7,7,8,,4,6,7,5,5,3,4,5,7,,6,7,2,4,,7,8,8,7,8,7,6,6,7,6,,8,,,,8,8,,7,7,8,,,,9,,5,6,6,6,6,8,8,7,8,,,,10,16,,5,1,2,6,5,,6,7,6,8,8,7,11,11,,8,,10,9,,8,4,,6,8,8,,9,6,8,7,5,8,5,,,7,7,6,5,5,4,6,,7,,,5,,4,4,,5,4,6,6,5,5,,4,4,3,1,3,5,6,6,4,6,5,5,7,5,5,5,,6,,,5,4,3,4,,2,4,4,5,6,,3,6,7,,6,5,4,6,,4,3,3,5,4,,,7,6,7,9,8,9,6,4,6,6,7,8,7,7,,8,6,6,8,7,7,6,,7,5,4,6,6,4,4,4,4,3,2,7,4,8,,3,5,8,6,4,5,5,6,3,7,9,6,5,7,,4,6,7,9,6,6,6,7,7,7,6,7,,6,2,4,8,5,4,,6,6,4,6,,,,4,8,6,6,6,4,7,4,5,6,,5,5,8,6,7,7,6,5,,7,7,5,8,6,,5,8,5,6,6,5,6,,,,6,7,7,5,,4,2,,2,,,5,7,2,3,3,5,5,9,3,8,4,,5,8,10,8,17,7,8,7,8,8,6,6,6,6,5,6,5,6,3,5,,5,3,4,6,,3,,6,7,,,,,5,,,,13,,5,3,1,4,5,,14,8,4,6,11,6,5,5,4,5,4,,4,4,5,10,,12,11,9,12,4,44,4,3,5,,4,7,3,10,8,11,6,8,8,6,11,8,11,11,8,7,4,,,13,,12,13,9,8,10,,11,3,,,10,11,8,6,,8,10,5,,5,6,10,10,6,9,6,4,6,2,,,,,,,10,,,11,8,11,12,11,13,2,,6,,6,,,13,,24,26,24,6,5,8,9,9,,9,8,6,7,7,8,9,6,6,8,3,,7,8,6,7,5,6,5,,,13,6,8,,5,8,,7,6,7,4,5,,7,5,,,4,4,,,,8,11,12,7,13,13,,18,18,,20,22,,,,14,9,11,,7,9,9,14,8,,6,18,12,11,10,14,,5,5,8,6,6,8,7,11,8,9,8,6,10,7,8,17,12,7,7,7,14,6,,5,2,5,,4,5,5,5,5,5,5,4,4,2,5,7,6,6,,8,9,6,,5,7,9,9,10,,11,10,10,,4,,3,2,2,1,,11,12,,,,5,,4,,15,,,,4,6,6,6,5,,,,6,4,7,,5,6,,7,6,7,7,4,3,,6,,,3,6,8,3,7,4,10,13,8,13,4,4,5,8,5,7,8,6,5,3,3,4,7,8,9,,6,5,6,7,,8,6,2,4,5,4,4,2,,,,,3,3,,1,2,2,3,2,3,3,4,8,2,2,8,3,4,,2,3,,7,3,6,,8,5,,2,8,4,7,6,6,7,10,6,4,4,,6,,,8,4,10,13,4,4,9,5,,10,7,9,7,9,,,8,,,,,8,,,,,,,,,,,,,,,,8,,,,,,,,,,,,,,,,,,,,,,,,,,,,,,,,,,,,,,6,4,4,4,5,7,,5,8,,,,6,5,7,5,,,5,10,6,8,9,12,,13,14,5,,,4,4,,8,11,8,,13,,8,8,,,5,5,,,5,2,6,,,1,3,10,13,11,12,8,3,3,8,7,5,8,7,7,13,6,7,5,7,5,7,6,3,,3,6,7,,7,6,8,7,5,2,6,7,6,6,6,5,,,5,10,7,11,10,7,6,6,2,4,5,6,2,8,4,3,1,,,7,4,11,2,2,,,5,4,4,,4,5,4,,6,5,9,9,2,9,7,,6,6,9,3,3,6,9,8,,7,5,5,6,9,7,,7,,7,,,,3,10,6,6,7,5,,6,,4,5,5,7,8,7,7,,6,4,7,,,4,4,6,,5,5,4,,,5,4,4,6,7,4,12,32,28,23,26,15,16,9,19,,5,2,3,5,4,,15,5,22,5,17,14,9,13,2,,6,5,12,2,4,10,4,4,,9,3,,9,16,16,,8,7,8,12,,9,10,4,,4,7,3,6,2,,6,4,8,7,5,7,8,,8,7,7,4,5,,7,6,9,6,6,6,7,8,7,8,4,5,,9,5,,,11,7,,9,6,7,8,,7,6,6,10,8,14,22,6,9,15,11,6,7,3,6,9,4,2,3,3,1,4,5,,4,3,8,6,7,6,6,4,1,2,5,3,4,3,1,5,5,6,6,6,14,8,8,12,2,8,3,8,6,7,5,6,4,10,6,6,4,13,12,12,12,4,7,8,,5,6,5,6,3,,2,6,6,5,6,6,6,6,6,5,7,8,,6,8,,,,4,6,,7,5,8,9,10,8,,8,6,7,,,,,,5,4,4,8,8,,5,,7,6,12,13,13,19,,6,7,6,6,,,,,1,1,5,4,5,5,3,,5,6,5,8,5,,8,8,10,10,6,6,3,4,,5,7,6,9,7,9,4,6,10,,,4,,7,7,,7,9,3,,7,,6,,5,7,17,,7,7,12,19,22,15,8,34,9,5,,142,8,,12,6,5,,9,7,4,7,12,5,,5,5,2,3,,,10,4,3,,7,13,11,13,9,10,9,,10,,,18,6,3,6,9,6,3,6,9,,6,8,8,7,7,2,2,4,5,,,7,9,8,5,,4,10,10,2,7,1,16,5,5,4,4,4,15,,7,16,5,4,8,4,5,,5,,7,3,7,6,7,8,11,11,6,6,5,,6,4,,,4,6,6,6,,16,11,8,5,,9,8,,,6,6,6,12,9,8,6,9,7,6,9,6,6,7,25,,4,4,,,4,,5,4,21,2,1,4,6,3,5,3,4,11,7,2,15,11,1,10,6,7,8,,9,7,7,7,,1,9,6,4,5,7,4,7,6,13,,7,3,7,7,7,4,8,4,7,11,6,8,7,6,4,,,10,6,3,12,9,8,6,7,,6,6,16,10,9,5,7,6,7,,5,10,6,14,42,4,7,,3,8,8,6,10,7,7,8,3,8,9,9,11,7,8,10,9,8,6,13,20,9,6,5,5,4,6,5,6,7,3,5,7,6,5,8,6,7,4,,2,2,7,6,5,5,9,4,6,7,5,6,6,10,13,9,6,7,1,3,7,4,7,11,9,4,8,14,17,14,1,9,,9,10,2,,2,8,8,6,5,10,9,5,7,,11,6,6,6,7,4,4,,6,3,8,,6,8,4,6,8,3,7,9,12,4,4,5,5,5,1,5,15,6,3,3,8,12,4,7,4,8,8,1,10,7,7,10,7,8,6,8,8,3,2,7,9,16,5,8,7,7,8,7,6,7,6,5,8,8,6,3,2,4,7,3,9,6,7,3,7,,6,9,5,,11,19,12,10,7,,4,9,,10,6,7,4,2,2,6,4,3,8,7,4,4,10,11,9,8,9,8,10,3,13,4,,3,14,10,7,3,5,6,6,8,2,6,2,1,6,7,8,2,8,11,5,3,6,4,4,2,8,4,,8,4,6,7,13,7,7,4,,5,8,4,6,3,5,14,13,10,8,14,20,25,,5,5,3,2,1,2,3,30,3,4,8,10,8,9,9,6,13,10,6,10,3,4,15,4,9,6,12,5,17,4,4,4,4,5,8,3,5,4,6,4,4,13,3,12,7,6,8,3,9,8,7,9,8,,7,6,1,1,8,5,2,8,8,12,5,9,6,8,19,7,6,6,4,5,8,3,5,,5,4,4,5,6,16,,4,,1,3,2,1,9,9,6,7,10,11,2,11,5,2,3,3,3,3,3,6,4,8,6,12,5,5,6,4,6,3,4,7,4,7,4,11,6,7,9
20231004,19,SO2_24h,3,3,3,2,3,2,3,3,3,1,3,3,,,8,,5,7,6,,7,,6,5,,8,4,,8,3,3,6,5,7,5,,3,5,,3,,11,11,12,,8,,7,9,10,5,6,6,6,,7,2,,2,2,6,7,6,5,3,2,2,2,,5,7,10,8,5,9,,16,11,10,13,8,,,6,12,8,16,8,,5,5,,,8,6,4,6,,10,13,,8,7,10,8,7,,7,6,10,9,8,8,6,7,10,6,8,5,6,5,5,7,6,,5,6,4,6,6,6,5,3,4,3,7,7,7,6,8,4,9,7,8,8,,4,6,7,5,5,4,5,4,8,5,5,8,3,11,,8,10,9,8,8,10,6,6,7,6,7,9,,,,7,8,,7,7,7,,,,10,,7,9,10,9,6,8,10,9,9,,,,12,10,,5,4,4,8,8,,9,7,7,10,7,8,7,6,,10,,9,9,,8,5,,7,8,8,,9,6,9,7,6,8,5,,,7,7,7,6,5,4,6,,8,,,4,,5,5,,6,4,6,6,5,5,,4,4,3,4,2,6,6,6,6,6,5,5,7,4,5,5,6,6,,,5,3,3,4,,4,4,4,5,7,,6,6,8,,7,7,5,7,,5,5,5,8,6,,,10,9,9,10,9,9,6,5,6,7,7,7,7,8,,8,6,6,8,7,7,6,,7,5,4,6,5,4,4,4,3,3,2,6,4,7,,3,5,9,4,4,5,6,6,3,6,9,6,5,7,,3,6,6,8,6,7,6,7,10,7,6,9,,8,4,6,8,6,4,,7,7,5,7,,,6,3,11,6,7,8,4,6,6,9,6,,7,7,11,7,8,12,8,8,,6,7,5,8,6,,5,8,5,6,5,5,6,,,7,6,7,6,5,,3,2,3,2,,,4,7,4,3,3,5,5,8,3,7,5,,8,8,9,7,17,8,7,7,9,8,7,6,7,6,5,6,6,5,3,5,,5,2,4,7,,4,,8,10,,,,,17,,,,11,17,7,3,3,5,7,,12,7,4,7,10,6,5,5,4,5,5,,4,4,5,9,,18,10,9,15,30,32,7,5,14,,6,8,6,11,8,10,6,9,10,6,18,10,10,12,7,7,4,,,11,,12,12,14,8,11,,12,7,,,11,14,9,12,,9,10,17,,7,6,8,8,7,11,6,5,7,2,,,,,,,12,,7,10,8,10,9,7,11,4,6,8,,20,,,13,,12,9,13,8,9,10,11,9,,10,9,9,10,8,7,11,11,14,14,3,6,8,8,6,7,5,6,5,10,,8,8,8,,5,8,,9,8,7,6,6,,10,5,,,12,11,,,,11,10,13,9,12,14,,18,19,,15,17,,17,,19,11,17,,11,12,9,14,9,,6,11,11,14,12,7,,10,7,9,7,8,9,7,14,16,8,14,6,8,15,10,8,9,7,7,8,10,7,,5,2,5,,4,5,5,6,5,5,5,4,4,7,5,7,6,5,,8,9,6,,6,7,9,7,10,,10,8,11,,5,,4,3,3,2,,11,10,,,,5,,5,,9,,,,7,7,7,7,7,,,,6,5,8,6,6,6,,7,6,7,7,4,3,,8,,,5,7,9,3,9,4,10,9,7,7,4,4,5,12,7,9,10,8,8,3,3,4,4,7,7,,7,5,7,8,,8,13,7,5,5,5,6,4,,,,,4,6,,5,2,2,3,2,3,3,5,7,2,1,6,4,5,,2,3,,7,2,6,,7,5,,5,8,5,7,6,6,7,9,5,4,5,2,6,,,11,4,27,25,27,6,9,6,,9,7,12,7,9,,,6,,,,,9,,,,,,,,,,,,,,,,9,,,,,,,,,,,,,,,,,,,,,,,,,,,,,,,,,,,,,,6,4,3,4,5,9,7,8,11,,,,7,6,8,6,,,16,20,17,19,19,10,,11,12,6,,,5,7,,12,9,4,,9,,8,9,,,5,5,,,6,5,6,,,2,3,10,12,11,12,9,3,5,9,6,6,9,9,8,13,8,7,4,9,8,13,10,5,,3,6,10,,8,5,9,10,6,2,6,7,6,6,7,5,,,6,11,9,11,11,8,6,6,3,6,8,6,2,4,4,3,1,,,7,6,7,2,2,6,,5,4,4,,5,5,4,,7,9,9,9,2,8,7,,6,6,8,4,3,6,7,6,,5,4,4,6,8,7,,7,,8,,,,5,10,7,5,14,8,,5,,4,6,5,7,7,7,7,,10,4,14,,,4,5,5,,5,9,5,,,5,4,6,7,6,9,11,30,24,22,23,23,15,11,16,,9,6,23,20,13,,17,10,14,6,10,14,10,12,13,,15,13,21,2,4,2,4,5,,11,4,,12,12,13,,8,7,8,6,,5,6,6,,6,8,4,8,3,,5,4,8,7,6,8,8,,6,6,6,5,6,,9,6,9,7,6,6,8,9,7,8,4,4,,9,7,5,,8,7,,9,7,7,6,,7,6,6,10,8,14,16,6,9,13,7,9,9,7,7,10,4,3,4,4,2,4,5,4,5,4,8,7,7,6,8,4,1,3,6,4,4,3,2,4,4,6,6,7,15,11,9,11,8,5,10,12,8,9,6,6,5,11,8,24,21,23,30,8,8,5,8,9,,13,6,5,6,3,,2,5,8,7,7,8,8,6,8,4,7,8,9,7,7,,,,4,7,,7,6,10,11,12,8,,9,7,8,,,,,,5,4,5,8,5,,5,,7,7,11,12,12,18,,6,6,6,6,,,,,1,1,5,5,3,5,5,,3,6,5,9,9,,8,9,6,11,7,6,4,4,,6,8,5,9,7,9,4,6,12,,8,4,,7,7,,8,9,3,,6,,7,,6,7,6,5,7,7,9,12,13,14,8,8,6,5,,55,30,,11,7,4,,9,6,3,4,7,13,,5,6,2,3,,,9,4,3,,8,13,11,12,11,11,9,,10,,,15,7,2,6,6,5,3,6,7,,7,8,8,6,7,4,3,5,5,,,10,10,9,4,,4,8,10,3,9,2,13,5,8,6,5,5,12,,7,7,8,5,7,5,4,,5,,10,7,5,6,8,10,9,10,8,9,6,6,5,4,,,4,8,8,7,,7,11,18,5,,7,8,,,9,7,8,9,10,7,10,11,10,8,10,6,6,7,17,,5,4,,3,4,6,6,3,12,2,15,3,9,3,6,5,6,10,7,6,16,9,2,8,7,7,8,,8,7,7,7,,2,12,6,6,6,7,5,10,6,11,9,8,4,17,8,10,4,8,7,8,8,10,8,7,6,5,,,8,6,5,8,8,6,7,8,,5,8,16,7,13,5,8,6,5,,7,7,11,21,50,5,6,,4,8,8,6,9,5,7,8,3,10,10,9,12,7,7,10,9,8,7,8,12,10,5,5,5,6,6,5,6,6,3,5,8,7,12,8,7,10,5,8,3,2,11,7,6,8,9,3,5,8,9,4,4,8,9,10,8,6,2,3,8,5,7,9,10,6,10,12,18,14,5,8,8,9,10,2,,2,8,8,8,6,7,15,6,9,,13,8,9,18,10,5,4,,9,5,10,9,6,7,4,8,10,11,9,10,18,5,5,6,7,7,9,5,10,10,3,3,8,11,4,6,5,8,14,2,9,8,7,11,6,11,8,7,6,3,4,10,10,9,5,9,7,8,8,7,6,15,6,4,9,8,7,5,6,12,10,4,9,9,6,3,6,5,6,8,5,6,9,15,11,8,9,10,7,16,5,17,6,7,10,3,4,7,4,4,7,7,7,5,11,12,11,13,7,8,9,4,9,8,,22,15,14,10,15,22,7,12,8,2,7,3,3,5,8,5,7,8,9,6,2,6,4,4,2,7,4,,7,4,7,10,8,7,7,4,8,5,7,6,6,4,5,16,10,9,11,13,13,30,,7,9,3,3,4,5,8,16,3,7,10,12,10,11,10,9,14,10,9,9,1,5,17,7,10,8,10,6,13,5,4,4,5,5,8,6,10,10,6,4,8,38,5,13,10,7,8,5,8,9,12,8,8,,7,5,4,5,8,6,4,9,9,12,11,17,11,9,16,8,6,7,5,5,8,4,5,,5,5,7,8,7,13,6,5,,1,2,2,1,10,15,9,8,9,14,6,12,6,6,3,3,3,3,3,6,5,8,5,18,8,5,8,4,6,4,4,7,4,8,11,13,12,8,10
20231004,19,NO2,24,2,13,24,35,28,27,53,20,2,12,62,,,25,,23,27,39,,28,,29,43,,40,23,,27,28,30,26,19,19,15,,44,35,,30,,14,108,32,,20,,42,33,26,34,,42,36,,30,9,,14,12,18,6,10,4,23,4,37,29,,55,33,,33,34,28,,29,49,43,29,,,,32,25,28,28,41,,14,22,,,18,12,26,19,,12,13,,13,10,13,16,25,,5,21,42,24,28,16,30,9,29,16,18,14,14,9,14,15,8,,9,10,5,5,8,19,3,5,9,8,11,9,7,8,7,13,14,19,11,13,,18,13,15,13,16,17,14,16,17,,13,16,21,11,,13,10,18,21,14,15,13,18,19,14,,32,,,,37,24,,43,36,32,,,,20,,17,16,19,19,30,22,13,17,20,,,,7,23,,24,18,15,17,13,,28,20,25,26,24,26,13,,,17,,31,26,,26,16,,21,16,19,,26,17,14,16,,15,13,,,6,9,8,8,6,10,9,,22,,,29,,15,13,,11,8,9,7,7,6,,24,23,16,14,19,12,15,19,30,32,27,16,33,17,46,62,40,29,,,8,11,9,8,,,16,15,14,15,,23,12,13,,13,32,36,45,,43,33,49,27,14,,,25,18,16,19,33,23,57,52,49,42,66,52,51,45,,19,24,22,20,23,35,18,,14,17,20,8,15,10,18,18,17,16,7,10,26,19,,13,18,17,14,27,16,17,8,18,33,27,28,11,15,,15,11,10,69,21,23,15,15,17,20,19,15,,20,30,12,29,22,17,,18,28,19,21,,,21,9,25,15,9,5,11,14,18,22,20,,10,10,30,23,18,21,22,16,,10,13,12,11,7,,13,21,12,32,31,38,20,,,23,28,26,25,44,,22,32,27,28,,,33,7,7,23,11,11,6,11,21,14,14,,14,8,12,15,18,17,14,10,11,7,15,8,40,28,45,38,34,41,30,34,,27,20,35,41,,29,,17,42,,,,,8,,,,37,26,15,18,10,12,11,,5,19,14,16,17,18,19,17,17,20,19,,14,19,10,60,,40,54,43,33,45,34,32,24,39,,10,18,15,10,11,9,23,16,20,26,13,10,9,12,19,21,13,,,33,,49,76,75,49,30,,28,39,,,24,26,21,20,,29,35,19,,37,46,44,27,42,3,23,9,3,11,,,,,,,53,,63,23,26,14,29,25,25,12,,6,,13,,,7,,3,9,9,17,16,13,15,16,,23,21,21,20,12,14,12,14,14,16,12,,6,8,6,6,10,9,9,,,21,14,18,,11,12,,10,8,22,9,6,,16,8,,,64,59,,,,20,30,9,26,27,27,,18,23,,35,55,,49,,40,88,39,,43,22,18,45,24,,16,32,17,22,18,34,,10,9,15,8,9,16,19,27,28,33,41,32,13,17,8,7,6,10,14,8,18,11,,7,7,6,,5,13,12,9,8,9,7,18,8,24,12,38,54,18,,28,15,23,,8,15,22,32,14,,18,23,8,,46,,32,22,28,34,,47,30,,,,46,,64,,47,,,,24,23,27,45,24,,,,29,38,15,26,14,14,,11,14,16,15,12,8,,9,,,2,11,12,5,5,6,15,,13,9,5,12,7,6,12,11,11,12,14,9,6,10,36,26,50,,23,20,21,14,,8,9,11,10,16,20,14,27,,,,,40,26,,21,5,22,13,17,17,14,12,8,9,5,11,9,7,,19,13,,36,14,44,,36,50,,46,14,18,30,26,27,38,21,21,29,32,44,20,,,21,11,27,25,38,46,9,10,,10,6,7,5,5,,,31,,,,,21,,,,,,,,,,,,,,,,8,,,,,,,,,,,,,,,,,,,,,,,,,,,,,,,,,,,,,,23,13,,14,11,26,22,23,34,,,,29,39,34,32,,,24,28,22,23,22,34,,27,35,19,,,21,30,,26,18,64,,67,,30,21,,,15,12,,,26,14,12,,,14,8,22,16,16,15,11,13,10,11,10,13,15,13,8,11,10,10,18,7,6,10,9,6,,17,15,10,,7,3,9,7,9,6,14,29,10,10,6,10,,,6,4,7,4,5,3,2,9,3,2,1,3,14,3,10,19,8,,,5,5,10,2,6,4,,13,13,17,,18,24,23,,23,23,23,15,12,25,23,,23,26,24,16,19,17,18,19,,19,8,9,19,26,21,,27,,28,,,,32,33,32,67,13,14,,22,,16,17,32,12,10,9,9,,6,9,10,,,6,9,6,,10,5,5,,,,6,12,8,10,5,25,30,31,30,26,8,17,11,13,,8,9,6,5,13,,7,13,10,16,15,15,15,17,29,,28,22,18,5,12,11,11,14,11,8,9,,49,58,73,,65,58,66,54,,42,49,46,,34,14,21,16,19,,14,18,16,15,28,29,43,,17,21,16,16,17,,10,14,5,26,10,19,27,27,30,21,18,22,,10,10,8,,25,12,,4,3,5,15,,12,14,10,11,18,19,14,18,14,18,17,10,12,12,15,13,7,14,11,13,14,19,15,11,9,14,8,12,9,9,11,4,7,7,10,5,4,10,8,16,8,5,5,9,8,7,19,,13,18,12,17,18,19,16,8,8,6,4,25,11,13,14,17,12,11,8,22,,14,9,7,5,9,,7,5,11,11,21,12,17,18,13,26,32,34,,8,21,,,,6,12,,8,22,33,30,33,22,,20,14,7,,,,,,6,15,15,10,14,,10,,3,2,6,8,9,11,,10,5,8,8,,,,,5,5,7,5,9,12,,,2,5,4,15,13,,9,10,7,10,9,11,4,8,,8,6,8,8,9,9,6,24,9,,12,20,,8,5,,13,12,5,,4,,3,,2,4,6,15,13,17,49,51,49,48,10,27,24,11,,16,14,,21,11,17,,15,16,38,40,17,18,,11,16,2,21,,,13,7,18,,7,15,16,7,7,7,42,,35,,,35,28,10,12,20,19,37,23,14,,12,9,9,7,9,9,10,11,8,,,10,6,12,6,,16,8,9,7,7,30,14,10,48,35,12,32,26,,64,15,18,20,13,19,18,,23,,20,40,32,7,9,11,11,23,31,14,9,,72,5,,,39,11,17,17,,34,28,38,5,,34,20,,,96,17,23,14,,27,32,18,35,13,5,24,8,34,45,,28,36,,20,10,,11,14,6,25,13,8,43,10,11,7,52,59,40,3,20,46,5,35,8,29,9,,9,7,6,29,,12,26,37,52,18,,9,11,9,38,,33,10,24,19,46,37,47,14,38,27,15,12,7,30,31,,,17,24,31,21,44,,12,20,,18,18,10,39,21,8,53,12,26,,11,18,26,13,21,16,13,,,16,20,17,23,35,14,19,7,17,39,40,9,19,20,39,13,18,9,11,26,10,11,21,51,23,16,27,25,12,23,25,27,23,8,10,5,19,12,16,6,2,23,29,40,24,24,21,26,27,13,26,20,60,53,33,38,23,34,32,2,3,5,13,19,10,15,9,12,16,21,31,6,29,29,31,,28,15,23,18,24,66,20,5,15,,64,36,25,60,4,7,8,,15,11,21,,9,14,6,28,,8,19,12,13,24,22,28,12,15,14,12,23,15,25,9,35,12,21,13,16,33,19,17,30,18,17,11,20,23,10,16,17,14,17,11,14,15,14,7,6,8,,14,14,7,10,16,12,28,13,13,22,37,37,10,36,72,24,27,60,26,26,34,26,,59,46,60,55,21,,,4,,31,2,21,14,14,23,15,13,15,27,35,58,31,55,9,46,29,18,23,29,7,22,28,,40,18,18,13,20,34,12,20,8,8,6,35,8,16,14,4,16,17,10,10,13,5,1,7,3,6,6,,16,13,35,5,14,11,11,4,12,20,18,26,8,27,10,17,15,19,49,22,26,38,,30,22,46,31,37,25,34,23,49,43,37,54,70,16,26,36,37,61,36,57,30,24,40,37,32,20,10,18,19,32,23,23,30,12,10,13,9,4,21,12,24,44,31,17,4,20,19,17,10,17,13,22,21,,20,24,39,24,13,14,23,28,23,36,26,8,43,37,33,43,49,28,11,11,23,29,23,,22,4,11,10,23,38,40,18,,9,36,7,23,22,9,48,52,44,11,6,58,13,21,56,11,18,43,40,39,22,4,27,38,15,13,29,10,11,10,47,5,8,13,23,40,31,20,14
20231004,19,NO2_24h,21,2,17,16,27,22,22,28,14,5,23,28,,,26,,24,27,30,,26,,33,31,,38,28,,38,30,33,31,28,28,18,,27,36,,35,,26,63,27,,17,,36,50,34,44,50,37,57,,58,10,,13,16,10,25,23,25,27,9,24,26,,27,30,25,25,33,37,,26,47,38,31,54,,,49,61,53,61,38,,16,22,,,14,8,10,11,,14,16,,14,10,12,16,20,,6,16,18,16,20,16,16,12,20,17,14,20,16,13,12,14,9,,13,14,14,6,8,10,6,6,12,10,11,10,7,9,9,13,19,22,14,14,,20,13,18,16,17,21,16,19,19,17,16,20,17,14,,19,14,19,25,13,20,15,16,17,14,16,33,,,,31,25,,36,28,28,,,,17,,22,25,24,27,30,25,17,22,22,,,,13,16,,20,16,14,16,15,,24,29,30,29,34,33,12,18,,14,,27,19,,25,19,,24,21,19,,26,19,18,17,15,15,11,,,11,12,10,14,7,15,16,,20,,,25,,16,14,,10,7,9,8,7,7,,20,20,12,14,18,14,15,15,22,19,16,11,15,10,16,30,18,21,,,7,8,9,7,,14,18,13,9,10,,15,10,10,,10,24,28,37,,35,30,38,28,12,,,24,31,23,25,34,30,32,34,28,34,33,31,35,34,,20,21,19,20,18,24,16,,16,16,16,7,8,7,10,11,11,11,6,6,36,24,,31,41,23,23,31,19,33,11,18,20,19,20,14,20,,15,16,13,28,11,12,12,11,21,26,26,17,,15,32,23,16,14,13,,15,16,13,14,,,20,13,21,23,16,14,14,22,24,34,17,,11,11,18,13,17,19,19,26,,10,19,9,10,7,,19,15,17,26,18,25,21,,,19,29,19,21,28,,16,17,17,18,,,20,6,7,14,5,7,5,11,10,9,7,,18,9,12,13,16,15,16,14,12,9,14,7,29,24,33,26,28,22,26,18,,19,25,27,29,,33,,26,38,,,,,14,,,,33,26,53,49,33,45,34,,15,14,10,13,10,11,14,17,13,16,15,,8,13,10,18,,16,13,15,14,37,20,21,25,31,,12,14,14,13,13,12,20,16,20,17,17,14,14,19,12,15,12,,,41,,35,44,42,32,23,,28,27,,,36,44,37,48,,27,31,27,,41,37,33,43,26,13,17,13,8,25,,,,,,,32,,37,24,23,35,38,26,37,10,7,11,,29,,,6,,3,6,7,14,14,13,13,10,,16,13,14,12,17,10,11,11,11,15,17,14,16,7,6,5,14,10,11,8,,9,10,12,,8,7,,9,10,15,13,6,,22,10,,,38,33,,,,18,16,10,16,29,33,,28,29,,35,39,,36,,63,67,50,,62,23,15,19,16,,11,15,14,22,15,15,,12,15,11,8,9,11,13,22,28,15,15,15,15,21,12,12,10,10,15,11,15,11,,4,5,5,,5,14,15,10,10,12,6,10,6,11,6,21,27,11,,22,11,23,,8,13,16,19,11,,18,17,5,,34,,35,33,20,24,,37,30,,,,29,,37,,36,,,,34,26,22,35,21,,,,27,25,12,19,17,15,,12,17,14,14,13,6,,11,,,3,10,13,6,4,5,11,8,12,8,5,7,9,12,18,20,17,20,20,5,4,10,18,15,19,,23,22,23,20,,9,16,14,8,15,16,13,18,,,,,20,14,,13,5,15,10,12,13,10,12,7,6,4,8,10,9,,19,18,,22,25,32,,27,33,,37,14,14,27,20,23,32,24,26,25,32,30,26,,,14,8,25,21,36,27,12,16,,13,8,43,33,17,,,29,,,,,24,,,,,,,,,,,,,,,,15,,,,,,,,,,,,,,,,,,,,,,,,,,,,,,,,,,,,,,16,19,11,19,21,27,22,22,30,,,,28,30,32,39,,,29,35,30,29,34,41,,50,43,17,,,18,23,,40,37,45,,40,,18,15,,,10,7,,,9,9,7,,,6,4,10,12,13,11,8,12,10,9,6,13,14,14,9,13,9,9,15,9,10,11,12,14,,10,10,6,,7,6,11,13,7,6,13,7,15,19,12,12,,,10,9,9,11,8,5,7,13,4,6,7,4,12,10,11,14,5,,,6,12,11,2,8,6,,4,13,14,,18,19,17,,17,16,21,15,14,23,28,,13,15,24,16,13,12,15,17,,15,6,7,10,16,12,,24,,32,,,,18,14,15,15,22,19,,16,,17,26,22,8,5,7,8,,13,16,15,,,10,12,11,,12,16,11,,,11,4,8,7,8,6,10,24,20,24,19,11,16,16,16,,10,8,10,9,11,,6,12,10,9,13,12,14,16,31,,27,26,19,3,10,8,6,9,15,16,14,,38,35,38,,47,39,46,26,,23,29,33,,30,24,27,20,24,,25,21,20,20,20,18,27,,20,16,17,14,12,,19,13,6,23,7,7,25,30,28,26,17,20,,15,14,14,,13,10,,6,4,9,14,,10,15,14,10,15,15,11,11,10,13,12,7,10,12,11,11,6,12,9,10,10,12,13,11,10,13,8,10,10,9,8,4,6,4,6,3,4,9,7,10,6,5,8,11,27,31,26,29,17,14,17,20,20,21,18,12,11,10,6,11,13,16,13,13,14,12,11,18,,16,11,11,6,7,,8,6,11,11,14,10,15,16,16,18,22,21,12,15,25,,,,7,11,,8,14,22,21,25,22,,21,13,9,,,,,,8,10,13,9,9,,5,,8,4,9,6,7,9,,7,3,6,4,,,,,3,4,6,5,5,8,9,,2,6,6,12,13,,9,8,6,10,8,8,6,7,,5,6,6,7,12,9,5,10,10,,8,12,,8,11,,5,6,10,,7,,10,,2,4,8,11,10,12,39,53,54,50,8,16,14,13,,23,16,,12,11,19,,16,17,27,24,13,12,,12,10,4,16,,,13,10,16,,7,13,13,4,8,9,25,,22,,,28,22,13,14,26,26,38,35,10,,22,15,10,14,22,13,38,42,34,,,33,24,29,6,,14,17,22,13,10,25,21,20,47,37,18,29,42,,47,14,19,17,17,21,17,,27,,32,31,19,7,15,15,9,15,25,15,12,8,23,5,,,25,14,18,20,,28,30,28,7,,26,21,,,43,16,29,11,26,27,29,21,29,17,10,24,14,18,40,,26,24,,11,10,15,13,15,6,8,27,7,35,19,8,9,35,40,30,9,14,54,4,45,11,43,12,,5,5,4,13,,13,25,32,29,18,29,11,14,11,33,30,28,16,27,19,28,31,40,11,29,20,33,8,7,17,20,,,28,21,38,17,33,4,15,18,,16,23,14,19,43,8,31,16,17,,12,30,29,13,20,14,9,,7,14,21,20,23,27,17,11,13,16,16,16,7,16,14,25,19,22,8,11,25,13,11,23,43,30,30,29,36,11,26,17,11,16,16,16,15,9,15,16,12,6,31,23,34,24,14,14,23,17,17,16,16,43,34,26,26,18,25,27,5,6,7,12,13,13,12,6,14,18,13,17,6,27,16,20,,19,13,17,29,45,29,32,11,30,,40,38,39,33,11,9,9,,15,10,24,34,8,12,5,16,13,7,22,13,18,19,18,24,16,16,14,12,17,34,11,8,15,7,19,12,15,28,24,8,29,20,14,15,14,14,12,12,21,52,21,39,16,15,18,7,6,6,24,14,11,9,9,14,9,18,10,21,26,30,45,12,27,46,19,11,22,21,23,33,20,33,29,40,36,41,28,22,29,11,4,13,3,23,19,8,22,18,15,20,21,17,53,17,42,24,31,34,19,34,40,13,27,33,,30,42,46,49,22,34,15,20,13,14,8,23,13,11,14,4,11,13,12,11,9,6,1,10,6,4,3,,14,11,24,9,16,14,8,6,11,18,16,24,7,24,9,21,14,19,35,30,45,25,,42,37,33,36,37,43,42,23,26,52,31,46,33,29,28,32,37,41,27,41,28,26,43,23,32,18,14,16,25,30,21,23,26,11,14,25,22,32,17,12,30,54,28,19,4,19,10,22,16,20,13,19,18,,15,21,36,36,13,15,13,34,34,39,52,33,33,20,28,31,31,28,13,14,24,25,17,,10,3,13,14,18,36,30,17,,14,26,6,22,17,11,33,33,15,16,16,44,12,24,32,14,12,21,27,14,16,5,23,38,14,10,18,10,13,6,20,6,5,21,39,29,34,14,12
20231004,19,O3,53,54,67,33,48,52,35,17,47,66,49,14,,,62,,70,67,60,,59,,56,40,,34,60,,105,86,81,108,102,116,147,,24,49,,44,,100,23,72,,66,,56,73,81,68,,48,58,,63,71,,67,70,61,71,62,76,51,69,31,35,,16,56,51,53,68,76,,69,48,62,75,75,,,67,79,78,78,32,,65,66,,,69,74,53,67,,63,64,,62,68,62,64,51,,62,68,52,68,67,80,75,89,53,79,76,49,49,53,49,49,57,,52,52,55,52,40,45,45,45,47,49,43,48,50,40,52,100,110,102,110,111,,108,112,102,105,115,124,127,118,110,116,128,127,114,94,,94,97,94,96,91,94,100,91,86,90,89,88,,,,71,92,,71,72,73,,,,120,,87,86,80,90,73,83,86,81,89,,,,101,85,,99,110,123,97,107,,102,102,109,104,114,103,144,140,,137,,100,86,,111,90,,128,114,89,,100,133,121,88,106,105,101,,,104,102,110,87,93,92,88,,62,,,137,,90,89,,92,93,87,100,104,103,,82,82,63,73,66,92,93,87,64,65,68,70,55,80,49,34,50,66,,,136,134,130,134,,93,92,53,59,68,,52,61,66,,63,87,72,70,,69,80,77,94,86,,,112,113,110,119,104,99,23,12,8,23,20,29,12,12,,59,49,54,56,49,46,54,,68,54,31,46,34,42,37,30,35,39,48,25,123,126,,108,94,132,106,120,59,87,59,86,74,138,162,101,82,,89,82,91,34,123,100,168,132,129,132,118,123,,144,118,97,158,170,152,,188,155,117,179,,,73,58,69,81,81,85,76,88,120,103,111,,119,120,107,98,114,96,89,103,,72,63,62,63,26,,18,8,26,6,2,18,30,,,14,23,13,17,6,,43,33,40,36,,,42,46,60,62,68,65,70,63,55,76,66,,56,59,59,61,62,58,55,57,37,54,50,49,31,36,14,25,21,24,25,34,,29,35,32,10,,63,,71,60,,,,,96,,,,62,67,91,93,82,94,90,,95,36,44,50,45,38,33,30,30,34,33,,32,42,61,33,,60,42,53,55,54,63,59,61,48,,67,63,66,77,76,73,60,67,69,52,70,67,71,71,112,110,118,,,114,,74,46,21,60,78,,78,82,,,90,97,89,78,,86,80,73,,66,48,59,106,72,85,69,87,85,80,,,,,,,43,,27,124,115,140,132,152,156,79,86,84,,81,,,83,,92,80,78,125,140,127,150,99,,116,112,96,99,113,113,111,97,102,93,68,69,70,62,66,53,78,79,80,,,97,68,56,,99,127,,65,66,60,71,72,,60,58,,,32,32,,,,67,54,78,65,96,125,,130,107,,41,26,,42,,73,16,71,,71,96,64,42,59,,60,47,59,53,59,45,,62,63,57,63,60,57,52,47,42,45,25,33,67,58,70,68,69,63,60,65,54,61,,45,46,47,,48,60,58,60,59,62,33,22,33,19,30,88,67,102,,104,118,114,,95,80,67,66,76,,84,75,83,,21,,37,36,28,27,,96,114,,,,13,,,,7,,,,77,79,44,18,32,,,,36,30,40,40,66,69,,46,49,37,45,46,56,,72,,,71,69,67,60,72,77,82,86,85,75,88,80,85,95,81,84,92,83,66,52,56,45,21,36,6,,41,44,47,51,,54,59,54,55,20,29,28,17,,,,,23,34,,38,25,18,23,24,19,21,52,51,51,57,48,74,78,,44,50,,10,41,25,,21,10,,9,63,74,56,62,61,53,75,72,27,45,20,39,,,59,101,68,84,64,49,88,95,,106,89,85,89,92,,,101,,,,,128,,,,,,,,,,,,,,,,81,,,,,,,,,,,,,,,,,,,,,,,,,,,,,,,,,,,,,,27,69,63,65,69,68,58,72,51,,,,49,36,52,63,,,64,59,68,70,70,78,,80,75,50,,,43,35,,81,78,10,,14,,71,77,,,59,59,,,81,77,70,,,50,57,58,64,95,96,93,65,62,60,58,64,66,55,59,59,62,65,54,66,67,65,62,64,,47,46,60,,70,73,66,68,47,43,35,34,72,76,79,49,,,61,51,48,54,49,59,62,56,84,42,47,39,44,55,49,45,56,,,69,58,44,,41,43,,48,102,99,,100,89,102,,77,78,92,91,84,80,83,,64,65,77,72,70,63,73,79,,77,62,59,30,116,117,,79,,84,,,,41,39,56,8,63,73,,66,,93,62,72,117,124,128,123,,72,74,71,,,80,76,83,,62,64,65,,,116,32,39,38,40,40,31,14,14,17,20,59,56,66,64,,35,48,47,49,31,,76,79,79,79,71,72,69,71,24,,23,31,51,47,54,49,44,46,59,76,71,,81,60,51,,8,10,4,38,,41,38,34,,41,64,69,66,58,,88,80,76,82,43,48,26,,69,57,67,29,34,,49,39,90,52,58,57,56,58,54,69,33,35,,94,92,93,,47,60,,40,48,58,53,,62,66,63,39,31,37,46,43,51,50,46,55,59,68,58,56,51,61,62,58,52,40,48,53,50,45,75,66,74,71,62,52,49,47,54,47,40,57,54,46,57,22,54,54,76,84,84,72,82,78,89,75,71,72,92,95,92,91,70,68,98,105,102,79,90,59,70,58,,81,64,68,67,54,,60,37,30,32,23,42,45,40,42,26,28,30,,65,45,,,,29,28,,28,1,9,15,9,27,,36,40,35,,,,,,53,45,47,52,13,,21,,55,59,72,68,66,70,,80,87,81,86,,,,,52,54,52,55,61,56,41,,84,54,50,46,45,,48,42,44,44,42,42,39,33,,44,46,64,57,28,35,50,23,75,,30,23,,39,60,,43,47,52,,48,,137,,44,43,38,38,37,36,28,40,47,47,69,37,47,75,,90,97,,54,74,91,,84,83,53,49,95,100,,65,58,96,77,,,77,87,76,,103,79,79,40,53,97,50,,45,,,49,56,81,78,116,110,80,61,100,,102,106,104,109,113,104,112,116,113,,,95,97,93,59,,78,94,98,90,65,76,144,98,36,52,62,84,81,,13,57,113,122,106,82,148,,86,,68,85,43,60,59,59,101,48,92,62,62,24,118,44,,,38,67,76,72,,55,70,61,40,,87,99,,,17,92,95,154,83,97,80,110,73,99,99,16,37,2,31,,52,19,,69,89,44,46,111,78,38,82,43,27,86,61,131,35,17,67,90,62,100,61,114,55,86,68,,74,75,71,42,,64,81,5,28,46,39,67,75,68,104,,35,39,38,56,95,30,18,59,40,72,76,57,40,11,5,,,83,84,67,81,90,129,72,113,,89,88,61,104,87,126,12,69,67,,59,81,68,102,89,57,98,,108,97,95,102,93,78,105,99,67,75,52,57,75,72,116,73,90,99,96,154,104,101,77,89,52,62,100,121,157,86,108,84,80,137,111,99,72,86,61,74,72,75,68,65,46,56,99,101,77,114,83,66,73,12,7,44,35,50,13,21,42,48,43,57,26,30,22,30,35,27,12,3,54,33,26,34,,34,41,34,85,81,34,75,91,75,,54,72,89,14,58,77,78,,69,75,66,60,40,48,92,114,78,96,73,97,96,77,71,76,82,84,80,68,85,75,23,60,63,75,115,114,125,84,105,107,85,92,106,96,83,77,99,124,101,96,94,91,90,90,74,81,64,44,73,141,93,111,99,85,119,148,48,95,62,70,56,62,53,14,95,49,56,103,87,70,108,11,14,83,18,21,54,63,52,42,,5,51,14,51,55,51,42,57,38,26,23,44,93,59,87,41,97,136,122,133,81,161,89,,92,89,97,87,84,56,88,58,77,60,138,85,59,111,66,82,70,69,84,85,52,60,76,59,59,58,53,,97,69,31,97,72,37,56,50,64,83,92,83,90,100,92,61,64,66,51,132,152,51,,99,80,24,38,28,48,77,92,33,45,52,44,25,74,58,40,49,38,23,14,15,52,103,18,32,18,35,29,136,25,38,54,30,18,101,90,98,102,5,55,77,69,39,82,90,130,61,168,101,78,77,90,75,,108,94,25,47,58,46,37,96,97,67,74,83,52,40,54,11,4,42,32,54,106,75,81,,38,52,88,104,37,28,105,43,,70,43,59,34,68,76,48,56,54,58,69,3,65,57,21,62,50,22,28,46,69,50,92,114,56,47,43,48,105,58,63,66,55,57,74,74,57,58,99
20231004,19,O3_24h,70,84,88,70,81,83,67,76,117,89,70,68,,,100,,104,94,112,,96,,90,98,,85,83,,136,144,132,129,133,141,175,,84,92,,82,,145,147,140,,128,,151,151,156,125,37,131,119,,105,87,,85,82,92,78,85,89,109,93,129,138,,136,105,114,92,127,110,,140,132,139,142,92,,,85,109,91,96,95,,76,80,,,88,87,86,88,,121,116,,133,128,122,121,117,,126,148,150,146,140,155,162,156,132,133,151,102,109,111,115,115,106,,100,111,106,82,63,75,69,73,67,76,70,73,77,60,72,106,110,106,110,115,,113,114,102,105,133,131,139,134,123,129,137,133,135,266,,134,136,133,143,129,136,122,112,104,118,112,153,,,,114,127,,130,128,128,,,,143,,131,128,125,133,128,126,133,129,126,,,,138,128,,137,134,141,131,134,,134,130,140,144,134,139,144,148,,139,,153,138,,119,104,,128,114,100,,111,135,121,95,109,165,112,,,109,108,118,108,107,121,100,,104,,,147,,127,126,,115,113,110,108,119,113,,113,112,94,93,90,100,104,99,92,87,96,96,95,96,93,85,90,95,,,137,134,131,134,,164,166,66,73,78,,70,73,77,,74,141,141,126,,145,144,145,143,143,,,175,184,181,183,170,178,104,96,114,88,94,106,92,101,,60,54,60,62,63,59,65,,68,65,33,58,42,53,45,44,45,50,56,32,164,180,,140,150,183,122,173,102,151,138,162,144,158,174,116,120,,156,119,108,147,241,169,241,207,188,173,170,203,,208,149,141,202,199,197,,222,238,158,227,,,164,133,162,124,130,144,121,118,156,135,166,,125,129,133,133,148,123,111,119,,75,87,98,78,46,,37,19,26,31,22,29,30,,,23,23,24,32,36,,53,59,55,52,,,64,93,93,92,77,85,82,75,82,93,85,,69,68,59,66,62,63,69,71,64,72,62,64,66,60,49,62,54,67,58,61,,63,52,60,43,,86,,76,75,,,,,148,,,,95,86,103,99,92,102,98,,99,39,47,53,52,42,44,39,41,43,45,,40,50,61,84,,91,84,88,94,89,87,88,88,83,,156,157,158,104,91,84,96,153,157,157,151,132,154,141,160,160,160,,,144,,125,135,127,127,122,,112,140,,,128,137,128,132,,141,141,147,,133,139,138,144,128,144,144,144,147,136,,,,,,,117,,102,147,142,142,138,152,156,158,147,146,,171,,,85,,93,88,94,189,218,208,209,192,,171,170,176,184,186,162,113,107,106,101,103,87,110,130,134,119,92,89,93,130,,126,113,108,,145,153,,129,126,128,133,116,,118,59,,,99,105,,,,89,81,100,92,139,142,,143,143,,90,96,,108,,110,107,112,,108,149,84,78,87,,125,118,130,117,116,124,,115,114,113,114,106,128,122,102,85,123,104,97,135,143,147,132,134,123,127,119,114,130,,63,63,63,,63,76,73,75,79,77,55,58,65,59,61,113,110,116,,129,138,137,,126,86,72,82,79,,87,79,98,,56,,59,36,62,63,,146,145,,,,82,,84,,80,,,,81,81,88,70,75,,,,53,48,52,40,71,70,,55,49,49,48,58,63,,79,,,76,79,68,61,78,84,111,104,119,78,89,91,95,133,122,128,123,128,111,76,83,66,55,58,58,,60,65,62,60,,64,82,78,63,64,50,44,43,,,,,65,64,,64,39,37,36,42,32,38,86,83,90,89,88,82,83,,51,58,,83,79,72,,74,62,,67,67,91,88,81,86,90,87,90,66,62,63,50,,,108,108,108,126,98,105,101,106,,111,98,107,108,109,,,150,,,,,178,,,,,,,,,,,,,,,,161,,,,,,,,,,,,,,,,,,,,,,,,,,,,,,,,,,,,,,35,83,75,77,84,95,96,94,92,,,,119,114,118,117,,,98,93,107,108,81,106,,105,93,78,,,64,79,,98,91,66,,55,,104,98,,,81,68,,,100,102,80,,,66,70,78,81,117,115,113,120,115,125,106,114,123,98,109,106,132,141,128,134,83,86,85,79,,113,118,140,,98,102,86,94,82,72,76,77,79,83,87,75,,,80,72,63,61,73,73,80,68,101,74,69,64,69,61,76,68,77,,,92,74,73,,84,86,,69,128,124,,127,122,130,,114,116,125,118,259,115,132,,86,94,97,90,92,92,91,91,,85,77,74,61,139,139,,99,,98,,,,87,90,91,81,98,108,,83,,101,97,100,129,132,138,132,,91,91,93,,,95,96,101,,89,84,87,,,148,47,49,48,49,44,48,27,28,27,35,87,89,104,92,,74,81,82,82,77,,80,84,81,85,103,103,98,104,39,,35,38,51,75,86,82,78,87,88,108,110,,100,105,101,,82,85,76,93,,101,101,86,,90,90,91,92,92,,88,80,76,82,79,78,86,,81,84,80,49,39,,56,50,96,78,74,99,82,79,78,81,54,55,,94,93,93,,68,66,,64,51,58,53,,70,72,63,43,39,52,59,58,64,62,58,65,68,76,69,66,64,73,70,73,68,55,61,63,61,56,87,83,84,83,80,59,59,58,61,54,42,72,68,62,72,42,64,58,135,133,127,116,91,111,104,127,131,142,131,113,108,107,93,130,141,136,131,108,112,88,99,97,,132,100,118,77,73,,73,46,40,46,47,54,57,51,52,55,68,81,72,72,65,,,,37,34,,36,36,34,38,34,32,,52,58,47,,,,,,66,68,68,72,28,,45,,58,68,72,69,67,70,,86,93,87,89,,,,,107,69,74,75,73,72,89,,87,55,57,74,80,,57,49,46,52,47,52,42,38,,59,58,65,62,64,82,50,64,82,,64,57,,57,65,,55,58,57,,56,,137,,46,47,75,67,71,66,94,82,88,84,74,54,47,86,,116,104,,90,98,106,,99,102,94,97,107,106,,82,82,107,99,,,85,98,91,,111,88,87,56,63,105,81,,84,,,62,82,94,88,125,119,116,106,100,,106,107,106,109,113,119,119,120,115,,,97,99,96,74,,96,98,98,98,82,149,153,153,91,83,85,142,90,,46,121,139,133,116,120,155,,102,,174,132,68,92,61,62,106,62,126,126,128,30,143,48,,,133,104,114,105,,84,93,88,60,,122,132,,,161,126,138,154,122,136,172,162,153,126,99,25,38,25,92,,100,68,,102,159,71,64,111,90,71,173,55,77,86,74,145,82,89,81,158,84,140,69,136,57,116,75,,81,81,75,56,,82,133,17,90,70,71,76,81,77,147,52,62,41,46,63,134,55,98,108,85,86,169,70,55,34,34,,,94,113,114,87,153,131,72,136,,110,88,89,137,100,152,87,112,89,,142,92,90,120,108,73,103,,118,110,105,102,102,94,108,109,93,95,91,96,87,87,132,140,121,140,119,154,128,127,106,120,147,115,149,206,212,119,139,141,156,231,155,151,110,128,106,177,134,90,95,129,102,90,116,128,118,139,110,87,90,79,67,98,101,90,52,62,70,74,67,84,33,36,42,36,46,41,27,24,67,48,39,52,,60,68,71,172,137,133,156,148,176,,135,112,118,80,68,85,82,,136,93,78,80,56,65,95,166,130,124,142,118,137,123,123,93,115,123,110,75,88,172,77,83,91,87,139,141,132,127,147,139,134,132,140,141,119,180,124,150,112,106,107,100,98,94,114,147,96,88,113,210,138,121,166,102,137,216,110,115,136,142,115,119,101,84,122,94,112,114,103,100,123,94,102,96,103,100,89,86,92,64,52,37,52,27,51,118,68,71,69,46,56,55,136,155,132,160,120,121,156,150,147,162,161,126,,146,133,130,141,127,94,99,79,89,63,148,186,99,156,117,104,105,130,109,111,93,60,87,71,86,80,81,,107,85,81,99,72,37,66,52,69,94,93,99,117,141,112,95,89,97,120,144,154,105,,129,99,94,102,79,106,153,154,88,104,101,92,92,143,129,98,88,94,81,71,62,96,110,93,58,25,37,34,142,65,59,54,60,39,109,105,102,102,37,73,90,106,111,107,94,159,126,209,159,180,126,102,80,,132,120,42,64,84,67,64,147,159,128,128,148,113,71,61,53,56,50,49,54,113,109,108,,63,69,162,115,81,50,148,83,,70,106,77,80,91,85,118,138,84,76,105,77,71,102,84,92,130,64,72,87,88,66,114,145,78,70,70,73,112,116,126,68,60,65,156,138,174,152,112
20231004,19,O3_8h,55,59,68,55,58,65,52,58,63,62,52,52,,,80,,80,79,85,,82,,72,76,,72,74,,107,119,103,114,111,119,121,,66,76,,72,,93,87,84,,81,,107,112,118,88,,74,76,,84,82,,78,78,84,75,72,80,72,76,61,67,,65,80,80,80,94,92,,108,98,106,109,79,,,77,83,83,85,77,,72,73,,,82,82,77,81,,70,71,,71,74,71,72,64,,71,82,80,83,75,86,94,91,80,84,92,60,61,65,65,60,67,,63,68,64,60,47,55,50,54,54,56,50,54,57,49,59,102,105,101,105,111,,108,112,95,101,120,118,126,119,112,115,124,122,121,130,,113,120,116,123,113,120,112,106,99,108,104,125,,,,95,113,,111,104,104,,,,131,,114,107,107,113,109,111,110,110,110,,,,120,115,,124,124,132,121,124,,124,121,130,130,127,125,136,143,,134,,133,120,,101,90,,103,98,86,,93,108,98,85,100,100,100,,,99,97,107,94,97,104,88,,88,,,127,,104,102,,96,99,95,101,112,106,,95,93,80,81,78,93,99,94,86,78,84,89,84,89,77,68,78,85,,,131,126,125,124,,139,138,57,64,68,,60,63,71,,64,127,119,110,,121,126,126,128,127,,,158,160,156,165,153,155,35,29,26,28,36,38,27,22,,46,43,43,43,42,46,44,,58,50,30,45,36,46,40,37,42,43,45,27,139,142,,123,120,149,113,143,88,121,93,130,114,138,151,104,94,,108,104,102,113,197,143,200,158,151,145,130,160,,171,127,114,186,181,177,,181,176,135,179,,,109,108,115,105,110,118,100,102,132,120,141,,119,120,116,119,128,111,103,108,,68,72,82,69,29,,21,13,20,9,9,25,24,,,17,15,13,23,14,,42,47,43,43,,,48,49,84,82,74,79,77,71,74,87,78,,60,56,51,53,51,50,62,64,55,62,57,50,44,41,32,38,37,41,32,50,,35,44,39,25,,79,,72,69,,,,,96,,,,83,78,68,67,76,74,68,,80,35,43,49,46,38,38,35,36,38,39,,35,44,52,74,,82,76,81,83,78,79,75,76,74,,78,75,78,84,81,77,72,79,79,72,80,81,83,83,137,137,146,,,132,,108,102,90,104,99,,97,116,,,110,118,112,115,,123,118,121,,111,98,107,125,103,98,95,103,104,98,,,,,,,56,,53,125,130,132,132,146,150,104,101,100,,116,,,83,,87,83,88,149,171,170,152,137,,133,134,142,142,141,135,104,101,99,90,85,77,85,103,101,90,88,87,90,119,,112,100,91,,75,89,,93,85,91,100,99,,91,54,,,56,60,,,,80,74,85,79,98,111,,110,110,,35,42,,56,,89,79,93,,87,105,77,67,77,,72,70,70,64,72,67,,72,68,72,69,71,70,69,66,64,68,62,65,77,76,82,77,78,71,70,74,67,69,,45,44,46,,45,71,68,70,71,72,46,36,45,34,41,96,92,100,,105,113,110,,106,73,66,73,66,,73,71,69,,33,,33,28,36,37,,108,108,,,,30,,25,,26,,,,67,64,59,32,38,,,,33,37,44,33,65,67,,43,39,37,40,50,59,,75,,,75,70,61,58,68,78,97,95,106,73,82,86,88,118,108,112,110,113,99,64,67,55,45,49,41,,46,50,48,54,,59,68,67,58,31,38,30,25,,,,,45,51,,52,29,27,30,32,24,30,69,66,68,71,71,65,65,,41,49,,61,60,42,,48,35,,35,62,81,68,70,72,64,74,74,41,46,39,40,,,70,105,95,94,86,88,76,80,,99,81,86,90,98,,,124,,,,,163,,,,,,,,,,,,,,,,114,,,,,,,,,,,,,,,,,,,,,,,,,,,,,,,,,,,,,,32,75,64,71,74,83,81,84,77,,,,64,63,58,61,,,60,68,75,76,74,84,,82,78,52,,,49,52,,90,83,34,,33,,76,79,,,74,65,,,92,92,78,,,58,61,73,78,108,104,103,76,71,71,72,76,75,64,69,70,71,72,62,71,76,76,73,74,,55,60,72,,74,78,71,74,62,54,59,62,75,78,82,51,,,66,58,58,59,63,66,62,55,92,52,59,51,54,56,56,54,65,,,82,43,37,,40,40,,58,115,115,,115,112,120,,97,102,107,102,115,101,114,,71,77,75,79,76,74,77,78,,77,68,65,46,124,124,,94,,94,,,,71,78,79,57,85,97,,72,,84,78,78,121,121,132,127,,82,83,82,,,86,85,90,,78,76,78,,,136,41,45,42,43,40,41,20,22,22,28,67,62,66,63,,35,48,44,43,31,,76,80,79,79,82,82,79,82,25,,27,30,34,51,52,48,45,49,76,95,93,,84,84,83,,27,41,32,55,,62,61,64,,68,78,82,81,77,,60,61,58,66,68,72,74,,75,70,72,38,33,,46,42,90,63,60,77,71,71,70,76,38,40,,69,73,71,,53,57,,44,42,49,46,,63,61,59,36,30,43,48,49,56,52,48,56,60,63,63,60,56,63,60,63,58,44,52,53,51,45,78,68,76,71,69,53,51,52,59,52,39,65,60,54,65,30,58,53,105,106,109,94,83,91,88,108,109,104,114,106,103,98,85,108,124,124,120,98,106,79,86,86,,112,82,93,64,48,,56,41,34,32,32,45,48,43,46,27,35,39,39,55,44,,,,27,27,,28,17,22,27,23,22,,41,48,39,,,,,,57,53,52,58,21,,38,,54,62,67,64,62,64,,72,75,72,79,,,,,59,58,55,57,68,66,70,,84,53,52,60,63,,48,46,44,50,44,46,40,36,,54,50,60,56,49,57,44,53,70,,47,42,,47,56,,50,53,52,,52,,127,,44,44,55,48,52,48,71,65,71,70,60,44,41,73,,101,100,,68,72,95,,84,84,80,82,98,101,,76,74,103,92,,,81,94,84,,107,82,84,50,57,97,64,,61,,,50,74,89,82,111,106,98,86,89,,96,93,91,88,87,104,91,96,94,,,76,77,76,63,,83,88,88,80,73,116,111,129,77,75,78,114,84,,29,68,124,126,100,96,134,,98,,127,112,47,78,56,56,103,50,108,72,68,23,118,39,,,66,81,92,82,,72,80,80,43,,108,122,,,110,116,121,142,103,118,130,142,122,115,79,11,25,8,43,,78,34,,92,86,58,54,99,87,54,117,50,35,68,63,131,74,48,74,110,76,127,66,126,54,103,71,,76,76,71,51,,76,87,6,64,56,39,73,78,74,107,,41,37,33,48,123,40,31,69,70,74,126,57,46,24,21,,,90,103,92,75,132,123,68,123,,95,66,58,121,91,142,26,84,78,,73,86,85,115,102,56,100,,111,101,100,96,98,87,103,106,73,82,80,78,84,80,123,117,110,122,110,142,118,118,92,109,112,101,126,155,176,89,119,111,122,181,135,129,88,110,76,112,102,84,84,79,74,78,101,112,103,128,100,76,76,27,30,68,62,70,26,27,54,60,56,66,27,25,25,33,31,24,20,9,61,40,31,38,,39,55,40,148,119,95,114,109,130,,104,98,106,41,59,68,66,,82,87,72,68,42,55,84,140,111,113,106,106,121,98,102,85,97,103,97,67,84,126,56,69,81,84,120,122,114,112,130,125,117,115,126,123,108,137,115,137,99,77,85,73,80,86,101,110,82,70,98,177,120,110,141,95,126,190,93,96,85,113,92,73,75,71,110,75,91,101,98,92,98,21,29,84,44,37,47,78,76,55,,23,50,18,36,69,57,59,53,31,45,44,101,137,103,112,58,87,138,137,132,110,151,115,,121,117,116,112,86,82,94,70,79,54,134,146,76,138,82,96,91,108,97,102,69,48,83,64,68,72,70,,102,75,62,83,68,30,57,50,55,82,88,92,101,114,97,79,76,79,71,114,129,80,,118,83,68,74,68,67,111,132,75,77,81,79,80,85,76,79,75,41,28,22,20,63,95,52,42,20,27,27,129,36,45,46,40,26,93,89,92,94,24,46,80,83,59,81,88,142,92,172,130,116,107,98,77,,110,111,31,37,65,55,53,132,134,106,111,116,58,55,53,34,31,34,38,46,99,98,95,,42,58,122,102,50,31,108,52,,59,62,63,57,81,73,57,115,76,67,92,26,64,80,69,70,64,46,60,77,83,56,107,109,70,52,61,52,98,70,109,61,56,51,116,109,121,74,106
20231004,19,O3_8h_24h,55,59,68,58,58,65,52,63,83,68,52,56,,,81,,83,80,87,,84,,74,80,,79,74,,107,119,103,114,111,119,137,,77,82,,76,,93,93,100,,90,,108,112,118,88,60,75,76,,84,82,,79,78,87,75,72,80,74,76,64,71,,71,82,83,82,94,92,,108,102,111,109,79,,,77,83,83,85,83,,72,73,,,82,82,79,82,,85,77,,77,78,74,81,74,,95,138,139,137,133,147,143,154,118,122,133,62,63,67,67,63,69,,64,70,67,69,60,58,62,66,64,68,62,65,59,59,65,102,105,101,105,111,,108,112,95,101,120,118,126,119,112,115,124,122,121,130,,113,120,116,123,113,121,114,108,101,110,106,127,,,,97,113,,116,107,107,,,,131,,114,107,107,113,109,112,110,110,110,,,,120,116,,124,124,132,123,125,,126,123,130,130,127,126,136,143,,134,,134,125,,101,90,,103,98,86,,93,108,98,85,100,100,100,,,99,97,107,98,101,107,90,,88,,,127,,104,102,,97,100,96,101,112,106,,95,93,82,88,79,93,99,95,88,79,86,91,86,90,80,73,82,87,,,131,126,125,124,,142,142,57,64,68,,60,63,71,,64,135,124,116,,128,131,132,133,131,,,160,160,156,165,156,159,77,76,86,79,75,79,80,82,,58,51,58,57,63,50,60,,68,58,32,45,42,46,40,41,42,43,45,28,139,142,,123,120,149,113,143,88,121,107,131,116,138,151,104,94,,115,104,102,127,202,146,200,158,151,145,130,160,,171,127,114,186,181,177,,181,176,135,179,,,110,112,116,105,113,119,102,102,132,120,141,,119,120,116,119,128,111,103,108,,68,73,84,70,33,,21,13,20,9,9,26,24,,,17,15,17,23,15,,51,47,43,43,,,48,75,86,83,74,80,78,71,75,88,79,,60,56,51,53,51,50,62,64,57,62,58,54,45,41,36,42,38,44,33,54,,44,45,41,28,,80,,72,69,,,,,96,,,,84,78,82,67,76,81,82,,80,35,43,49,46,38,38,35,36,38,39,,35,44,52,81,,84,80,84,86,80,79,75,76,77,,135,148,137,86,81,77,78,99,113,84,81,82,86,85,137,137,146,,,134,,111,111,105,109,99,,97,118,,,112,121,114,117,,128,121,128,,119,112,116,126,110,112,113,116,115,109,,,,,,,73,,58,125,130,132,132,146,150,131,121,116,,129,,,83,,87,83,89,149,171,170,152,139,,133,134,142,142,141,135,104,101,99,90,88,79,86,106,107,98,88,87,90,119,,112,102,95,,116,123,,110,120,113,106,99,,92,54,,,63,69,,,,80,75,85,79,98,111,,110,110,,42,42,,56,,89,82,93,,87,128,79,71,80,,125,118,130,116,111,124,,93,96,96,90,96,79,122,70,85,123,104,96,78,79,84,78,80,76,76,75,72,75,,49,54,53,,53,74,71,70,71,73,52,54,52,59,58,96,92,100,,105,113,110,,106,80,68,74,72,,86,77,94,,54,,33,28,45,40,,108,108,,,,59,,58,,28,,,,67,64,64,33,38,,,,33,37,44,33,65,67,,53,42,45,40,51,59,,75,,,75,70,61,58,76,78,97,95,106,73,82,86,88,118,110,115,110,115,103,67,68,57,48,50,47,,54,58,58,54,,59,68,67,58,32,38,30,25,,,,,47,52,,52,33,27,32,32,29,31,69,66,68,71,71,65,65,,41,49,,62,60,42,,48,37,,35,62,81,68,70,72,64,74,74,42,46,41,40,,,103,105,96,94,87,91,86,93,,99,81,86,90,98,,,124,,,,,165,,,,,,,,,,,,,,,,124,,,,,,,,,,,,,,,,,,,,,,,,,,,,,,,,,,,,,,34,75,64,71,74,83,81,84,78,,,,64,63,58,61,,,60,68,75,76,74,84,,82,78,52,,,50,52,,90,83,36,,33,,87,90,,,75,66,,,92,92,78,,,65,68,75,80,109,104,105,77,72,72,74,78,111,92,106,94,72,73,67,72,80,79,76,76,,59,64,78,,97,102,82,94,68,61,70,72,75,78,82,72,,,78,62,59,60,68,68,80,60,101,62,65,59,65,58,69,62,73,,,88,74,68,,62,62,,60,115,115,,115,112,121,,98,102,107,102,124,101,114,,71,77,75,79,76,74,77,78,,77,68,65,46,124,124,,96,,95,,,,72,79,79,65,87,97,,72,,84,78,78,121,121,132,128,,82,83,82,,,86,86,91,,80,78,80,,,136,42,45,42,43,40,41,20,22,22,28,67,62,66,63,,39,48,44,43,34,,77,81,80,79,83,85,80,82,25,,27,30,34,51,53,50,46,50,76,95,93,,84,84,83,,46,60,55,84,,74,71,66,,68,79,82,81,78,,69,70,63,66,68,72,79,,75,70,72,38,33,,46,42,90,63,60,77,73,71,73,77,39,40,,69,73,71,,53,57,,49,42,49,46,,63,61,59,36,36,43,48,49,56,52,48,56,60,63,63,60,56,63,60,63,58,44,52,53,51,45,78,68,76,71,69,56,59,52,59,52,39,65,60,54,65,36,58,53,106,108,110,95,83,91,88,108,109,106,114,106,103,98,85,111,124,124,120,98,106,82,88,90,,114,86,98,68,72,,73,41,34,36,33,45,48,43,46,49,50,57,50,55,47,,,,27,27,,28,31,30,32,26,28,,42,48,39,,,,,,57,56,52,58,21,,38,,54,62,67,64,62,64,,72,75,72,79,,,,,75,64,55,57,68,67,70,,84,53,52,61,65,,48,46,44,50,44,46,40,36,,55,53,60,58,50,58,44,56,70,,47,42,,47,56,,50,53,52,,52,,127,,46,44,60,67,71,64,73,65,71,70,60,44,41,73,,101,100,,68,72,95,,84,84,82,84,98,101,,78,78,103,95,,,82,95,84,,107,82,84,53,57,97,64,,61,,,50,74,89,82,111,106,98,86,89,,96,93,91,88,87,104,91,96,94,,,76,77,76,63,,83,88,88,80,73,117,111,129,86,77,79,114,84,,30,71,124,126,100,96,134,,99,,151,113,47,78,56,56,103,50,108,74,76,23,118,39,,,71,86,92,85,,72,80,81,50,,108,124,,,122,116,121,142,104,118,135,143,126,115,79,12,25,14,43,,81,62,,94,131,58,54,99,88,67,131,55,35,68,63,131,78,54,76,123,79,129,67,126,54,103,71,,76,76,71,53,,76,101,6,69,56,50,73,78,74,107,66,51,37,33,54,123,40,31,103,70,74,137,57,46,25,28,,,90,103,92,86,136,123,68,123,,95,66,58,121,91,142,68,98,78,,76,86,86,118,105,56,100,,111,102,100,96,98,88,103,106,73,82,83,83,84,82,123,123,110,122,113,142,123,120,94,111,115,103,126,155,176,89,119,112,127,181,135,129,94,110,76,114,108,84,84,80,77,80,101,112,103,131,100,76,76,38,67,75,63,70,28,62,65,70,65,72,27,25,25,33,31,31,21,19,62,40,38,45,,41,55,51,154,122,112,126,118,143,,116,99,106,49,59,68,66,,132,87,72,68,48,55,84,140,114,113,106,106,121,98,103,85,97,103,100,67,84,137,75,71,82,85,120,122,114,112,130,125,117,115,126,123,112,142,116,138,99,82,85,84,80,86,103,141,84,74,98,177,122,110,141,95,126,190,99,96,88,113,92,112,78,78,110,79,91,101,99,94,98,77,85,84,64,67,86,78,76,62,55,24,50,22,36,71,57,59,53,33,46,44,108,144,110,121,64,87,138,137,132,125,151,115,,122,120,118,118,86,84,94,70,79,54,134,151,83,138,91,96,92,109,97,102,69,48,83,65,71,74,72,,102,75,72,83,68,30,57,50,55,82,88,92,104,114,98,80,76,80,84,114,129,83,,118,83,77,79,73,70,111,132,80,78,82,81,86,85,76,83,78,54,55,54,23,64,95,70,42,20,27,27,129,36,45,46,40,27,100,89,92,94,27,73,80,83,59,89,88,142,125,172,130,118,107,98,77,,110,111,32,37,71,55,53,132,134,111,114,127,81,55,53,36,31,34,39,46,99,98,95,,47,62,126,102,64,31,108,62,,59,63,63,59,81,73,71,122,79,72,92,27,64,92,79,70,86,48,64,81,84,58,107,109,72,66,63,67,98,72,115,61,56,60,130,114,134,136,106
20231004,19,CO,0.3,0.2,0.1,0.3,0.2,0.2,0.5,0.3,0.4,0.2,0.2,0.9,,,0.3,,0.4,0.5,0.4,,0.6,,0.3,0.4,,0.4,0.5,,0.6,0.4,0.4,0.4,0.5,0.4,0.8,,0.5,0.3,,0.2,,,0.4,0.4,,,,0.4,0.1,0.2,0.7,,0.1,0.4,,0.4,0.3,,0.1,,0.2,0.2,0.3,0.2,0.3,0.2,0.4,0.3,,0.6,0.6,0.2,0.2,,0.2,,0.5,0.3,0.4,0.4,0.4,,,0.6,,0.6,0.3,0.3,,0.4,0.4,,,0.2,0.4,0.4,0.4,,0.4,0.4,,0.3,0.4,0.5,0.4,0.4,,0.3,0.4,0.5,0.5,0.4,0.4,0.6,0.4,0.6,0.4,0.4,0.3,0.3,0.2,0.2,0.2,0.2,,0.3,0.3,0.4,0.5,0.3,0.5,0.3,0.5,0.5,0.5,0.3,0.3,0.4,0.6,0.4,0.5,0.6,0.4,0.6,0.5,,0.4,0.5,0.4,0.6,0.4,0.7,0.2,0.6,0.4,0.3,0.4,0.4,0.6,0.7,,0.5,0.6,0.6,0.5,0.7,0.5,0.2,0.6,0.5,0.4,0.6,0.7,,,,0.6,0.6,,0.5,0.6,0.7,,,,0.4,,0.8,0.5,0.6,0.8,0.6,0.9,0.8,0.7,0.4,,,,0.5,0.5,,0.4,0.3,0.3,0.5,0.4,,0.2,,0.6,0.8,0.8,0.7,1.5,1.4,,1.3,,0.8,1,,0.6,0.6,,0.6,0.7,0.6,,0.6,0.6,0.7,0.6,,0.5,0.5,,,0.4,0.6,0.4,0.5,0.4,0.4,0.4,,0.6,,,0.7,,0.5,0.5,,0.4,0.5,0.6,0.6,0.4,0.3,,0.6,,0.5,0.6,0.6,0.4,0.5,0.5,0.6,0.5,0.6,0.3,0.6,0.4,0.7,0.7,0.4,0.5,,,0.4,0.5,0.5,0.5,,0.4,0.4,0.9,0.9,0.7,,0.7,0.7,0.6,,0.8,0.4,0.4,0.5,,,0.4,0.4,0.3,0.4,,,0.7,0.7,,0.6,0.6,0.7,1.6,1.3,0.6,1.1,1.7,1.7,1.1,1.2,,0.7,0.6,0.6,0.6,0.5,0.5,0.5,,0.5,0.7,0.5,0.6,0.8,0.6,0.8,0.6,0.7,0.5,0.8,0.4,1,0.9,,0.6,0.6,0.8,0.8,0.8,0.7,0.7,0.6,0.9,,1.1,0.8,0.8,0.6,,0.6,0.8,0.9,1,0.9,0.8,0.6,0.8,0.7,0.6,0.6,0.9,,0.8,0.8,0.6,0.7,0.9,0.6,,0.7,0.8,0.8,0.8,,,0.9,0.8,0.8,0.7,0.8,0.9,0.9,0.7,0.7,0.7,0.7,,0.5,0.6,0.7,0.8,0.3,0.6,0.5,0.6,,0.3,0.4,0.3,0.3,0.3,,0.7,1.1,0.7,0.7,0.9,1,0.7,,,1,0.9,0.9,0.9,1.1,,0.7,0.7,0.6,0.7,,,0.8,0.8,0.4,0.3,0.4,0.5,0.5,0.3,0.4,0.3,0.3,,0.5,0.5,0.6,0.7,0.5,0.6,0.4,0.2,0.3,0.2,0.3,0.2,0.7,0.8,1,0.9,0.7,0.8,0.6,0.8,,0.9,0.2,0.8,0.7,,0.6,,0.4,0.6,,,,,0.3,,,,0.5,0.4,0.3,0.3,0.7,0.3,0.3,,0.5,0.7,0.8,0.7,0.6,0.9,0.8,0.8,0.8,0.7,0.8,,0.7,1,0.5,0.6,,0.6,0.6,0.7,0.5,0.6,0.4,0.6,0.3,0.5,,0.4,0.6,0.3,0.4,0.5,0.5,0.5,0.1,0.3,0.2,0.2,0.3,0.1,0.5,0.9,0.8,0.7,,,0.7,,0.6,0.8,1.1,0.9,0.4,,0.4,0.6,,,0.5,0.7,0.7,0.3,,0.5,0.5,0.4,,0.5,0.7,0.6,0.8,0.9,0.4,0.2,0.5,0.3,0.3,,,,,,,0.6,,0.7,0.5,0.6,0.6,0.9,0.7,0.8,0.3,0.2,0.3,,0.2,,,0.7,,,0.8,1,0.9,1.1,0.7,0.7,1.2,,0.9,1,0.9,0.9,0.8,1,0.7,0.8,0.7,0.7,0.7,0.8,0.7,1,0.7,0.8,0.8,0.8,0.8,,,0.9,0.8,0.9,,0.5,0.8,,0.9,0.8,1,0.7,0.9,,0.6,0.8,,,0.6,0.5,,,,0.5,0.4,0.4,0.5,1.2,1.6,,1.3,1.2,,2.9,2.7,,2.8,,0.7,0.7,0.8,,0.9,0.7,0.2,0.3,0.3,,0.6,1.5,0.6,1,0.5,0.9,,0.3,0.5,0.4,0.3,0.3,0.2,0.5,0.4,0.9,0.6,0.5,0.6,0.4,0.4,0.5,0.6,0.4,0.4,0.4,0.5,0.5,0.4,,0.3,0.2,0.3,,0.2,0.4,0.2,0.3,0.4,0.3,0.3,0.4,0.3,0.3,0.3,0.5,0.4,0.7,,0.4,0.7,0.6,,0.6,0.7,0.9,0.8,0.8,,0.6,1,0.7,,1.1,,1,1,0.9,1.2,,1,1,,,,0.9,,1.1,,1.4,,,,0.6,0.8,0.9,0.9,0.7,,,,0.7,0.7,0.7,0.6,0.8,0.7,,0.8,0.6,0.8,0.6,0.5,0.7,,0.6,,,0.4,0.5,0.5,0.6,0.7,0.8,0.8,0.9,0.7,0.8,0.7,0.6,0.6,0.4,0.7,0.7,0.8,0.7,0.5,0.3,0.4,0.6,0.8,0.7,0.9,,0.8,0.8,0.8,0.6,,0.5,0.6,0.4,0.5,0.5,0.5,0.5,0.6,,,,,0.7,0.7,,0.6,0.5,0.6,0.4,0.4,0.4,0.4,0.8,0.7,0.6,0.6,0.8,0.9,0.5,,0.8,0.4,,0.5,0.5,0.6,,0.5,0.9,,0.8,0.3,0.6,0.6,0.5,0.5,0.6,0.6,0.5,0.8,0.8,0.8,0.7,,,0.5,0.2,0.6,0.2,0.4,0.2,0.2,0.2,,0.4,0.2,0.3,0.2,0.2,,,0.8,,,,,0.8,,,,,,,,,,,,,,,,0.4,,,,,,,,,,,,,,,,,,,,,,,,,,,,,,,,,,,,,,0.9,0.7,0.7,0.9,0.9,0.4,0.5,0.5,0.4,,,,1.3,1.1,0.9,0.7,,,0.5,0.5,,0.6,0.6,0.3,,0.3,0.4,1.1,,,1.1,1.1,,0.5,0.5,0.6,,0.7,,0.3,0.3,,,0.5,0.2,,,0.5,0.5,0.2,,,0.2,0.3,0.3,0.2,0.7,0.5,0.5,0.4,0.2,0.3,0.8,0.3,0.4,0.4,0.5,0.5,0.4,0.2,0.3,0.2,0.3,0.3,0.5,0.4,,0.3,3.6,0.5,,0.3,0.3,0.5,0.4,0.4,0.4,0.5,0.5,0.4,0.5,0.4,0.2,,,0.1,0.2,0.3,0.4,0.1,0.2,0.2,0.2,0.1,0.2,0.3,0.2,0.4,0.5,0.3,0.5,0.2,,,0.6,0.2,0.3,,0.3,0.4,,0.1,0.5,0.4,,0.4,0.4,0.5,,0.4,0.3,0.3,0.3,0.4,0.7,0.6,,0.6,0.7,0.5,0.6,0.3,0.7,0.8,0.7,,0.7,0.5,0.6,0.7,0.4,0.4,,0.6,,0.6,,,,,1,0.5,0.6,0.6,0.3,,0.7,,0.6,0.4,0.6,0.7,0.6,0.7,0.7,,0.4,0.7,0.7,,,0.7,0.8,0.7,,0.5,0.5,0.6,,,0.5,0.4,0.5,0.4,0.4,0.4,1.4,1.2,1,1.3,0.7,0.5,0.6,0.6,0.9,,0.3,0.4,0.4,0.6,0.8,,1.3,0.9,1.8,1.1,0.9,0.9,0.7,0.9,0.6,,1.2,1.3,0.7,1,1,1,1.2,1,,0.3,0.5,,1.3,1.7,1.7,,1.2,1.3,1.1,0.9,,0.9,0.9,1.2,,1.1,0.7,0.6,0.6,0.8,,0.6,0.8,0.7,0.7,0.7,0.7,0.6,,0.4,0.4,0.3,0.4,0.4,,0.5,0.5,0.7,0.9,0.9,0.8,0.7,0.5,0.9,0.7,0.5,0.7,,0.5,0.5,0.4,,0.8,0.8,,0.8,0.7,0.7,0.6,,0.4,0.5,0.5,0.9,1.2,0.8,0.8,0.9,0.9,1.1,0.9,1,0.8,0.7,0.8,0.9,0.6,0.6,0.6,0.8,0.7,0.9,1,,0.7,0.8,0.8,0.6,0.7,0.7,0.7,0.8,0.8,1,0.7,0.7,0.8,0.6,0.8,0.8,0.5,0.8,0.7,0.6,0.9,0.8,1.1,0.7,0.5,0.7,0.4,0.6,0.7,0.7,0.5,0.6,0.5,0.5,0.7,0.9,0.7,0.6,0.5,1,1,0.4,0.8,0.8,,0.5,0.5,0.4,0.5,0.6,,0.4,0.7,0.4,0.5,0.4,0.6,0.5,0.6,0.5,0.7,0.6,0.7,,0.5,0.5,,,,0.5,0.5,,0.5,,0.6,0.6,0.7,0.5,,0.7,0.6,0.4,,,,,,0.5,0.7,0.6,0.6,1.3,,0.5,,0.4,0.5,0.6,0.7,0.8,1,,0.5,0.5,0.6,0.6,,,,,0.3,0.3,0.6,0.6,0.2,0.2,0.7,,0.3,0.6,0.5,0.7,0.6,,0.6,0.5,0.6,0.6,0.4,0.4,0.4,0.4,,0.3,0.4,0.3,0.3,0.5,0.1,0.4,0.4,0.5,,0.5,0.5,,0.4,0.3,,0.3,0.4,0.5,,0.7,,0.2,,0.3,0.3,0.5,0.8,0.6,0.7,0.4,0.4,0.4,0.5,0.7,1.2,1,0.2,,0.4,0.6,,0.7,0.5,0.5,,0.2,0.4,0.2,0.3,0.4,0.4,,0.4,0.4,0.1,0.2,,,0.6,0.6,0.5,,0.5,0.5,0.5,0.7,0.6,0.6,0.4,,0.6,,,0.6,0.4,0.4,0.3,0.5,0.5,0.3,0.4,0.6,,0.3,0.2,0.3,0.5,0.6,0.4,0.3,0.5,0.2,,,0.4,0.5,0.3,0.2,,0.5,0.2,0.3,0.4,0.4,0.7,1.1,0.8,0.5,0.5,0.6,0.5,0.3,,0.6,0.5,0.4,0.4,0.4,0.4,0.6,,0.5,,0.4,0.7,0.8,0.7,0.7,0.9,0.3,0.7,0.2,0.4,0.3,,0.8,0.3,,,0.4,0.6,0.7,0.4,,0.4,0.4,0.3,0.8,,0.6,0.6,,,1.3,0.3,0.3,1.4,0.5,0.6,1,0.9,0.7,0.2,0.5,0.5,0.7,0.8,2.6,,0.3,0.8,,0.6,0.7,0.4,0.3,0.7,0.3,0.4,0.2,0.3,0.9,0.3,0.6,0.5,0.3,1.8,0.4,0.2,0.3,0.9,0.2,0.6,0.4,0.3,1,,0.7,0.5,0.5,0.4,,0.3,0.3,1.2,1.1,0.7,0.6,0.7,0.6,0.6,0.8,,0.6,0.5,0.9,0.9,0.5,0.8,1.2,0.6,0.6,0.8,0.4,0.5,0.4,1,0.9,,,0.4,0.6,0.4,1,0.7,0.3,0.5,0.6,,0.4,0.6,0.5,0.4,0.5,0.9,,0.6,0.6,,0.4,0.6,0.2,0.4,0.5,0.5,0.3,,,0.6,0.4,0.4,0.7,0.9,0.6,0.6,0.3,0.3,0.5,0.4,0.4,0.5,0.6,0.6,0.6,0.5,0.3,1.3,0.5,0.4,0.8,0.9,1,0.8,0.6,1,0.8,0.6,0.9,0.9,0.7,0.8,0.6,0.7,0.7,0.9,0.7,0.9,0.6,0.1,0.2,0.3,0.5,0.4,0.6,0.2,0.6,0.4,0.4,0.5,0.6,1.1,1.3,0.8,1.1,0.3,1.4,1.5,0.4,0.3,0.5,0.9,0.8,0.8,0.6,0.8,0.8,0.5,0.7,0.6,0.7,0.7,0.5,0.7,,0.6,0.4,0.7,0.6,0.5,0.5,0.3,0.3,0.2,,1,0.3,0.3,0.8,0.6,0.5,0.5,,0.6,0.3,0.5,0.7,0.7,1,0.8,0.7,0.4,0.7,0.7,0.6,0.8,0.6,0.7,0.5,0.7,0.7,0.7,0.7,,0.4,0.4,0.2,0.5,0.4,0.6,0.8,0.6,0.6,1,0.6,1,0.3,0.5,0.5,0.3,0.9,0.6,0.5,0.4,0.3,0.2,0.3,0.4,0.4,0.9,0.6,0.7,0.7,,0.6,0.8,0.9,0.7,0.8,0.8,0.8,0.7,0.5,0.4,0.3,0.2,0.4,0.6,0.2,0.6,0.4,0.6,0.6,0.6,0.6,0.6,1.2,1.8,1.8,1.3,1,0.5,0.8,0.7,0.2,,0.9,0.5,0.7,0.8,0.2,0.6,0.7,0.6,0.7,0.6,0.8,0.3,0.5,1,0.3,0.7,0.8,0.6,0.4,0.4,0.2,0.9,0.2,,0.6,0.5,0.5,0.4,0.3,0.4,0.4,0.2,0.4,0.7,0.5,0.4,0.5,0.7,0.9,0.7,0.7,0.7,0.9,0.5,0.7,0.7,0.5,0.4,0.4,0.6,0.5,,0.5,0.8,0.8,0.4,0.7,1.2,0.5,0.4,,0.7,0.6,0.5,0.5,0.6,0.5,0.4,0.6,0.7,0.9,1.8,1.3,0.5,,0.5,0.4,0.3,0.4,0.5,0.3,0.2,0.5,0.5,0.3,0.4,0.2,0.2,0.3,0.5,0.5,0.5,2.1,1.2,1.1,0.9,0.9,1.6,1,1.1,0.6,0.7,0.9,0.8,0.8,0.6,0.8,0.7,0.7,0.3,0.5,0.3,0.2,0.8,0.6,0.4,0.9,0.9,0.3,0.8,0.7,0.9,0.8,0.8,0.9,0.8,0.4,0.4,,0.6,0.6,0.7,1,0.4,0.4,0.6,,0.5,0.3,0.1,0.4,0.5,0.5,0.6,0.8,0.8,0.7,0.6,0.7,0.6,0.7,0.5,,0.4,0.2,0.7,0.2,1.2,2.4,1.1,1,,0.3,0.3,0.3,0.3,,0.5,0.7,0.4,0.6,0.3,0.5,1.1,0.7,0.3,0.5,0.3,0.2,0.4,0.4,0.2,0.3,0.4,0.5,0.9,0.4,0.3,0.2,0.4,0.5,0.2,0.4,0.1,0.5,0.6,0.3,1,0.4,0.6,0.4
20231004,19,CO_24h,0.3,0.3,0.3,0.3,0.3,0.2,0.4,0.4,0.4,0.3,0.3,0.6,,,0.5,,0.5,0.5,0.5,,0.6,,0.5,0.5,,0.6,0.7,,0.9,0.8,0.7,0.8,0.9,0.8,1.1,,0.6,0.5,,0.4,,0.3,0.4,0.6,,0.3,,0.9,0.5,0.7,0.7,0.8,0.4,0.5,,0.7,0.3,,0.1,0.2,0.2,0.3,0.4,0.4,0.4,0.2,0.4,0.3,,0.4,0.5,0.5,0.3,0.5,0.3,,1.2,1,1,1.2,0.8,,,1,1.1,0.9,0.9,0.9,,0.4,0.4,,,0.2,0.4,0.3,0.3,,0.5,0.5,,0.4,0.5,0.5,0.5,0.4,,0.4,0.6,0.7,0.6,0.7,0.6,0.7,0.6,0.7,0.6,0.5,0.3,0.4,0.3,0.4,0.2,0.2,,0.3,0.3,0.4,0.4,0.3,0.5,0.4,0.5,0.6,0.6,0.4,0.3,0.4,0.6,0.4,0.5,0.6,0.4,0.6,0.5,,0.4,0.5,0.4,0.6,0.4,0.7,0.2,0.6,0.3,0.3,0.5,0.4,0.6,0.5,,0.6,0.6,0.6,0.6,0.6,0.7,0.2,0.6,0.5,0.5,0.6,0.6,,,,0.5,0.6,,0.5,0.5,0.5,,,,0.4,,1.1,0.7,0.9,1,1,1,1,0.9,0.5,,,,0.6,0.6,,0.5,0.4,0.4,0.5,0.4,,0.3,0.7,0.6,0.7,0.7,0.6,0.5,0.6,,0.5,,0.6,0.6,,0.5,0.5,,0.4,0.5,0.5,,0.6,0.5,0.6,0.5,0.5,0.5,0.5,,,0.4,0.6,0.5,0.5,0.4,0.5,0.5,,0.5,,,0.5,,0.7,0.5,,0.5,0.5,0.5,0.5,0.4,0.3,,0.6,0.5,0.5,0.5,0.6,0.5,0.5,0.5,0.7,0.5,0.6,0.3,0.7,0.4,0.7,0.7,0.5,0.6,,,0.3,0.4,0.5,0.4,,0.4,0.4,0.7,0.8,0.5,,0.7,0.6,0.5,,0.7,0.5,0.5,0.6,,0.5,0.5,0.5,0.4,0.5,,,0.6,0.7,1,0.5,0.6,0.7,0.9,1,0.3,0.8,0.8,0.9,0.7,0.9,,0.7,0.6,0.5,0.7,0.5,0.5,0.5,,0.5,0.7,0.4,0.6,0.6,0.6,0.8,0.6,0.6,0.5,0.8,0.3,0.9,0.9,,0.7,0.7,0.9,0.9,0.8,0.7,0.8,0.6,0.9,0.6,1,0.7,0.8,0.6,,0.6,0.7,0.9,1,0.8,0.6,0.6,0.8,0.7,0.6,0.6,0.8,,0.8,0.8,0.6,0.5,0.7,0.5,,0.6,0.6,0.6,0.6,,,0.9,0.9,0.9,0.7,0.8,0.9,0.8,0.8,0.6,0.7,0.5,,0.7,0.7,0.8,0.8,0.5,0.8,0.7,0.7,,0.5,0.4,0.4,0.3,0.3,,0.8,1,0.7,0.7,0.9,0.9,0.8,,,0.9,0.9,0.9,0.9,1.2,,0.6,0.6,0.6,0.6,,,0.6,0.8,0.4,0.2,0.4,0.4,0.4,0.2,0.3,0.3,0.3,,0.6,0.5,0.6,0.8,0.5,0.6,0.4,0.2,0.3,0.3,0.3,0.2,0.7,0.8,0.9,0.8,0.7,0.7,0.6,0.7,,0.9,0.2,0.7,0.7,,0.6,,0.5,0.7,,,,,0.5,,,,0.6,0.6,0.7,0.7,0.8,0.6,0.6,,0.5,0.6,0.7,0.6,0.4,0.8,0.7,0.7,0.7,0.5,0.7,,0.5,0.9,0.5,0.4,,0.6,0.4,0.6,0.5,0.6,0.4,0.6,0.6,0.6,,0.6,0.7,0.5,0.7,0.7,0.6,0.6,0.4,0.4,0.3,0.3,0.4,0.5,0.6,0.7,0.7,0.6,,,0.8,,0.5,0.6,0.9,0.7,0.6,,0.5,0.6,,,0.6,0.9,0.9,0.7,,0.5,0.6,1.2,,0.5,0.6,0.6,0.6,0.7,0.6,0.3,0.6,0.5,0.3,,,,,,,0.4,,0.6,0.4,0.6,0.5,0.8,0.6,0.7,0.3,0.3,0.5,,0.5,,,0.7,,0.8,0.8,0.6,0.8,0.9,0.6,0.6,0.9,,0.7,0.8,0.8,0.7,0.7,0.6,0.6,0.8,0.7,0.7,0.7,0.8,0.7,0.9,0.7,0.7,0.8,0.8,0.9,0.9,,0.7,0.8,0.7,,0.4,0.6,,0.9,0.9,1,0.8,0.9,,0.6,0.7,,,0.5,0.4,,,,0.6,0.5,0.5,0.5,1.3,1.7,,1.4,1.2,,1.6,1.4,,1.6,,1,0.7,0.9,,0.8,0.6,0.2,0.3,0.3,,0.7,0.8,0.7,1.3,0.8,0.7,,0.4,0.6,0.6,0.5,0.5,0.3,0.6,0.8,1.2,0.6,0.5,0.6,0.5,0.6,0.6,0.7,0.4,0.4,0.5,0.5,0.5,0.5,,0.3,0.2,0.3,,0.2,0.4,0.3,0.3,0.5,0.4,0.3,0.4,0.3,0.2,0.3,0.5,0.7,0.7,,0.5,0.8,0.7,,0.7,0.7,0.7,0.8,0.7,,0.6,0.9,0.8,,1,,1.2,0.9,0.8,0.9,,1.1,1,,,,0.8,,0.7,,1,,,,0.6,0.8,0.6,0.8,0.6,,,,0.7,0.7,0.7,0.6,0.8,0.7,,0.8,0.6,0.8,0.6,0.5,0.7,,0.6,,,0.5,0.6,0.5,0.6,0.7,0.8,0.8,0.9,0.7,0.5,0.6,0.6,0.6,0.5,0.8,0.9,0.8,0.7,0.5,0.3,0.4,0.7,0.7,0.7,0.7,,0.8,0.8,0.8,0.6,,0.6,1,0.6,0.6,0.5,0.6,0.6,0.6,,,,,0.6,0.7,,0.6,0.5,0.5,0.4,0.3,0.3,0.4,0.7,0.7,0.5,0.5,0.8,0.9,0.5,,0.8,0.5,,0.8,0.6,0.7,,0.5,0.6,,0.7,0.5,0.7,0.7,0.6,0.6,0.7,0.7,0.6,0.8,0.7,0.8,0.7,,,0.6,0.2,1.1,0.5,0.9,0.5,0.2,0.3,,0.4,0.2,0.6,0.3,0.3,,,0.6,,,,,0.7,,,,,,,,,,,,,,,,0.6,,,,,,,,,,,,,,,,,,,,,,,,,,,,,,,,,,,,,,0.8,0.8,0.7,0.9,1,0.4,0.5,0.4,0.4,,,,1.3,1.1,1.1,1,,,0.6,0.6,0.6,0.6,0.6,0.7,,0.7,0.7,1,,,1,0.9,,0.6,0.7,0.6,,0.7,,0.5,0.3,,,0.4,0.3,,,0.4,0.4,0.3,,,0.2,0.3,0.2,0.2,0.6,0.5,0.5,0.4,0.4,0.3,0.6,0.4,0.5,0.5,0.6,0.8,0.4,0.3,0.3,0.4,0.4,0.4,0.6,0.5,,0.2,1.7,0.5,,0.2,0.3,0.6,0.5,0.4,0.4,0.3,0.4,0.5,0.6,0.5,0.3,,,0.2,0.2,0.3,0.3,0.2,0.2,0.2,0.2,0.2,0.3,0.4,0.2,0.5,0.6,0.3,0.5,0.2,,,0.7,0.3,0.3,,0.4,0.4,,0.1,0.4,0.4,,0.3,0.3,0.5,,0.3,0.3,0.3,0.3,0.3,0.6,0.5,,0.6,0.6,0.5,0.8,0.4,0.7,0.8,0.8,,0.7,0.4,0.5,0.6,0.3,0.3,,0.6,,0.6,,,,0.7,0.5,0.5,0.5,0.6,0.3,,0.7,,0.8,0.6,0.7,0.7,0.6,0.7,0.7,,0.5,0.7,0.7,,,0.7,0.8,0.7,,0.6,0.6,0.7,,,0.5,0.3,0.5,0.4,0.4,0.4,0.8,1.2,0.8,1,0.7,0.7,0.6,0.7,0.8,,0.1,0.5,0.4,0.6,0.7,,1.3,0.9,1.5,1.1,1,0.5,0.7,0.9,0.8,,1.5,1.7,1.1,0.9,0.8,0.9,1,0.9,,0.4,0.6,,1.3,1.1,1.1,,0.9,1.3,1,0.5,,0.5,0.5,0.8,,0.7,0.6,0.5,0.6,0.7,,0.6,0.7,0.6,0.6,0.5,0.6,0.4,,0.4,0.4,0.4,0.6,0.7,,1.1,0.8,0.7,0.9,0.9,0.7,0.7,0.6,0.9,0.7,0.5,0.7,,0.6,0.6,0.5,,0.7,0.8,,0.8,0.8,0.9,0.8,,0.6,0.6,0.6,1,1,0.7,0.8,0.8,0.8,0.9,0.8,0.9,0.7,0.8,0.7,0.7,0.5,0.6,0.7,0.8,0.6,0.9,1,0.9,0.7,0.8,0.6,0.6,0.6,0.7,0.6,0.7,0.7,0.9,0.6,0.6,0.9,0.5,0.8,0.8,0.3,0.7,0.6,0.5,0.9,0.9,0.8,0.7,0.6,0.6,0.7,0.7,0.7,0.7,0.5,0.5,0.6,0.6,0.7,0.6,0.7,0.7,0.7,0.9,0.8,0.4,0.7,0.8,,0.5,0.6,0.5,0.5,0.6,,0.4,0.7,0.4,0.5,0.3,0.6,0.5,0.6,0.5,0.7,0.6,0.6,0.9,0.6,0.6,,,,0.5,0.5,,0.5,,0.4,0.5,0.6,0.6,,0.7,0.6,0.4,,,,,,0.5,0.6,0.6,0.6,0.8,,0.5,,0.4,0.5,0.6,0.7,0.7,1,,0.4,0.4,0.5,0.5,,,,,0.2,0.4,0.6,0.6,0.1,0.1,0.7,,0.3,0.6,0.5,0.6,0.6,,0.6,0.5,0.7,0.7,0.4,0.4,0.5,0.5,,0.4,0.5,0.2,0.2,0.5,0.2,0.4,0.2,0.7,,0.5,0.4,,0.5,0.3,,0.3,0.4,0.5,,0.7,,0.3,,0.3,0.2,0.5,0.8,0.5,0.6,0.5,0.7,0.7,0.7,0.7,0.7,0.7,0.4,,0.6,0.7,,0.7,0.6,0.4,,0.3,0.4,0.3,0.4,0.4,0.4,,0.5,0.5,0.2,0.1,,,0.7,0.6,0.4,,0.6,0.5,0.5,0.4,0.6,0.6,0.4,,0.5,,,0.6,0.4,0.5,0.4,0.5,0.6,0.4,0.4,0.6,,0.4,0.2,0.4,0.6,0.7,0.4,0.8,0.8,0.5,,,0.7,0.7,0.6,0.3,,0.5,0.2,0.4,0.4,0.6,0.6,1.3,0.8,0.6,0.5,0.7,0.8,0.7,,0.7,0.5,0.8,0.4,0.4,0.5,0.5,,0.5,,0.6,0.7,0.7,0.7,0.8,1.1,0.4,0.6,0.3,0.4,0.4,0.5,0.5,0.4,,,0.4,0.6,0.6,0.6,,0.5,0.5,0.6,0.7,,0.5,0.7,,,1.2,0.3,0.8,0.4,0.4,0.6,0.8,0.8,0.6,0.2,0.5,0.6,0.9,0.8,1.3,,0.4,0.6,,0.4,0.6,0.4,0.4,0.7,0.3,0.3,0.5,0.3,0.8,0.5,0.5,0.5,0.4,1.4,0.4,0.2,0.3,1,0.2,0.7,0.4,0.4,0.9,,0.6,0.4,0.5,0.4,,0.3,0.6,1.2,0.8,0.7,0.6,0.7,0.6,0.6,0.9,0.8,0.6,0.9,1.2,0.7,0.5,0.8,1.1,0.7,0.5,0.8,0.6,0.5,0.4,0.7,0.7,,,0.6,0.5,0.4,0.9,0.5,0.3,0.6,0.6,,0.4,0.7,0.5,0.3,0.6,0.8,0.8,0.7,0.7,,0.5,0.9,0.4,0.6,0.8,0.5,0.3,,0.7,0.6,0.4,0.5,0.6,0.7,0.6,0.7,0.3,0.5,0.4,0.3,0.3,0.3,0.6,0.6,0.7,0.6,0.3,0.4,0.4,0.5,0.7,0.8,1,0.9,0.7,1,0.7,0.6,0.9,0.8,0.5,0.7,0.7,0.7,0.7,0.6,0.7,0.9,0.7,,0.3,0.3,0.6,0.5,0.7,0.2,0.5,0.4,0.4,0.7,0.8,0.9,1.2,0.6,0.8,0.3,1,1.2,0.5,0.3,0.5,0.8,0.5,0.8,0.6,0.7,0.7,0.6,0.6,0.5,0.7,0.6,0.4,0.7,,0.6,0.3,0.7,0.7,0.7,0.4,0.5,0.4,0.4,,0.7,0.4,0.4,0.6,0.6,0.5,0.5,,0.9,0.4,0.6,0.8,0.7,0.8,0.7,0.9,0.5,0.7,0.7,0.6,0.9,0.6,0.7,0.4,0.5,0.7,0.8,0.5,1.1,0.7,0.4,0.3,0.4,0.3,0.6,0.8,0.5,0.6,0.9,0.5,1,0.5,0.5,0.6,0.3,0.6,0.7,0.4,0.5,0.6,0.4,0.6,0.4,0.4,0.8,0.7,0.7,0.7,1,0.6,0.7,0.8,0.6,0.8,0.7,0.7,0.7,0.8,0.5,0.8,0.4,0.5,0.5,0.4,0.5,0.4,0.6,0.7,0.5,0.6,0.8,0.9,0.9,1.3,0.8,0.7,0.8,0.7,0.6,0.4,0.3,0.8,0.6,1,0.9,0.2,0.6,0.7,0.7,0.8,0.6,0.7,0.4,0.5,0.8,0.9,0.6,0.7,0.5,0.4,0.4,0.4,0.7,0.3,,0.6,0.7,0.6,0.6,0.6,0.8,0.5,0.4,0.5,0.8,0.5,0.3,0.7,0.6,0.9,0.7,0.6,0.6,1,0.6,0.6,0.7,0.5,0.4,0.4,0.6,0.5,,0.5,0.7,0.6,0.5,0.7,1.2,0.5,0.5,0.7,0.6,0.5,0.5,0.5,0.4,0.4,0.5,0.4,0.6,1.3,1.4,1.4,0.5,,0.8,0.6,0.5,0.5,0.6,0.4,0.9,1,0.5,0.6,0.5,0.5,0.3,0.5,0.6,0.6,0.7,1.1,1,0.8,0.8,0.7,1.6,0.7,1.1,0.6,0.9,0.9,0.8,0.7,0.7,0.8,0.6,0.7,0.3,0.6,0.6,0.6,0.7,0.7,0.7,1.5,1,0.3,0.8,0.6,0.8,0.8,0.8,0.9,0.6,0.4,0.3,,0.7,0.5,0.6,1,0.4,0.4,0.6,0.6,0.6,0.6,0.7,0.7,0.5,0.5,0.6,0.9,0.7,0.8,0.6,0.9,0.5,0.6,0.5,,0.2,0.1,0.6,0.3,1,1.3,1,0.8,,0.4,0.3,0.2,0.3,0.5,0.5,0.6,0.5,0.4,0.4,0.5,0.8,0.6,0.4,0.6,0.3,0.3,0.3,0.4,0.3,0.3,0.5,0.4,1.3,0.4,0.3,0.2,0.5,0.5,0.2,0.4,0.2,0.4,0.6,0.6,0.8,0.7,0.7,0.4
20231004,20,AQI,23,16,23,19,24,25,23,25,20,19,18,41,,,37,,48,34,36,,51,,24,38,,25,25,,60,60,71,72,54,55,63,,67,44,,,,29,44,39,,60,,58,57,62,60,,46,54,,53,22,,,,28,23,27,30,24,23,48,31,,58,51,,47,,53,,61,83,58,58,48,,,45,35,48,33,64,,24,36,,,,23,20,27,,43,54,,67,58,56,40,49,,114,21,33,29,20,22,27,27,22,22,25,26,29,29,45,24,24,,22,30,26,15,11,18,13,15,16,14,12,15,15,,15,31,34,31,35,35,,34,34,31,32,33,39,41,38,36,,40,41,36,28,,25,29,28,23,26,27,30,30,27,26,,77,,,,90,68,,65,68,72,,,,51,,31,25,24,26,22,24,27,25,32,,,,27,30,,,35,38,31,32,,,75,62,83,57,73,60,,,47,,74,100,,35,27,,36,36,29,,32,41,39,30,35,33,35,,,34,30,35,28,29,29,27,,31,,,,,29,30,,29,30,30,31,32,32,,39,36,25,24,22,30,30,30,31,41,41,31,52,44,51,44,,29,,,45,44,47,45,,,45,62,56,53,,60,55,43,,54,58,63,61,,,67,61,67,36,,,53,53,56,54,57,53,70,63,60,62,75,85,59,59,,21,34,26,29,39,31,26,,,26,26,30,38,31,30,35,40,33,36,33,42,,,49,52,46,46,58,42,45,45,47,68,53,69,40,42,,57,44,41,69,50,50,50,,43,48,49,52,,54,54,48,57,64,64,,68,66,59,59,,,,41,42,51,51,48,59,50,52,41,58,,36,45,40,40,55,52,53,51,,38,29,29,,8,,28,12,15,25,16,17,18,,,,,18,20,21,,54,40,,57,,,55,17,25,46,39,28,44,36,42,41,32,,32,17,29,22,,25,17,18,,15,18,19,27,25,35,25,29,29,29,28,,28,28,56,26,,36,,43,48,,,,,30,,,,33,,24,31,54,29,47,,,46,33,,37,47,47,52,,51,48,,,44,49,31,,40,34,35,57,39,60,36,29,48,,47,40,35,24,23,21,20,70,68,65,70,86,71,72,53,53,53,,,46,,93,104,97,81,56,,59,59,,,39,46,47,48,,,46,39,,83,100,69,62,,27,29,27,27,29,,,,,,,78,,,62,53,58,60,48,48,27,,28,,24,,,39,,39,40,46,63,56,49,54,75,,60,53,50,35,54,43,53,64,36,59,35,,36,38,34,33,48,52,48,69,,52,39,43,,61,61,,40,45,53,40,29,,42,28,,,97,82,,,,52,32,35,46,52,50,,47,53,,110,135,,135,,53,50,62,,72,43,35,24,21,,41,55,79,68,51,41,,75,73,72,72,71,79,50,36,55,71,58,70,79,97,72,81,66,22,22,21,42,19,,16,17,17,,16,34,28,36,30,30,17,19,12,9,20,39,46,37,,34,35,42,,28,52,48,51,49,,51,51,27,,58,,45,43,40,58,,71,72,,,,75,,66,,108,,,,62,54,63,30,51,,,,17,20,34,,25,36,,26,18,28,17,35,22,,28,,,23,30,26,20,25,33,42,,33,79,26,28,37,32,40,36,35,48,29,32,20,20,29,32,42,,42,49,48,40,,21,16,27,29,24,23,22,17,,,,,58,45,,62,9,19,20,19,22,20,28,45,58,46,45,26,21,,20,32,,25,12,29,,44,51,,26,19,26,22,20,25,22,23,20,28,42,,45,,,83,51,59,38,47,57,24,26,,46,25,63,68,67,,,53,,,,,52,,,,,,,,,,,,,,,,24,,,,,,,,,,,,,,,,,,,,,,,,,,,,,,,,,,,,,,49,46,51,54,50,53,,52,52,,,,58,51,63,42,,,55,62,,50,57,41,,38,42,63,,,50,67,,45,41,68,,67,,31,26,,,53,28,,,88,54,39,,,23,20,35,20,52,54,49,58,57,47,59,59,86,77,91,76,62,58,69,62,61,66,69,61,,57,55,52,,28,26,52,51,17,15,28,,23,24,24,20,,,19,15,23,21,20,20,19,17,25,13,22,16,19,16,15,15,17,,,21,19,18,,14,,,28,63,60,,62,63,57,,57,57,51,55,40,65,89,,38,50,40,51,34,30,32,31,,26,37,31,34,38,48,,51,,63,,,,44,49,22,49,59,49,,25,,35,31,41,37,39,43,51,,30,23,24,,,24,25,26,,19,20,20,,,,16,23,25,23,33,31,78,78,65,56,26,43,43,37,,30,28,30,33,32,,67,,56,52,46,38,43,43,43,,52,54,51,40,48,50,52,49,,30,26,,103,105,115,,93,107,75,145,,122,142,88,,88,52,50,60,57,,40,42,,43,63,65,60,,46,48,45,29,34,,16,32,28,32,18,26,50,46,73,50,45,37,,27,36,,,47,40,,29,16,19,28,,35,43,26,28,16,53,72,,72,89,65,54,54,43,64,53,63,55,55,53,47,51,49,,52,57,50,52,55,48,50,20,29,54,43,35,32,47,51,54,50,19,26,28,53,,70,,23,40,27,36,53,51,47,57,40,,52,52,60,52,49,46,46,36,25,54,,38,53,48,24,20,,19,29,14,18,15,32,24,25,32,29,23,25,,25,30,,,,13,16,,13,12,16,10,14,13,,12,12,10,,,,,,34,27,22,28,67,,32,,18,19,22,28,20,32,,32,52,49,33,,,,,20,17,17,18,45,30,,,28,22,16,40,40,,22,15,39,25,29,25,18,45,,28,46,35,37,26,29,35,30,24,,,26,,20,19,,15,22,,,,,42,,15,14,14,,12,14,54,53,52,36,20,20,25,22,,38,,,23,27,48,,57,62,,46,74,85,,29,25,29,33,,,23,27,23,,32,35,32,16,12,50,55,,55,,,62,37,27,24,56,57,52,78,29,,35,37,30,75,73,67,87,,108,,,,30,39,22,,33,27,,,17,55,53,52,47,33,30,61,46,,82,31,41,39,32,26,41,,53,,31,36,51,28,17,,51,41,52,70,44,,37,15,,,51,40,32,42,,50,32,39,38,,69,29,,,70,25,26,48,,59,74,77,77,28,30,22,26,23,152,,29,149,,,54,,43,32,22,28,25,24,27,23,55,37,38,95,32,29,55,58,24,51,16,53,45,,102,82,49,34,,26,55,26,97,14,,27,22,25,73,,37,24,52,25,51,22,93,96,77,30,27,28,22,28,29,,,42,79,62,43,75,41,31,48,,45,,41,47,47,36,,37,28,,41,29,30,40,34,29,39,,,29,29,31,29,34,31,32,20,23,40,63,20,36,38,70,27,27,29,43,39,46,48,77,62,49,46,47,51,51,52,53,41,68,42,52,40,44,38,,40,27,27,34,37,51,30,58,75,39,53,24,22,72,49,85,80,49,55,93,15,28,14,21,13,20,32,16,19,8,13,21,,17,20,51,,39,43,18,31,36,94,27,29,29,,94,63,56,85,26,21,52,,,20,25,,39,82,29,,46,35,35,52,60,51,24,41,35,41,42,57,,31,34,21,35,30,42,33,38,26,63,40,25,26,32,29,28,64,31,44,46,32,48,32,44,45,65,37,36,37,56,47,43,46,38,45,47,58,39,56,31,74,100,21,50,43,71,32,51,30,52,55,41,,64,108,75,100,36,,,20,,32,16,29,20,57,17,31,19,22,49,55,61,62,92,39,78,67,52,58,56,27,54,73,,66,51,39,32,35,31,,30,28,25,38,53,39,49,37,45,38,52,48,40,55,20,25,39,32,26,29,,43,39,23,29,26,15,19,33,,25,26,49,28,36,29,46,51,39,58,79,69,55,,64,59,72,57,59,,61,67,62,62,55,65,56,48,55,57,44,65,59,83,30,57,103,58,46,20,28,16,67,29,22,15,30,33,27,39,176,197,15,19,30,57,39,27,,50,58,64,39,43,43,29,30,,36,85,44,48,21,47,38,,59,40,44,26,90,40,69,,46,33,28,20,34,35,25,,37,15,57,67,59,128,,46,,21,35,19,51,37,30,73,63,37,17,26,93,74,51,56,20,17,34,19,39,19,,64,80,39,30,55,29,31,41,71,20,16,39,31,80,31,49,30
20231004,20,PM2.5,8,3,9,10,8,9,7,10,10,6,6,15,,,14,,24,17,18,,25,,10,18,,7,11,,27,33,42,44,34,34,42,,31,18,,30,,11,29,24,,33,,41,40,36,19,,19,22,,31,2,,,,19,12,16,13,7,12,14,19,,21,25,17,21,31,14,,27,27,19,19,17,,,7,9,20,16,14,,7,10,,,,6,4,10,,7,6,,6,7,2,4,10,,8,9,12,10,7,6,8,10,12,7,10,14,14,9,4,3,3,,6,6,4,2,2,5,,10,11,5,1,4,3,3,3,8,10,11,14,9,,5,10,11,12,14,19,17,17,17,12,15,24,14,10,,9,7,10,10,15,8,7,12,10,10,12,56,,,,67,49,,47,49,52,,,,28,,5,7,12,9,7,14,7,5,22,,,,12,21,,17,22,20,17,9,,11,55,44,61,38,43,34,32,,30,,54,75,,12,10,,22,14,18,,16,21,19,9,9,11,7,,,5,7,6,11,12,10,11,,15,,,16,,10,10,,11,10,12,6,2,4,,17,22,16,15,12,10,9,16,14,19,19,7,21,17,21,17,,17,,,28,17,25,25,,29,21,44,39,36,,35,39,30,,38,15,15,22,,9,15,12,22,9,,,14,12,17,17,12,22,48,45,43,44,55,49,41,42,,12,19,17,11,27,18,12,,,18,18,21,26,19,18,24,22,17,21,12,27,33,,34,30,27,32,36,29,31,31,31,46,35,50,28,24,,40,29,25,43,20,35,18,30,30,33,34,36,,38,27,33,39,21,46,,49,41,42,42,,,33,27,29,35,35,30,37,33,33,26,41,,25,27,28,28,39,35,35,25,,26,16,15,,5,,14,6,10,11,11,9,12,,,14,,12,8,12,,38,22,38,38,,,34,2,17,32,24,19,14,19,29,24,22,,16,9,18,13,7,6,7,7,5,9,6,5,14,15,24,17,20,20,20,19,,19,18,18,15,,23,,30,33,,,,,12,,,,22,,4,11,13,10,13,,18,18,23,21,22,23,30,28,32,28,29,,,20,23,12,,13,13,13,16,9,22,17,14,17,,9,6,3,7,6,9,4,7,7,10,9,5,16,12,21,22,23,,,15,,56,58,61,36,14,,9,18,,,9,9,11,22,,29,17,14,,61,75,41,44,73,2,9,7,6,9,,,,,,,44,,,36,24,34,33,18,22,5,,2,,5,,,27,,27,28,32,45,29,34,38,55,,26,19,18,16,10,24,36,46,14,36,24,23,25,26,20,23,33,36,26,50,,22,27,30,,34,18,,28,23,28,28,20,,29,7,,,69,53,,,,16,16,12,13,19,31,,29,36,,83,103,,103,,22,24,33,,18,30,9,14,8,,11,11,18,17,10,10,,8,9,10,10,7,12,4,6,8,10,8,9,13,12,17,42,7,6,8,9,14,6,,10,10,9,,4,16,19,23,14,21,6,13,8,6,11,16,19,17,,12,14,25,,16,36,33,30,21,,20,34,5,,41,,31,30,28,41,,41,34,,,,55,,46,,81,,,,44,38,44,21,22,,,,9,14,14,14,16,14,,18,10,19,5,24,15,,13,,,6,21,18,13,7,23,29,28,23,58,5,12,17,22,26,23,22,20,20,14,13,14,20,22,26,,29,34,33,28,,9,7,6,20,12,14,14,5,,,,,25,25,,43,6,13,8,13,7,14,19,31,29,32,31,7,13,,14,22,,9,4,15,,18,22,,13,9,9,15,14,14,11,13,14,19,29,24,31,,,17,12,7,11,8,12,1,10,,20,4,22,18,24,,,20,,,,,17,,,,,,,,,,,,,,,,7,,,,,,,,,,,,,,,,,,,,,,,,,,,,,,,,,,,,,,34,30,28,21,19,33,29,32,33,,,,29,27,36,24,,,18,18,26,13,18,20,,20,18,45,,,26,48,,16,24,31,,35,,12,10,,,6,19,,,32,15,27,,,15,14,7,2,18,17,19,4,6,3,9,10,5,4,15,12,8,9,9,10,10,10,13,9,,8,20,16,,11,,4,3,8,6,19,,6,9,4,8,,,10,10,16,10,14,4,3,9,11,2,15,11,5,4,6,7,5,,,10,9,5,8,2,3,,14,28,31,,33,37,30,,30,27,19,27,25,47,66,,18,35,23,15,18,16,11,11,,11,12,5,20,17,33,,29,,45,,,,17,7,9,13,42,34,,12,,18,13,16,19,20,20,22,,21,12,6,,,16,17,18,,11,12,9,,,19,11,16,17,14,2,20,57,57,39,33,18,22,20,22,,1,19,21,23,22,,48,29,37,24,26,26,20,25,26,,36,37,32,24,29,32,36,29,9,14,17,,77,79,87,,69,80,55,111,,92,108,65,,65,34,35,43,40,,28,29,,30,45,47,43,,31,33,31,13,20,,8,10,16,17,12,18,35,32,53,35,16,17,,18,25,28,,27,17,,20,11,11,19,,24,30,18,9,11,31,52,,52,66,47,38,38,25,46,34,21,39,39,37,27,20,34,,36,40,35,33,39,33,35,9,20,38,28,24,18,32,35,38,35,10,18,14,25,,31,25,16,24,12,12,23,16,22,26,28,27,25,35,33,33,24,32,32,25,17,38,,24,31,33,4,4,,,10,9,12,7,22,14,13,18,20,15,17,,13,19,,,,9,8,,9,6,,5,4,,,8,8,5,,,,,,12,11,15,14,22,,12,,2,7,11,19,12,13,,22,33,34,22,,,,,14,7,8,6,31,17,26,,17,11,9,20,16,,15,5,27,17,20,14,5,9,,19,32,20,18,13,20,17,9,14,,23,18,,8,3,,3,6,,,,,4,,,4,7,9,5,9,10,11,14,10,6,12,8,11,,19,22,,15,15,25,,24,22,,16,24,28,,14,13,9,15,,,15,16,11,,12,12,22,11,5,15,15,,16,,,34,6,10,6,36,22,15,23,13,,8,11,15,27,30,16,47,,28,,,7,18,12,11,,8,14,,10,11,29,31,36,20,13,10,31,12,,47,7,26,27,6,10,16,,27,,9,16,28,18,5,,17,7,18,14,8,7,19,3,,,17,22,15,17,,8,22,21,24,,50,14,,,51,17,8,31,,42,46,56,56,16,20,11,7,16,116,,14,114,,44,34,47,27,12,8,15,9,13,18,11,39,12,10,71,15,7,13,24,13,24,7,13,31,,76,60,34,11,,9,18,13,72,7,,14,13,13,26,,12,5,32,15,20,12,69,36,56,11,5,10,15,11,14,,,29,52,33,30,55,,14,26,,31,37,27,25,12,18,74,17,17,,12,20,13,28,14,5,16,,6,10,12,6,14,13,11,7,4,9,18,3,7,7,26,43,12,5,12,20,18,23,33,56,43,34,32,30,35,34,36,32,7,40,26,32,28,20,26,33,23,14,14,14,12,23,18,23,55,24,37,9,11,52,24,63,59,34,39,69,10,19,3,4,9,8,22,9,12,4,9,12,,7,14,34,,22,30,11,10,7,70,2,5,7,,70,12,17,63,16,8,32,,21,3,17,29,27,60,10,22,31,24,16,26,43,11,10,18,15,22,29,40,27,4,16,5,7,6,19,22,26,12,31,22,8,10,22,7,11,46,14,24,17,6,14,10,11,23,47,23,25,22,15,30,29,27,26,23,31,34,27,31,19,29,25,6,21,16,49,13,15,10,27,29,17,50,42,81,50,75,23,42,42,14,,10,10,3,6,4,9,21,10,9,30,28,20,17,68,12,46,31,27,24,29,4,19,17,,18,22,13,3,12,8,8,5,19,17,14,21,27,14,24,24,26,36,33,23,39,9,12,19,9,11,11,,9,13,15,13,18,5,11,23,,11,14,30,12,17,8,13,15,10,35,58,50,29,,31,20,28,28,15,20,25,34,36,12,14,23,9,24,22,22,9,40,42,54,21,40,77,38,21,10,12,11,46,17,15,10,16,18,8,7,67,101,7,7,8,16,27,10,24,34,18,46,27,30,23,10,21,,15,63,30,33,12,22,19,19,19,7,14,2,59,17,33,25,27,20,13,13,15,16,11,,7,8,38,19,42,97,35,31,,6,11,6,7,19,14,53,17,12,10,15,69,54,10,22,4,8,13,3,5,5,,42,52,15,15,20,15,7,9,40,4,3,27,2,59,7,7,14
20231004,20,PM2.5_24h,8,5,8,8,8,9,7,20,15,8,6,9,,,28,,29,24,31,,25,,25,28,,25,33,,34,42,49,35,43,49,37,,30,31,,28,,17,25,33,,28,,56,52,50,53,84,45,48,,49,4,,7,11,11,12,11,18,13,16,16,25,,16,34,29,35,31,26,,41,35,43,39,28,,,31,35,25,32,30,,5,6,,,3,4,4,4,,12,11,,12,10,12,9,11,,12,28,23,25,23,26,23,20,23,22,22,12,11,12,7,6,6,,7,10,9,8,9,10,6,10,11,9,6,11,9,8,9,8,10,8,11,7,,9,9,7,9,10,14,14,11,11,12,14,16,12,12,,11,11,10,12,12,11,4,9,7,7,6,38,,,,37,31,,34,35,32,,,,21,,9,10,13,11,13,13,11,11,18,,,,12,17,,19,22,19,20,17,,16,29,27,26,28,27,20,24,,20,,28,31,,13,13,,18,17,17,,18,16,18,13,9,17,7,,,8,7,8,16,14,14,16,,17,,,15,,9,12,,14,12,14,8,6,7,,23,23,22,19,20,19,15,18,19,18,17,10,22,18,16,21,20,23,,,19,19,19,17,,27,26,20,20,12,,24,18,13,,18,27,23,23,,24,25,23,32,25,,,24,24,21,25,24,23,35,33,27,35,41,34,31,31,,14,15,17,12,20,19,13,,16,12,15,19,20,20,14,20,18,15,26,13,35,35,,34,38,34,29,36,27,34,30,26,26,28,30,26,25,,37,24,24,27,28,22,29,24,30,34,33,27,,28,29,32,30,36,30,,32,26,24,26,,,29,24,26,30,30,29,32,26,30,30,30,,19,21,22,22,22,22,22,24,,15,13,13,12,5,,15,9,11,14,10,8,11,,,10,12,10,13,11,,24,19,19,24,,,24,7,13,22,18,18,15,17,26,19,15,,8,8,8,8,7,8,10,7,7,7,8,6,10,12,15,12,13,14,14,10,,16,12,11,14,,29,,34,33,,,,,18,,,,31,31,23,29,22,21,22,,18,19,19,19,18,25,20,22,20,19,21,,22,17,14,7,,4,5,6,6,10,15,12,14,12,,18,13,7,12,11,12,10,9,9,10,9,12,11,10,20,21,22,,,36,,41,39,44,35,34,,31,43,,,37,39,34,44,,34,33,37,,48,43,34,39,41,15,19,17,14,17,,,,,,,37,,47,38,26,35,27,22,27,14,11,15,,34,,,24,,27,23,24,27,28,31,28,32,,18,26,20,18,19,19,25,21,13,27,22,21,23,24,21,20,33,35,26,20,,22,22,26,,21,23,,27,27,26,25,21,,21,7,,,53,47,,,,9,11,8,10,42,45,,39,29,,65,71,,77,,37,35,40,,37,38,6,8,10,,14,13,16,17,15,14,,9,12,13,10,12,12,11,14,17,13,11,12,12,16,11,20,10,8,12,13,12,11,,10,7,5,,6,16,17,21,12,18,11,9,10,6,16,15,16,15,,14,14,15,,16,19,19,17,22,,18,20,7,,47,,44,38,35,46,,51,41,,,,47,,35,,51,,,,45,39,39,24,28,,,,8,11,7,8,22,22,,20,16,28,15,26,18,,20,,,5,15,17,9,6,29,30,31,31,12,7,12,15,26,36,28,22,28,20,11,10,12,12,15,19,,32,34,34,28,,8,12,8,10,15,20,24,14,,,,,23,22,,19,6,18,8,9,8,14,14,23,16,14,15,8,8,,11,14,,17,21,21,,15,16,,19,10,11,16,14,14,15,12,15,25,27,21,23,,,11,12,12,10,14,9,5,13,,16,6,25,24,30,,,26,,,,,26,,,,,,,,,,,,,,,,15,,,,,,,,,,,,,,,,,,,,,,,,,,,,,,,,,,,,,,20,30,27,24,22,27,28,25,29,,,,30,26,32,28,,,20,21,26,21,22,37,,45,42,36,,,36,53,,27,31,22,,28,,14,12,,,6,20,,,16,15,12,,,14,15,6,3,17,15,16,7,5,4,6,6,13,13,15,19,9,7,9,10,7,8,11,6,,10,14,10,,5,6,8,9,8,7,9,7,9,14,11,9,,,8,14,17,13,13,7,8,12,12,6,12,11,10,9,8,10,7,,,7,10,10,15,6,6,,14,14,13,,16,21,15,,18,18,7,18,17,27,33,,19,20,16,18,22,12,22,21,,26,7,6,13,12,17,,23,,36,,,,11,10,13,15,35,29,,18,,18,18,17,18,16,18,21,,25,19,22,,,21,20,21,,20,19,18,,,18,11,12,19,12,7,13,35,28,27,22,20,26,24,29,,12,25,28,29,29,,40,39,40,37,33,32,30,33,30,,37,38,37,23,30,29,30,26,23,28,24,,58,52,60,,49,49,48,52,,53,59,44,,55,29,30,37,35,,31,27,,31,29,31,31,,33,33,35,15,20,,20,13,6,17,7,10,23,28,45,31,11,13,,30,31,32,,21,19,,18,10,25,24,,35,30,31,10,6,24,29,,26,36,26,37,33,30,34,33,7,31,36,31,27,22,33,31,35,39,26,27,28,27,28,5,9,14,13,12,10,15,17,18,16,6,11,8,36,35,37,31,15,18,16,19,22,18,21,23,24,20,21,26,26,57,32,32,29,27,19,22,,24,24,26,6,7,,1,12,7,11,5,21,17,20,20,24,24,18,17,21,25,,,,11,9,,8,7,1,3,7,2,,16,13,13,,,,,,17,16,18,19,10,,9,,4,9,9,11,11,9,,17,22,14,18,,,,,8,8,16,14,14,13,20,,10,9,7,16,16,,16,5,9,10,13,12,10,8,,18,20,18,18,12,11,11,9,12,,14,11,,9,7,,4,5,3,,16,,4,,1,4,7,5,5,7,19,23,20,20,8,12,10,8,,16,17,,15,15,16,,22,19,,21,17,22,,16,16,17,22,,,17,13,12,,11,8,19,107,5,15,17,,19,,,28,14,16,10,15,19,18,22,10,,13,16,15,24,29,32,51,56,48,,,23,19,22,11,,4,15,16,14,7,28,37,38,30,26,23,47,40,,30,9,19,18,8,13,14,,23,,31,41,25,17,8,9,14,8,10,12,12,10,14,3,,,18,23,16,24,,21,26,36,20,,27,13,,,30,14,11,20,35,29,37,30,36,15,25,12,5,13,74,,28,63,,26,21,33,25,13,10,13,37,15,21,10,19,17,24,50,17,24,12,37,13,40,4,37,32,,26,27,21,9,,9,24,9,62,22,28,18,23,20,35,37,24,16,33,15,20,11,53,20,37,21,35,7,9,6,6,,,31,23,36,20,28,4,22,19,,17,38,25,19,22,19,59,32,17,,10,29,22,30,21,5,15,,6,9,10,8,11,11,8,7,9,10,8,6,6,5,26,34,11,12,7,18,20,21,28,34,39,39,34,31,32,24,26,25,18,32,27,31,26,15,24,30,26,7,37,25,24,35,15,8,30,14,31,15,17,52,39,46,46,33,40,43,6,16,6,5,8,12,13,9,15,17,8,9,10,10,11,21,,24,27,20,24,33,36,31,13,34,,45,35,36,46,8,8,11,,21,6,20,27,25,26,12,20,25,34,21,21,36,12,17,15,14,16,30,17,26,32,21,15,6,10,14,16,14,11,24,13,14,13,16,12,7,30,17,16,17,18,20,22,14,12,26,21,25,23,10,27,22,18,24,27,22,25,23,41,30,53,34,14,24,29,25,12,14,13,19,22,20,38,34,57,36,52,30,34,35,7,7,9,9,10,10,6,26,30,25,27,20,22,26,22,42,38,41,37,29,35,37,12,24,43,,40,41,41,30,12,18,15,12,13,13,16,24,27,14,29,27,21,25,32,20,26,22,12,15,9,11,12,,7,13,10,18,31,7,9,11,11,16,14,19,15,14,8,11,10,10,54,40,54,19,,52,20,28,34,24,29,49,41,46,55,39,32,33,37,33,29,26,28,40,47,30,32,65,33,37,16,9,16,35,14,13,9,16,13,6,7,70,85,8,6,33,39,27,9,23,27,32,25,26,27,14,13,20,,14,33,34,45,14,21,20,25,24,38,42,36,48,24,29,26,21,16,11,21,15,15,14,,5,4,23,22,44,72,52,34,,5,12,5,7,9,12,47,26,4,8,24,51,25,24,31,9,13,7,16,4,4,,23,62,16,11,22,9,8,10,20,6,1,28,34,41,33,15,15
20231004,20,PM10,23,10,23,19,24,25,23,25,20,16,18,41,,,37,,48,34,36,,52,,24,38,,20,25,,70,69,92,93,58,59,76,,84,44,,47,,28,44,39,,70,,65,56,73,69,,46,58,,55,22,,,,28,20,27,30,24,22,48,31,,65,51,44,47,80,55,,71,116,65,66,48,,,45,35,48,33,77,,24,36,,,,23,20,27,,43,58,,84,66,62,40,49,,178,21,30,29,20,16,27,11,22,20,25,26,29,29,45,24,24,,22,30,26,3,7,18,12,,13,,4,3,1,,11,25,22,23,27,23,,22,25,22,23,30,36,41,34,36,34,36,35,36,20,,23,19,23,21,26,17,16,18,22,21,23,85,,,,100,75,,78,85,70,,,,51,,31,20,24,19,19,24,17,24,26,,,,26,23,,29,32,32,29,27,,26,68,70,97,63,95,70,55,,47,,77,111,,34,21,,36,26,25,,32,41,30,26,18,19,35,,,17,20,11,18,22,21,21,,31,,,27,,29,24,,11,22,25,16,18,16,,39,36,25,20,21,22,24,28,31,41,41,31,53,44,51,44,,29,,,45,44,47,45,,55,45,67,61,56,,70,58,20,,50,66,76,71,,70,83,71,83,36,,,56,56,61,58,63,56,90,67,70,60,98,119,68,63,,13,34,26,29,23,31,26,,19,21,26,28,35,31,30,33,40,33,36,33,42,51,,45,53,46,43,65,41,44,34,47,86,56,83,40,42,,42,44,41,88,50,46,50,29,39,48,44,49,,37,58,43,63,78,50,,65,81,38,67,,,46,41,41,52,51,48,68,50,53,41,45,,36,45,40,34,50,54,55,51,,25,29,29,,5,,28,10,15,25,16,5,16,,,24,,14,20,20,,42,40,82,63,,,60,8,24,36,39,24,44,36,34,41,22,,32,12,29,22,31,25,16,14,11,10,18,19,27,25,31,24,23,25,23,21,,26,28,62,26,,36,,28,25,,,,,16,,,,33,,24,31,58,29,47,,37,46,32,41,37,47,47,53,55,52,48,,106,44,49,31,,40,28,35,63,39,70,36,29,48,,47,40,35,16,21,18,19,90,85,80,90,122,92,94,56,56,55,,,46,,136,158,144,112,61,,67,67,,,39,46,47,48,,77,46,39,,110,127,88,70,117,19,29,24,17,29,,,,,,,105,,,73,56,66,70,48,48,19,,24,,24,,,33,,31,31,39,61,62,48,58,84,,70,56,50,35,57,43,56,68,36,68,32,28,27,17,34,13,39,48,48,33,,54,39,43,,71,71,,37,45,56,39,26,,41,28,,,144,114,,,,54,32,35,46,54,50,,47,56,,118,125,,137,,56,50,73,,94,30,35,24,21,,41,60,107,86,52,41,,99,96,94,93,91,107,50,36,60,92,66,90,108,144,94,111,81,22,22,21,42,18,,16,17,17,,14,34,24,36,30,26,17,14,8,1,20,39,46,37,,32,26,42,,21,44,48,51,49,,51,51,14,,45,,31,31,40,46,,91,93,,,,95,,81,,84,,,,43,46,75,26,51,,,,17,12,34,23,25,36,,21,18,21,12,16,22,,28,,,9,30,25,20,6,28,40,42,28,45,26,28,37,27,40,36,35,48,20,32,20,20,26,32,42,,39,41,34,37,,21,16,27,28,24,23,22,17,,,,,66,45,,74,2,13,20,12,22,13,23,31,65,33,43,26,20,,20,19,,25,12,29,,44,51,,26,11,16,16,16,25,18,15,10,24,31,29,33,,,116,51,68,38,47,63,19,16,,46,25,75,85,84,,,56,,,,,53,,,,,,,,,,,,,,,,24,,,,,,,,,,,,,,,,,,,,,,,,,,,,,,,,,,,,,,48,46,52,57,50,55,50,54,53,,,,65,52,75,42,,,60,73,54,50,64,41,,38,42,54,,,50,60,,45,41,86,,83,,31,26,,,55,23,,,125,58,19,,,23,18,35,20,54,58,49,66,64,47,68,67,121,104,131,101,73,66,88,73,72,81,88,71,,64,60,54,,28,26,54,51,17,15,25,,19,21,18,20,,,17,13,18,21,6,6,12,14,8,13,12,15,19,11,14,11,10,,,11,10,18,22,4,4,,28,75,69,,73,75,63,,64,63,52,60,40,78,104,,38,39,40,51,34,30,32,31,,26,37,31,34,33,46,,51,,66,,,,44,49,17,49,60,49,,25,,35,31,41,37,23,36,51,,21,7,18,,,24,23,20,,11,18,20,,,28,16,21,11,23,33,31,91,83,79,62,16,43,43,37,,30,22,29,23,32,,51,37,61,53,46,38,43,43,43,,53,57,52,40,48,50,53,49,27,30,26,,123,159,130,,99,75,98,107,,175,186,71,,53,54,50,58,61,,37,36,29,36,60,62,65,,46,44,45,29,34,,12,32,15,32,17,19,48,40,45,36,45,37,,20,20,26,,47,40,,28,13,14,25,,35,31,23,28,14,55,82,65,80,86,69,48,54,43,68,56,76,29,54,47,47,52,46,,48,50,40,54,51,46,47,20,28,41,43,32,32,47,51,30,41,19,21,28,55,,90,77,23,40,22,36,56,52,47,63,23,61,53,54,69,53,49,40,39,17,16,50,,38,56,48,13,12,,5,29,14,18,15,22,24,25,32,25,23,25,,25,30,,,,10,16,,8,12,16,5,7,13,,12,12,10,,,,,,34,27,21,28,84,,32,,5,19,16,23,17,32,,31,53,38,33,,,,,17,17,7,9,31,30,39,,19,22,16,40,40,,21,15,31,24,25,25,18,45,,28,42,35,37,26,24,35,30,24,,29,26,,20,12,,8,22,,,,,6,,6,7,14,22,10,14,57,56,54,36,11,18,8,14,,38,48,,23,24,48,,63,73,38,46,97,119,,29,25,28,33,,,22,18,23,,18,35,17,16,6,50,60,,60,,,74,37,17,14,62,63,54,105,29,,35,37,22,100,96,84,123,,166,,,35,30,39,22,,33,24,,23,9,59,55,48,47,33,30,71,46,,113,31,41,39,18,25,29,,55,,31,36,52,28,17,,51,41,53,89,44,9,37,9,,,51,40,32,42,,50,30,39,38,,75,29,,,80,25,26,48,,68,97,78,90,17,22,22,26,23,146,,29,98,,58,58,61,43,31,22,28,21,24,27,7,56,27,28,121,32,27,59,66,24,51,2,56,40,,75,67,45,34,,26,59,26,108,12,,27,16,25,96,,37,24,54,25,52,22,66,141,68,30,27,28,16,28,29,,,18,108,74,42,77,7,31,48,,41,41,41,47,47,30,86,37,28,,41,29,30,31,34,29,39,,14,26,28,25,28,34,29,18,14,11,40,75,20,36,37,90,25,14,22,41,39,46,46,77,73,48,41,47,52,51,52,55,41,85,42,53,29,44,35,44,40,27,27,34,37,52,30,65,98,35,51,24,22,73,49,95,55,48,35,49,14,17,3,21,10,20,20,16,19,5,9,21,,10,6,52,,39,42,18,31,36,107,27,24,29,,117,75,61,102,26,21,53,,,8,20,34,28,91,29,64,46,29,35,53,46,52,24,41,35,41,41,53,50,31,34,8,35,30,42,31,28,26,76,40,17,24,25,16,17,57,29,44,46,32,48,32,44,45,61,37,32,37,62,47,43,46,35,45,47,66,36,62,31,97,149,14,50,33,91,29,51,30,53,59,41,61,78,120,99,138,36,68,60,13,,32,16,29,20,63,17,31,19,22,49,59,71,73,129,39,106,83,54,65,61,12,58,95,,81,51,39,32,35,31,12,30,21,15,23,56,28,49,37,45,37,52,42,40,52,12,22,39,32,26,29,,43,39,23,13,18,8,19,18,,22,24,49,20,36,14,46,52,39,66,72,73,60,,78,68,93,64,68,36,71,83,73,74,59,79,62,48,59,63,44,79,50,116,23,39,127,65,46,20,28,15,83,29,18,13,30,33,27,39,302,344,15,11,30,63,35,19,47,50,66,68,39,38,43,14,30,,36,105,44,34,21,47,38,69,68,40,44,23,130,40,88,34,46,33,28,20,29,35,25,,37,5,64,84,60,131,90,46,,15,35,15,52,37,30,92,75,37,7,26,102,61,52,62,15,17,34,8,39,17,13,78,109,39,30,59,29,24,41,91,6,12,38,31,105,31,49,26
20231004,20,PM10_24h,16,11,17,15,18,18,19,39,26,19,15,21,,,57,,56,50,60,,50,,52,52,,52,57,,78,85,85,78,83,81,72,,63,60,,55,,48,45,52,,53,,74,78,76,88,117,89,107,,83,21,,22,22,18,34,31,37,36,24,40,41,,42,65,55,62,75,70,,91,100,86,89,60,,,81,84,57,60,69,,14,17,,,10,14,16,12,,32,34,,33,45,31,26,30,,35,56,47,56,49,41,49,39,54,42,35,25,24,21,21,20,16,,20,23,24,11,13,20,23,16,16,17,16,16,20,12,23,21,21,19,20,20,,19,23,22,21,24,27,30,25,27,28,24,27,23,20,,25,25,23,24,21,22,15,17,16,17,14,63,,,,59,52,,60,59,50,,,,34,,25,32,28,24,25,26,20,26,27,,,,29,26,,30,28,28,28,28,,31,39,47,48,47,52,41,35,,31,,45,51,,32,26,,34,27,24,,28,29,31,34,17,23,32,,,25,19,19,31,28,33,32,,35,,,26,,27,26,,29,22,28,18,22,19,,46,39,37,33,33,35,36,33,36,30,31,28,39,30,36,36,36,35,,,39,35,40,39,,54,56,37,30,23,,32,31,18,,31,59,55,60,,59,70,59,67,49,,,57,57,57,55,56,54,67,61,59,63,70,67,62,62,,22,26,23,25,23,24,20,,22,21,24,29,26,27,20,23,28,28,38,32,55,54,,50,65,46,44,58,44,49,36,43,50,45,60,38,45,,47,45,41,61,41,40,41,37,45,49,52,46,,39,48,46,46,49,44,,44,44,43,47,,,49,42,43,48,46,45,59,57,47,44,42,,34,35,34,35,35,39,37,64,,24,28,26,25,10,,23,10,16,26,15,10,14,,,18,20,15,24,16,,36,32,37,42,,,38,20,25,27,27,25,30,30,31,26,20,,18,11,17,18,19,18,15,13,10,11,17,10,22,21,23,20,22,18,22,13,,26,23,29,22,,42,,35,37,,,,,35,,,,52,65,59,63,66,52,58,,46,31,31,30,32,33,38,38,35,36,38,,32,38,33,20,,21,18,19,18,39,34,27,29,34,,39,31,41,23,25,23,24,30,29,26,39,48,38,38,45,43,47,,,78,,85,98,86,73,86,,79,80,,,73,77,70,81,,66,61,76,,80,75,72,64,63,48,41,37,29,45,,,,,,,75,,92,70,54,74,52,47,53,26,31,36,,65,,,35,,34,32,37,48,47,52,51,57,,43,45,38,37,45,33,43,38,31,39,32,34,39,34,51,40,39,44,39,33,,36,34,37,,37,36,,54,51,61,56,29,,42,13,,,103,92,,,,30,28,23,28,60,59,,55,70,,113,108,,117,,80,78,97,,75,50,25,22,20,,30,33,39,48,35,36,,36,32,31,31,28,36,26,29,43,29,27,30,36,56,35,45,33,21,21,22,30,21,,14,13,14,,10,30,20,25,22,23,13,16,11,15,14,26,29,28,,24,26,28,,20,28,25,30,25,,26,32,12,,54,,59,51,49,53,,91,84,,,,85,,77,,80,,,,76,52,68,40,53,,,,17,16,24,18,39,41,,27,27,30,25,27,27,,29,,,24,25,21,20,9,39,45,42,47,22,26,24,33,37,41,50,37,48,33,23,22,19,21,19,26,,44,48,46,42,,20,29,21,15,27,33,39,32,,,,,54,41,,42,10,21,22,15,18,16,22,22,28,23,25,19,18,,23,21,,28,30,40,,30,41,,43,14,15,21,18,21,25,19,20,30,29,27,34,,,46,34,64,47,65,56,18,24,,26,16,88,90,97,,,58,,,,,55,,,,,,,,,,,,,,,,40,,,,,,,,,,,,,,,,,,,,,,,,,,,,,,,,,,,,,,32,43,45,45,50,53,46,55,49,,,,68,71,66,57,,,58,73,57,64,68,82,,88,72,56,,,60,74,,51,53,67,,87,,47,32,,,49,24,,,51,47,22,,,21,20,23,22,42,42,38,44,36,29,28,42,28,30,30,35,34,30,43,29,37,45,63,34,,39,38,26,,13,13,26,26,24,21,16,27,19,34,24,21,,,24,17,21,32,12,17,22,22,13,13,15,18,20,16,18,17,11,,,11,14,23,21,10,11,,15,38,38,,31,34,26,,33,32,24,36,28,44,62,,35,36,40,46,32,30,31,32,,32,29,23,28,23,26,,38,,48,,,,26,33,22,37,53,46,,29,,29,25,28,35,32,37,57,,36,29,39,,,26,28,29,,31,35,28,,,33,20,19,19,18,31,19,52,41,42,36,26,48,50,42,,41,38,47,41,41,,55,50,68,53,51,53,50,52,50,,60,59,55,34,48,49,42,42,41,50,47,,92,94,87,,80,70,91,66,,99,104,64,,60,55,49,58,56,,44,39,30,38,51,43,60,,49,47,44,44,43,,35,42,8,32,15,14,38,42,39,38,32,28,,42,42,45,,31,32,,32,17,37,35,,47,39,36,26,16,26,48,41,41,51,43,46,52,46,51,46,36,32,52,40,46,45,40,45,44,49,39,42,38,39,38,11,17,24,25,22,24,22,23,26,24,13,20,15,66,83,83,72,32,43,26,41,46,51,40,42,30,42,49,40,58,61,52,41,44,30,29,35,,47,40,37,19,14,,5,24,19,20,16,30,21,22,26,35,29,29,29,42,34,,,,17,18,,17,13,13,8,10,20,,22,19,19,,,,,,29,28,24,26,24,,14,,5,13,15,16,16,23,,24,31,22,26,,,,,14,15,21,19,24,22,27,,18,12,11,25,21,,22,10,24,15,13,18,13,13,,24,32,27,28,20,11,18,15,29,,25,17,,15,8,,7,14,10,,32,,9,,6,8,13,12,12,13,58,75,66,57,10,21,16,16,,35,29,,19,22,30,,38,44,28,40,36,48,,32,25,30,32,,,31,22,15,,16,25,18,18,6,39,57,,54,,,72,27,20,19,55,59,60,73,20,,34,27,29,87,90,91,176,170,155,,,50,41,50,18,,27,31,34,36,11,59,55,50,56,52,46,80,87,,83,26,31,27,21,29,24,,38,,54,66,39,24,18,19,38,29,33,37,30,17,27,5,,,46,45,31,50,,61,47,64,27,,40,21,,,57,26,30,33,48,51,71,52,65,22,36,22,19,18,120,,50,71,,37,37,44,34,37,18,28,69,22,38,19,34,34,51,94,24,42,47,76,19,70,7,79,43,,29,31,25,28,,27,60,20,67,30,48,30,32,30,88,79,39,43,58,26,31,24,70,67,58,31,71,16,16,16,14,,,29,56,77,26,44,9,38,36,,29,64,47,28,43,33,85,55,30,,26,39,33,40,36,20,35,,16,21,24,22,25,32,26,20,20,22,15,63,16,30,33,59,22,18,17,30,37,34,38,51,62,49,69,51,56,41,43,42,40,57,46,54,32,36,38,46,52,14,62,51,60,66,26,31,60,22,42,27,27,73,69,65,59,48,46,52,14,16,7,13,15,21,22,21,22,19,14,14,12,15,11,34,,31,32,27,59,63,60,64,33,68,,74,84,89,83,14,17,18,,43,8,24,34,27,37,23,35,42,40,48,40,57,32,35,35,33,30,59,23,39,68,36,27,19,22,27,28,28,22,49,27,26,26,21,22,14,42,25,35,42,60,50,56,34,33,36,47,29,35,50,48,42,34,32,34,31,48,36,76,52,105,94,28,47,52,66,27,26,24,35,40,32,66,77,87,75,102,47,53,59,12,10,24,10,20,24,32,37,40,34,39,33,36,76,50,86,72,79,83,57,55,69,26,50,90,,81,77,88,63,42,66,20,41,15,23,32,57,40,44,48,39,36,45,52,36,36,31,18,26,29,22,23,,26,16,27,27,28,13,15,22,20,25,20,35,26,27,18,38,31,28,83,58,82,48,,83,61,65,63,64,56,105,74,77,114,73,88,89,84,84,79,81,65,64,105,43,41,103,58,50,18,24,20,62,24,22,18,22,26,20,37,259,259,16,10,54,95,64,43,37,56,54,45,42,43,32,18,26,,25,66,55,55,17,29,37,48,62,73,76,68,86,57,73,43,38,27,25,29,28,34,30,,14,1,40,97,64,107,101,53,,13,29,11,17,26,26,67,57,20,8,47,87,33,61,56,22,23,18,28,13,10,21,52,103,38,27,53,27,25,29,46,11,10,43,74,69,68,35,27
20231004,20,SO2,3,3,3,3,2,3,3,3,3,1,3,3,,,7,,3,5,4,,6,,4,4,,5,4,,3,2,2,2,4,5,1,,3,2,,3,,7,10,10,,9,,3,3,6,3,,5,18,,7,3,,,,5,6,6,4,2,2,2,1,,6,5,,7,6,7,,6,5,4,6,13,,,3,11,8,13,8,,6,6,,,8,6,4,7,,6,8,,6,6,8,7,5,,5,9,9,10,8,5,5,6,7,6,7,5,6,5,5,7,7,,5,6,4,4,6,6,5,3,3,2,6,6,6,5,8,5,8,8,8,8,,4,6,7,5,5,3,4,4,8,5,5,7,2,4,,7,8,8,7,8,8,6,6,7,6,8,7,,,,13,8,,6,7,7,,,,9,,6,6,7,7,7,7,8,7,8,,,,10,11,,,3,3,6,6,,7,7,6,8,7,7,10,12,,9,,10,9,,8,4,,7,8,8,,9,6,8,7,4,9,5,,,8,7,6,5,5,4,6,,6,,,,,5,4,,5,4,6,6,5,4,,4,4,3,4,2,5,5,6,6,6,5,5,8,5,5,5,6,6,,,5,3,3,4,,2,3,5,6,7,,4,6,6,,6,4,5,7,,4,4,2,8,4,,,5,6,6,8,7,7,5,4,6,6,7,8,7,7,,8,6,6,8,7,7,6,,,4,4,6,6,5,4,4,4,3,2,6,5,9,,3,5,9,6,5,5,6,6,3,7,8,6,5,7,,3,6,6,9,6,6,6,7,8,6,6,8,,6,2,4,8,7,4,,6,6,3,6,,,5,4,8,6,6,6,5,7,4,3,5,,5,4,8,6,7,12,6,25,,7,7,7,8,6,,5,8,5,6,6,5,6,,,4,6,7,7,5,,4,1,4,2,,,6,8,3,3,4,5,5,8,3,12,4,,6,8,9,7,,7,8,7,,8,6,6,7,5,4,6,5,6,3,5,,5,3,4,7,,3,,6,7,,,,,5,,,,11,7,6,3,1,4,5,,,7,4,6,10,6,5,5,,5,3,,4,4,5,9,,12,10,8,12,4,28,4,4,4,,4,7,4,11,6,10,6,10,10,6,12,7,10,14,10,9,5,,,10,,11,14,8,7,8,,9,2,,,11,13,8,8,,,6,5,,6,8,10,9,,9,6,3,6,2,,,,,,,10,,7,10,8,10,11,8,10,2,3,6,,5,,,21,,12,25,16,5,5,9,9,9,,9,8,5,6,6,7,9,7,7,9,4,6,7,8,6,7,5,6,4,8,,6,7,8,,5,9,,8,6,7,5,5,,7,6,,,4,4,,,,18,7,14,10,10,10,,12,14,,17,18,,,,11,8,10,,10,10,9,13,8,,8,18,19,18,8,6,,5,6,7,6,6,7,6,11,7,9,9,5,17,7,8,8,8,7,7,7,10,6,,5,2,5,,4,5,4,5,5,5,5,4,4,3,5,8,6,6,,8,9,7,,5,9,9,10,11,,13,10,7,,3,,1,2,3,1,,9,10,,,,5,,5,,19,,,,4,6,6,5,6,,,,6,4,8,6,5,5,,7,6,7,6,4,3,,6,,,3,5,8,3,8,4,10,,5,7,4,4,5,8,5,6,8,6,5,3,3,4,7,8,9,,6,5,6,7,,8,8,2,4,4,4,4,3,,,,,5,1,,2,3,2,2,2,3,3,4,7,2,1,6,4,3,,2,3,,7,3,6,,7,5,,3,8,4,7,6,6,6,8,6,4,4,3,6,,,10,4,10,9,4,4,9,5,,6,6,9,6,9,,,9,,,,,7,,,,,,,,,,,,,,,,8,,,,,,,,,,,,,,,,,,,,,,,,,,,,,,,,,,,,,,7,3,4,3,4,6,4,6,7,,,,6,5,7,5,,,6,8,13,9,8,10,,12,15,5,,,4,4,,9,10,9,,12,,9,8,,,5,5,,,15,2,5,,,3,3,10,13,10,11,8,4,3,8,6,5,8,7,7,7,6,7,5,9,5,7,6,3,,4,5,7,,7,7,8,7,6,4,6,,7,6,6,4,,,6,10,8,11,11,7,6,7,3,4,5,6,3,9,4,3,1,,,7,4,2,3,2,3,,5,4,5,,3,5,6,,7,5,6,9,2,9,7,,8,7,15,4,4,6,9,8,,6,5,5,6,9,11,,7,,7,,,,4,10,6,6,7,5,,5,,4,5,5,8,8,7,6,,7,4,7,,,4,4,9,,7,5,4,,,5,4,8,9,7,5,11,26,25,25,22,19,14,10,15,,6,2,3,2,4,,16,,5,6,18,16,12,15,1,,5,5,12,2,4,22,4,5,,15,3,,8,16,16,,9,7,8,20,,15,14,3,,4,7,3,6,2,,5,4,7,6,5,7,8,,8,7,6,7,6,,10,6,9,7,6,6,7,8,6,8,3,3,,7,5,6,,7,7,,8,7,6,8,,6,6,6,10,8,14,29,6,9,20,12,7,5,1,7,9,3,2,3,3,1,4,4,5,6,4,8,7,7,6,6,4,1,2,5,3,3,3,1,5,4,6,6,5,12,,9,9,2,15,3,8,9,7,5,7,4,10,5,6,6,14,16,8,9,4,7,8,,7,6,5,6,3,,2,6,7,5,7,5,6,5,6,5,6,8,,6,8,,,,4,6,,7,5,8,8,9,7,,8,6,8,,,,,,5,3,4,7,6,,4,,6,6,12,13,11,21,,6,7,6,6,,,,,1,1,5,4,4,6,2,,6,6,5,10,6,,8,9,6,10,10,8,3,4,,5,7,5,9,7,9,4,6,14,,5,4,,7,7,,6,9,2,,9,,7,,5,7,14,6,7,6,9,16,30,15,7,23,7,4,,62,10,,12,5,5,,9,7,4,5,60,43,,5,5,2,56,,,9,4,4,,7,12,11,12,10,12,8,,11,,,15,7,2,5,6,5,3,5,7,,6,8,10,7,6,2,2,,4,,,,9,7,6,,4,6,8,,6,1,12,5,7,4,4,3,15,,8,9,5,7,8,4,4,,5,,7,2,7,6,7,13,11,11,7,6,5,,6,4,,,4,8,6,7,,21,10,8,5,,8,8,,,6,6,7,11,,9,9,9,7,7,9,6,6,7,23,,4,4,,8,5,4,5,3,20,2,2,4,7,3,5,4,5,12,8,3,22,8,1,7,7,7,8,,10,8,7,8,,1,9,6,3,5,,4,7,5,11,,7,3,6,7,8,4,10,4,7,11,6,7,7,6,4,,,11,5,2,11,9,6,6,6,,5,,15,8,10,5,7,5,5,,5,11,7,10,43,5,7,,3,8,8,6,10,7,7,8,3,8,10,8,10,7,7,10,9,8,6,11,19,9,6,6,5,4,6,5,5,7,3,5,8,6,5,8,6,7,4,7,2,2,7,6,5,6,9,4,5,13,5,5,6,6,7,8,6,6,2,1,6,4,7,11,10,4,8,11,13,14,3,11,8,10,10,2,,2,10,8,5,4,7,9,5,6,,12,6,6,6,9,4,5,,6,6,10,8,6,7,4,,11,3,6,10,10,5,4,7,6,5,1,5,,6,3,3,8,15,4,10,4,8,10,1,10,8,7,10,6,8,6,9,7,1,1,8,8,12,4,9,6,7,8,7,6,7,6,6,9,8,6,3,1,5,8,3,10,8,6,3,6,5,7,10,5,6,10,22,12,10,7,5,,9,,19,6,6,4,2,3,6,4,3,8,8,7,6,10,10,9,8,8,7,10,3,10,3,,1,18,10,7,3,4,,12,7,2,6,2,2,9,7,6,2,5,9,5,3,6,4,4,2,6,5,,7,3,6,8,7,6,6,6,7,6,8,5,6,4,6,19,10,10,8,14,20,16,,5,7,3,1,3,2,2,50,3,4,8,10,8,10,9,7,12,10,7,8,3,4,15,4,9,6,13,7,24,4,4,4,5,5,8,3,5,4,6,4,4,13,3,16,8,6,8,4,8,7,7,9,8,,8,7,3,1,8,5,3,6,7,8,4,10,6,9,16,,6,6,4,5,9,3,5,,5,5,5,5,6,14,,4,,1,3,1,1,14,7,8,5,10,11,2,12,5,2,3,3,3,3,3,6,5,8,5,11,6,10,6,5,6,4,5,7,4,7,4,11,7,7,9
20231004,20,SO2_24h,3,3,3,2,2,2,3,3,3,1,3,3,,,8,,5,7,5,,7,,6,5,,8,4,,7,3,3,6,5,7,5,,3,5,,3,,11,11,12,,8,,7,7,9,5,6,6,6,,7,3,,1,2,6,7,6,5,2,2,2,1,,5,7,10,8,5,9,,16,11,10,13,9,,,6,11,8,16,8,,5,5,,,8,6,4,6,,9,12,,8,7,10,8,7,,7,6,10,9,8,8,6,7,10,6,8,5,6,5,5,7,6,,5,6,4,6,6,6,5,3,4,3,7,7,7,6,8,4,9,7,8,8,,4,6,7,5,5,4,5,4,8,5,5,8,3,11,,8,10,9,8,8,10,6,6,7,6,7,9,,,,7,8,,7,7,7,,,,10,,7,9,10,9,6,8,10,9,9,,,,12,10,,5,4,4,8,9,,9,7,7,9,7,8,8,7,,10,,9,9,,8,5,,7,8,8,,9,6,9,7,6,8,5,,,7,7,7,6,5,4,6,,8,,,4,,5,5,,6,4,6,6,5,5,,4,4,3,4,2,6,6,6,6,6,5,5,7,5,5,5,6,6,,,5,3,3,4,,4,4,4,5,7,,6,6,7,,7,7,5,7,,5,5,5,8,6,,,10,9,9,10,9,9,6,5,6,7,7,7,7,8,,8,6,6,8,7,7,6,,7,5,4,6,5,4,4,4,3,3,2,6,4,7,,3,5,9,5,4,5,6,6,3,6,9,6,5,7,,3,6,6,8,6,7,6,7,10,7,6,9,,8,4,6,8,6,4,,7,7,5,7,,,6,3,11,6,7,8,4,6,6,9,6,,7,7,11,7,8,12,8,8,,6,7,6,8,6,,5,8,5,6,5,5,6,,,7,6,7,6,5,,3,2,3,2,,,4,7,4,3,3,5,5,8,3,7,5,,8,8,9,7,17,8,7,7,9,8,7,6,7,6,5,6,6,5,3,5,,5,2,4,7,,4,,8,10,,,,,16,,,,12,17,7,3,3,5,7,,12,7,4,7,10,6,5,5,4,5,5,,4,4,5,9,,18,10,9,15,30,33,6,5,14,,6,8,6,10,8,10,6,10,10,6,18,10,10,13,7,7,4,,,11,,12,12,14,8,10,,12,7,,,11,14,9,12,,9,10,17,,7,7,8,8,7,11,6,5,7,2,,,,,,,12,,7,10,8,10,9,7,10,4,6,8,,20,,,13,,12,10,13,8,9,10,11,9,,10,9,9,10,8,7,11,11,14,14,3,6,8,8,6,7,5,6,5,10,,8,8,8,,5,8,,9,8,6,6,6,,10,5,,,12,11,,,,11,10,13,9,12,14,,18,19,,15,17,,17,,19,11,17,,11,12,9,14,9,,6,11,11,14,12,7,,9,6,9,7,7,9,7,14,15,8,14,6,8,14,10,8,9,7,7,8,10,6,,5,2,5,,4,5,5,6,5,5,5,4,4,7,5,7,7,5,,8,9,7,,6,7,8,7,10,,11,8,11,,5,,4,3,3,2,,11,10,,,,5,,5,,9,,,,7,7,7,7,7,,,,6,5,8,6,6,6,,7,6,7,7,4,3,,8,,,5,7,9,3,9,4,11,9,7,7,4,4,5,12,7,9,10,8,8,3,3,4,4,7,8,,7,5,7,8,,8,13,7,5,5,5,6,4,,,,,4,6,,5,2,2,3,2,3,3,5,7,2,1,6,4,5,,2,3,,7,2,6,,7,5,,5,8,5,7,6,6,7,9,5,4,5,2,6,,,11,4,27,24,27,6,9,6,,9,7,12,7,9,,,6,,,,,9,,,,,,,,,,,,,,,,9,,,,,,,,,,,,,,,,,,,,,,,,,,,,,,,,,,,,,,6,4,3,4,5,9,7,8,11,,,,7,6,8,6,,,16,20,17,19,19,10,,11,12,6,,,5,7,,12,9,5,,9,,8,9,,,5,5,,,5,5,6,,,2,3,10,12,12,12,9,3,4,8,6,6,9,8,8,12,7,7,4,9,8,13,9,5,,3,6,10,,8,5,9,10,6,2,6,7,6,6,7,5,,,6,11,9,11,11,8,6,6,3,5,7,6,2,4,4,3,1,,,7,6,7,2,2,6,,5,4,4,,5,5,4,,7,9,9,9,2,8,7,,6,6,8,4,3,6,7,6,,5,4,4,6,8,8,,7,,8,,,,5,10,7,5,13,8,,5,,4,6,5,7,7,7,7,,10,4,14,,,4,5,5,,5,9,5,,,5,4,6,7,7,9,11,30,24,22,23,23,15,11,16,,8,5,23,20,13,,17,10,14,6,10,14,10,12,13,,14,12,21,2,4,3,4,5,,11,5,,12,13,14,,8,7,8,6,,6,6,6,,6,8,4,8,3,,5,4,8,7,6,8,8,,7,6,6,5,6,,10,6,9,7,6,6,8,9,7,8,4,4,,9,7,5,,8,7,,9,7,7,7,,6,6,6,10,8,14,17,6,9,13,7,9,9,7,7,10,4,3,4,4,2,4,5,4,5,4,8,7,7,6,8,4,1,3,6,4,4,3,2,4,4,6,6,7,15,11,9,11,8,6,10,13,8,9,6,6,5,11,8,23,21,23,30,8,8,5,8,9,,13,6,5,6,3,,2,5,8,7,7,8,8,6,8,4,7,9,9,7,8,,,,4,7,,7,6,10,10,11,8,,9,7,8,,,,,,5,4,4,8,5,,5,,7,7,11,12,12,18,,6,6,6,6,,,,,1,1,5,5,3,5,5,,4,6,5,9,9,,8,9,6,11,7,6,4,4,,6,8,5,9,7,9,4,6,11,,8,4,,7,7,,8,9,3,,6,,7,,6,7,7,5,7,6,9,13,14,14,8,8,6,5,,57,29,,11,7,4,,9,6,3,4,9,14,,5,6,2,5,,,9,4,3,,8,13,11,12,11,11,9,,10,,,16,7,2,6,6,5,3,6,7,,7,8,8,6,7,4,3,5,5,,,10,10,9,4,,4,8,10,3,9,2,13,5,8,6,5,5,12,,7,7,8,5,7,5,4,,5,,10,7,5,6,8,10,8,10,8,9,6,6,5,4,,,4,8,8,7,,8,11,18,5,,7,9,,,9,7,8,9,10,8,11,11,10,8,10,6,6,7,18,,5,4,,3,4,6,6,3,12,2,15,3,9,3,6,5,6,11,7,5,17,9,2,8,7,7,8,,8,7,7,7,,2,12,6,6,6,7,5,10,6,11,9,8,4,17,8,10,4,8,7,8,8,10,8,7,6,5,,,8,6,5,8,8,6,7,8,,5,8,16,7,13,5,8,6,5,,7,7,10,21,49,5,6,,4,8,8,6,9,5,7,8,3,9,10,9,12,7,7,10,9,8,7,8,12,10,5,5,5,6,6,5,6,6,3,5,8,7,12,8,7,10,5,8,3,2,11,7,6,8,9,3,5,8,9,4,5,8,9,10,8,6,2,3,8,5,7,9,10,5,10,12,18,14,5,8,8,9,10,2,,2,9,8,8,6,7,15,6,9,,13,8,9,17,10,5,4,,9,5,10,9,6,7,4,8,11,11,9,10,17,5,5,6,7,7,8,5,10,10,3,3,8,11,4,6,5,8,14,2,9,8,7,11,6,11,8,7,6,3,4,10,10,9,5,9,7,8,8,7,6,15,6,4,9,8,7,4,6,12,10,4,9,9,6,3,6,5,6,9,5,6,9,15,11,9,9,10,7,16,5,17,6,7,10,3,4,7,4,4,7,7,7,5,11,12,11,13,7,8,9,4,9,8,,22,15,14,10,15,22,7,12,8,2,7,3,3,5,8,5,7,8,9,6,2,6,4,4,2,7,4,,7,4,7,10,8,7,7,4,8,6,7,6,6,4,6,16,10,9,11,13,14,30,,7,9,3,3,4,5,8,18,3,6,10,12,9,11,10,9,14,10,9,9,1,5,17,7,10,8,10,6,14,5,4,4,5,4,8,5,10,10,6,4,7,38,5,13,10,7,8,5,8,8,12,8,8,,7,5,4,5,8,6,5,9,9,12,11,16,11,9,17,8,6,7,5,5,8,4,5,,5,5,7,8,7,14,6,5,,1,2,2,1,10,15,9,7,10,13,5,12,6,6,3,3,3,3,3,6,5,8,6,18,8,5,8,4,6,4,4,7,4,8,10,13,12,8,10
20231004,20,NO2,26,2,14,23,38,26,17,45,10,2,12,45,,,29,,31,39,41,,38,,47,50,,50,26,,44,38,46,56,33,26,15,,49,45,,39,,18,88,74,,67,,52,56,38,44,,24,44,,30,13,,,16,17,6,8,4,34,4,50,36,,67,52,33,38,52,37,,53,79,37,44,42,,,29,29,28,31,46,,24,38,,,,18,22,33,,12,12,,17,12,12,18,26,,6,24,66,36,36,20,26,11,25,23,17,14,11,9,18,14,8,,9,9,6,5,7,12,5,5,9,8,9,7,5,10,7,14,16,23,10,13,,19,13,15,15,19,20,19,17,21,29,14,16,26,10,,22,10,17,34,14,18,14,16,18,17,21,34,,,,42,24,,41,40,35,,,,21,,24,19,24,20,29,24,12,15,22,,,,14,20,,30,15,17,17,14,,,25,30,60,23,31,17,7,,22,,29,28,,26,14,,24,16,18,,27,18,14,14,8,14,13,,,5,11,7,6,6,10,10,,26,,,32,,14,10,,10,8,8,7,7,6,,21,21,14,12,15,9,12,14,28,24,22,16,23,12,16,41,,32,,,6,11,9,8,,,14,15,9,15,,20,11,13,,11,32,36,45,,42,34,53,30,11,,,23,23,20,20,29,20,52,49,42,47,52,58,45,45,,16,20,15,17,18,24,14,,,17,25,8,16,10,18,18,18,17,8,9,31,,,23,28,23,23,40,23,22,11,22,60,32,34,12,12,,14,14,15,90,23,22,14,,19,26,19,19,,20,34,21,21,20,19,,26,27,17,25,,,23,10,41,14,9,7,11,14,26,44,16,,15,13,26,23,25,38,68,38,,11,15,12,,7,,16,23,19,30,26,33,24,,,29,27,23,26,41,,25,32,26,29,,,35,4,10,23,14,14,11,16,24,15,20,,18,8,33,23,33,30,14,10,10,12,16,6,43,38,54,49,37,51,42,35,,30,16,40,44,,36,,20,36,,,,,8,,,,61,43,26,27,16,24,17,,,18,14,,14,18,21,29,,21,21,,14,16,9,62,,41,68,47,51,47,66,38,56,38,,8,16,19,9,12,12,18,19,21,18,16,15,10,13,17,24,16,,,26,,50,,84,47,28,,29,30,,,25,28,30,26,,,22,23,,49,55,39,31,20,2,30,9,2,10,,,,,,,51,,,23,27,21,21,15,17,9,1,5,,15,,,6,,3,6,7,16,14,20,13,13,,21,21,19,12,16,13,12,19,16,16,18,7,8,7,5,5,10,9,8,16,,17,12,21,,15,13,,8,7,18,9,6,,28,11,,,62,69,,,,41,22,30,38,34,40,,30,32,,37,44,,,,47,83,38,,46,22,21,31,33,,11,32,13,24,12,16,,10,9,8,7,4,12,15,22,14,16,19,16,13,15,7,7,6,8,12,6,14,9,,6,7,5,,4,10,11,8,14,7,7,16,7,16,7,35,65,30,,26,14,36,,12,15,22,29,14,,17,27,7,,48,,28,22,26,31,,37,31,,,,54,,58,,49,,,,21,22,34,41,31,,,,25,32,14,29,14,14,,10,15,13,14,11,6,,9,,,2,8,10,7,4,5,13,7,11,9,6,15,8,12,20,15,14,18,25,6,5,13,39,35,49,,20,17,20,17,,9,12,11,18,14,22,13,24,,,,,49,26,,25,6,16,11,13,18,11,12,8,9,9,10,12,11,,23,12,,30,18,43,,32,45,,46,16,12,28,35,27,22,23,27,36,48,,24,,,30,19,32,24,21,39,15,14,,17,9,14,11,14,,,36,,,,,18,,,,,,,,,,,,,,,,11,,,,,,,,,,,,,,,,,,,,,,,,,,,,,,,,,,,,,,21,13,12,15,12,18,,18,21,,,,33,34,43,50,,,28,30,34,25,31,42,,29,45,16,,,16,34,,32,42,72,,75,,28,20,,,19,6,,,42,29,19,,,6,5,26,28,16,14,11,23,14,13,10,18,11,10,6,9,9,9,16,10,6,10,9,7,,17,9,14,,7,6,12,8,10,4,14,,9,9,6,9,,,6,4,5,3,4,2,3,9,3,2,1,3,11,4,7,10,8,,,5,3,4,2,6,,,9,18,23,,22,40,36,,47,21,21,18,16,23,27,,44,37,24,30,27,16,18,18,,16,8,7,17,18,14,,22,,28,,,,30,29,19,42,17,16,,20,,16,16,31,12,9,8,7,,8,8,6,,,7,9,7,,11,5,6,,,,6,9,7,8,3,22,24,32,29,26,6,15,14,13,,10,7,5,5,18,,7,,10,11,15,23,17,20,30,,33,22,28,4,11,11,9,11,11,9,6,,40,61,61,,60,55,67,58,,45,57,50,,34,13,17,12,16,,10,12,8,8,26,26,32,,15,15,15,10,29,,10,13,6,30,10,15,24,23,32,30,20,21,,13,9,,,19,11,,8,3,5,14,,10,14,9,9,13,20,13,16,12,16,17,5,7,10,11,9,7,14,12,14,15,16,14,,9,14,8,11,10,9,9,4,7,6,9,6,4,10,10,18,7,3,9,10,13,14,21,23,13,11,9,17,26,20,11,18,13,17,4,32,20,17,15,15,12,12,9,41,,15,22,18,5,5,,9,8,15,19,23,9,16,15,14,22,28,30,,13,27,,,,6,10,,8,19,26,20,28,15,,23,17,9,,,,,,6,9,15,6,12,,6,,4,7,7,9,7,14,,11,8,10,9,,,,,4,6,6,5,10,10,,,2,6,4,11,16,,11,16,8,15,10,13,5,10,,7,6,9,8,12,14,7,24,12,,,20,,7,3,,8,13,6,,5,,5,,2,3,7,,12,18,58,62,63,55,10,15,9,13,,19,,,18,9,15,,14,16,42,43,23,21,,15,20,1,26,,,15,6,18,,7,18,12,6,20,20,56,,37,,,47,37,10,15,29,18,61,45,13,,24,15,17,15,32,11,16,13,11,,,,9,20,8,,23,13,16,,17,29,30,15,76,57,19,48,37,,76,16,22,22,14,17,18,,17,,26,41,34,7,12,17,12,24,32,17,10,,41,5,,,65,14,21,26,,49,31,36,12,,29,24,,,67,20,28,16,31,27,38,23,56,17,5,21,9,35,43,,31,32,,,13,20,10,15,8,10,14,7,40,15,9,6,75,56,44,3,23,35,4,30,10,29,8,,13,10,10,27,,14,59,39,47,20,30,8,10,7,34,,34,11,28,20,42,40,49,24,39,23,20,25,8,22,30,,,19,22,30,22,35,4,11,21,,17,20,11,28,38,6,54,12,22,,15,19,46,13,25,16,19,,6,18,22,19,24,29,20,17,6,16,51,43,23,18,42,50,12,22,10,13,26,12,10,37,47,31,19,36,26,15,28,34,30,19,17,11,7,14,10,,4,6,27,43,54,43,36,22,28,23,17,26,21,46,49,36,56,15,26,34,2,3,4,14,16,9,14,6,15,16,22,26,,34,20,38,,33,13,18,16,18,65,23,5,13,,46,40,24,65,13,9,14,,15,27,21,18,9,13,5,28,21,6,16,21,18,17,28,26,14,25,18,12,21,18,26,2,51,16,20,14,18,30,24,16,29,20,18,10,16,18,10,13,15,21,16,39,28,18,19,6,6,6,42,13,16,7,8,16,18,24,10,18,27,50,61,10,41,86,21,13,89,43,22,25,24,40,69,41,61,49,18,19,17,4,,26,2,17,13,11,23,28,20,20,35,42,53,35,57,15,46,38,16,50,35,6,15,38,,54,26,22,9,20,41,,26,10,13,6,39,8,18,12,2,27,17,10,14,10,4,2,9,4,5,5,,21,10,24,7,12,11,16,10,,21,21,31,10,30,9,47,18,20,46,23,29,51,,37,61,56,56,53,,28,36,49,49,50,53,50,22,17,33,31,52,27,52,30,23,36,30,34,18,16,18,25,32,21,29,27,11,18,28,14,14,17,10,22,44,31,16,,19,16,33,13,20,16,18,24,,26,24,45,31,12,14,33,34,17,28,28,7,60,38,41,50,45,22,10,8,26,27,22,,13,5,16,13,16,41,34,13,,12,49,9,30,40,12,52,41,60,10,8,52,12,26,64,8,11,50,9,30,28,5,24,41,19,15,27,18,12,5,42,2,10,27,32,41,36,16,14
20231004,20,NO2_24h,22,2,17,16,28,22,22,28,13,5,23,29,,,26,,24,27,31,,26,,33,31,,39,28,,39,30,33,32,29,28,18,,28,36,,34,,26,65,29,,19,,36,50,34,44,51,37,57,,56,9,,12,15,8,22,22,24,27,9,25,26,,28,31,26,25,34,37,,27,47,38,31,51,,,46,59,51,58,38,,15,21,,,13,8,10,11,,14,16,,14,10,12,16,20,,6,16,19,16,21,16,16,12,20,17,14,20,16,13,12,14,9,,13,14,14,5,8,10,6,5,11,9,10,9,6,9,8,13,18,21,14,14,,19,13,18,16,17,21,16,19,18,17,16,20,18,14,,19,13,19,25,13,20,15,16,17,14,16,33,,,,31,24,,37,28,28,,,,18,,22,24,24,27,30,25,17,22,21,,,,12,16,,21,16,14,16,15,,24,30,30,30,33,33,12,16,,15,,27,19,,25,19,,24,21,19,,26,19,18,17,15,15,11,,,11,12,10,14,7,14,15,,20,,,26,,16,13,,10,7,9,8,7,7,,20,19,11,13,17,14,14,14,22,19,16,11,15,10,16,30,18,21,,,7,8,9,7,,14,18,13,10,10,,16,10,10,,10,24,28,38,,36,30,39,28,12,,,25,32,23,26,34,29,33,34,28,34,34,32,36,35,,20,21,19,20,18,24,16,,16,16,16,7,8,7,11,11,11,12,6,6,36,24,,31,40,23,23,31,18,33,11,18,22,19,21,13,19,,15,16,13,30,11,13,12,11,21,26,25,17,,15,31,23,16,14,13,,15,16,13,14,,,20,13,22,21,16,14,14,21,24,34,17,,11,11,18,14,17,19,21,26,,10,18,9,9,7,,18,15,17,26,18,25,21,,,20,28,19,21,29,,16,18,18,19,,,20,6,7,14,6,7,5,11,11,9,8,,18,9,13,14,17,16,15,14,12,9,14,7,30,25,34,28,29,23,27,19,,19,24,28,30,,32,,24,37,,,,,14,,,,33,25,52,48,32,44,33,,16,14,10,13,10,11,15,17,13,16,15,,8,13,10,20,,17,15,16,16,37,22,22,26,31,,12,14,15,13,13,12,21,16,20,17,18,14,14,18,12,15,13,,,41,,36,45,45,33,23,,28,27,,,35,43,35,46,,27,29,27,,41,38,33,41,25,13,18,12,7,24,,,,,,,34,,37,24,23,35,38,26,35,10,6,11,,29,,,6,,3,6,7,14,15,13,13,10,,16,14,14,12,17,10,11,11,11,15,17,14,16,7,6,5,13,10,11,9,,10,9,13,,9,7,,9,10,15,13,6,,23,10,,,39,35,,,,19,16,11,17,29,33,,28,29,,36,40,,37,,61,66,50,,61,23,15,19,16,,10,15,13,22,15,14,,11,14,10,7,8,11,13,22,27,15,15,15,15,21,12,12,9,10,15,11,15,10,,4,5,5,,5,12,13,9,9,10,6,10,6,11,6,22,28,12,,23,12,24,,9,13,16,18,11,,18,17,5,,33,,34,31,20,24,,37,30,,,,31,,38,,37,,,,34,26,22,36,22,,,,26,25,13,19,17,15,,11,17,14,14,13,6,,11,,,3,10,13,6,4,5,11,8,12,8,5,7,8,12,18,20,17,20,20,5,4,10,19,16,20,,22,20,23,19,,9,16,14,8,15,16,13,18,,,,,21,14,,13,5,15,10,12,13,10,11,7,6,4,8,10,9,,19,18,,21,23,33,,26,32,,37,15,13,26,20,22,31,23,24,25,32,29,25,,,15,8,23,21,33,27,10,16,,13,8,43,32,17,,,29,,,,,24,,,,,,,,,,,,,,,,15,,,,,,,,,,,,,,,,,,,,,,,,,,,,,,,,,,,,,,16,18,11,19,19,26,22,21,30,,,,28,31,33,40,,,29,35,31,30,33,39,,49,42,17,,,18,24,,38,35,46,,41,,18,16,,,10,7,,,10,9,7,,,6,4,11,13,13,11,8,12,10,9,5,13,14,13,8,12,9,9,14,9,9,10,11,12,,11,10,6,,7,6,11,12,7,6,13,7,14,19,12,11,,,9,9,9,10,7,4,7,12,4,6,7,4,11,9,10,13,5,,,6,10,10,2,8,6,,4,13,14,,19,20,17,,18,15,21,15,14,24,27,,14,15,25,16,13,12,15,17,,15,6,6,11,16,12,,24,,32,,,,18,15,16,17,21,19,,16,,17,26,22,9,5,7,8,,13,15,14,,,10,11,11,,12,16,11,,,11,4,8,7,8,6,10,24,21,24,19,11,16,15,15,,10,8,10,9,12,,6,12,10,10,14,13,14,16,31,,27,26,20,3,10,8,6,9,14,16,14,,38,36,39,,48,40,47,27,,24,30,34,,30,23,27,20,24,,24,20,19,19,20,18,27,,19,16,16,14,13,,18,13,6,22,7,7,25,30,28,26,17,20,,15,13,14,,13,10,,6,4,9,14,,10,15,14,10,15,15,11,11,10,13,12,6,10,12,11,11,6,12,9,10,10,12,13,11,10,13,8,10,10,9,8,4,6,4,6,3,4,9,7,11,6,5,8,11,26,30,26,29,17,14,16,20,20,21,17,12,11,10,6,12,13,16,14,13,14,12,11,19,,16,12,11,6,7,,8,6,11,11,14,10,15,16,16,18,23,22,12,15,26,,,,7,10,,8,14,22,20,24,22,,20,13,9,,,,,,8,10,14,9,9,,5,,8,4,8,6,7,9,,7,4,6,4,,,,,3,5,6,5,5,8,9,,2,6,6,12,13,,9,8,6,10,8,9,6,7,,5,6,6,7,12,9,5,9,10,,8,12,,8,11,,6,7,10,,7,,10,,2,4,8,11,9,13,38,52,52,49,8,16,14,13,,22,16,,12,11,17,,16,17,27,24,13,12,,11,11,4,16,,,13,9,15,,7,13,12,4,8,9,25,,22,,,29,22,12,14,26,26,39,35,11,,22,14,11,14,22,14,39,42,34,,,33,24,29,6,,13,16,20,13,9,25,21,20,48,37,18,30,40,,48,14,19,17,17,21,17,,26,,31,31,20,7,15,15,9,16,26,16,12,8,24,5,,,27,14,19,20,,28,30,27,8,,26,21,,,44,16,29,11,26,26,30,21,30,17,10,24,14,19,41,,26,25,,11,10,15,13,14,6,8,27,7,35,19,9,9,36,41,31,9,15,53,4,45,11,42,12,,5,5,4,13,,11,26,33,30,18,29,11,14,11,33,30,28,15,27,19,29,31,41,12,29,20,33,9,7,17,20,,,27,22,38,17,33,4,15,18,,15,23,14,19,41,8,33,16,17,,12,29,30,13,19,14,9,,7,14,20,19,22,27,17,11,13,16,17,18,7,16,16,27,18,22,8,10,25,13,11,23,43,29,28,29,35,11,25,17,12,16,16,16,14,9,15,16,11,6,31,24,36,24,15,14,23,17,17,17,17,44,34,27,28,18,24,26,5,6,7,12,13,13,12,6,14,17,13,18,6,27,16,21,,20,13,17,28,40,31,31,11,29,,41,38,38,35,11,9,9,,15,11,24,33,7,12,5,17,14,7,22,13,18,19,18,24,16,17,14,12,17,31,11,7,16,7,19,12,15,28,24,8,28,20,15,15,14,14,12,12,20,50,20,38,17,14,18,7,6,6,25,14,11,9,9,14,9,18,10,21,26,31,44,12,27,47,19,11,24,22,23,33,20,33,32,40,37,42,28,21,29,10,4,14,3,22,19,8,22,19,15,20,21,18,54,18,43,23,32,35,19,35,39,13,26,33,,30,42,45,48,21,33,15,20,13,13,8,24,12,11,14,4,12,12,12,11,9,5,1,10,6,4,3,,14,10,24,9,16,14,8,6,11,18,16,25,7,24,9,23,14,19,36,28,43,26,,42,38,33,37,37,43,41,24,26,52,31,44,32,29,28,32,35,42,27,42,28,26,43,24,32,18,14,16,26,30,21,23,26,11,14,24,22,32,16,12,29,52,29,17,4,19,10,22,16,20,13,18,18,,15,20,36,35,13,15,14,34,33,38,50,30,34,20,28,32,32,27,13,14,24,26,17,,10,3,13,14,18,35,29,17,,14,28,6,23,17,11,34,33,17,15,15,45,12,24,34,14,12,22,26,14,15,5,23,38,14,10,18,10,13,6,21,6,5,21,38,30,33,15,12
20231004,20,O3,48,51,63,25,41,52,49,18,57,59,46,22,,,53,,57,49,52,,40,,36,29,,15,51,,69,65,48,56,67,92,141,,12,35,,32,,92,42,26,,15,,46,44,55,45,,62,47,,57,60,,,59,46,71,68,77,37,71,12,28,,2,37,47,48,39,59,,26,7,69,51,58,,,69,72,74,72,28,,53,47,,,51,64,54,44,,63,65,,54,64,63,62,51,,58,62,24,44,58,69,68,86,46,69,80,44,44,46,38,43,51,,45,48,49,47,35,43,40,42,42,44,38,46,45,37,46,99,108,97,110,109,,108,107,98,101,103,123,120,119,106,98,128,129,108,87,,79,90,87,73,77,84,95,96,86,82,82,78,,,,50,73,,70,56,63,,,,106,,70,78,67,83,68,74,85,80,79,,,,85,81,,83,111,121,97,102,,101,86,97,51,114,82,120,140,,125,,90,78,,109,84,,114,114,91,,94,123,124,94,109,103,98,,,106,96,109,89,92,92,85,,47,,,115,,92,94,,91,96,94,98,101,101,,81,79,61,74,69,94,95,93,61,92,91,78,84,97,98,74,50,58,,,137,131,131,131,,90,86,57,60,72,,58,67,72,,68,73,66,70,,65,71,64,78,73,,,90,86,91,95,83,82,8,13,10,16,26,17,19,13,,66,55,64,59,58,50,62,,75,55,20,42,28,38,30,27,28,31,42,25,72,100,,80,69,109,91,74,38,58,67,62,45,106,143,95,78,,80,75,74,8,98,96,125,110,121,103,108,120,,112,103,85,141,145,136,,131,134,101,131,,,66,55,53,77,76,80,73,87,84,74,104,,100,108,103,82,89,57,40,64,,67,57,56,59,20,,12,3,16,6,3,21,23,,,7,,8,11,10,,32,29,39,31,,,36,52,50,56,58,51,61,54,46,73,54,,45,53,27,45,44,38,53,56,41,48,47,50,26,20,4,12,10,14,9,27,,21,33,23,1,,52,,65,63,,,,,93,,,,33,49,71,73,72,72,73,,77,31,39,46,44,33,28,19,27,30,29,,32,39,65,24,,57,24,47,30,54,29,46,23,47,,66,61,62,75,71,67,61,64,66,59,62,60,66,66,107,99,108,,,104,,62,49,8,65,68,,67,74,,,85,92,73,62,,68,68,60,,42,27,53,94,50,84,60,86,85,80,,,,,,,49,,38,113,103,111,114,125,120,84,88,88,,74,,,81,,88,82,81,128,138,103,144,92,,83,84,84,91,88,86,110,77,85,82,56,67,65,63,69,56,74,74,77,81,,73,72,54,,137,146,,59,61,57,65,65,,42,50,,,18,18,,,,40,59,50,49,56,52,,59,52,,33,26,,40,,58,10,47,,53,88,57,48,46,,61,39,58,45,61,54,,62,62,65,63,66,59,58,58,61,62,55,55,63,58,68,65,67,60,57,61,52,59,,46,47,48,,49,58,56,58,51,60,33,23,33,26,36,88,50,84,,106,112,86,,87,77,65,70,71,,83,71,84,,18,,43,46,29,33,,77,79,,,,5,,11,,,,,,79,68,26,19,24,,,,44,37,39,29,67,69,,55,52,48,53,55,66,,66,,,71,72,75,62,77,71,70,75,77,60,74,81,78,76,63,72,73,69,46,49,49,37,16,21,3,,41,43,44,48,,48,50,52,40,21,21,23,18,,,,,14,30,,31,24,25,28,30,22,28,41,41,37,50,35,62,65,,30,47,,7,25,22,,15,4,,6,59,82,53,45,53,70,72,62,14,21,11,35,,,48,89,57,80,74,52,74,82,,83,80,81,73,75,,,83,,,,,99,,,,,,,,,,,,,,,,76,,,,,,,,,,,,,,,,,,,,,,,,,,,,,,,,,,,,,,30,69,55,64,68,77,66,72,61,,,,33,37,29,27,,,56,53,56,66,48,63,,72,60,55,,,44,25,,67,53,,,6,,68,78,,,52,60,,,51,55,59,,,57,61,51,48,89,93,89,48,54,54,57,52,67,55,60,60,59,62,53,60,66,63,61,62,,41,51,54,,67,67,60,66,44,42,34,40,71,75,75,47,,,58,41,41,45,42,61,60,53,78,40,44,41,43,50,48,47,53,,,66,60,52,,42,43,,50,89,87,,86,59,77,,46,82,94,86,65,76,66,,51,63,74,53,61,64,72,77,,80,70,66,29,119,129,,84,,82,,,,39,37,70,23,61,64,,61,,85,79,70,118,122,136,133,,67,73,74,,,72,70,75,,59,63,63,,,109,31,36,33,36,36,23,15,10,14,17,54,54,59,61,,29,44,38,38,23,,80,83,83,84,69,64,64,65,18,,14,28,33,47,50,46,41,45,55,68,67,,89,56,60,,12,11,1,45,,49,33,25,,33,67,75,71,66,,99,100,94,100,46,49,40,,69,67,69,26,19,,49,35,87,43,55,52,55,58,44,50,29,34,,85,88,89,,53,59,,37,48,58,52,,59,62,62,48,42,33,41,38,46,44,40,62,70,69,66,66,44,52,53,47,44,37,44,48,48,40,71,63,70,68,59,49,48,42,51,43,44,62,52,51,61,22,49,46,64,57,73,60,72,70,84,68,53,70,92,78,99,64,59,47,58,85,96,74,81,41,63,25,,68,42,43,74,61,,60,31,27,24,20,43,45,41,40,27,28,31,,48,31,,,,30,31,,28,3,21,31,18,37,,32,37,25,,,,,,56,54,50,58,13,,32,,56,49,68,58,64,67,,80,82,78,84,,,,,55,51,52,56,66,63,37,,87,42,42,52,45,,41,32,34,30,34,29,37,30,,41,40,65,57,20,22,47,19,59,,22,11,,39,58,,46,43,47,,46,,134,,45,44,31,36,36,31,14,25,29,36,63,64,80,68,,80,85,,59,85,88,,82,80,34,33,82,89,,57,52,90,67,,,72,84,72,,102,71,87,41,36,90,32,,46,,,32,40,85,74,93,98,49,45,70,,80,99,93,96,81,101,103,105,106,,,83,89,75,55,,69,85,83,74,52,71,63,80,5,27,44,60,66,,3,49,96,115,102,83,130,,90,,64,68,38,45,52,40,98,40,84,59,59,29,115,47,,,8,60,60,54,,39,62,62,33,,84,88,,,33,79,81,143,65,88,58,86,48,88,94,16,29,2,24,,42,17,,51,123,34,44,102,68,54,78,41,21,71,69,117,11,13,60,90,54,93,59,99,51,78,70,,62,67,60,41,,56,41,4,23,42,32,62,69,67,83,,26,29,28,56,92,18,10,49,35,71,68,39,39,3,3,,,76,73,64,78,89,130,74,98,,82,78,56,112,60,115,4,67,63,,55,78,42,102,81,47,92,,,90,91,99,90,82,99,102,64,73,36,54,55,65,85,52,84,84,91,135,96,92,68,61,47,42,84,84,112,97,99,64,60,118,97,90,65,72,72,63,68,61,61,45,27,33,74,94,60,122,72,58,63,16,3,36,14,67,34,27,40,45,42,52,26,28,19,31,28,24,12,4,52,24,34,20,,24,42,39,70,78,24,69,91,77,,69,58,78,8,41,64,62,,64,63,66,57,38,43,77,69,54,82,65,70,85,87,47,90,73,61,55,68,82,69,15,67,42,64,112,105,115,74,88,103,78,83,95,91,88,80,98,132,100,81,85,58,61,84,49,75,51,48,56,135,77,113,84,80,87,128,55,80,49,49,26,65,42,2,88,100,18,73,88,79,89,10,6,89,10,26,58,69,59,40,,2,51,22,48,54,46,24,41,27,12,13,62,89,56,65,40,73,120,73,116,85,117,69,,56,73,90,88,74,50,81,43,68,42,120,76,61,102,63,80,46,52,78,77,42,61,80,53,62,53,51,,88,74,56,92,76,48,42,36,52,78,83,76,89,81,92,20,49,50,48,129,140,36,,73,25,10,6,11,37,74,64,27,35,28,37,42,60,58,35,50,47,30,12,14,65,98,26,18,20,22,26,127,18,33,36,24,16,84,72,90,89,2,58,77,58,34,85,87,119,57,164,90,70,50,92,70,,94,76,12,39,56,43,23,72,80,57,63,82,28,42,42,7,3,47,36,56,106,72,79,,47,48,79,101,42,18,84,49,,65,24,58,28,47,59,48,57,34,54,68,4,69,46,16,62,50,13,60,51,59,42,84,86,48,42,43,36,98,58,55,63,49,36,60,70,51,61,94
20231004,20,O3_24h,66,74,77,70,71,78,67,73,117,89,65,68,,,86,,94,88,102,,91,,83,88,,85,83,,127,143,132,129,133,139,175,,84,92,,82,,131,121,123,,106,,151,151,156,97,32,86,88,,95,87,,59,82,92,78,76,84,109,90,104,138,,132,94,99,92,117,102,,140,132,139,142,92,,,85,102,91,96,95,,76,80,,,88,87,86,88,,113,108,,133,110,119,105,116,,119,148,150,146,140,155,162,156,132,133,151,89,89,94,99,96,102,,94,100,90,78,63,75,69,73,67,76,70,73,77,60,72,106,110,106,110,115,,113,114,102,105,133,131,139,134,123,129,137,133,135,266,,134,136,133,143,129,136,122,112,104,118,112,153,,,,114,127,,130,128,128,,,,143,,131,128,125,133,128,126,133,129,126,,,,138,128,,137,134,141,131,134,,134,130,140,144,134,139,144,148,,139,,153,138,,119,104,,128,114,100,,111,135,124,95,109,165,112,,,106,105,116,108,107,121,100,,102,,,147,,127,126,,109,113,106,108,119,113,,113,112,94,93,90,100,104,99,92,92,96,96,95,97,98,85,90,95,,,137,134,131,134,,164,166,66,73,78,,70,73,77,,74,141,141,126,,145,144,145,143,143,,,175,184,181,183,170,178,79,89,101,88,83,88,85,83,,66,55,64,62,63,59,65,,75,61,33,58,42,53,45,44,45,50,56,32,164,176,,140,143,167,122,173,102,151,138,162,144,158,174,116,103,,156,119,108,147,241,169,241,207,188,173,170,203,,208,149,141,202,199,197,,222,238,158,227,,,152,133,162,124,130,144,121,118,156,135,166,,125,129,133,133,148,123,111,119,,75,87,98,78,46,,37,19,26,25,20,29,30,,,23,23,20,32,28,,53,57,50,52,,,60,84,93,92,77,85,82,75,82,93,85,,69,68,59,66,62,63,69,71,64,72,61,59,52,53,45,52,47,49,55,61,,54,52,53,38,,86,,76,75,,,,,137,,,,95,86,103,99,92,102,98,,99,39,47,53,52,42,44,39,41,43,45,,40,50,65,84,,91,84,88,94,89,87,86,88,83,,147,154,145,104,91,84,96,153,157,144,134,115,138,121,160,160,160,,,144,,125,135,127,127,113,,111,140,,,128,137,128,132,,141,141,147,,133,139,138,144,128,144,144,144,147,136,,,,,,,107,,91,147,142,142,138,152,156,158,147,146,,171,,,85,,93,88,94,189,218,208,209,192,,171,170,176,184,186,162,113,107,106,101,103,87,110,130,134,119,92,89,93,130,,126,113,108,,137,146,,128,126,128,133,116,,118,59,,,82,91,,,,87,81,100,90,139,142,,143,143,,60,60,,82,,110,107,112,,108,149,84,78,87,,125,118,130,117,111,124,,115,114,113,114,101,126,122,102,85,123,104,97,118,133,131,82,119,109,112,108,100,110,,63,63,63,,63,76,73,75,79,77,55,58,65,59,61,113,110,116,,129,138,137,,126,86,72,82,79,,87,79,98,,56,,43,46,56,48,,146,145,,,,72,,75,,62,,,,81,81,83,46,61,,,,53,48,52,40,71,70,,55,52,49,53,58,66,,79,,,76,79,75,62,78,84,111,104,119,78,89,91,95,133,122,128,123,128,111,76,83,66,55,58,58,,60,65,62,60,,64,82,78,63,64,48,44,37,,,,,62,64,,62,34,35,36,42,29,38,86,83,90,89,88,82,83,,51,58,,83,79,72,,74,62,,67,67,91,88,81,86,90,87,90,66,62,63,50,,,108,108,108,105,98,101,101,106,,110,98,107,108,109,,,150,,,,,178,,,,,,,,,,,,,,,,161,,,,,,,,,,,,,,,,,,,,,,,,,,,,,,,,,,,,,,35,83,75,77,84,95,96,94,92,,,,113,108,109,98,,,82,93,101,108,81,106,,93,88,78,,,60,79,,98,91,66,,55,,104,98,,,81,68,,,100,102,80,,,66,70,78,81,117,115,113,112,97,109,101,89,116,92,106,102,132,141,128,134,83,86,80,79,,96,105,134,,98,102,86,94,72,68,76,77,79,83,87,75,,,80,72,60,61,73,73,80,68,101,74,69,64,69,61,76,68,77,,,92,74,73,,74,77,,69,128,124,,127,122,130,,114,116,125,118,259,115,132,,86,94,97,90,92,92,91,91,,84,77,74,61,139,139,,99,,98,,,,87,90,91,81,98,108,,83,,101,97,100,129,132,138,133,,91,91,93,,,95,96,101,,89,84,87,,,148,47,49,48,49,44,48,23,28,27,35,84,79,90,91,,68,76,79,78,71,,80,84,83,85,103,103,98,104,38,,33,38,51,67,77,75,70,80,88,108,104,,100,105,100,,73,83,76,90,,90,101,86,,90,90,91,92,88,,99,100,94,100,79,78,86,,81,80,80,49,39,,56,50,96,78,74,99,82,79,78,81,54,55,,94,93,93,,68,65,,64,51,58,53,,70,66,63,48,42,52,59,58,64,62,58,65,70,76,69,66,64,73,70,73,68,55,61,63,61,53,87,83,84,83,80,59,59,58,61,54,44,72,68,62,72,42,64,58,135,133,127,116,91,111,104,127,131,142,131,113,108,107,93,130,141,136,131,108,112,88,99,97,,132,100,118,77,73,,73,46,38,39,41,53,55,50,52,55,68,78,72,65,58,,,,30,31,,32,36,34,38,34,37,,52,58,47,,,,,,61,64,64,63,28,,45,,58,68,72,69,67,70,,83,87,85,89,,,,,107,69,74,75,73,72,89,,87,55,57,74,80,,57,49,46,52,47,52,42,38,,59,58,65,62,64,82,50,64,82,,64,57,,57,65,,55,58,57,,56,,137,,46,47,75,67,71,66,94,82,88,84,74,64,80,86,,116,104,,90,98,106,,97,100,94,97,107,106,,82,82,107,99,,,85,98,91,,111,88,87,56,63,105,81,,76,,,56,82,94,88,125,119,116,106,100,,106,107,106,109,113,119,119,120,115,,,97,99,96,74,,96,98,98,98,82,149,153,153,91,83,85,142,90,,46,110,139,133,111,120,155,,102,,174,132,62,92,61,62,106,62,126,126,116,29,143,47,,,130,102,104,95,,84,90,88,60,,122,132,,,161,126,138,154,122,136,172,162,153,126,99,22,38,21,63,,100,64,,102,149,71,64,111,90,71,173,55,57,86,74,145,82,86,81,158,84,140,69,136,57,116,75,,81,81,75,56,,82,124,12,88,70,66,76,81,77,147,50,60,41,46,63,134,55,82,108,85,86,169,70,55,34,34,,,94,113,110,87,153,131,74,136,,110,88,86,137,100,152,77,108,89,,142,92,90,120,108,73,103,,118,110,105,102,102,94,108,109,80,87,91,96,87,87,132,140,121,140,119,154,128,127,106,120,147,115,149,206,212,119,139,141,156,231,155,151,110,128,99,152,129,90,95,129,83,90,116,128,118,139,110,87,90,70,67,91,95,82,52,62,70,74,67,84,33,36,33,36,40,41,27,24,67,48,39,47,,54,68,71,172,137,133,156,148,176,,135,112,118,74,68,85,82,,136,93,78,80,56,65,95,166,130,124,142,118,137,123,121,93,112,123,110,75,88,172,77,83,91,87,139,141,132,127,147,139,134,132,140,141,119,180,124,150,112,106,107,100,98,94,114,147,96,88,113,210,138,121,166,102,137,216,110,114,126,142,115,119,101,84,122,100,112,114,103,100,123,94,99,96,92,93,89,86,89,64,64,37,52,27,51,101,68,71,69,38,56,55,136,155,132,160,112,121,156,150,147,162,161,126,,146,133,130,141,104,94,99,79,89,63,148,186,94,156,113,104,105,130,109,111,93,61,87,71,86,80,81,,107,85,81,99,76,48,66,52,69,94,93,99,117,141,112,89,84,96,108,144,154,95,,129,99,87,85,79,76,153,154,88,94,94,92,92,99,103,92,88,80,70,68,38,94,110,93,58,25,37,33,142,58,59,54,60,34,109,105,98,102,37,73,90,106,98,107,94,159,126,209,155,176,126,102,80,,132,120,42,48,84,67,64,147,159,128,128,148,93,71,58,46,56,50,49,56,113,109,108,,58,69,162,115,81,43,148,83,,70,93,75,67,90,85,108,138,84,76,105,59,71,92,84,78,130,64,72,87,88,66,114,145,78,70,70,73,112,106,126,68,60,65,156,138,174,147,112
20231004,20,O3_8h,55,59,68,51,58,64,53,53,62,64,52,48,,,77,,78,76,81,,77,,67,70,,64,72,,108,117,101,112,110,121,128,,59,71,,67,,96,82,78,,75,,101,106,112,83,,73,73,,82,80,,,76,80,75,71,80,68,75,55,63,,57,75,76,76,89,90,,97,88,101,103,79,,,78,84,84,85,71,,70,71,,,79,80,74,78,,70,70,,69,73,70,71,62,,69,80,74,79,74,85,92,91,76,83,91,58,58,62,61,58,65,,60,65,62,58,45,52,48,52,52,54,48,53,55,47,56,102,107,102,106,111,,109,111,96,101,121,122,128,122,114,116,127,126,123,108,,109,117,114,119,110,117,109,104,97,104,101,119,,,,90,108,,105,98,98,,,,130,,111,106,104,112,104,107,110,107,108,,,,118,111,,120,124,133,118,121,,121,117,126,120,126,120,135,144,,134,,129,116,,105,93,,108,102,88,,96,114,104,90,102,101,101,,,99,97,107,92,95,100,86,,83,,,130,,105,104,,95,98,95,102,111,106,,96,94,80,82,78,93,99,94,82,80,84,88,83,90,80,69,74,80,,,134,129,128,128,,132,130,58,64,70,,60,66,71,,67,120,112,104,,113,119,118,122,120,,,151,154,150,157,144,146,32,27,25,28,36,37,26,22,,50,47,46,48,46,49,48,,61,52,29,46,36,46,40,37,40,42,46,28,137,143,,120,116,146,112,141,82,116,88,123,108,138,156,102,91,,104,101,98,96,186,138,197,154,152,144,132,158,,170,127,111,182,179,175,,186,179,132,181,,,103,101,110,103,106,114,97,101,130,119,142,,118,120,116,117,127,105,96,103,,68,69,79,67,29,,22,12,20,9,9,24,24,,,16,14,13,22,14,,42,46,44,43,,,49,50,80,79,72,76,75,68,70,85,74,,60,58,50,54,52,51,62,64,54,62,56,51,42,39,29,34,35,38,29,46,,34,45,37,22,,76,,72,68,,,,,97,,,,78,76,79,73,79,80,75,,84,35,43,49,47,38,37,34,35,38,38,,35,44,55,67,,79,69,76,77,76,73,73,71,71,,76,73,76,83,80,76,71,77,77,69,78,78,81,81,137,134,139,,,129,,100,93,76,97,96,,94,113,,,105,113,105,109,,114,112,112,,99,85,96,119,94,94,87,98,97,93,,,,,,,54,,50,129,128,131,130,145,148,94,94,92,,106,,,82,,88,84,87,151,171,162,157,134,,130,133,139,141,140,132,106,98,99,91,80,74,80,101,100,89,87,85,88,116,,108,96,85,,82,97,,88,82,85,93,96,,83,54,,,51,54,,,,76,73,82,76,100,111,,111,109,,38,42,,57,,90,72,92,,88,102,74,63,72,,71,66,68,61,70,65,,71,67,71,68,70,68,67,65,64,68,61,63,75,72,80,75,76,69,67,72,64,68,,44,43,45,,45,70,67,68,68,71,44,34,43,33,40,99,90,101,,111,118,111,,107,75,66,72,68,,77,72,72,,31,,35,32,36,37,,111,112,,,,28,,23,,23,,,,74,70,56,30,38,,,,36,38,45,34,66,67,,46,42,39,42,52,60,,74,,,74,72,65,59,70,78,95,94,103,72,82,86,88,111,101,107,105,107,92,60,64,53,41,46,35,,47,51,49,55,,58,66,66,57,29,36,31,25,,,,,42,50,,50,28,27,29,33,23,30,67,66,68,71,68,67,68,,42,48,,57,60,43,,46,33,,33,62,83,68,70,74,67,77,76,38,45,36,40,,,69,103,92,94,86,84,81,86,,99,85,89,91,97,,,121,,,,,155,,,,,,,,,,,,,,,,103,,,,,,,,,,,,,,,,,,,,,,,,,,,,,,,,,,,,,,32,75,64,71,75,84,80,84,76,,,,63,63,57,58,,,64,68,74,76,72,86,,85,80,54,,,50,50,,88,81,31,,30,,77,81,,,71,64,,,88,88,76,,,57,60,70,73,106,103,101,72,69,69,69,73,74,63,68,69,69,70,60,70,74,73,70,71,,52,58,69,,74,77,70,73,58,52,54,57,75,78,81,50,,,65,56,55,57,59,66,61,55,90,49,56,50,52,55,55,53,63,,,78,46,39,,39,40,,57,113,112,,113,105,116,,91,101,107,101,91,99,109,,71,78,78,78,77,76,79,80,,79,69,66,46,126,126,,93,,92,,,,67,73,78,52,82,93,,73,,88,81,81,123,124,133,128,,80,81,81,,,83,82,87,,75,74,76,,,134,40,44,41,42,40,39,20,21,22,26,65,62,67,64,,35,50,46,45,32,,77,81,80,79,81,82,79,82,25,,26,31,35,50,53,48,45,49,75,93,90,,86,83,82,,23,38,28,52,,58,58,60,,65,78,81,80,76,,65,66,63,72,66,69,69,,74,72,72,38,32,,49,42,91,63,61,79,70,70,67,73,37,40,,75,78,77,,54,58,,44,44,51,48,,63,62,60,39,32,43,50,50,56,53,49,58,62,66,64,61,55,64,62,63,58,45,54,54,52,46,80,69,77,73,70,53,51,51,58,51,41,65,60,54,66,28,57,53,98,97,105,88,82,89,89,105,103,101,110,103,103,93,82,100,116,120,118,96,103,74,82,78,,106,75,83,65,50,,57,40,33,31,30,46,49,44,46,28,35,39,40,56,42,,,,28,28,,28,14,21,28,22,24,,39,46,36,,,,,,58,54,52,59,20,,37,,56,61,68,64,63,66,,76,78,76,82,,,,,58,57,54,57,67,66,68,,85,52,52,57,59,,47,44,43,47,43,44,40,36,,52,49,60,56,45,53,45,48,72,,45,39,,46,57,,51,53,53,,52,,130,,44,44,50,46,49,46,67,61,68,67,62,48,47,74,,99,100,,69,76,96,,86,87,74,76,97,100,,73,70,101,88,,,81,94,83,,107,81,84,48,55,97,62,,60,,,49,70,88,81,112,108,96,85,88,,96,100,98,94,90,107,101,103,101,,,83,85,82,63,,84,91,90,83,71,113,115,126,67,68,75,112,85,,26,64,122,126,102,97,138,,97,,115,107,47,75,56,55,103,51,106,70,67,24,122,40,,,60,76,90,80,,69,79,78,42,,106,118,,,96,112,117,143,99,114,119,134,112,113,84,12,26,7,44,,74,30,,87,92,55,53,99,85,53,107,49,33,71,65,130,66,46,73,102,72,122,65,124,55,102,72,,75,75,70,50,,74,83,6,59,56,38,71,76,72,111,,38,37,34,50,120,39,29,68,66,76,115,57,46,22,18,,,89,99,90,76,128,126,69,122,,96,73,59,122,89,140,24,80,79,,70,85,80,113,99,57,99,,111,100,99,97,96,86,103,105,73,82,75,76,80,78,120,106,108,119,106,142,114,115,89,103,104,94,123,151,173,92,118,106,112,183,135,126,82,105,74,107,95,81,81,76,68,73,101,111,99,127,97,76,77,25,26,66,58,71,26,27,52,58,53,63,28,26,25,33,32,24,19,9,60,40,33,38,,39,54,40,137,115,81,105,102,118,,96,94,104,35,59,70,68,,80,84,73,68,42,56,85,136,103,111,103,101,118,99,97,86,95,98,92,67,84,115,50,69,77,82,122,124,119,109,126,125,114,113,125,120,104,129,113,137,103,84,90,76,82,88,95,104,79,66,94,173,115,112,136,94,121,185,87,97,80,106,87,72,70,61,108,78,84,101,96,89,102,20,27,88,42,38,52,77,75,52,56,21,50,18,40,66,58,55,54,31,42,42,94,131,95,100,55,89,141,130,132,100,147,109,,114,110,111,107,86,79,92,69,80,55,132,136,72,134,77,95,86,102,95,99,69,50,83,62,66,70,68,,100,76,60,87,69,32,57,48,57,84,88,91,99,114,96,72,74,75,73,125,136,75,,112,81,60,66,60,64,108,125,68,73,75,74,75,83,74,74,72,43,29,21,18,64,97,51,41,21,28,28,127,35,46,46,39,24,98,90,94,96,22,47,81,86,58,83,87,142,86,178,126,110,100,98,77,,113,106,28,38,62,54,50,126,131,100,106,108,53,55,52,31,30,38,38,47,102,95,94,,41,57,114,104,49,30,111,52,,61,57,63,53,78,74,56,108,71,64,90,26,66,76,62,71,62,42,60,74,81,54,105,111,67,50,59,50,98,68,102,62,56,52,104,102,108,72,105
20231004,20,O3_8h_24h,55,59,68,58,58,65,53,63,83,68,52,56,,,81,,83,80,87,,84,,74,80,,79,74,,108,119,103,114,111,121,137,,77,82,,76,,96,93,100,,90,,108,112,118,88,53,75,76,,84,82,,59,78,87,75,72,80,74,76,64,71,,71,82,83,82,94,92,,108,102,111,109,79,,,78,84,84,85,83,,72,73,,,82,82,79,82,,85,77,,77,78,74,81,74,,95,138,139,137,133,147,143,154,118,122,133,62,63,67,67,63,69,,64,70,67,69,60,58,62,66,64,68,62,65,59,59,65,102,107,102,106,111,,109,112,96,101,121,122,128,122,114,116,127,126,123,130,,113,120,116,123,113,121,114,108,101,110,106,127,,,,97,113,,116,107,107,,,,131,,114,107,107,113,109,112,110,110,110,,,,120,116,,124,124,133,123,125,,126,123,130,130,127,126,136,144,,134,,134,125,,105,93,,108,102,88,,96,114,104,90,102,101,101,,,99,97,107,98,101,107,90,,88,,,130,,105,104,,97,100,96,102,112,106,,96,94,82,88,79,93,99,95,88,80,86,91,86,90,80,73,82,87,,,134,129,128,128,,142,142,58,64,70,,60,66,71,,67,135,124,116,,128,131,132,133,131,,,160,160,156,165,156,159,77,76,86,79,75,79,80,82,,58,51,58,57,63,50,60,,68,58,32,46,42,46,40,41,42,43,46,28,139,143,,123,120,149,113,143,88,121,107,131,116,138,156,104,94,,115,104,102,127,202,146,200,158,152,145,132,160,,171,127,114,186,181,177,,186,179,135,181,,,110,112,116,105,113,119,102,102,132,120,142,,119,120,116,119,128,111,103,108,,68,73,84,70,33,,22,13,20,9,9,26,24,,,17,15,17,23,15,,51,47,44,43,,,49,75,86,83,74,80,78,71,75,88,79,,60,58,51,54,52,51,62,64,57,62,58,54,45,41,36,42,38,44,33,54,,44,45,41,28,,80,,72,69,,,,,97,,,,84,78,82,73,79,81,82,,84,35,43,49,47,38,38,35,36,38,39,,35,44,55,81,,84,80,84,86,80,79,75,76,77,,135,148,137,86,81,77,78,99,113,84,81,82,86,85,137,137,146,,,134,,111,111,105,109,99,,97,118,,,112,121,114,117,,128,121,128,,119,112,116,126,110,112,113,116,115,109,,,,,,,73,,58,129,130,132,132,146,150,131,121,116,,129,,,83,,88,84,89,151,171,170,157,139,,133,134,142,142,141,135,106,101,99,91,88,79,86,106,107,98,88,87,90,119,,112,102,95,,116,123,,110,120,113,106,99,,92,54,,,63,69,,,,80,75,85,79,100,111,,111,110,,42,42,,57,,90,82,93,,88,128,79,71,80,,125,118,130,116,111,124,,93,96,96,90,96,79,122,70,85,123,104,96,78,79,84,78,80,76,76,75,72,75,,49,54,53,,53,74,71,70,71,73,52,54,52,59,58,99,92,101,,111,118,111,,107,80,68,74,72,,86,77,94,,54,,35,32,45,40,,111,112,,,,59,,58,,28,,,,74,70,64,33,38,,,,36,38,45,34,66,67,,53,42,45,42,52,60,,75,,,75,72,65,59,76,78,97,95,106,73,82,86,88,118,110,115,110,115,103,67,68,57,48,50,47,,54,58,58,55,,59,68,67,58,32,38,31,25,,,,,47,52,,52,33,27,32,33,29,31,69,66,68,71,71,67,68,,42,49,,62,60,43,,48,37,,35,62,83,68,70,74,67,77,76,42,46,41,40,,,103,105,96,94,87,91,86,93,,99,85,89,91,98,,,124,,,,,165,,,,,,,,,,,,,,,,124,,,,,,,,,,,,,,,,,,,,,,,,,,,,,,,,,,,,,,34,75,64,71,75,84,81,84,78,,,,64,63,58,61,,,64,68,75,76,74,86,,85,80,54,,,50,52,,90,83,36,,33,,87,90,,,75,66,,,92,92,78,,,65,68,75,80,109,104,105,77,72,72,74,78,111,92,106,94,72,73,67,72,80,79,76,76,,59,64,78,,97,102,82,94,68,61,70,72,75,78,82,72,,,78,62,59,60,68,68,80,60,101,62,65,59,65,58,69,62,73,,,88,74,68,,62,62,,60,115,115,,115,112,121,,98,102,107,102,124,101,114,,71,78,78,79,77,76,79,80,,79,69,66,46,126,126,,96,,95,,,,72,79,79,65,87,97,,73,,88,81,81,123,124,133,128,,82,83,82,,,86,86,91,,80,78,80,,,136,42,45,42,43,40,41,20,22,22,28,67,62,67,64,,39,50,46,45,34,,77,81,80,79,83,85,80,82,25,,27,31,35,51,53,50,46,50,76,95,93,,86,84,83,,46,60,55,84,,74,71,66,,68,79,82,81,78,,69,70,63,72,68,72,79,,75,72,72,38,33,,49,42,91,63,61,79,73,71,73,77,39,40,,75,78,77,,54,58,,49,44,51,48,,63,62,60,39,36,43,50,50,56,53,49,58,62,66,64,61,56,64,62,63,58,45,54,54,52,46,80,69,77,73,70,56,59,52,59,52,41,65,60,54,66,36,58,53,106,108,110,95,83,91,89,108,109,106,114,106,103,98,85,111,124,124,120,98,106,82,88,90,,114,86,98,68,72,,73,41,34,36,33,46,49,44,46,49,50,57,50,56,47,,,,28,28,,28,31,30,32,26,28,,42,48,39,,,,,,58,56,52,59,21,,38,,56,62,68,64,63,66,,76,78,76,82,,,,,75,64,55,57,68,67,70,,85,53,52,61,65,,48,46,44,50,44,46,40,36,,55,53,60,58,50,58,45,56,72,,47,42,,47,57,,51,53,53,,52,,130,,46,44,60,67,71,64,73,65,71,70,62,48,47,74,,101,100,,69,76,96,,86,87,82,84,98,101,,78,78,103,95,,,82,95,84,,107,82,84,53,57,97,64,,61,,,50,74,89,82,112,108,98,86,89,,96,100,98,94,90,107,101,103,101,,,83,85,82,63,,84,91,90,83,73,117,115,129,86,77,79,114,85,,30,71,124,126,102,97,138,,99,,151,113,47,78,56,56,103,51,108,74,76,24,122,40,,,71,86,92,85,,72,80,81,50,,108,124,,,122,116,121,143,104,118,135,143,126,115,84,12,26,14,44,,81,62,,94,131,58,54,99,88,67,131,55,35,71,65,131,78,54,76,123,79,129,67,126,55,103,72,,76,76,71,53,,76,101,6,69,56,50,73,78,74,111,63,51,37,34,54,123,40,31,103,70,76,137,57,46,25,28,,,90,103,92,86,136,126,69,123,,96,73,59,122,91,142,68,98,79,,76,86,86,118,105,57,100,,111,102,100,97,98,88,103,106,73,82,83,83,84,82,123,123,110,122,113,142,123,120,94,111,115,103,126,155,176,92,119,112,127,183,135,129,94,110,76,114,108,84,84,80,77,80,101,112,103,131,100,76,77,38,67,75,63,71,28,62,65,70,65,72,28,26,25,33,32,31,21,19,62,40,38,45,,41,55,51,154,122,112,126,118,143,,116,99,106,49,59,70,68,,132,87,73,68,48,56,85,140,114,113,106,106,121,99,103,86,97,103,100,67,84,137,75,71,82,85,122,124,119,112,130,125,117,115,126,123,112,142,116,138,103,84,90,84,82,88,103,141,84,74,98,177,122,112,141,95,126,190,99,97,88,113,92,112,78,78,110,79,91,101,99,94,102,77,85,88,64,67,86,78,76,62,60,24,50,22,40,71,58,59,54,33,46,44,108,144,110,121,64,89,141,137,132,125,151,115,,122,120,118,118,86,84,94,70,80,55,134,151,83,138,91,96,92,109,97,102,69,50,83,65,71,74,72,,102,76,72,87,69,32,57,50,57,84,88,92,104,114,98,80,76,80,84,125,136,83,,118,83,77,79,73,70,111,132,80,78,82,81,86,85,76,83,78,54,55,54,23,64,97,70,42,21,28,28,129,36,46,46,40,27,100,90,94,96,27,73,81,86,59,89,88,142,125,178,130,118,107,98,77,,113,111,32,38,71,55,53,132,134,111,114,127,81,55,53,36,31,38,39,47,102,98,95,,47,62,126,104,64,31,111,62,,61,63,63,59,81,74,71,122,79,72,92,27,66,92,79,71,86,48,64,81,84,58,107,111,72,66,63,67,98,72,115,62,56,60,130,114,134,136,106
20231004,20,CO,0.3,0.2,0.2,0.3,0.2,0.2,0.3,0.4,0.3,0.2,0.2,0.8,,,0.3,,0.4,0.6,0.4,,0.7,,0.4,0.5,,0.4,0.6,,0.7,0.5,0.5,0.6,0.6,0.4,0.8,,0.5,0.4,,,,0.1,0.3,0.5,,0.2,,0.4,0.4,0.3,0.7,,,0.4,,0.4,0.3,,,0.2,0.2,0.2,0.3,0.2,0.3,0.2,0.5,0.3,,0.7,0.5,0.2,0.3,,0.2,,0.7,0.6,0.3,0.6,1.4,,,0.6,0.4,0.5,0.4,0.4,,0.5,0.6,,,0.3,0.5,0.3,0.5,,0.4,0.5,,0.3,0.4,0.5,0.5,0.4,,0.3,0.4,0.6,0.6,0.4,0.4,0.6,0.4,0.6,0.4,0.4,0.3,0.3,0.2,0.2,0.2,0.2,,0.3,0.3,0.4,0.6,0.3,0.5,0.4,0.5,0.7,0.6,0.4,0.3,0.4,0.6,0.4,0.5,0.5,0.4,0.6,0.5,,0.4,0.5,0.4,0.6,0.4,0.7,0.2,0.6,0.4,,0.4,0.4,0.6,0.7,,0.5,0.5,0.6,0.5,0.7,0.5,0.2,0.6,0.5,0.5,,0.7,,,,0.7,0.6,,0.5,0.6,0.6,,,,0.5,,0.9,0.5,0.7,0.8,0.6,0.8,0.8,0.7,0.4,,,,0.5,0.5,,,0.3,0.4,0.5,0.4,,,0.8,0.7,0.8,0.8,0.7,1.5,,,1.3,,0.7,0.9,,0.6,0.6,,0.6,0.7,0.6,,0.7,0.6,0.7,0.6,0.5,0.5,0.5,,,0.4,0.6,0.4,0.5,0.4,0.4,0.5,,0.6,,,0.7,,0.6,0.5,,0.4,0.4,0.5,0.5,0.4,0.3,,0.6,0.5,0.5,0.5,0.6,0.4,0.4,0.4,0.6,0.4,0.6,0.3,0.7,0.4,0.6,0.6,0.4,0.5,,,0.4,0.4,0.5,0.5,,0.5,0.5,0.9,0.9,0.8,,0.9,0.8,0.7,,0.8,0.4,0.4,0.6,,,0.4,0.4,0.3,0.3,,,0.5,0.6,0.5,0.5,0.5,0.5,1.3,1.4,0.6,1.1,1.6,1.7,1.1,1.2,,0.7,0.6,0.6,0.6,0.5,0.5,0.5,,,0.7,0.5,0.6,0.8,0.7,0.8,0.6,0.8,0.5,0.8,0.4,0.9,0.8,,0.7,0.7,0.9,0.9,0.8,0.7,0.8,0.7,1,0.7,1.1,0.8,0.8,0.6,,0.7,0.8,1,1,0.9,0.7,0.6,,0.8,0.6,0.7,0.9,,0.8,0.8,0.7,0.6,0.8,0.6,,0.9,0.7,0.7,0.9,,,,0.9,1,0.6,0.8,0.8,0.9,0.7,0.7,0.9,0.6,,0.7,0.6,0.7,0.8,0.4,0.7,0.7,0.7,,0.3,0.5,0.4,0.3,0.3,,0.7,1.1,0.7,0.7,0.9,1,0.8,,,,0.9,0.9,0.9,0.9,,0.8,0.7,,0.7,,,0.9,0.7,0.4,0.4,0.3,0.6,0.4,0.3,0.4,0.4,0.3,,0.6,0.5,0.8,0.7,0.6,0.7,0.4,0.2,0.3,0.2,0.3,0.2,0.6,0.9,1,1,0.8,0.9,0.7,0.9,,0.9,0.2,0.9,0.8,,0.6,,0.4,0.6,,,,,0.3,,,,0.6,,0.3,0.4,0.7,0.3,0.4,,0.5,0.6,0.7,,0.5,0.9,0.8,0.8,0.6,0.7,0.8,,0.8,1,0.5,0.7,,0.6,0.6,0.7,0.5,0.6,0.4,0.6,0.5,0.6,,0.4,0.6,0.3,0.4,0.5,0.5,0.5,0.1,0.3,0.2,0.2,0.3,0.2,0.5,0.8,0.8,0.7,,,0.6,,0.7,0.8,1.2,0.9,0.4,,0.4,0.4,,,0.5,0.7,0.7,0.3,,,0.8,0.4,,0.5,0.8,0.6,0.6,0.8,0.4,0.2,0.5,0.3,0.3,,,,,,,0.6,,,0.5,0.6,0.7,0.9,0.6,0.7,0.3,,0.3,,0.2,,,0.7,,0.7,0.8,0.8,0.8,1,0.6,0.6,1.1,,0.9,0.8,0.8,0.7,0.8,0.8,0.7,0.9,0.8,0.8,0.7,,0.7,1,0.7,0.8,0.8,0.8,0.8,0.9,,0.7,0.8,1,,0.6,0.8,,0.8,0.7,1,0.7,0.9,,0.7,0.8,,,0.7,0.5,,,,0.7,0.3,0.4,0.6,1.1,1.3,,1,0.9,,3.2,2.8,,2.8,,0.8,0.7,0.9,,0.9,0.6,0.2,0.3,0.3,,0.4,0.8,0.5,1.8,0.4,0.4,,0.3,0.5,0.3,0.3,0.3,0.2,0.5,0.4,0.7,0.7,0.4,0.5,0.5,0.5,0.5,0.5,0.4,0.4,0.4,0.5,0.5,0.4,,0.3,0.1,0.2,,0.2,0.3,0.2,0.3,0.4,0.3,0.3,0.4,0.3,0.2,0.3,0.5,0.5,0.7,,0.5,0.7,0.7,,0.6,0.7,0.8,0.9,0.7,,0.6,0.9,0.7,,1,,0.8,0.8,0.8,1.1,,0.8,0.7,,,,1.2,,1.6,,1.2,,,,0.6,0.9,0.9,0.9,0.8,,,,0.7,0.7,0.7,,0.8,0.6,,0.7,0.6,0.7,0.6,0.5,0.7,,0.6,,,0.4,0.5,0.5,0.6,0.7,0.8,0.8,,0.6,0.7,0.6,0.6,0.6,0.5,0.7,0.8,0.9,0.7,0.5,0.3,0.4,0.7,0.8,0.8,1,,0.8,0.8,0.8,0.6,,0.5,0.6,0.5,0.6,0.5,0.5,0.6,0.6,,,,,0.8,0.8,,0.7,0.5,0.6,0.4,0.3,0.4,0.4,0.8,0.7,0.6,0.6,0.8,1,0.6,,0.8,0.4,,0.5,0.4,0.6,,0.5,0.9,,0.9,0.4,0.6,0.6,0.6,0.5,0.5,0.6,0.5,0.8,0.8,,0.7,,,0.6,0.2,0.6,0.2,0.3,0.2,0.2,0.2,,0.5,0.3,0.3,0.3,0.3,,,0.8,,,,,0.6,,,,,,,,,,,,,,,,0.4,,,,,,,,,,,,,,,,,,,,,,,,,,,,,,,,,,,,,,0.9,0.7,0.7,0.8,0.9,0.4,,0.5,0.4,,,,1.6,1.2,1.2,1.2,,,0.6,0.6,,0.6,0.6,0.3,,0.4,0.5,1,,,1,1.1,,0.5,0.6,0.7,,0.9,,0.4,0.3,,,0.5,0.2,,,0.6,0.5,0.2,,,0.2,0.3,0.4,0.3,0.7,0.5,0.5,0.4,0.2,0.3,0.6,0.3,0.4,0.3,0.5,0.4,0.4,0.2,0.3,0.3,0.3,0.3,0.5,0.4,,1,0.8,0.6,,0.3,0.3,0.5,0.4,0.4,0.4,0.4,0.5,0.4,0.5,0.4,0.1,,,0.1,0.1,0.2,0.2,0.1,0.2,0.2,0.1,0.2,0.3,0.3,0.2,0.4,0.5,0.3,0.4,0.2,,,0.6,0.2,0.3,,0.3,,,0.1,0.5,0.4,,0.4,0.4,0.5,,0.4,0.3,0.3,0.3,0.3,0.6,0.6,,0.7,0.7,0.5,0.7,0.5,0.7,0.8,0.7,,0.6,0.5,0.5,0.6,0.4,0.4,,0.6,,0.6,,,,0.5,0.8,0.5,0.6,0.6,0.3,,0.7,,0.6,0.4,0.6,0.7,0.6,0.7,0.7,,0.4,0.6,0.6,,,0.7,0.8,0.7,,0.5,0.5,0.6,,,0.5,0.4,0.5,0.4,0.5,0.4,1.3,1.1,1.4,1.1,0.8,0.5,0.6,0.6,0.8,,0.4,0.4,0.4,0.6,0.7,,1.3,0.9,1.6,1.2,0.9,0.9,0.8,0.9,0.6,,1.2,1.3,0.8,1,1,1,1.2,1,,0.3,0.5,,1.1,1.6,1.6,,1.2,1.2,1.1,1,,1,1,1.2,,1,0.7,0.6,0.6,0.8,,0.4,0.5,0.4,0.5,0.6,0.7,0.5,,0.4,0.4,0.3,0.4,0.5,,0.6,0.5,0.8,1,0.9,0.8,0.7,0.5,0.8,0.7,0.5,0.7,,0.5,0.5,,,0.7,0.8,,0.8,0.6,0.7,0.6,,0.5,0.4,0.4,0.9,1.1,0.7,0.8,0.9,0.9,1,0.9,0.8,0.6,0.6,0.6,0.7,0.6,0.6,0.6,0.8,0.7,0.9,1,0.9,0.7,0.8,0.7,0.6,0.7,0.7,0.7,0.8,0.8,1,0.6,0.7,0.8,0.6,0.8,1.1,0.5,0.8,0.6,0.5,0.9,,1,,0.5,0.6,0.4,0.6,0.7,0.6,0.5,0.7,0.6,,0.7,0.9,0.8,0.7,0.6,0.9,0.9,0.4,0.8,0.9,,0.5,0.6,0.5,0.4,0.6,,0.4,0.8,0.4,0.5,0.3,0.5,0.5,0.8,0.5,0.7,0.6,0.6,,0.6,0.5,,,,0.5,0.4,,0.5,,0.5,0.5,0.6,0.4,,0.7,0.6,0.4,,,,,,0.5,0.6,0.6,0.6,0.9,,0.5,,0.4,0.5,0.6,0.8,0.8,1.1,,0.5,0.5,0.7,0.6,,,,,0.3,0.3,0.6,0.6,0.2,0.3,0.7,,0.3,0.6,0.5,0.7,0.7,,0.7,0.6,0.7,0.7,0.4,0.5,0.4,0.5,,0.3,0.5,0.3,0.3,0.6,0.2,0.4,0.4,0.5,,,0.5,,0.4,0.2,,0.3,0.4,,,,,0.3,,0.3,0.3,0.5,0.8,0.6,0.7,0.4,0.4,0.5,0.5,0.7,0.7,0.6,0.2,,0.4,0.5,,0.7,0.5,0.5,,0.2,0.4,0.3,0.4,0.5,0.4,,0.4,0.5,0.1,0.4,,,0.6,0.5,0.4,,0.5,0.5,0.5,0.7,0.6,0.6,0.5,,0.6,,,0.6,0.4,0.4,0.3,0.6,0.6,0.4,0.5,0.6,,0.3,0.3,0.3,0.6,0.7,0.4,0.3,0.5,0.2,,,0.5,0.5,0.4,0.2,,0.5,0.2,0.3,0.4,0.6,0.7,1,0.8,0.5,0.5,0.6,0.6,0.4,,0.8,0.5,0.4,0.4,0.4,0.5,0.7,,0.5,,0.4,0.5,0.8,0.7,0.8,0.9,0.3,0.7,0.3,0.4,0.3,0.5,0.8,0.3,,,0.6,0.6,0.7,0.6,,0.5,0.4,0.4,0.7,,0.5,0.6,,,1.3,0.4,0.3,1.3,,0.6,1,0.9,0.8,0.2,0.5,0.5,0.8,0.8,2.8,,0.3,0.9,,,0.9,,0.3,0.6,0.3,0.4,0.2,0.4,0.9,0.3,0.6,0.5,0.3,1.5,0.4,0.2,0.3,0.8,0.2,0.5,0.4,0.3,1,,0.8,0.6,0.6,0.4,,0.3,0.4,1.2,1.1,0.7,,0.6,0.6,0.6,0.6,,0.6,0.5,0.8,1,0.6,0.8,1.2,0.7,0.6,0.8,0.4,0.5,0.4,1,0.9,,,0.4,0.6,0.3,1,0.5,0.2,0.5,0.7,,0.4,0.6,0.6,0.4,0.6,0.8,,0.6,0.6,,0.6,0.6,0.3,0.4,0.5,0.5,0.3,,,0.6,0.4,0.4,0.7,0.8,0.6,0.6,0.2,0.2,0.5,0.4,0.4,0.4,0.6,0.6,0.6,0.4,0.3,1.3,0.5,0.5,0.8,1.1,1,0.8,0.6,1.2,0.8,0.7,0.9,0.9,0.7,0.7,0.8,0.7,0.7,0.7,0.6,0.9,0.5,0.1,0.3,0.3,0.5,0.6,0.8,0.3,0.7,0.5,0.5,0.6,0.6,0.9,1.1,0.8,1.2,0.3,1.3,1.4,0.4,0.3,0.5,0.8,0.7,0.8,0.6,0.7,0.8,0.5,0.7,0.6,,0.7,0.4,0.8,,0.7,0.4,0.6,0.5,0.4,0.6,0.3,0.3,0.2,,0.9,0.3,0.3,0.9,0.7,0.6,0.6,,0.6,0.4,0.5,,0.7,0.9,0.8,0.8,0.6,0.7,0.6,0.8,0.8,0.6,0.7,0.6,0.7,0.7,0.7,0.7,1.1,0.4,0.4,0.2,0.5,0.4,0.7,0.8,0.6,0.8,1,0.5,0.9,0.3,0.6,0.4,0.3,0.7,0.6,0.8,0.3,0.3,0.2,0.3,0.4,0.4,0.9,0.7,0.7,0.7,0.9,0.6,0.8,0.9,0.7,0.8,0.9,0.8,0.7,0.6,0.3,0.4,0.2,0.4,0.5,0.3,0.6,0.4,0.7,0.6,0.6,0.6,0.6,,2,1.6,1.1,0.9,0.5,,,0.2,,0.9,0.5,0.7,0.8,0.7,0.6,0.7,0.7,0.7,0.7,0.8,0.5,0.5,1,0.3,0.8,0.7,0.6,0.3,0.4,0.2,0.7,0.1,,0.6,0.4,0.6,0.4,0.3,0.4,0.4,0.2,0.4,0.8,0.4,0.4,0.5,0.7,1.1,0.7,0.7,0.8,0.8,0.6,0.7,0.6,0.5,0.4,0.4,0.6,0.5,,0.5,0.8,0.7,0.4,0.6,1.1,0.5,0.5,0.8,0.8,0.6,0.6,0.5,0.5,0.4,0.5,0.6,0.8,1.1,2,1.5,0.6,,0.5,0.5,0.4,0.5,0.5,0.3,0.2,0.4,0.4,0.3,0.4,0.3,0.2,0.4,0.5,0.5,0.5,2,1.2,1,0.8,0.9,1.6,0.9,1,0.6,0.7,0.9,1,0.8,0.6,0.9,0.6,0.7,0.4,0.5,0.4,0.2,0.8,0.6,0.4,0.9,1,0.3,0.8,0.7,0.9,0.9,0.8,0.9,0.8,0.4,0.4,,0.7,0.6,0.7,0.9,0.4,0.4,0.7,,0.4,0.2,0.1,0.4,0.6,0.5,0.6,,0.9,0.7,1,0.6,0.6,0.7,0.5,,0.3,0.2,0.7,0.3,1.1,2.6,,1,,0.3,0.5,0.3,0.3,0.5,0.5,0.8,0.3,0.7,0.3,0.5,1,0.6,0.3,0.5,0.3,0.2,0.6,0.2,0.2,0.4,0.4,0.5,1,0.4,0.3,0.2,0.5,0.5,0.2,0.4,0.1,0.5,0.6,0.3,1,0.4,0.6,0.4
20231004,20,CO_24h,0.3,0.3,0.3,0.3,0.3,0.2,0.4,0.4,0.4,0.3,0.3,0.6,,,0.5,,0.4,0.5,0.5,,0.6,,0.5,0.5,,0.6,0.7,,0.9,0.8,0.7,0.8,0.9,0.8,1.1,,0.6,0.5,,0.4,,0.3,0.4,0.6,,0.3,,0.8,0.5,0.7,0.7,0.8,0.4,0.5,,0.7,0.3,,0.1,0.2,0.2,0.3,0.4,0.4,0.4,0.2,0.3,0.3,,0.4,0.5,0.5,0.3,0.6,0.3,,1.1,1,1,1.1,0.9,,,1,1,0.8,0.9,0.9,,0.4,0.4,,,0.2,0.4,0.3,0.3,,0.5,0.5,,0.4,0.5,0.5,0.5,0.4,,0.4,0.6,0.6,0.6,0.7,0.6,0.6,0.6,0.7,0.6,0.5,0.3,0.4,0.3,0.3,0.2,0.2,,0.3,0.3,0.4,0.4,0.3,0.5,0.4,0.5,0.6,0.6,0.4,0.3,0.4,0.6,0.4,0.5,0.6,0.4,0.6,0.5,,0.4,0.5,0.4,0.6,0.4,0.7,0.2,0.6,0.3,0.3,0.5,0.4,0.6,0.6,,0.6,0.6,0.6,0.6,0.6,0.7,0.2,0.6,0.5,0.5,0.6,0.6,,,,0.5,0.6,,0.5,0.5,0.5,,,,0.4,,1.1,0.7,0.9,1,1,1,1,0.9,0.5,,,,0.6,0.6,,0.5,0.4,0.4,0.5,0.4,,0.3,0.7,0.6,0.7,0.7,0.6,0.5,0.6,,0.5,,0.6,0.6,,0.5,0.5,,0.5,0.5,0.5,,0.7,0.5,0.6,0.5,0.5,0.5,0.5,,,0.4,0.6,0.5,0.5,0.4,0.5,0.5,,0.5,,,0.5,,0.7,0.5,,0.5,0.5,0.5,0.5,0.4,0.3,,0.6,0.5,0.5,0.5,0.6,0.5,0.5,0.5,0.7,0.5,0.6,0.3,0.7,0.4,0.7,0.7,0.5,0.6,,,0.3,0.4,0.5,0.5,,0.4,0.4,0.7,0.8,0.6,,0.7,0.6,0.5,,0.7,0.5,0.5,0.6,,0.5,0.5,0.5,0.4,0.5,,,0.6,0.8,1,0.5,0.6,0.7,0.9,1,0.3,0.8,0.8,0.9,0.8,0.9,,0.7,0.6,0.5,0.7,0.5,0.5,0.5,,0.5,0.7,0.4,0.6,0.6,0.6,0.8,0.6,0.6,0.5,0.8,0.3,0.9,0.9,,0.7,0.7,0.9,0.9,0.8,0.7,0.8,0.6,0.9,0.6,1,0.7,0.8,0.6,,0.6,0.7,0.9,1,0.8,0.6,0.6,0.8,0.7,0.6,0.6,0.8,,0.8,0.8,0.6,0.5,0.7,0.5,,0.6,0.6,0.6,0.6,,,0.9,0.9,0.9,0.7,0.8,0.9,0.8,0.8,0.6,0.7,0.6,,0.7,0.7,0.8,0.8,0.5,0.8,0.7,0.7,,0.5,0.4,0.4,0.3,0.3,,0.8,1,0.7,0.7,0.9,0.9,0.8,,,0.9,0.9,0.9,0.9,1.2,,0.6,0.6,0.6,0.6,,,0.7,0.8,0.4,0.2,0.4,0.4,0.4,0.2,0.3,0.3,0.3,,0.6,0.5,0.6,0.8,0.5,0.6,0.4,0.2,0.3,0.3,0.3,0.2,0.7,0.8,0.9,0.8,0.7,0.7,0.6,0.7,,0.9,0.2,0.7,0.7,,0.6,,0.5,0.6,,,,,0.5,,,,0.6,0.6,0.7,0.7,0.8,0.6,0.6,,0.5,0.6,0.7,0.6,0.4,0.8,0.7,0.7,0.7,0.5,0.7,,0.5,0.9,0.5,0.4,,0.6,0.4,0.6,0.5,0.6,0.4,0.6,0.6,0.5,,0.6,0.7,0.4,0.6,0.7,0.6,0.6,0.3,0.3,0.3,0.3,0.4,0.4,0.6,0.7,0.7,0.6,,,0.8,,0.5,0.6,0.9,0.7,0.6,,0.5,0.6,,,0.6,0.9,0.9,0.7,,0.5,0.6,1.2,,0.5,0.6,0.6,0.6,0.7,0.6,0.3,0.6,0.4,0.3,,,,,,,0.4,,0.6,0.4,0.6,0.5,0.8,0.6,0.7,0.3,0.3,0.5,,0.5,,,0.7,,0.8,0.8,0.6,0.8,0.9,0.7,0.6,0.9,,0.8,0.7,0.8,0.7,0.7,0.6,0.6,0.8,0.8,0.7,0.7,0.8,0.7,0.9,0.7,0.7,0.8,0.8,0.9,0.9,,0.7,0.8,0.7,,0.4,0.6,,0.9,0.8,1,0.8,0.9,,0.6,0.7,,,0.5,0.4,,,,0.6,0.5,0.5,0.5,1.3,1.7,,1.4,1.2,,1.6,1.5,,1.6,,1,0.7,1,,0.9,0.7,0.2,0.3,0.3,,0.6,0.7,0.7,1.3,0.8,0.6,,0.4,0.6,0.5,0.5,0.4,0.3,0.6,0.8,1.2,0.6,0.5,0.6,0.5,0.6,0.6,0.7,0.4,0.4,0.5,0.5,0.5,0.5,,0.3,0.2,0.3,,0.2,0.4,0.3,0.3,0.5,0.4,0.3,0.4,0.3,0.2,0.3,0.5,0.6,0.7,,0.5,0.8,0.7,,0.7,0.7,0.8,0.8,0.7,,0.6,0.9,0.8,,0.9,,1.1,0.9,0.8,0.9,,1.1,1,,,,0.8,,0.8,,1,,,,0.6,0.8,0.6,0.8,0.6,,,,0.7,0.7,0.7,0.6,0.8,0.7,,0.8,0.6,0.8,0.6,0.5,0.7,,0.6,,,0.5,0.6,0.5,0.6,0.7,0.8,0.8,0.9,0.7,0.5,0.6,0.6,0.6,0.5,0.8,0.8,0.8,0.7,0.5,0.3,0.4,0.7,0.7,0.7,0.7,,0.8,0.8,0.8,0.6,,0.6,1,0.6,0.6,0.4,0.6,0.6,0.6,,,,,0.6,0.7,,0.6,0.5,0.5,0.4,0.3,0.3,0.4,0.7,0.6,0.5,0.5,0.8,0.9,0.5,,0.8,0.5,,0.7,0.6,0.7,,0.5,0.6,,0.7,0.5,0.7,0.7,0.6,0.6,0.7,0.7,0.6,0.8,0.7,0.8,0.7,,,0.6,0.2,0.9,0.4,0.8,0.5,0.2,0.2,,0.4,0.2,0.7,0.3,0.3,,,0.6,,,,,0.7,,,,,,,,,,,,,,,,0.6,,,,,,,,,,,,,,,,,,,,,,,,,,,,,,,,,,,,,,0.8,0.8,0.7,0.9,0.9,0.4,0.5,0.4,0.4,,,,1.4,1.1,1.2,1,,,0.6,0.6,0.6,0.6,0.6,0.6,,0.7,0.7,1,,,1,0.9,,0.6,0.7,0.6,,0.7,,0.5,0.3,,,0.4,0.3,,,0.4,0.4,0.3,,,0.2,0.3,0.2,0.2,0.7,0.5,0.5,0.4,0.3,0.3,0.6,0.4,0.5,0.5,0.6,0.7,0.4,0.3,0.3,0.4,0.3,0.3,0.5,0.4,,0.3,1.7,0.5,,0.2,0.3,0.6,0.5,0.4,0.4,0.3,0.4,0.5,0.6,0.5,0.3,,,0.2,0.2,0.3,0.3,0.2,0.2,0.2,0.2,0.2,0.3,0.4,0.2,0.5,0.6,0.3,0.5,0.2,,,0.7,0.2,0.3,,0.4,0.4,,0.1,0.4,0.4,,0.3,0.3,0.5,,0.3,0.3,0.3,0.2,0.3,0.6,0.5,,0.6,0.6,0.5,0.8,0.4,0.7,0.8,0.8,,0.7,0.4,0.5,0.6,0.3,0.3,,0.6,,0.6,,,,0.6,0.5,0.5,0.5,0.6,0.3,,0.7,,0.8,0.6,0.7,0.7,0.6,0.7,0.7,,0.5,0.7,0.7,,,0.7,0.8,0.7,,0.6,0.6,0.7,,,0.5,0.3,0.5,0.4,0.4,0.4,0.8,1.2,0.8,1,0.7,0.7,0.6,0.7,0.8,,0.1,0.5,0.4,0.6,0.7,,1.3,0.9,1.5,1.1,1,0.6,0.8,0.9,0.8,,1.5,1.7,1.1,0.9,0.8,0.9,1,0.9,,0.4,0.5,,1.3,1.1,1.1,,1,1.3,1,0.5,,0.6,0.5,0.8,,0.7,0.6,0.5,0.6,0.7,,0.6,0.7,0.6,0.6,0.5,0.6,0.4,,0.4,0.4,0.4,0.6,0.7,,1.1,0.8,0.7,0.9,0.9,0.7,0.7,0.6,0.9,0.7,0.5,0.7,,0.6,0.6,0.5,,0.7,0.8,,0.8,0.8,0.9,0.8,,0.6,0.6,0.6,1,1,0.7,0.8,0.8,0.8,0.9,0.8,0.9,0.7,0.8,0.7,0.7,0.5,0.6,0.7,0.8,0.6,0.9,1,0.9,0.7,0.8,0.6,0.6,0.6,0.7,0.6,0.8,0.7,0.9,0.6,0.6,0.9,0.5,0.8,0.8,0.3,0.7,0.6,0.5,0.9,0.9,0.8,0.7,0.6,0.6,0.7,0.7,0.7,0.7,0.5,0.5,0.6,0.6,0.7,0.6,0.7,0.7,0.7,0.9,0.8,0.4,0.7,0.8,,0.5,0.6,0.5,0.5,0.6,,0.4,0.7,0.4,0.5,0.3,0.6,0.5,0.6,0.5,0.7,0.6,0.6,0.9,0.6,0.6,,,,0.5,0.5,,0.5,,0.4,0.5,0.6,0.5,,0.7,0.6,0.4,,,,,,0.5,0.6,0.6,0.6,0.8,,0.5,,0.4,0.5,0.6,0.7,0.7,1,,0.4,0.4,0.5,0.5,,,,,0.2,0.4,0.6,0.6,0.1,0.1,0.7,,0.3,0.6,0.5,0.6,0.6,,0.6,0.5,0.7,0.7,0.4,0.4,0.5,0.5,,0.3,0.5,0.2,0.2,0.5,0.2,0.4,0.2,0.7,,0.5,0.4,,0.4,0.3,,0.3,0.4,0.5,,0.7,,0.3,,0.3,0.2,0.5,0.8,0.5,0.6,0.5,0.7,0.7,0.7,0.7,0.7,0.7,0.3,,0.6,0.7,,0.7,0.6,0.4,,0.3,0.4,0.3,0.4,0.4,0.4,,0.5,0.5,0.2,0.1,,,0.7,0.6,0.4,,0.6,0.5,0.5,0.4,0.6,0.6,0.4,,0.5,,,0.6,0.4,0.5,0.4,0.5,0.6,0.4,0.4,0.6,,0.4,0.2,0.4,0.6,0.7,0.4,0.8,0.8,0.5,,,0.7,0.7,0.6,0.3,,0.5,0.2,0.4,0.4,0.5,0.6,1.3,0.8,0.6,0.5,0.7,0.8,0.7,,0.7,0.5,0.8,0.4,0.4,0.5,0.5,,0.5,,0.6,0.7,0.7,0.7,0.8,1.1,0.4,0.6,0.3,0.4,0.4,0.5,0.5,0.4,,,0.3,0.6,0.6,0.6,,0.5,0.5,0.5,0.7,,0.5,0.7,,,1.2,0.4,0.8,0.5,0.4,0.6,0.8,0.8,0.6,0.2,0.5,0.6,0.9,0.8,1.4,,0.4,0.6,,0.4,0.6,0.4,0.4,0.7,0.3,0.3,0.5,0.3,0.8,0.4,0.5,0.5,0.4,1.4,0.4,0.2,0.3,1,0.2,0.8,0.4,0.4,0.9,,0.6,0.4,0.5,0.4,,0.3,0.5,1.2,0.8,0.7,0.6,0.7,0.6,0.6,0.9,0.8,0.6,0.8,1.2,0.7,0.5,0.8,1.1,0.7,0.5,0.8,0.6,0.5,0.4,0.7,0.7,,,0.6,0.5,0.4,0.9,0.5,0.3,0.6,0.6,,0.4,0.7,0.5,0.3,0.6,0.8,0.8,0.7,0.7,,0.5,0.8,0.4,0.6,0.8,0.5,0.3,,0.7,0.6,0.4,0.5,0.6,0.7,0.6,0.7,0.3,0.5,0.4,0.3,0.3,0.3,0.6,0.6,0.7,0.6,0.3,0.5,0.4,0.5,0.7,0.9,1,0.9,0.7,1,0.7,0.6,0.9,0.8,0.5,0.7,0.7,0.7,0.7,0.6,0.7,0.9,0.7,,0.3,0.3,0.6,0.5,0.7,0.2,0.5,0.4,0.4,0.7,0.8,0.9,1.2,0.6,0.8,0.3,1,1.2,0.5,0.3,0.5,0.8,0.5,0.8,0.6,0.7,0.7,0.6,0.6,0.5,0.7,0.6,0.4,0.7,,0.6,0.3,0.7,0.7,0.7,0.4,0.5,0.4,0.4,,0.7,0.4,0.4,0.6,0.6,0.5,0.5,,0.9,0.4,0.6,0.8,0.7,0.8,0.7,0.9,0.5,0.7,0.7,0.6,0.9,0.6,0.7,0.4,0.5,0.7,0.8,0.5,1.1,0.7,0.4,0.3,0.4,0.3,0.6,0.8,0.5,0.6,0.9,0.5,1,0.5,0.5,0.6,0.3,0.6,0.7,0.4,0.5,0.6,0.4,0.6,0.4,0.4,0.8,0.7,0.7,0.7,1,0.6,0.7,0.8,0.6,0.8,0.7,0.7,0.7,0.8,0.5,0.8,0.4,0.5,0.5,0.4,0.5,0.4,0.6,0.7,0.5,0.6,0.8,0.9,1,1.3,0.8,0.7,0.7,0.7,0.6,0.4,0.3,0.8,0.6,1,0.9,0.2,0.6,0.7,0.7,0.8,0.6,0.7,0.4,0.5,0.8,0.9,0.6,0.7,0.5,0.4,0.4,0.3,0.7,0.3,,0.6,0.7,0.6,0.6,0.6,0.7,0.5,0.4,0.5,0.8,0.5,0.3,0.7,0.6,0.9,0.7,0.6,0.6,1,0.6,0.6,0.7,0.5,0.4,0.4,0.6,0.5,,0.5,0.7,0.7,0.5,0.7,1.2,0.5,0.5,0.7,0.6,0.5,0.5,0.5,0.4,0.4,0.5,0.5,0.7,1.3,1.4,1.4,0.5,,0.8,0.6,0.4,0.5,0.6,0.4,0.9,1,0.5,0.6,0.5,0.5,0.3,0.5,0.6,0.6,0.7,1.1,1,0.8,0.8,0.8,1.6,0.7,1.1,0.6,0.9,0.9,0.8,0.7,0.7,0.8,0.6,0.7,0.3,0.6,0.6,0.6,0.7,0.7,0.7,1.5,1,0.3,0.8,0.6,0.8,0.8,0.8,0.9,0.6,0.4,0.3,,0.7,0.5,0.6,1,0.4,0.4,0.6,0.6,0.6,0.6,0.7,0.7,0.5,0.5,0.6,0.9,0.7,0.7,0.7,0.9,0.5,0.6,0.5,,0.2,0.1,0.6,0.3,1,1.4,1,0.8,,0.4,0.3,0.2,0.3,0.5,0.5,0.6,0.5,0.4,0.3,0.5,0.8,0.6,0.4,0.6,0.3,0.3,0.3,0.4,0.3,0.3,0.5,0.4,1.3,0.4,0.3,0.2,0.5,0.5,0.2,0.4,0.2,0.4,0.6,0.6,0.8,0.7,0.7,0.4
20231004,21,AQI,21,16,27,18,19,23,25,22,17,17,19,32,,,46,,35,34,32,,53,,30,46,,28,38,,57,65,72,60,57,56,58,,65,51,,,,49,47,43,,56,,53,73,63,60,,49,66,,65,28,,,,32,23,22,30,23,25,57,39,,50,49,,52,74,54,,71,76,57,77,55,,,39,,52,43,58,,29,44,,,,25,17,28,,46,51,,63,57,55,42,51,,67,24,26,30,22,20,27,27,21,24,40,18,18,19,58,15,15,,13,15,15,14,10,13,13,14,13,14,12,13,14,10,14,29,32,30,39,32,,32,31,28,31,33,37,44,36,36,,37,40,32,23,,31,25,24,22,25,22,31,32,29,27,,83,,,,110,93,,70,95,82,,,,53,,24,27,28,25,22,36,27,27,26,,,,28,34,,,39,35,32,34,,32,85,75,64,68,68,59,,,53,,55,89,,37,27,,42,35,31,,32,39,35,27,,32,33,,,32,31,34,27,28,28,26,,32,,,,,30,29,,29,30,29,31,32,31,,30,35,25,23,24,31,32,26,39,36,37,35,46,36,34,36,,34,,,40,39,39,39,,,51,61,58,52,,63,58,54,,58,58,56,62,,,63,62,68,24,,,31,58,46,27,44,41,69,60,57,59,80,78,55,58,,22,25,27,23,22,22,21,,,25,23,22,35,25,27,28,31,29,30,20,50,,,51,57,48,45,58,43,50,46,50,,53,69,39,48,,31,45,42,66,48,48,46,,39,46,46,64,,52,60,54,54,58,53,,57,62,43,51,,,,42,50,47,47,46,53,46,39,40,45,,38,59,41,45,55,,56,74,,39,31,30,,8,,27,15,17,20,18,20,19,,,,,22,20,16,,42,45,,45,,,53,16,24,50,42,32,44,35,45,48,28,,33,15,48,24,39,40,15,14,16,14,15,,29,25,38,28,38,29,36,26,,30,27,30,28,,33,,40,46,,,,,29,,,,35,,28,36,72,40,40,,,34,30,,36,44,51,50,,53,52,,99,34,23,34,,46,50,37,63,59,54,41,,41,,50,39,37,21,22,21,21,59,59,52,67,75,72,79,50,52,52,,,53,,80,92,113,70,54,,54,60,,,38,34,51,41,,,47,36,,98,113,74,73,209,34,27,27,27,29,,,,,,,67,,,54,44,,39,34,39,26,,27,,24,,,53,,,39,41,60,48,42,57,62,,57,34,40,28,51,33,54,56,58,64,31,,35,43,40,39,79,54,40,,,37,40,39,,64,60,,38,40,46,45,39,,53,30,,,104,98,,,,44,33,64,43,42,45,,43,49,,118,113,,133,,64,51,58,,74,46,25,20,23,,44,55,67,61,53,45,,65,65,69,65,66,71,48,37,49,72,72,83,66,83,61,66,54,18,20,18,35,17,,19,18,17,,17,30,26,32,26,28,14,19,16,21,25,45,48,47,,33,34,55,,36,46,46,51,42,,45,42,26,,58,,49,42,40,58,,64,67,,,,88,,72,,68,,,,63,62,64,36,55,,,,18,16,30,,26,29,,16,16,22,17,25,21,,,,,23,32,29,19,26,32,39,,33,50,19,25,39,35,43,35,37,38,25,28,22,21,39,38,49,,50,54,57,45,,28,20,19,43,23,28,28,25,,,,,66,52,,69,9,35,20,15,18,40,30,38,46,40,39,26,23,,26,35,,30,15,39,,34,44,,48,19,19,20,26,19,19,32,26,32,46,,39,,,85,63,57,48,24,63,19,20,,60,34,75,71,80,,,56,,,,,51,,,,,,,,,,,,,,,,29,,,,,,,,,,,,,,,,,,,,,,,,,,,,,,,,,,,,,,40,43,,54,46,46,,44,49,,,,60,54,67,59,,,58,60,,55,73,31,,36,44,58,,,46,68,,48,54,73,,72,,34,29,,,51,26,,,76,55,29,,,,21,52,40,52,51,52,59,,43,58,58,66,66,72,62,57,56,69,56,51,55,60,49,,49,43,38,,28,28,51,46,15,17,29,,22,23,24,23,,,20,15,25,31,23,17,18,16,25,14,22,20,16,13,14,14,15,,,20,18,17,,12,,,23,69,68,,69,67,69,,59,62,55,61,43,60,88,,37,42,46,45,36,41,28,28,,29,38,25,36,41,52,,53,,70,,,,,45,22,38,58,55,,28,,40,28,36,39,42,42,39,,25,20,25,,,23,34,23,,20,20,22,,,,16,23,24,16,28,36,75,73,64,59,23,41,38,32,,31,30,30,28,22,,55,,59,53,43,43,42,41,40,,59,59,53,52,50,50,52,46,,34,25,,100,100,115,,90,92,77,156,,134,163,88,,84,50,43,57,55,,56,33,,36,60,64,58,,45,43,49,45,35,,25,30,29,47,15,25,48,45,58,43,35,34,,29,36,,,44,43,,29,18,23,21,,40,43,29,26,18,42,66,,57,78,60,49,45,37,48,42,47,40,49,40,42,55,49,,62,62,48,53,53,46,54,25,32,43,38,36,28,37,38,43,41,18,25,28,67,,62,,28,34,24,24,48,45,43,56,103,,52,67,72,50,35,48,45,36,28,53,,42,55,44,27,19,,19,34,15,20,16,32,29,22,26,23,22,31,,31,29,,,,12,38,,15,14,12,12,13,12,,12,12,8,,,,,,33,24,28,30,23,,23,,18,24,17,25,19,41,,41,43,45,48,,,,,21,20,17,18,52,42,,,25,20,13,35,28,,27,20,55,32,35,26,14,42,,32,,39,42,25,35,31,25,27,,,22,,18,10,,14,,,,,,40,,15,15,17,,19,16,59,52,57,41,23,20,26,20,,82,,,25,30,40,,58,59,,51,73,78,,30,29,36,,,,35,24,21,,32,40,25,20,14,41,46,,43,,,72,35,26,25,70,65,62,79,31,,46,38,34,86,84,60,83,,69,,,,34,43,25,,30,30,,,18,57,51,57,44,35,33,59,41,,97,22,,41,33,26,32,,52,,25,35,,29,21,,54,38,52,68,45,,29,15,,,53,38,38,37,,56,38,43,34,,65,26,,,89,25,29,48,102,68,72,70,79,27,30,20,15,23,132,,29,149,,,55,,39,39,22,26,28,25,32,18,58,34,40,100,29,29,53,46,19,44,16,41,44,,87,97,93,26,,32,53,26,95,14,,21,23,24,62,,35,29,51,20,51,23,74,99,74,27,39,23,18,25,27,,,35,,61,,73,39,25,52,,46,,36,48,51,35,105,41,23,,51,28,37,35,32,21,55,,29,31,30,30,31,34,30,30,18,26,36,58,29,33,43,74,28,23,29,49,43,40,43,62,66,49,48,52,50,54,52,51,42,69,48,44,36,38,38,,38,17,31,51,42,52,38,63,88,,57,25,23,43,37,80,74,48,53,,20,23,14,16,15,25,25,24,26,9,12,18,,23,20,59,,32,39,16,40,41,98,27,29,24,,79,59,51,92,23,19,27,,,23,29,,43,64,28,,,41,40,53,52,,28,46,27,27,33,51,,31,35,21,40,33,40,36,34,26,62,33,21,31,32,25,29,74,32,51,31,,39,36,48,38,55,40,35,34,,43,40,46,32,51,40,51,36,62,36,75,70,21,48,32,75,35,50,,57,54,41,69,67,109,78,100,30,,,13,14,43,16,30,21,53,20,26,23,18,59,60,69,53,80,31,76,63,42,63,57,27,41,64,,60,53,47,27,41,33,,30,28,23,36,59,58,46,32,42,50,63,53,45,48,19,39,35,,27,28,,29,28,25,28,32,18,21,19,,30,29,49,28,27,29,71,54,36,64,67,78,66,,67,72,72,66,58,,86,58,58,60,63,59,75,59,58,54,57,60,59,,21,52,104,58,35,12,26,18,80,25,24,18,25,28,37,52,430,191,19,19,40,70,48,51,,44,53,64,38,43,40,29,31,,46,75,42,64,16,33,46,55,39,37,44,21,103,40,74,,48,26,37,25,32,27,29,,27,15,,49,59,113,,48,,18,35,20,59,50,36,65,63,41,16,,104,70,51,51,18,20,22,20,39,31,,69,75,35,30,52,31,33,34,73,16,17,50,19,72,31,47,32
20231004,21,PM2.5,8,3,11,9,6,8,7,8,7,5,7,12,,,18,,17,17,14,,27,,13,22,,8,18,,25,33,37,32,34,24,41,,31,22,,24,,15,26,24,,32,,31,53,43,26,,22,21,,34,5,,,12,14,3,2,14,4,14,19,19,,24,29,22,29,30,9,,29,24,20,34,24,,,12,21,23,25,13,,9,12,,,4,9,4,9,,7,6,,6,8,2,4,12,,10,7,9,12,8,8,6,11,9,7,10,12,12,8,5,1,2,,5,5,4,2,2,9,3,5,9,4,2,4,3,2,3,10,10,11,14,10,,12,11,11,14,14,19,19,22,19,14,15,19,19,9,,13,10,10,10,14,11,10,11,10,11,10,61,,,,83,69,,51,71,60,,,,32,,7,7,19,9,9,12,7,5,18,,,,10,21,,18,27,22,22,19,,13,63,55,46,49,49,29,43,,34,,39,66,,13,12,,27,15,17,,17,20,19,12,,12,6,,,6,6,6,8,9,9,9,,16,,,13,,10,11,,12,9,10,5,3,4,,15,18,16,14,14,8,5,14,14,22,14,14,29,19,15,14,12,17,,,21,14,17,18,,22,23,36,41,34,,42,41,38,,41,17,17,20,,14,10,20,27,9,,,12,12,2,7,12,15,50,43,40,42,53,48,39,41,,7,12,12,10,14,15,11,,17,15,16,15,19,12,17,19,17,14,11,9,31,38,,34,35,28,31,38,29,34,32,34,51,33,50,27,28,,21,28,24,41,22,33,21,35,27,32,32,46,,36,27,38,38,25,37,,40,36,30,33,,,31,26,32,30,32,28,31,30,24,25,31,,24,25,28,29,39,30,31,33,,27,18,16,20,4,,15,10,10,10,12,14,8,,,12,16,15,11,11,,25,28,32,29,,,30,2,12,35,29,22,27,24,31,27,19,,13,3,21,13,10,10,7,7,5,9,5,5,14,17,26,19,26,20,19,18,,21,15,19,16,,21,,28,32,,,,,14,,,,22,22,11,12,23,13,15,,,18,21,18,20,25,32,27,30,30,34,,74,19,14,13,,17,21,13,18,9,17,14,17,17,,8,5,3,7,4,9,4,8,7,8,9,5,17,10,19,21,22,,,14,,48,56,70,42,12,,7,18,,,9,11,13,17,,,17,17,,73,85,51,53,159,,8,7,2,5,,,,,,,36,,48,22,18,24,17,13,13,5,,2,,2,,,22,,37,27,28,43,26,29,40,36,,24,14,12,14,13,17,34,36,36,46,19,23,24,30,28,27,58,38,24,38,,20,28,25,,46,27,,26,20,24,31,21,,34,9,,,74,69,,,,16,15,21,13,24,31,,22,28,,89,85,,101,,25,27,30,,20,32,6,11,12,,10,13,14,13,10,9,,9,8,10,10,7,12,4,6,6,9,8,8,12,11,9,42,7,4,7,8,11,5,,13,10,7,,6,18,18,22,17,19,6,13,11,5,17,19,20,17,,17,18,28,,25,25,31,22,17,,21,29,2,,41,,34,29,25,41,,45,30,,,,65,,52,,49,,,,45,44,44,25,26,,,,12,7,9,14,12,20,,10,8,15,11,17,14,,8,,,11,22,20,12,5,22,27,26,23,26,10,12,15,24,30,22,23,26,17,13,12,14,27,26,30,,35,38,40,31,,19,9,8,30,14,16,17,7,,,,,45,34,,45,6,24,8,10,12,11,21,26,32,28,26,9,13,,18,24,,10,4,20,,18,24,,16,8,11,14,17,13,12,22,18,22,32,,27,,,22,19,14,13,7,28,11,9,,20,17,30,37,18,,,17,,,,,14,,,,,,,,,,,,,,,,5,,,,,,,,,,,,,,,,,,,,,,,,,,,,,,,,,,,,,,27,24,26,22,20,31,,29,34,,,,34,29,27,19,,,27,28,23,21,36,18,,19,19,41,,,29,49,,16,20,34,,33,,12,8,,,12,15,,,37,18,20,,,14,11,6,6,17,15,16,4,6,2,7,7,5,4,15,12,7,9,8,9,8,8,12,7,,11,13,11,,8,1,10,8,8,7,20,12,6,7,3,9,,,9,10,17,10,16,3,4,7,8,,15,14,6,3,5,7,4,,,4,6,4,9,4,5,,16,43,43,,50,48,50,,39,37,22,32,26,41,65,,22,21,17,20,25,17,11,11,,12,4,4,25,21,36,,28,,51,,,,23,16,15,14,41,39,,14,,17,14,17,19,22,16,16,,17,12,8,,,14,16,15,,13,12,11,,,,6,16,15,11,2,25,53,53,38,35,16,25,20,21,,9,11,12,16,15,,36,,39,32,27,26,22,26,22,,42,42,28,29,35,30,36,32,27,16,12,,75,75,87,,67,68,56,119,,102,124,65,,62,35,30,40,39,,24,23,,25,43,46,41,,27,30,34,13,12,,17,7,18,24,5,17,33,31,41,30,15,12,,20,25,28,,25,23,,20,12,15,13,,28,30,20,6,12,29,45,,40,57,43,34,30,15,33,29,23,28,34,28,19,27,34,40,44,44,33,33,37,32,38,12,22,30,26,23,17,21,26,30,28,10,17,14,30,22,35,30,15,21,13,12,20,15,26,31,77,31,26,48,48,32,24,31,31,25,19,22,,22,33,27,8,4,,,16,8,14,4,22,20,15,18,16,15,16,,11,17,,,,8,9,,10,4,,5,1,2,,6,5,3,,,,,,9,13,19,12,15,,13,,3,7,10,17,13,27,,25,30,31,29,,,,,10,5,6,4,36,26,26,,12,14,6,20,18,,17,14,39,22,24,16,6,12,,22,32,25,29,13,24,14,16,14,,15,10,,9,7,,4,,9,,18,,5,,,4,8,9,7,10,12,15,19,13,5,9,6,13,,14,,,15,13,28,,26,24,,19,22,30,,12,14,13,,,,24,12,12,,11,15,17,14,7,17,13,,14,,,40,6,11,6,35,46,24,28,15,,9,8,16,30,31,15,21,38,23,,,12,12,18,17,,3,21,25,,12,29,27,40,18,13,12,29,9,,42,4,,27,6,11,10,,36,,7,14,36,19,11,25,19,6,24,17,8,6,10,2,,,24,21,19,14,,12,26,30,23,,47,14,,,66,14,6,31,76,49,46,51,58,16,20,12,6,16,100,,14,114,,32,33,41,27,9,8,18,5,17,21,12,41,12,13,75,17,11,13,22,13,19,3,17,26,,64,72,69,10,,4,19,18,71,9,17,9,8,8,24,,14,6,31,14,28,14,54,40,54,11,6,9,8,11,12,,,24,47,25,26,53,4,17,25,,32,,25,27,23,18,79,16,12,,13,19,15,24,14,6,15,,7,14,13,8,17,13,13,7,5,18,16,4,9,7,30,52,14,6,14,25,15,24,30,44,46,34,33,32,35,38,36,30,25,50,24,27,25,20,26,32,26,8,18,23,12,25,18,31,65,27,40,10,11,20,22,59,54,31,37,,14,16,9,3,8,9,17,13,18,6,8,12,,16,10,42,,22,27,9,12,17,73,9,7,7,,58,17,11,68,12,10,15,,9,11,20,,30,46,10,,,24,13,35,34,12,13,21,12,12,20,33,,6,18,5,14,7,17,21,14,12,40,16,9,15,22,8,13,54,15,29,14,4,8,11,12,26,39,28,24,21,21,27,24,27,22,24,28,29,25,35,18,29,22,5,19,12,51,14,14,14,33,36,18,50,47,82,52,75,21,,,8,6,13,8,12,5,4,11,18,14,12,42,42,27,22,56,7,46,36,14,20,23,5,12,24,,11,19,14,3,13,8,9,6,19,16,14,25,41,13,21,22,35,45,37,26,33,4,27,18,,13,11,,13,19,14,14,22,4,12,13,11,12,20,31,12,14,8,23,18,9,32,48,57,23,,36,26,36,21,12,22,54,28,35,22,22,18,14,42,34,17,29,41,42,55,13,36,78,41,24,8,17,12,59,16,15,11,17,14,10,12,84,87,8,6,13,23,19,7,,30,16,46,26,30,28,12,21,,20,55,29,46,9,23,29,7,9,12,19,2,77,16,40,,22,18,15,17,21,12,10,,5,8,,7,42,85,46,29,,6,11,5,9,16,16,41,20,13,9,13,78,51,7,24,4,5,10,3,4,7,,40,46,20,9,23,11,7,6,52,11,4,35,7,52,9,6,20
20231004,21,PM2.5_24h,8,5,8,8,7,8,7,19,13,7,6,9,,,27,,28,24,30,,24,,24,28,,25,32,,34,41,49,35,42,48,37,,30,30,,27,,17,24,32,,28,,56,52,50,51,85,43,46,,48,4,,6,9,10,11,10,17,13,16,15,23,,15,33,29,35,31,25,,41,35,42,38,26,,,27,32,24,30,29,,5,6,,,3,4,4,4,,11,11,,11,10,12,9,11,,12,26,22,23,22,25,22,19,22,21,21,12,11,11,7,6,6,,7,10,9,7,8,10,5,9,10,8,6,10,8,7,8,8,10,8,11,7,,9,9,7,9,10,15,14,12,11,12,14,16,12,12,,11,11,10,12,12,11,4,9,7,7,6,40,,,,39,33,,35,37,34,,,,22,,9,10,14,11,12,13,11,10,18,,,,11,17,,19,22,19,20,17,,16,31,28,27,29,28,21,25,,20,,28,33,,13,13,,17,16,16,,17,16,17,13,9,17,7,,,8,7,7,16,14,14,16,,17,,,15,,9,12,,14,12,14,8,5,6,,23,23,21,19,19,19,15,17,19,18,17,10,21,18,16,21,19,23,,,19,18,19,18,,27,27,21,21,13,,24,19,14,,19,27,23,23,,24,24,23,32,25,,,24,24,21,25,24,22,37,34,28,36,42,35,32,32,,14,15,16,12,20,19,13,,16,12,15,19,20,20,15,20,18,16,26,13,35,35,,33,37,33,29,35,27,34,30,27,27,29,31,27,25,,37,25,25,27,28,23,29,25,30,33,33,27,,28,29,32,31,36,31,,33,26,25,27,,,28,24,26,30,30,29,32,26,30,30,30,,19,21,23,22,22,23,22,25,,15,13,13,13,5,,15,9,11,14,10,8,11,,,10,11,10,13,11,,23,18,19,24,,,24,6,14,22,18,18,15,18,26,19,16,,8,8,8,9,7,8,10,7,6,7,8,6,10,13,16,12,14,14,14,10,,16,12,11,14,,28,,34,32,,,,,17,,,,30,30,22,28,22,20,21,,18,20,20,19,19,26,21,23,20,20,22,,24,17,14,7,,4,6,6,7,10,14,12,14,12,,17,12,7,11,10,11,10,9,9,10,9,10,11,9,20,21,22,,,35,,41,40,46,36,33,,30,42,,,36,38,33,43,,34,33,36,,49,45,34,40,46,15,19,17,13,16,,,,,,,38,,48,38,25,34,27,22,26,14,11,15,,33,,,24,,27,23,24,28,28,31,29,32,,19,26,21,19,20,19,26,22,14,28,21,20,22,24,22,21,34,35,26,21,,23,23,26,,22,23,,27,27,26,24,21,,22,7,,,54,49,,,,9,11,8,9,42,45,,39,29,,67,73,,79,,37,35,40,,37,38,6,8,10,,13,12,15,16,14,13,,9,11,12,9,11,12,11,13,16,12,11,12,11,15,11,21,9,8,11,12,11,10,,10,7,5,,6,15,16,20,12,18,10,9,9,5,15,15,16,15,,14,14,16,,16,19,20,17,22,,18,20,7,,47,,44,38,35,46,,52,42,,,,48,,36,,52,,,,46,40,39,24,28,,,,8,11,7,9,22,22,,19,16,27,15,25,18,,19,,,6,15,18,9,6,29,30,31,30,13,7,12,15,25,36,28,22,28,20,11,10,12,13,16,20,,32,34,34,28,,8,12,8,10,14,20,24,13,,,,,24,22,,20,6,18,8,9,8,13,14,23,16,15,16,8,9,,11,14,,17,20,21,,15,16,,18,9,11,15,14,13,15,13,14,24,26,20,24,,,11,12,11,9,14,10,5,12,,16,7,25,25,30,,,26,,,,,27,,,,,,,,,,,,,,,,15,,,,,,,,,,,,,,,,,,,,,,,,,,,,,,,,,,,,,,20,29,27,23,22,27,28,25,30,,,,30,27,32,27,,,20,21,26,21,22,35,,43,40,37,,,36,54,,26,30,23,,28,,14,12,,,6,20,,,17,14,13,,,14,15,6,3,17,16,17,6,4,4,5,6,12,12,15,18,8,7,8,9,7,8,10,6,,9,14,10,,5,6,8,9,7,7,9,7,9,13,10,8,,,7,13,17,13,13,7,8,12,12,6,12,11,9,9,8,10,7,,,7,9,10,14,6,6,,14,15,15,,18,22,17,,19,18,8,18,17,27,34,,19,21,16,18,23,13,21,21,,25,6,6,14,12,18,,23,,37,,,,12,10,13,15,35,30,,18,,18,17,17,18,16,18,21,,25,19,21,,,21,20,20,,20,18,18,,,18,10,11,19,12,7,13,36,29,28,22,20,25,23,28,,12,24,26,28,28,,40,39,39,37,32,32,29,32,29,,37,37,36,22,30,29,30,26,23,27,24,,60,54,62,,51,51,50,56,,56,63,46,,56,30,30,37,35,,31,27,,31,30,31,32,,32,33,34,15,20,,20,13,6,17,7,10,24,28,45,31,12,13,,29,31,32,,22,19,,19,10,24,23,,35,30,31,10,6,25,30,,27,36,26,37,33,30,34,33,8,31,37,31,27,21,33,31,34,38,26,26,27,26,28,6,10,15,14,13,10,15,17,18,16,6,11,9,36,35,38,31,15,18,16,19,22,18,21,23,26,20,21,27,27,55,32,32,29,27,19,22,,24,25,25,6,7,,1,12,7,11,5,21,17,20,20,24,23,18,17,21,25,,,,10,9,,8,6,1,3,7,2,,14,13,12,,,,,,16,16,18,19,10,,9,,4,9,9,11,11,10,,18,22,15,18,,,,,8,8,16,13,15,13,20,,10,9,7,16,16,,16,5,10,10,13,12,10,8,,18,20,18,19,12,11,11,9,12,,14,11,,9,7,,4,5,4,,16,,4,,1,4,7,5,5,7,19,22,20,19,8,12,10,8,,16,17,,15,15,16,,22,19,,21,17,22,,15,15,16,22,,,17,13,11,,11,8,18,107,5,15,16,,18,,,27,13,15,10,16,19,18,22,11,,12,16,15,24,29,31,50,55,47,,,23,19,22,11,,3,15,16,14,7,28,37,37,29,25,23,46,35,,31,9,19,18,8,13,14,,23,,30,41,25,17,8,9,14,8,11,12,12,10,14,3,,,17,24,16,23,,20,27,35,20,,28,13,,,32,14,11,21,37,30,38,32,37,15,24,11,5,13,76,,28,65,,26,22,33,25,13,10,13,36,15,21,10,20,17,24,52,17,24,12,36,13,39,4,36,31,,25,27,23,9,,8,23,9,63,22,28,18,22,20,35,37,24,15,33,15,21,11,54,21,38,20,34,7,9,7,6,,,30,24,35,20,29,4,22,20,,17,38,24,19,21,19,62,31,16,,10,28,22,29,19,5,15,,6,9,10,8,12,11,8,7,9,10,8,6,6,5,26,34,11,12,7,18,20,22,28,34,39,40,34,31,32,25,27,25,18,32,27,30,25,16,24,30,25,7,36,24,24,34,15,9,32,15,32,15,17,51,39,47,47,33,41,44,6,16,6,5,8,12,12,9,14,16,7,9,10,11,11,22,,23,26,19,24,32,39,30,13,32,,47,34,34,48,8,8,11,,20,6,20,27,26,26,12,20,26,33,20,21,36,12,16,15,14,16,30,18,25,30,20,14,6,10,14,16,14,11,25,13,14,13,16,12,7,32,17,17,17,18,20,22,14,12,26,21,25,22,10,27,23,19,24,27,22,25,23,41,29,52,33,13,22,28,26,12,14,13,20,23,20,39,35,59,37,53,29,34,35,7,7,9,9,10,10,5,26,29,25,26,20,23,26,22,44,37,42,38,29,35,37,12,24,43,,39,40,40,29,11,17,15,11,13,13,16,25,27,13,29,27,22,25,33,20,26,21,12,15,9,12,12,,7,13,10,18,30,7,9,10,11,16,14,19,15,14,8,12,11,10,54,40,55,19,,52,20,28,33,23,29,50,41,46,52,37,30,31,36,33,27,25,29,41,47,30,33,66,34,36,16,9,15,36,15,13,9,16,13,6,6,71,87,8,6,29,39,27,8,23,27,31,26,26,27,14,13,20,,14,34,34,45,14,20,20,25,24,36,41,34,50,23,29,26,20,16,11,21,15,15,14,,5,4,24,21,45,74,53,34,,5,12,5,7,9,12,47,25,5,9,23,53,26,23,31,8,12,7,15,4,4,,24,62,16,11,22,9,8,9,22,6,1,29,33,43,31,14,16
20231004,21,PM10,21,9,27,18,19,23,25,22,14,15,19,32,,,46,,35,34,32,,55,,30,46,,23,38,,64,80,93,69,63,62,44,,79,51,,53,,49,47,43,,62,,56,77,76,69,,49,81,,80,28,,,25,32,20,17,30,23,25,63,39,,50,49,50,54,97,58,,92,102,64,104,59,,,39,54,54,43,66,,29,44,,,18,25,17,28,,46,52,,75,64,60,42,52,,84,16,24,30,22,20,27,12,18,20,40,18,16,19,65,15,13,,13,15,15,4,4,7,13,,10,3,,6,1,,12,26,23,22,39,24,,23,31,23,24,33,34,44,36,36,34,32,32,27,16,,31,24,24,22,25,22,16,21,21,19,22,88,,,,95,83,,76,95,68,,,,56,,24,17,27,14,22,36,12,17,25,,,,28,34,,32,37,34,31,20,,32,63,83,75,66,85,68,55,,56,,58,96,,32,21,,42,27,24,,32,39,31,27,,19,32,,,19,19,13,16,16,17,16,,32,,,22,,30,26,,15,21,23,14,18,16,,30,35,25,19,24,18,16,24,39,36,34,31,46,36,34,36,44,34,,,36,34,39,35,,48,51,71,66,53,,76,65,28,,63,66,61,73,,73,76,73,85,24,,,31,66,46,22,44,41,87,65,58,57,110,106,59,63,,7,25,27,23,22,20,20,,23,25,21,18,35,25,27,26,31,29,30,20,50,57,,51,64,48,43,65,43,50,35,50,95,56,84,39,48,,31,45,42,81,48,47,46,37,31,41,42,56,,43,70,53,48,65,46,,51,74,29,51,,,42,42,50,47,47,46,56,46,39,40,36,,38,68,41,45,42,84,61,97,,29,31,30,28,8,,27,12,17,20,15,4,19,,,15,15,17,20,15,,42,45,49,45,,,56,4,24,41,36,29,44,34,41,48,24,,33,12,48,24,39,40,8,14,9,12,15,7,29,25,27,27,31,23,36,21,,30,27,30,28,,33,,23,31,,,,,14,,,,35,28,28,36,93,40,40,,,34,29,35,36,44,51,50,53,56,53,,72,34,23,32,,46,50,37,75,68,58,41,46,41,,50,39,37,17,19,18,21,68,68,54,83,100,93,107,50,53,54,,,56,,110,134,175,90,58,,57,70,,,38,34,51,41,,,47,36,,117,125,97,85,156,34,27,19,19,29,,,,,,,83,,117,58,44,51,39,34,39,17,,22,,17,,,55,,41,32,41,41,48,41,51,74,,63,34,40,28,52,33,58,61,66,68,31,24,29,18,25,26,39,46,40,,,37,39,39,,64,69,,31,40,46,31,39,,56,30,,,157,145,,,,44,33,77,43,42,40,,43,49,,120,111,,127,,77,51,66,,98,35,25,20,19,,44,60,84,72,55,45,,80,80,88,80,81,92,48,37,49,94,94,115,82,115,71,81,58,18,20,18,35,17,,19,18,17,,11,30,21,28,26,26,14,14,15,21,16,45,48,47,,33,28,59,,26,46,46,51,42,,45,41,10,,45,,41,33,40,44,,77,84,,,,101,,86,,64,,,,43,45,78,28,60,,,,17,13,30,26,26,28,,14,16,13,12,11,12,,18,,,7,27,22,19,6,29,37,29,23,50,19,23,39,32,35,35,37,38,14,28,22,21,32,38,49,,46,46,41,41,,27,20,19,42,23,28,28,25,,,,,81,54,,87,1,21,20,12,16,40,29,36,27,31,39,26,23,,21,18,,30,15,39,,34,44,,48,14,8,20,26,16,12,15,17,27,31,,38,,,120,75,64,48,24,76,18,20,,70,34,100,91,109,,,61,,,,,51,,,,,,,,,,,,,,,,29,,,,,,,,,,,,,,,,,,,,,,,,,,,,,,,,,,,,,,40,43,50,58,46,46,,44,38,,,,70,58,83,67,,,65,69,56,60,96,31,,36,44,49,,,46,61,,48,58,95,,93,,34,29,,,51,26,,,101,60,22,,,21,21,53,40,53,52,53,68,82,43,65,65,82,81,93,74,63,61,88,61,51,60,69,49,,49,43,38,,28,28,51,46,13,17,24,37,22,22,17,23,,,19,13,20,31,10,7,7,15,7,14,12,14,16,8,12,10,10,,,10,7,15,11,6,5,,22,87,85,,85,78,80,,68,74,60,71,43,70,94,,37,42,46,45,36,41,28,28,,29,38,25,34,41,48,,55,,51,,,,39,45,20,38,58,48,,28,,40,28,36,30,25,32,38,,20,10,25,,,23,34,22,,12,20,22,,,,14,14,24,16,28,31,100,80,77,68,18,41,38,32,,31,11,16,13,10,,60,,67,55,43,43,42,41,40,,57,55,55,53,46,50,48,46,29,34,25,,113,140,128,,77,77,100,118,,186,227,71,,53,44,39,46,51,,62,29,20,29,54,53,54,,45,39,40,45,35,,23,30,24,47,15,23,46,43,41,40,35,34,,22,24,26,,44,43,,26,18,23,21,,35,27,23,26,12,37,81,58,60,76,69,35,45,37,44,39,47,26,38,37,42,60,42,53,51,62,45,55,49,46,51,25,31,36,37,36,28,37,29,38,41,18,20,28,83,59,73,70,28,34,21,24,48,45,43,61,39,66,53,76,93,50,35,48,38,22,24,56,,42,59,44,19,13,,4,34,15,18,16,17,24,20,25,16,22,31,,31,29,,,,10,38,,12,14,7,5,2,11,,9,8,7,,,,,,33,24,20,30,23,,23,,18,24,13,22,18,41,,41,38,44,48,,,,,21,20,6,6,50,42,39,,22,20,13,35,28,,27,4,28,25,24,26,14,42,,32,41,39,36,25,30,31,25,27,,28,22,,18,9,,5,,14,,41,,7,,2,8,17,4,19,16,67,53,63,41,5,12,6,14,,34,,,23,23,39,,66,68,32,51,95,105,,30,29,36,,,,32,23,19,,24,40,25,18,9,41,46,,43,,,93,35,17,16,89,79,73,108,31,,46,38,34,121,117,69,115,116,87,,,42,34,43,16,,30,28,41,,13,64,51,53,44,35,33,68,41,,143,22,,41,18,25,19,,48,,22,35,63,29,21,47,58,38,53,86,45,9,17,1,,,56,38,38,37,,62,31,42,34,,70,26,,,97,24,25,48,,78,93,85,90,21,30,20,15,22,131,,29,93,,43,59,,31,39,22,25,28,25,32,12,62,27,31,120,29,24,55,46,14,44,9,41,44,,68,77,94,26,,32,56,21,99,14,31,17,10,14,74,,35,29,52,20,51,23,71,147,61,27,39,23,18,25,27,,,23,94,71,33,75,9,17,53,,42,,36,48,51,28,80,41,23,,51,24,37,30,32,21,59,,16,31,23,30,31,34,28,18,18,26,36,65,29,33,39,97,28,15,27,49,43,40,43,62,81,49,43,53,48,55,54,51,42,85,48,44,31,38,36,42,36,11,31,51,42,54,38,75,105,38,50,25,23,43,37,105,94,48,25,50,15,15,2,14,15,25,19,24,15,6,11,15,,5,6,59,,31,37,16,40,41,117,27,24,24,,105,68,51,110,23,19,27,,,14,21,,31,78,28,,,41,40,56,54,,28,46,27,24,33,51,,31,35,7,40,33,40,36,32,26,73,16,21,31,27,19,14,66,30,51,31,34,39,36,48,35,53,38,32,34,64,43,40,46,30,52,40,51,32,74,36,99,90,13,48,26,99,34,50,41,63,57,41,68,84,111,105,136,30,,,11,4,43,11,30,21,56,20,25,23,14,65,70,88,56,110,31,101,75,42,75,63,14,41,78,,69,55,47,27,41,33,13,30,13,17,23,67,47,46,32,42,46,60,45,45,44,7,27,35,,27,28,,28,24,25,24,19,7,21,15,23,22,29,49,17,27,15,91,58,36,78,62,74,81,,84,94,94,82,65,52,121,66,65,70,75,67,99,59,66,58,64,69,52,,21,33,120,66,33,12,26,18,97,25,24,18,22,28,37,53,530,332,19,10,40,89,48,52,,44,55,73,38,38,40,18,31,,46,99,42,46,14,25,46,59,39,37,44,21,143,40,97,,48,12,37,22,32,26,20,,27,2,,49,58,122,96,48,,18,35,14,67,50,36,80,75,41,7,25,110,64,52,51,18,14,22,6,39,31,18,87,100,35,30,54,31,23,34,95,16,17,49,19,92,31,47,32
20231004,21,PM10_24h,16,10,17,15,17,18,19,37,24,17,15,21,,,56,,55,48,58,,50,,50,52,,51,56,,77,85,85,77,82,80,71,,63,59,,54,,46,44,50,,52,,74,78,77,86,116,85,104,,80,21,,20,20,18,32,29,36,36,24,39,38,,41,64,55,62,76,69,,91,100,85,89,57,,,76,81,53,57,67,,14,18,,,10,14,16,13,,32,34,,34,44,32,26,31,,37,52,45,54,46,39,48,37,52,41,35,24,22,20,22,19,16,,20,22,23,9,12,19,21,15,15,15,14,14,18,11,21,21,21,19,21,20,,19,23,22,21,24,28,30,26,28,28,24,27,23,20,,25,25,23,24,21,22,15,17,16,17,14,65,,,,61,54,,61,61,52,,,,35,,25,31,28,23,25,26,20,25,27,,,,28,26,,30,29,28,28,28,,31,41,49,50,48,54,42,36,,33,,46,54,,31,25,,34,26,24,,28,29,30,34,17,23,33,,,25,19,18,30,27,33,31,,35,,,25,,27,26,,28,22,28,18,22,19,,45,38,35,31,31,34,35,32,36,30,31,28,38,30,36,36,36,35,,,39,34,40,39,,54,56,38,32,24,,35,32,18,,32,60,55,62,,61,70,60,68,49,,,58,58,58,55,56,54,68,61,59,63,72,69,62,62,,21,26,23,25,22,24,20,,22,22,24,29,27,28,21,23,28,28,40,32,55,54,,49,64,45,45,58,43,49,36,43,52,46,62,37,44,,47,46,41,62,41,41,41,38,44,48,51,46,,39,49,46,46,50,44,,45,44,43,48,,,48,41,43,48,46,45,60,55,46,44,42,,34,36,34,35,36,41,38,66,,25,29,27,25,10,,23,10,16,25,15,10,14,,,18,18,14,23,15,,35,32,37,42,,,39,18,25,27,28,24,31,30,32,27,20,,18,11,17,18,20,19,14,13,10,11,17,10,22,21,23,21,22,18,23,14,,26,23,29,22,,41,,33,36,,,,,34,,,,50,61,57,62,63,51,56,,45,32,31,31,33,35,39,39,37,37,39,,35,38,33,20,,22,19,19,20,41,35,28,30,34,,39,31,40,23,24,22,23,32,31,27,40,50,40,41,45,43,47,,,77,,87,101,90,74,86,,79,81,,,72,76,69,78,,67,60,72,,82,77,72,65,67,49,41,37,29,45,,,,,,,76,,94,70,54,73,52,47,53,27,31,36,,63,,,36,,35,32,37,48,49,52,52,58,,44,45,39,37,46,33,44,39,33,41,32,33,39,34,51,40,39,43,39,33,,36,34,37,,37,37,,52,50,59,54,30,,43,13,,,105,94,,,,30,28,25,28,59,59,,55,70,,114,109,,118,,81,77,96,,77,50,25,21,20,,30,33,40,47,35,35,,36,33,33,33,29,37,27,29,42,32,29,33,37,58,37,46,34,20,21,22,30,21,,13,13,14,,10,28,19,24,22,23,13,15,11,15,14,27,30,30,,24,26,29,,20,29,26,32,26,,27,32,12,,53,,57,50,49,52,,92,84,,,,86,,78,,80,,,,74,51,69,40,54,,,,17,16,24,18,39,41,,27,27,29,24,27,27,,29,,,23,25,21,20,9,39,45,42,43,23,26,24,32,37,41,50,37,48,33,23,22,19,21,20,27,,44,48,46,42,,20,28,21,14,27,32,38,32,,,,,56,41,,44,10,21,22,15,18,17,22,22,27,23,26,19,18,,23,21,,27,29,40,,30,40,,42,14,14,20,17,20,24,17,19,29,28,27,34,,,50,33,63,46,61,57,18,22,,28,15,88,89,99,,,59,,,,,56,,,,,,,,,,,,,,,,40,,,,,,,,,,,,,,,,,,,,,,,,,,,,,,,,,,,,,,33,42,45,45,49,52,46,54,48,,,,68,71,67,57,,,57,73,57,65,67,77,,82,67,56,,,60,74,,49,52,67,,89,,45,32,,,50,25,,,52,46,22,,,21,20,24,22,43,44,38,44,37,28,27,42,29,30,31,34,35,31,44,30,38,46,64,35,,38,38,26,,13,13,28,26,23,20,16,27,19,33,23,20,,,22,16,20,31,12,16,21,21,13,13,14,18,18,14,17,16,11,,,10,12,23,19,9,10,,15,41,40,,33,36,29,,34,34,24,37,29,45,63,,35,37,41,46,33,31,30,32,,32,28,22,28,24,28,,38,,48,,,,27,33,22,37,53,46,,29,,30,25,29,35,32,37,58,,35,28,37,,,26,27,27,,30,35,28,,,33,20,18,19,17,30,20,54,43,43,37,25,46,49,41,,39,37,45,39,40,,55,51,68,54,50,52,49,50,49,,59,58,55,34,47,48,41,41,40,48,46,,94,98,90,,81,71,94,69,,104,111,64,,60,54,49,57,56,,45,39,29,38,51,44,60,,47,46,43,44,43,,35,42,9,30,15,15,38,42,38,38,32,28,,40,41,44,,31,33,,32,17,36,34,,47,39,35,26,15,26,50,42,42,52,44,45,52,45,51,45,37,32,52,41,47,45,39,45,43,48,38,41,38,38,38,12,18,24,26,23,24,23,23,26,25,13,20,16,66,82,83,71,32,44,26,40,46,51,40,42,30,43,49,42,59,60,51,41,44,30,29,35,,48,40,37,19,14,,5,24,19,20,16,30,21,21,26,34,29,29,29,41,35,,,,16,18,,16,12,12,8,9,19,,21,18,18,,,,,,29,28,23,26,24,,15,,6,13,15,16,16,23,,25,31,23,27,,,,,14,15,21,19,25,23,27,,18,11,11,26,20,,22,10,25,15,13,18,13,14,,24,32,28,28,20,11,18,15,29,,25,18,,14,8,,6,14,10,,33,,9,,5,8,12,11,12,13,59,73,65,56,10,21,16,16,,34,28,,19,22,29,,39,44,27,40,37,50,,31,25,30,32,,,31,21,15,,16,25,18,18,6,39,54,,53,,,69,27,20,19,55,58,61,74,20,,33,28,30,88,91,88,175,167,152,,,50,41,50,18,,22,31,33,36,11,59,55,50,55,50,45,79,79,,85,25,31,28,21,29,24,,38,,53,65,40,24,19,20,37,29,34,39,31,16,26,5,,,44,44,31,49,,60,45,61,27,,41,21,,,59,26,30,33,48,52,73,55,67,22,35,22,19,18,121,,49,73,,37,37,42,34,36,18,27,68,22,38,18,35,33,50,97,24,42,48,73,19,68,7,78,43,,29,31,27,28,,26,58,19,70,30,48,30,31,30,89,80,39,42,57,26,32,24,71,71,59,31,70,16,16,16,14,,,28,58,77,26,45,9,37,37,,28,63,46,29,42,33,85,54,30,,27,38,32,40,33,20,34,,16,21,24,22,25,32,26,20,20,21,16,64,16,30,34,61,22,18,18,31,38,35,38,51,62,49,67,50,55,42,43,42,40,58,45,53,31,36,37,45,51,14,60,48,58,64,27,33,62,24,43,27,27,72,68,67,61,48,44,52,14,16,7,13,14,20,21,21,21,18,14,14,11,14,11,35,,31,31,26,59,61,63,62,33,65,,76,84,88,84,14,18,18,,42,8,24,34,27,38,23,34,43,40,48,40,57,32,35,35,33,30,57,24,38,65,34,25,19,22,28,28,28,22,51,26,26,27,21,22,14,43,26,36,42,58,48,54,33,33,36,46,29,34,51,48,42,35,32,34,32,47,36,76,51,106,90,26,44,50,68,27,27,25,36,40,33,67,78,89,77,105,46,53,59,12,9,24,10,19,24,32,36,39,34,38,34,38,76,51,89,70,81,84,57,56,68,26,50,91,,81,76,87,60,40,63,19,39,14,22,31,58,40,44,47,39,36,45,51,36,36,29,19,27,29,23,23,,25,16,28,26,27,12,15,22,20,25,20,36,25,27,18,40,32,28,84,57,82,49,,82,63,66,63,62,54,106,75,72,110,71,84,87,80,81,75,77,66,64,105,41,40,105,58,49,18,24,19,65,24,22,17,22,25,20,35,270,266,15,10,51,94,64,42,38,56,52,46,41,42,32,18,26,,26,66,54,54,17,29,37,50,61,70,75,66,89,55,70,44,38,26,25,28,28,32,29,,15,1,41,93,64,109,102,54,,13,29,11,19,27,27,68,58,21,8,46,89,35,60,55,22,21,18,26,14,10,20,53,104,38,26,54,26,25,29,49,11,10,43,71,71,65,34,27
20231004,21,SO2,3,3,3,3,2,3,3,3,3,1,3,3,,,7,,3,6,5,,6,,4,5,,6,4,,3,2,1,2,3,4,1,,3,3,,3,,8,9,9,,7,,2,2,6,12,,6,8,,7,3,,,3,5,6,6,4,2,2,2,1,,5,6,11,7,9,7,,6,4,4,6,15,,,2,9,12,12,8,,6,6,,,7,6,4,7,,6,7,,6,6,7,7,5,,8,6,10,9,8,7,5,7,8,6,8,5,5,5,5,7,6,,5,6,4,4,6,9,5,2,3,1,6,5,6,5,8,5,8,8,8,8,,4,6,7,5,5,3,4,4,8,4,5,7,2,4,,7,9,9,7,8,8,7,6,7,6,8,7,,,,8,8,,7,8,7,,,,10,,7,6,7,8,6,7,9,6,9,,,,11,13,,2,3,6,6,5,,7,6,6,9,6,7,11,19,,11,,10,9,,8,4,,7,8,9,,9,6,8,7,4,8,5,,,7,7,7,5,4,4,6,,6,,,4,,5,5,,6,4,6,6,5,5,,4,4,3,3,2,5,6,6,7,7,5,5,8,5,5,5,6,5,,,4,4,3,3,,3,3,4,5,7,,4,6,7,,6,6,4,8,,,4,6,6,4,,,5,5,8,7,7,8,5,4,6,6,6,6,6,7,,8,6,6,8,7,7,6,,6,5,4,6,6,5,4,4,3,3,2,6,5,10,,3,6,8,5,7,5,5,6,3,7,8,6,5,7,,4,6,7,9,6,6,6,8,7,6,6,10,,6,4,5,8,5,4,,6,7,4,6,,,5,3,9,6,6,6,4,6,3,6,4,,5,4,8,6,6,13,7,9,,7,7,6,,6,,5,8,5,6,6,5,6,,,4,6,7,6,4,,3,1,4,2,,,6,6,3,4,4,5,5,7,3,11,4,,10,11,9,7,9,7,7,6,9,8,6,6,7,6,5,6,5,6,3,5,,5,3,5,7,,3,,5,6,,,,,4,,,,10,7,6,3,1,4,5,,,7,4,6,9,6,5,5,4,5,7,,4,4,5,8,,12,10,8,14,7,96,4,4,4,,4,8,4,10,6,10,6,8,14,6,17,6,11,11,8,9,6,,,9,,8,10,8,6,7,,12,4,,,11,12,9,5,,13,8,4,,18,10,11,9,7,10,6,3,6,2,,,,,,,10,,7,10,8,10,10,5,9,3,3,7,,5,,,11,,9,8,12,5,5,8,9,8,,8,7,5,5,6,6,9,9,8,11,4,6,7,8,6,7,6,6,5,8,,8,7,9,,7,13,,7,6,12,4,5,,6,6,,,5,4,,,,14,11,14,15,10,9,,11,14,,17,18,,18,,8,8,10,,12,10,9,13,14,,6,24,17,16,8,6,,6,5,8,6,6,7,7,11,7,8,8,5,31,9,8,9,8,7,8,7,10,6,,5,1,5,,4,5,4,5,4,5,5,4,4,3,5,8,6,6,,8,9,7,,6,8,10,9,11,,13,10,8,,4,,1,2,4,1,,8,9,,,,6,,6,,12,,,,4,6,6,6,10,,,,6,4,7,5,5,5,,7,6,7,6,4,3,,6,,,2,5,8,3,8,4,10,9,5,6,4,4,5,11,4,6,8,9,5,3,3,4,7,8,9,,6,6,6,8,,8,12,10,5,4,4,5,3,,,,,6,2,,2,3,2,3,2,3,4,5,8,2,3,6,2,4,,2,3,,7,1,4,,7,5,,3,8,4,7,8,6,7,8,6,4,5,,6,,,19,8,13,9,4,4,9,5,,5,6,9,6,8,,,12,,,,,7,,,,,,,,,,,,,,,,8,,,,,,,,,,,,,,,,,,,,,,,,,,,,,,,,,,,,,,7,3,3,4,4,6,4,5,7,,,,6,5,7,5,,,10,10,7,8,13,8,,8,10,5,,,4,4,,9,11,7,,11,,10,8,,,6,4,,,6,2,7,,,1,3,11,13,10,10,8,3,,8,6,5,8,7,10,8,8,19,5,8,7,8,6,4,,3,4,35,,7,4,8,8,6,5,6,6,6,7,6,4,,,5,9,8,10,10,8,6,7,3,2,5,6,4,7,8,8,1,,,7,3,2,22,2,3,,5,5,5,,4,5,7,,7,6,8,10,2,8,6,,8,7,12,6,4,6,10,8,,6,5,4,7,8,8,,6,,6,,,,4,9,6,6,6,5,,5,,4,6,5,7,7,7,6,,7,4,8,,,4,4,4,,5,6,4,,,7,4,4,6,7,5,10,14,25,16,20,18,17,9,14,,6,6,8,5,4,,15,7,9,6,23,12,14,16,1,,5,3,12,2,4,1,4,5,,10,3,,8,14,15,,8,7,8,14,,12,10,4,,7,8,2,6,2,,4,3,7,6,5,7,8,,6,7,5,5,6,,9,6,9,6,6,6,8,8,6,8,3,3,,8,5,6,,7,7,,8,8,7,8,,6,6,6,10,8,15,17,20,9,19,7,5,5,3,6,9,3,1,3,2,3,4,5,3,10,8,8,7,6,6,6,4,1,3,5,2,3,2,2,5,4,6,6,5,12,6,8,9,2,14,3,6,8,7,5,6,4,10,6,22,62,15,31,6,8,4,7,8,,7,6,4,5,3,,2,6,7,6,7,5,6,5,6,4,6,8,,6,7,,,,4,6,,7,5,7,7,8,6,,8,6,8,,,,,,5,3,4,7,5,,4,,7,6,11,9,9,19,,6,6,6,6,,,,,1,1,5,4,5,6,2,,4,6,5,9,5,,7,8,5,10,13,10,3,4,,5,7,5,9,7,9,4,5,18,,5,4,,7,7,,7,9,2,,8,,9,,5,7,6,6,7,6,9,20,22,14,7,18,16,5,,372,26,,11,7,5,,8,6,4,5,6,6,,5,5,2,3,,,7,3,4,,7,12,10,13,10,13,8,,10,,,15,7,2,6,6,5,3,4,6,,7,8,9,6,6,2,2,5,5,,,9,9,7,6,,4,5,,2,7,1,11,5,6,4,4,4,9,,8,6,7,9,7,5,4,,4,,7,2,7,6,7,9,16,12,6,7,5,6,5,5,,,4,8,6,6,,14,8,7,4,,7,8,,,6,5,7,10,12,7,13,11,8,8,9,6,6,7,23,,5,3,,4,7,3,4,2,14,2,2,4,8,3,5,3,5,11,7,3,33,7,1,6,7,6,8,,12,12,10,7,,1,10,6,3,5,5,4,7,5,10,,6,5,5,7,8,4,9,8,8,12,6,7,8,6,5,,,8,5,3,9,8,6,6,10,,6,6,14,7,13,5,7,6,6,,5,8,8,12,12,5,9,,3,8,8,6,11,7,7,8,3,11,9,8,13,6,6,9,9,8,6,12,21,10,6,6,6,4,6,5,4,6,3,5,8,7,5,8,7,8,5,5,2,2,7,6,6,6,9,4,6,11,5,5,5,5,5,9,6,6,1,1,6,4,7,8,10,4,7,14,12,15,3,8,8,9,9,2,,1,9,8,5,4,12,10,5,8,,12,6,6,7,9,4,5,,6,7,9,8,6,7,4,8,15,3,5,9,12,6,4,6,6,5,2,6,6,5,3,3,8,16,4,10,4,8,8,1,9,8,8,10,7,8,6,8,6,3,1,8,7,10,4,9,7,7,8,7,6,7,5,5,8,8,7,3,2,5,7,3,9,7,7,4,7,6,7,9,4,5,10,17,12,10,7,5,5,9,5,17,6,6,4,2,3,6,4,3,6,8,8,7,9,9,9,9,8,7,9,3,8,4,,3,10,14,6,3,4,6,14,8,2,6,6,11,7,6,3,3,6,8,5,2,5,4,4,2,6,5,,7,4,6,8,7,7,6,5,7,6,8,5,6,4,8,26,10,8,9,11,20,14,,7,9,3,3,3,4,4,29,4,5,9,11,8,10,10,8,13,10,6,9,3,4,14,5,8,7,10,6,41,4,4,4,4,5,8,5,7,6,6,4,5,12,3,14,,7,8,4,9,8,7,9,8,,8,7,5,1,8,5,2,6,7,7,5,10,8,8,22,10,6,7,4,5,10,4,4,,5,5,,7,6,15,5,4,,3,3,1,1,16,9,8,6,9,11,3,13,5,4,3,3,3,1,3,6,6,8,5,10,6,6,7,4,6,4,4,8,4,7,4,10,7,7,10
20231004,21,SO2_24h,3,3,3,2,2,2,3,3,3,1,3,3,,,8,,5,6,5,,7,,5,5,,8,4,,6,3,3,5,4,6,5,,3,5,,3,,11,10,12,,8,,7,6,8,5,6,6,6,,7,3,,1,2,6,7,6,5,2,2,2,1,,5,7,10,8,5,9,,15,10,10,12,9,,,5,11,8,16,8,,5,5,,,8,6,4,6,,9,12,,8,7,10,8,7,,7,6,10,9,8,8,6,7,10,6,8,5,6,5,5,7,6,,5,6,4,5,6,6,5,3,4,3,6,7,6,6,8,4,9,7,8,8,,4,6,7,5,5,4,5,4,8,5,5,8,3,11,,8,10,9,8,8,10,6,6,7,6,7,9,,,,7,8,,7,7,7,,,,10,,7,8,9,9,6,8,10,9,9,,,,12,10,,5,4,4,8,8,,9,7,7,9,7,8,8,7,,10,,9,9,,8,5,,7,8,8,,9,6,9,7,6,8,5,,,7,7,7,6,5,4,6,,8,,,4,,5,5,,6,4,6,6,5,5,,4,4,3,4,2,6,6,6,6,6,5,5,7,5,5,5,6,6,,,5,3,3,4,,4,4,4,5,7,,6,6,7,,7,7,5,7,,5,5,5,8,6,,,10,9,9,10,10,9,6,5,7,7,7,7,7,8,,8,6,6,8,7,7,6,,7,5,4,6,5,4,4,4,3,3,2,6,4,7,,3,5,9,5,4,5,6,6,3,6,9,6,5,7,,3,6,6,8,6,7,6,7,10,7,6,9,,8,4,6,8,6,4,,7,7,5,7,,,6,3,11,6,7,8,4,6,5,9,6,,7,7,11,7,8,12,8,9,,6,7,6,8,6,,5,8,5,6,5,5,6,,,7,6,7,6,5,,3,1,3,2,,,4,7,4,3,4,5,5,8,3,7,4,,8,8,9,7,16,8,7,7,9,8,7,6,7,6,5,6,6,5,3,5,,5,2,4,7,,4,,8,10,,,,,16,,,,12,16,7,3,3,5,7,,12,7,4,7,10,6,5,5,4,5,5,,3,4,5,9,,17,10,9,15,30,37,6,5,14,,5,8,6,10,7,10,6,10,10,6,18,10,10,13,7,7,4,,,11,,12,12,13,7,10,,12,6,,,11,14,9,12,,9,10,17,,8,7,8,8,7,11,6,5,7,3,,,,,,,12,,7,10,8,10,9,7,10,4,6,8,,20,,,13,,12,10,13,8,9,10,11,9,,10,9,9,10,8,7,11,12,14,14,3,6,8,8,6,7,5,7,5,10,,8,8,8,,5,8,,9,8,7,6,6,,10,5,,,12,10,,,,11,10,13,9,12,14,,18,19,,15,17,,17,,19,11,17,,11,12,9,14,9,,6,11,11,14,12,7,,9,6,8,6,7,9,7,13,14,8,14,6,9,11,10,8,9,7,7,8,10,6,,5,2,5,,4,5,5,5,5,5,5,4,4,6,5,8,7,5,,8,9,7,,6,7,9,7,10,,11,8,10,,5,,4,3,3,2,,11,10,,,,6,,6,,9,,,,7,7,7,6,7,,,,6,5,8,6,6,6,,7,6,7,7,4,3,,8,,,5,7,9,3,9,4,10,9,7,8,4,4,5,12,7,9,10,9,8,3,3,4,4,7,8,,6,5,7,8,,8,13,7,5,5,5,6,4,,,,,4,6,,5,2,2,3,2,3,3,5,7,2,2,6,4,5,,2,3,,7,2,6,,7,5,,5,8,5,7,6,6,7,9,5,4,5,2,6,,,12,4,27,24,26,6,9,6,,9,7,12,7,9,,,7,,,,,9,,,,,,,,,,,,,,,,9,,,,,,,,,,,,,,,,,,,,,,,,,,,,,,,,,,,,,,6,4,3,4,5,9,7,8,11,,,,7,6,8,6,,,16,20,17,19,19,10,,11,12,5,,,5,7,,10,9,5,,9,,8,9,,,5,5,,,5,5,6,,,2,3,10,12,12,12,9,3,4,8,6,6,9,8,8,12,7,8,4,9,8,12,8,5,,3,6,11,,8,5,9,10,6,3,6,7,6,6,7,5,,,6,10,9,11,11,8,6,6,3,5,7,6,2,4,4,3,1,,,7,6,7,3,2,6,,5,4,4,,5,5,4,,7,9,8,9,2,8,7,,6,6,8,4,3,6,7,6,,6,4,4,6,8,8,,7,,8,,,,5,10,7,5,13,8,,5,,4,7,5,7,7,7,7,,10,4,14,,,4,4,5,,5,9,5,,,5,4,6,7,7,9,11,29,24,22,23,23,15,11,16,,7,6,23,20,13,,17,10,14,6,11,13,10,12,13,,13,12,20,2,4,3,4,5,,11,5,,12,13,14,,8,7,9,7,,6,6,6,,6,8,4,8,3,,5,4,8,7,6,8,8,,7,6,6,5,6,,9,6,9,7,6,6,8,8,7,8,4,4,,9,7,5,,8,7,,9,7,7,7,,6,6,6,10,8,14,17,7,9,13,7,9,9,7,7,10,4,3,4,4,2,4,5,4,5,4,8,7,7,6,8,4,1,3,6,4,4,3,2,4,4,6,6,6,15,11,9,11,8,6,10,12,8,9,6,6,5,11,8,24,23,22,29,8,8,5,8,9,,13,6,5,6,3,,2,5,7,6,7,8,8,6,8,4,7,9,9,7,8,,,,4,7,,7,6,9,10,11,7,,9,7,8,,,,,,5,4,4,8,5,,5,,7,7,11,12,12,19,,6,6,6,6,,,,,1,1,5,5,4,5,5,,4,6,5,9,9,,8,9,6,11,7,6,4,4,,6,8,5,9,7,9,4,6,11,,8,4,,7,7,,8,9,3,,6,,7,,6,7,7,5,7,6,9,13,14,14,8,9,7,5,,71,27,,11,7,4,,9,6,3,4,9,14,,5,6,2,5,,,9,4,3,,8,13,11,12,11,11,8,,10,,,16,7,2,6,6,5,3,6,7,,7,8,8,6,7,4,3,5,5,,,10,10,9,5,,4,8,10,3,9,2,13,5,8,6,5,5,12,,7,7,8,5,7,5,4,,5,,10,7,5,6,8,10,9,10,8,9,6,6,5,4,,,4,8,8,7,,8,11,18,5,,7,9,,,9,7,8,9,11,8,11,11,10,8,10,6,6,7,18,,5,4,,3,5,6,6,3,13,2,14,4,9,3,6,5,6,11,7,5,17,9,2,8,7,7,8,,8,8,7,7,,2,12,6,6,6,7,5,10,6,12,9,8,4,17,8,10,4,8,7,8,8,10,8,7,6,5,,,8,6,5,8,8,6,7,8,,5,8,16,7,12,5,8,6,5,,7,7,10,22,46,5,6,,4,8,8,6,10,6,7,8,3,10,10,9,12,7,7,10,9,8,7,9,13,10,5,5,5,6,6,5,6,6,3,5,8,7,12,8,7,10,5,8,3,2,11,6,6,8,9,4,6,9,9,4,5,8,9,10,8,6,2,3,7,5,7,9,10,5,8,12,18,14,5,8,8,9,10,2,,2,9,8,8,6,8,15,6,9,,13,8,8,17,10,5,4,,9,5,10,9,6,7,4,8,11,7,9,10,17,5,5,6,7,7,8,5,10,9,3,3,8,11,4,6,5,8,14,2,9,8,7,11,6,11,8,7,6,3,3,10,10,9,5,9,7,8,8,7,6,15,6,4,10,8,7,4,6,12,10,4,9,8,6,3,7,5,6,9,5,6,9,16,11,9,9,9,7,16,5,17,6,7,9,3,4,7,4,4,7,7,7,5,11,12,11,13,7,8,10,4,9,7,,22,15,14,10,14,21,7,12,8,2,7,4,4,5,8,5,7,8,9,5,2,6,4,4,2,7,4,,7,4,7,10,8,7,7,4,8,6,7,6,6,4,6,17,10,9,11,13,14,29,,7,9,3,3,4,5,8,19,3,6,10,12,9,11,10,9,14,10,9,9,2,5,17,7,10,8,10,6,15,5,4,4,5,4,8,5,10,10,6,4,7,38,5,13,10,7,8,5,8,8,12,8,8,,8,5,4,5,8,6,5,9,9,12,11,16,11,9,17,9,6,7,5,5,8,4,5,,5,5,7,8,7,14,6,5,,1,2,2,1,10,15,10,7,10,13,5,12,6,6,3,3,3,3,3,6,5,8,6,17,8,5,8,4,6,4,4,7,4,8,10,13,11,8,9
20231004,21,NO2,25,2,20,20,26,23,18,26,9,3,15,25,,,35,,29,45,39,,54,,55,61,,56,36,,51,42,59,61,40,31,13,,44,37,,45,,40,81,52,,55,,51,74,55,70,,39,78,,46,14,,,16,16,5,6,3,35,5,61,58,,65,52,46,60,46,41,,71,56,42,79,50,,,28,23,26,26,34,,29,44,,,28,42,34,26,,13,13,,23,15,16,20,29,,10,17,52,36,44,31,22,11,20,16,17,14,10,9,23,9,7,,8,9,6,5,8,18,5,4,10,7,9,11,7,10,8,16,19,20,13,14,,22,15,19,15,20,25,22,22,18,24,15,17,26,14,,23,16,18,42,15,36,16,15,18,19,23,64,,,,40,24,,44,42,35,,,,22,,25,16,21,22,26,29,12,12,22,,,,15,18,,,21,19,21,14,,16,25,33,27,35,25,21,12,,19,,20,28,,22,16,,25,19,18,,26,18,15,15,5,13,9,,,5,9,8,6,6,10,11,,20,,,,,13,11,,10,8,8,6,7,6,,19,19,13,13,19,7,9,16,24,26,16,11,16,12,15,37,20,28,,,7,9,9,6,,,13,16,16,14,,21,12,13,,11,41,43,48,,,45,49,38,11,,,20,17,33,14,30,21,51,48,36,43,62,54,45,44,,14,15,15,14,20,21,10,,16,18,23,7,14,9,19,16,15,16,10,8,50,,,38,44,29,24,57,21,50,12,28,76,36,45,14,16,,17,13,17,77,19,25,16,18,21,32,21,29,,21,42,48,20,17,14,,19,22,13,16,,,,14,48,12,9,5,8,12,22,24,15,,15,14,21,15,18,35,32,66,,13,18,12,,7,,15,20,12,31,22,33,23,,,25,,18,23,31,,29,36,39,30,,,40,3,15,20,15,12,14,18,20,18,20,,30,10,50,25,38,39,17,16,12,16,14,7,37,45,51,48,50,50,53,21,,22,13,47,45,,41,,18,41,,,,,7,,,,49,50,42,45,30,50,33,,28,18,14,14,14,16,21,29,18,23,23,,11,17,9,67,,49,78,52,48,85,35,57,,39,,10,15,16,13,12,11,19,18,25,29,16,12,13,12,12,21,15,,,30,,39,46,92,33,22,,32,30,,,26,27,45,22,,31,22,23,,63,70,40,45,,3,29,9,3,9,,,,,,,38,,65,17,21,16,8,11,14,10,1,4,,12,,,5,,3,6,8,11,8,8,11,10,,29,23,27,12,18,8,13,18,18,24,21,8,10,5,4,5,10,8,8,13,,13,12,18,,15,16,,7,8,17,7,8,,33,15,,,71,69,,,,24,39,47,26,24,41,,27,25,,35,39,,41,,76,74,33,,77,18,20,26,45,,17,41,16,23,14,16,,12,12,8,9,5,21,13,33,15,18,15,11,16,17,8,9,6,7,12,6,9,8,,4,5,3,,3,8,10,6,5,6,5,12,4,11,5,52,38,37,,30,16,56,,15,15,20,32,15,,18,26,7,,46,,52,29,27,32,,50,32,,,,50,,57,,44,,,,28,35,31,33,41,,,,21,31,15,25,11,14,,12,14,12,13,9,6,,7,,,2,6,8,9,3,5,12,7,14,11,15,11,10,16,23,13,16,15,24,5,6,27,39,47,47,,19,18,19,17,,18,17,10,18,14,21,13,19,,,,,48,27,,29,5,21,14,15,18,13,14,10,10,10,8,12,15,,25,12,,28,22,44,,36,41,,42,16,18,28,30,31,38,26,27,44,58,44,31,,,27,31,24,20,34,58,27,24,,46,19,52,50,34,,,45,,,,,18,,,,,,,,,,,,,,,,10,,,,,,,,,,,,,,,,,,,,,,,,,,,,,,,,,,,,,,22,12,10,14,12,16,14,12,22,,,,34,31,54,64,,,32,40,30,34,54,41,,34,47,14,,,12,31,,34,30,62,,64,,12,15,,,39,6,,,55,43,15,,,6,11,38,57,14,13,9,18,12,10,11,18,15,13,8,16,9,12,14,7,7,11,10,9,,11,7,12,,12,7,12,11,9,9,13,18,8,9,5,4,,,4,4,4,2,4,4,2,9,3,1,1,2,7,3,4,6,5,,,4,3,3,2,7,5,,10,21,21,,19,25,35,,22,21,25,23,15,22,23,,49,60,24,29,21,16,16,19,,15,8,7,12,17,14,,17,,22,,,,25,22,20,22,21,19,,21,,15,17,26,10,6,6,9,,10,12,8,,,7,10,7,,8,6,10,,,16,5,8,6,6,3,22,23,30,30,27,4,14,14,12,,8,1,4,7,14,,8,13,10,8,16,18,16,18,23,,22,17,19,4,11,11,8,10,9,8,4,,36,53,57,,52,46,60,48,,32,56,44,,43,8,13,10,14,,13,11,9,7,23,20,23,,10,12,12,13,22,,9,11,6,28,13,12,18,22,34,26,19,23,,12,8,8,,14,8,,3,3,5,12,,8,13,10,5,12,16,15,15,12,17,16,6,7,9,9,8,5,13,10,13,14,12,16,19,10,15,7,12,9,10,10,4,7,6,8,6,4,13,11,18,7,2,8,8,34,,22,42,11,10,12,12,29,34,49,18,27,29,7,27,29,17,12,11,11,18,16,33,,12,19,14,5,6,,12,8,16,12,24,13,17,17,16,19,33,34,,24,34,,,,8,11,,8,18,23,19,25,17,,23,12,9,,,,,,5,8,11,6,13,,5,,6,10,11,7,8,16,,9,6,10,6,,,,,3,6,6,4,9,9,5,,4,6,4,9,11,,12,13,7,11,13,14,6,6,,7,4,7,10,10,11,14,22,14,,10,18,,8,16,,8,,12,,5,,7,,2,3,6,19,12,32,67,77,76,57,6,14,8,12,,18,,,13,8,16,,13,12,42,51,20,17,,16,12,8,22,,,14,9,21,,6,18,20,6,28,29,43,,32,,,63,35,9,10,51,46,78,71,10,,48,24,37,42,62,21,29,28,24,,,28,19,32,11,,16,31,,19,29,27,21,23,74,70,33,60,35,,66,9,25,27,11,16,16,,14,,12,50,37,6,18,26,12,21,31,19,13,8,13,5,,,55,11,21,30,,79,46,47,10,,29,24,,,77,18,22,13,32,29,46,15,46,15,6,22,11,33,43,,29,28,,,12,11,9,14,8,7,14,9,27,23,10,6,79,46,35,3,21,32,4,28,12,28,8,,11,12,12,23,,15,40,37,36,17,34,6,8,6,36,,35,10,26,19,79,36,52,28,34,27,24,22,9,18,27,,,22,23,42,22,37,8,10,19,,16,44,13,25,44,7,52,11,21,,14,22,58,14,19,10,24,,6,18,20,22,30,32,23,20,18,28,46,14,16,21,64,45,14,25,11,13,21,13,13,39,59,40,28,44,29,24,44,27,26,17,15,10,9,13,13,22,6,5,36,51,78,41,29,20,23,22,19,21,27,23,46,36,44,14,25,27,2,3,4,12,17,7,13,6,16,16,20,22,6,20,7,47,,30,10,23,17,20,65,22,5,15,,36,47,24,64,19,8,15,,12,14,24,19,4,14,8,,13,7,14,22,18,15,21,27,11,11,15,11,14,20,16,1,79,27,29,13,16,39,16,13,34,23,22,14,15,16,10,17,12,35,18,64,21,25,34,7,7,7,26,15,14,7,8,11,13,21,11,25,21,52,81,8,51,63,18,12,62,63,18,20,27,33,65,40,56,49,16,18,18,4,3,21,2,14,17,8,24,37,22,24,35,40,68,28,54,16,44,34,12,64,55,6,10,34,,42,56,29,8,21,32,16,29,8,15,5,59,21,14,10,3,23,19,10,16,9,4,1,8,3,5,4,,19,9,27,8,13,10,18,9,18,18,25,33,8,24,10,59,23,12,61,26,26,44,,35,77,57,49,42,,81,36,36,40,67,62,70,36,24,32,50,45,34,,25,31,35,32,32,17,13,15,34,40,15,33,28,10,19,54,36,85,16,9,25,69,17,18,4,20,16,38,15,25,19,18,21,,35,19,39,48,13,10,40,26,14,22,32,24,66,22,48,,37,16,12,10,31,20,15,,8,5,27,12,12,36,41,8,,16,47,6,45,24,12,42,57,62,10,6,52,12,37,37,17,7,35,7,19,48,4,24,54,28,9,27,11,8,6,28,29,10,21,30,32,35,16,22
20231004,21,NO2_24h,22,2,17,16,28,22,22,27,13,4,22,28,,,26,,24,27,31,,27,,32,32,,39,29,,40,31,34,33,29,29,18,,28,36,,32,,26,66,30,,20,,37,50,35,44,48,36,57,,56,9,,9,14,8,20,20,22,28,8,26,27,,30,31,27,27,35,37,,29,46,38,33,48,,,42,58,47,54,36,,15,22,,,13,9,11,12,,14,15,,14,10,12,16,21,,6,16,20,16,22,16,16,12,20,16,14,20,15,12,13,14,9,,12,14,14,5,8,10,6,4,11,9,10,9,6,9,8,13,18,21,13,14,,19,13,18,16,17,21,16,19,18,17,16,19,18,14,,19,13,19,26,13,20,15,16,16,14,16,35,,,,32,23,,37,29,28,,,,18,,22,24,24,27,29,25,17,21,21,,,,12,16,,21,16,14,16,15,,23,30,30,30,32,32,12,15,,15,,26,19,,24,19,,24,21,19,,26,19,18,17,15,14,11,,,11,12,10,13,6,14,14,,21,,,26,,15,13,,10,7,9,8,7,7,,20,19,11,13,17,13,14,14,22,19,16,11,15,9,16,30,18,21,,,7,8,9,7,,14,18,13,10,10,,16,10,10,,10,26,28,39,,36,31,39,29,12,,,26,31,24,25,34,28,34,35,29,34,36,33,36,35,,20,20,18,20,18,23,16,,16,16,16,7,8,7,11,12,11,12,6,6,37,24,,30,39,22,23,32,17,33,11,18,24,20,22,13,18,,15,16,13,32,12,14,12,11,21,27,25,17,,16,30,24,17,14,13,,16,16,13,14,,,20,12,23,18,15,13,13,20,24,34,17,,11,11,19,14,18,20,21,28,,10,19,9,9,7,,18,15,16,27,19,25,20,,,20,28,19,21,29,,17,19,19,19,,,22,6,7,14,6,8,5,11,11,9,8,,18,9,15,14,17,16,15,14,11,9,13,7,30,26,35,29,30,24,29,19,,19,23,28,31,,31,,22,36,,,,,13,,,,32,25,50,47,30,43,31,,16,14,10,13,10,11,15,17,14,17,15,,8,13,10,22,,18,18,18,17,38,22,23,26,29,,11,14,15,12,13,12,21,16,20,17,18,14,14,18,12,15,13,,,40,,37,45,47,31,23,,28,27,,,35,42,35,44,,27,29,26,,41,39,33,39,25,12,19,12,7,23,,,,,,,34,,39,24,23,33,36,25,34,10,6,11,,28,,,6,,3,6,7,14,14,13,13,10,,16,14,14,12,17,11,11,12,12,16,16,14,15,7,6,5,12,10,10,9,,10,9,13,,9,8,,8,10,15,12,6,,23,10,,,41,37,,,,19,17,13,17,29,34,,28,29,,35,40,,37,,61,65,49,,61,23,15,19,17,,11,16,13,22,15,14,,10,13,10,7,7,11,13,22,25,15,15,15,14,21,11,11,8,10,15,10,15,10,,4,5,5,,5,11,11,7,9,8,5,10,6,11,6,23,29,13,,23,12,26,,9,13,16,19,11,,18,18,5,,32,,34,30,21,24,,38,30,,,,32,,39,,37,,,,32,25,22,35,22,,,,26,25,13,19,16,15,,11,17,15,14,13,6,,11,,,3,10,13,6,4,5,10,7,11,7,5,7,8,13,19,20,17,20,20,6,4,11,19,17,21,,21,19,21,18,,10,17,14,8,15,16,13,18,,,,,23,15,,14,5,15,10,12,13,10,11,7,6,5,8,11,9,,20,18,,20,22,34,,26,31,,37,15,13,25,20,22,30,22,23,25,33,29,25,,,15,10,21,19,31,28,10,16,,14,8,44,33,18,,,30,,,,,24,,,,,,,,,,,,,,,,15,,,,,,,,,,,,,,,,,,,,,,,,,,,,,,,,,,,,,,16,18,11,18,18,25,22,21,29,,,,29,31,35,41,,,29,36,31,30,34,37,,46,42,16,,,18,24,,36,33,45,,42,,17,15,,,11,7,,,12,11,8,,,6,4,11,15,13,12,8,12,10,8,5,12,14,12,8,12,8,9,14,9,9,9,11,12,,10,10,7,,7,6,11,12,7,6,13,8,14,18,11,10,,,8,8,8,9,6,4,6,12,4,5,6,4,9,8,8,12,5,,,6,8,10,2,8,6,,4,13,15,,19,20,18,,18,15,21,15,13,24,25,,15,17,25,16,13,12,15,17,,15,6,6,11,16,12,,23,,30,,,,19,15,16,17,21,19,,17,,17,25,22,9,5,8,8,,12,15,14,,,10,11,10,,12,16,10,,,12,4,8,6,8,5,11,24,22,24,20,11,16,15,15,,10,8,10,9,12,,6,12,10,10,14,13,14,17,30,,27,25,20,3,10,9,6,9,14,16,13,,39,37,40,,49,40,48,28,,24,32,34,,30,23,26,20,24,,23,20,19,18,21,18,27,,18,16,15,14,13,,18,13,6,22,7,8,24,29,28,26,17,20,,15,13,13,,13,10,,5,4,8,14,,10,15,14,9,15,15,11,11,10,13,12,6,10,12,11,11,6,12,9,10,10,12,13,12,10,14,8,10,10,9,8,4,6,4,6,3,4,9,7,11,6,5,8,11,26,28,26,29,17,14,16,20,20,21,18,12,11,11,6,13,13,17,14,13,13,12,11,19,,16,11,11,6,7,,8,6,10,11,14,11,15,16,16,18,23,23,12,16,26,,,,7,10,,8,14,22,19,24,21,,20,12,9,,,,,,8,9,13,9,9,,4,,7,4,8,6,7,10,,7,4,6,4,,,,,3,5,6,5,5,8,8,,2,6,6,12,12,,9,8,6,10,8,9,6,7,,5,6,6,7,11,8,5,9,10,,8,12,,8,12,,6,7,10,,6,,10,,2,4,8,11,9,14,38,51,51,48,8,15,14,13,,21,15,,13,11,15,,16,17,27,25,14,13,,11,10,4,17,,,13,9,15,,7,13,12,4,9,9,26,,22,,,30,23,12,14,27,27,40,36,11,,21,14,12,14,22,13,39,40,33,,,33,23,29,6,,11,16,19,12,10,25,22,20,47,38,18,31,38,,49,14,19,17,17,20,17,,25,,30,32,21,7,15,16,9,16,26,16,12,8,24,5,,,28,14,19,20,,28,28,26,8,,26,20,,,46,16,28,11,26,26,31,21,31,17,10,24,14,20,41,,26,24,,11,10,14,13,14,6,8,27,7,35,19,9,9,37,41,31,9,15,50,4,43,11,41,12,,5,5,4,14,,9,27,33,30,18,30,11,14,11,34,30,29,15,27,19,31,31,42,12,30,21,32,9,7,17,20,,,25,21,39,17,31,5,14,18,,13,24,14,19,40,8,34,15,17,,12,28,31,13,18,14,10,,7,14,20,19,23,27,17,11,13,16,18,16,7,16,18,27,17,22,8,10,25,12,11,23,43,28,28,29,34,12,25,17,13,16,16,15,13,10,15,16,11,5,31,25,36,25,16,14,23,18,17,17,17,43,35,28,29,17,25,25,4,5,6,12,14,12,12,6,14,17,14,18,6,25,15,22,,20,12,17,28,38,32,29,10,28,,41,38,37,36,11,9,9,,14,11,25,32,7,12,5,17,14,6,21,13,18,18,19,24,16,17,13,12,17,29,11,7,19,8,19,12,15,28,23,8,28,20,15,14,13,14,11,12,20,49,19,37,16,14,18,7,6,5,25,14,11,9,9,13,10,18,10,21,26,32,44,11,27,46,18,11,26,24,22,32,20,33,34,40,38,43,27,21,29,9,4,14,3,21,18,8,23,19,16,20,22,19,53,18,44,23,33,35,18,37,39,13,24,33,,30,43,45,45,21,31,15,20,12,13,8,25,12,11,13,3,12,13,11,11,9,5,1,10,6,4,3,,14,10,24,9,16,13,9,6,11,18,16,25,7,24,9,24,14,19,38,28,41,27,,41,40,34,36,36,43,43,24,24,49,31,43,34,29,27,31,34,42,28,42,27,26,42,24,32,17,13,16,27,31,20,24,27,11,14,23,21,32,16,12,28,52,28,15,4,19,10,23,15,20,13,18,18,,16,19,34,34,13,15,15,34,32,37,48,30,36,19,29,32,31,26,13,13,24,25,17,,10,3,14,13,18,35,29,16,,14,28,6,24,18,11,35,34,19,14,14,45,12,24,34,14,11,23,26,14,16,5,23,39,15,10,19,9,13,6,21,7,6,21,38,31,33,14,13
20231004,21,O3,46,51,52,28,53,50,42,45,54,54,42,39,,,43,,55,38,50,,18,,28,18,,4,35,,51,52,23,38,51,73,100,,16,38,,,,60,36,45,,20,,43,17,28,20,,38,14,,37,54,,,,48,72,68,78,40,71,,3,,8,34,,18,39,51,,7,2,54,11,49,,,68,,73,77,36,,42,30,,,,35,39,48,,59,62,,44,54,57,57,43,,40,75,42,44,49,58,66,85,66,74,76,39,42,42,31,43,45,,39,44,44,44,29,31,38,42,41,44,38,40,42,32,43,91,100,96,103,101,,100,99,89,97,93,116,113,106,113,,117,128,100,72,,67,77,76,59,71,57,97,101,90,84,,38,,,,41,50,,58,43,53,,,,96,,65,84,73,79,67,65,86,86,77,,,,77,76,,,94,110,87,106,,97,78,78,84,78,83,112,,,122,,103,73,,117,85,,103,111,99,,102,115,112,86,,102,103,,,102,98,106,86,89,89,82,,45,,,,,90,91,,91,94,91,98,100,99,,82,80,68,71,63,98,100,81,96,97,117,112,118,99,108,94,,86,,,127,124,122,124,,90,84,56,61,73,,58,64,71,,65,65,49,64,,,56,77,66,65,,,80,77,69,84,70,72,4,10,14,16,5,5,16,12,,68,63,60,64,54,59,65,,,55,18,46,25,40,27,31,31,29,39,26,48,62,,51,40,83,82,40,33,17,63,50,,88,106,81,66,,63,74,65,9,91,80,109,,86,68,74,116,,105,59,31,114,118,113,,90,95,81,96,,,,46,32,75,73,77,67,80,63,72,90,,85,91,89,72,74,,61,24,,61,52,54,,20,,12,3,17,5,4,20,20,,,,15,9,10,17,,19,20,,23,,,27,49,39,57,50,57,54,51,45,66,51,,30,47,4,35,30,16,48,44,49,42,48,,33,8,8,10,2,13,,41,,23,34,11,3,,46,,65,53,,,,,90,,,,43,,53,46,45,44,57,,,26,36,,37,31,28,18,,27,26,,27,30,62,20,,45,5,41,34,16,56,23,,44,,62,60,63,67,68,65,52,62,61,43,60,60,62,66,120,108,120,,,87,,80,74,6,87,64,,56,71,,,75,87,48,63,,,60,59,,23,10,41,66,,84,61,86,84,81,,,,,,,69,,,108,98,,97,104,102,81,,85,,74,,,76,,,75,78,131,142,120,162,96,,67,61,56,76,73,82,102,73,80,64,52,,59,70,75,63,71,69,71,79,,70,71,60,,124,142,,58,59,56,64,45,,29,36,,,7,10,,,,53,37,28,56,63,46,,56,60,,27,26,,,,15,10,57,,15,101,55,50,27,,54,30,55,46,56,55,,57,57,62,57,62,44,62,45,61,58,58,60,59,53,65,62,64,52,48,52,49,50,,50,52,52,,53,57,53,56,57,57,42,32,45,34,44,66,82,74,,98,107,60,,81,77,70,64,71,,84,72,83,,14,,20,33,19,20,,54,61,,,,14,,18,,,,,,64,42,29,21,12,,,,42,38,39,,69,67,,49,51,50,53,59,65,,,,,72,75,73,59,81,69,65,,67,49,53,77,69,62,56,70,65,68,41,47,44,17,16,4,1,,37,36,41,47,,32,40,47,30,29,20,19,18,,,,,10,22,,22,27,16,22,34,23,19,35,35,27,37,33,51,52,,28,42,,8,23,16,,6,4,,5,58,60,52,42,40,48,61,59,5,5,,27,,,47,70,59,76,56,25,60,62,,38,63,35,29,41,,,56,,,,,86,,,,,,,,,,,,,,,,78,,,,,,,,,,,,,,,,,,,,,,,,,,,,,,,,,,,,,,24,74,,68,70,77,,83,56,,,,28,35,12,8,,,36,30,,46,11,59,,63,50,58,,,53,22,,62,57,,,8,,85,82,,,29,58,,,33,31,59,,,,46,28,14,91,93,95,52,,56,55,51,63,51,55,48,56,56,53,59,63,61,58,58,,41,48,53,,57,65,56,53,46,41,34,,69,72,74,51,,,61,37,38,40,40,54,56,49,77,39,42,46,40,41,43,42,48,,,64,56,52,,36,,,48,83,79,,88,65,74,,75,68,81,68,64,76,66,,52,40,55,45,72,62,76,72,,81,74,69,46,108,126,,82,,82,,,,,38,51,43,51,55,,55,,90,89,80,124,134,133,122,,59,62,70,,,71,66,72,,62,61,56,,,95,50,44,43,41,43,17,12,8,11,12,54,54,56,58,,40,96,95,88,59,,77,,81,82,62,64,59,61,28,,37,39,45,45,46,41,38,41,52,66,63,,81,60,56,,18,17,10,54,,66,34,22,,17,80,82,78,73,,99,99,91,103,47,52,49,,81,71,74,26,23,,52,36,91,42,45,47,61,56,39,50,33,33,,83,85,,,58,62,,43,44,49,49,,60,62,59,61,52,38,36,34,42,37,38,53,66,63,64,65,40,46,47,42,38,43,39,,44,38,72,60,69,61,56,48,48,40,48,40,46,61,56,53,66,21,56,49,28,15,53,,71,61,74,66,42,60,47,71,59,40,56,55,61,74,82,71,74,30,48,25,,65,35,38,84,60,,59,25,24,29,17,34,39,34,36,26,20,25,,25,18,,,,29,30,,30,19,28,36,26,36,,26,37,23,,,,,,58,56,57,59,14,,36,,55,38,54,44,54,47,,80,82,77,84,,,,,53,50,54,55,65,63,,,78,37,37,56,53,,36,35,31,26,30,26,34,32,,40,44,64,55,18,24,37,17,47,,,6,,37,26,,44,,,,,,126,,46,45,27,,33,17,4,11,13,31,72,63,81,61,,84,80,,78,94,74,,83,84,32,17,70,77,,58,56,71,,,,68,76,65,,102,75,76,40,23,69,41,,46,,,10,33,82,78,66,62,32,25,71,,53,81,70,60,36,85,87,,82,,,,70,40,42,,72,60,,,34,63,63,61,3,15,26,35,63,,3,47,,100,104,82,100,,87,,77,57,,41,39,24,89,38,75,56,51,,92,48,,,14,62,58,45,,9,42,48,37,,77,83,,,31,80,90,133,,62,72,126,49,86,89,11,22,2,18,,42,18,,,114,,43,86,63,57,73,42,28,51,65,108,6,23,67,90,54,83,54,88,51,70,76,,60,62,56,38,,50,56,4,27,39,,67,73,74,65,,17,36,36,60,43,20,3,43,31,65,59,31,36,3,2,,,71,,43,,80,123,76,99,,74,,51,106,45,110,5,67,57,,55,70,26,99,85,52,76,,91,86,96,93,80,73,93,96,42,55,35,82,58,61,47,48,78,72,91,136,92,92,54,52,30,22,61,56,88,79,70,63,66,99,81,84,60,66,64,,65,54,48,33,4,31,78,91,57,,56,52,52,40,7,22,14,66,32,38,41,45,42,50,18,25,19,32,26,22,11,3,,39,63,12,,21,42,32,64,68,21,66,91,73,,87,43,68,10,29,57,53,,64,72,62,,44,40,55,,,69,57,67,74,82,49,78,79,84,56,70,,67,23,66,13,46,100,107,106,61,101,104,67,73,80,80,92,73,102,111,92,,71,36,63,66,31,69,45,46,,127,77,113,76,79,79,109,53,54,53,44,8,67,26,18,86,111,46,,89,77,65,20,13,81,15,22,66,,,39,43,2,50,26,44,51,39,7,35,19,1,7,34,94,62,60,53,72,116,58,81,84,103,64,,61,36,78,81,68,58,,39,70,26,113,47,64,114,62,72,48,35,75,57,34,59,82,47,,44,41,,92,66,59,89,72,56,34,35,,93,79,64,88,74,91,5,34,59,27,85,139,23,,63,9,5,10,18,18,11,67,35,42,10,24,11,40,40,31,16,62,15,9,19,46,95,23,19,20,22,28,114,6,38,27,15,21,81,44,60,16,2,60,70,13,50,81,71,96,51,154,68,48,38,90,72,,81,79,14,17,51,42,12,67,69,52,53,60,17,49,32,,3,48,36,46,96,85,90,,52,46,85,100,44,17,60,59,,54,25,63,19,57,50,63,40,31,51,,3,67,32,34,40,64,41,62,55,31,38,78,56,36,47,42,45,104,53,67,30,46,40,58,85,51,59,82
20231004,21,O3_24h,66,65,77,70,67,78,67,73,103,77,57,68,,,86,,94,88,102,,91,,83,88,,85,83,,124,143,129,129,133,139,175,,83,89,,82,,125,109,119,,102,,151,151,156,97,32,86,88,,95,87,,85,82,92,78,76,84,109,90,102,138,,132,94,94,92,109,102,,140,132,139,142,92,,,85,94,91,96,95,,76,80,,,88,87,86,88,,112,94,,124,110,119,105,114,,119,148,150,146,140,155,162,156,132,133,151,67,72,74,75,76,81,,74,77,76,71,63,75,64,70,67,72,65,71,69,60,68,106,110,106,110,115,,113,114,102,105,133,131,139,134,123,129,137,133,135,266,,134,136,133,143,129,136,122,112,104,118,112,153,,,,114,127,,130,128,128,,,,143,,131,128,125,133,128,126,133,129,126,,,,138,128,,137,134,141,131,134,,134,130,140,144,134,139,144,148,,139,,153,138,,119,104,,128,114,100,,111,135,124,95,109,109,112,,,106,105,116,108,107,121,100,,102,,,147,,127,126,,104,107,103,108,119,113,,113,112,94,93,90,100,104,99,96,97,117,112,118,99,108,94,90,95,,,137,134,131,134,,164,166,66,73,78,,70,73,77,,74,141,141,126,,145,144,145,143,143,,,175,184,181,183,170,178,78,80,90,88,83,83,84,82,,68,63,64,64,63,59,65,,75,61,33,58,42,53,45,44,45,50,56,32,164,176,,140,143,167,122,173,102,151,132,162,144,158,174,116,103,,156,119,108,147,241,169,241,207,188,173,170,203,,208,149,141,202,199,197,,222,238,158,227,,,130,133,162,124,130,144,121,118,156,135,166,,125,129,133,133,148,123,111,119,,75,87,98,78,46,,37,19,26,14,20,29,30,,,23,23,20,32,27,,53,57,49,52,,,56,79,93,92,77,85,82,75,82,93,85,,69,68,59,66,62,63,69,71,64,72,61,54,52,46,45,46,47,49,38,61,,48,52,46,33,,86,,76,75,,,,,137,,,,95,86,103,99,92,102,98,,99,39,47,53,52,42,44,39,41,43,45,,40,50,65,84,,91,84,88,94,89,87,86,88,83,,147,154,145,104,91,84,96,139,143,112,123,92,116,97,160,160,160,,,144,,125,135,127,127,113,,110,140,,,128,137,128,132,,141,141,147,,133,139,138,144,128,144,144,144,147,136,,,,,,,99,,75,147,142,142,138,152,156,158,147,146,,171,,,85,,93,88,94,189,218,208,209,192,,171,170,176,184,186,162,113,107,106,101,103,87,110,130,134,119,92,89,93,130,,126,113,108,,137,146,,125,126,128,128,116,,118,59,,,71,74,,,,87,81,92,86,139,142,,143,143,,50,60,,76,,110,107,112,,108,147,84,78,87,,125,118,130,117,111,124,,115,114,113,114,101,126,122,102,85,123,104,97,97,88,90,82,85,100,99,95,92,104,,63,63,63,,63,76,73,75,79,77,55,58,65,59,61,113,110,116,,129,138,137,,126,86,72,82,79,,87,79,98,,56,,43,46,46,48,,146,145,,,,68,,75,,59,,,,81,81,83,46,48,,,,53,48,52,40,71,70,,55,52,50,53,59,66,,79,,,76,79,75,62,81,84,111,104,119,78,89,91,95,133,122,128,123,128,111,76,83,66,55,58,58,,60,65,62,60,,64,82,78,63,64,48,44,37,,,,,60,64,,62,34,35,36,42,29,38,86,83,90,89,88,82,83,,51,58,,83,79,72,,74,62,,67,67,91,88,81,86,90,87,90,66,62,63,50,,,108,108,108,105,98,101,101,106,,110,98,107,108,109,,,150,,,,,178,,,,,,,,,,,,,,,,161,,,,,,,,,,,,,,,,,,,,,,,,,,,,,,,,,,,,,,35,83,75,77,84,95,96,94,92,,,,103,91,98,98,,,81,78,82,83,81,106,,93,88,73,,,60,66,,98,91,66,,55,,104,98,,,81,68,,,100,102,80,,,66,70,78,81,117,115,113,82,77,77,78,82,116,92,106,102,108,119,111,109,83,82,80,79,,68,70,134,,98,102,86,94,72,68,76,77,79,83,87,75,,,80,72,60,61,73,73,80,68,101,74,69,64,69,61,76,68,77,,,92,74,73,,63,64,,69,128,124,,127,122,130,,114,116,125,118,259,115,132,,86,94,97,90,92,92,91,91,,84,77,74,61,139,139,,99,,98,,,,87,90,91,81,98,108,,83,,101,97,100,129,134,138,133,,91,91,93,,,95,96,101,,89,84,87,,,148,50,49,48,49,44,48,23,28,27,35,72,74,81,80,,60,96,95,88,59,,80,84,83,85,103,103,98,101,38,,37,39,51,64,71,67,64,70,88,108,104,,100,105,100,,69,76,76,88,,85,92,86,,90,90,91,92,88,,99,100,94,103,79,78,86,,81,80,80,49,39,,56,50,96,78,74,99,82,79,78,81,54,55,,94,93,93,,62,62,,64,51,58,53,,70,66,63,61,52,52,59,58,64,62,58,65,70,76,69,66,64,73,70,73,68,55,61,63,61,53,87,83,84,83,80,59,59,58,61,54,46,72,68,62,72,42,64,58,135,133,127,116,91,111,104,127,131,142,131,113,108,107,93,130,141,136,131,108,112,88,99,97,,132,100,118,84,73,,73,46,38,39,40,51,55,50,52,55,61,70,66,65,57,,,,30,31,,32,36,34,38,34,37,,52,58,47,,,,,,61,60,64,63,28,,45,,58,68,72,69,67,70,,83,87,85,89,,,,,107,69,74,75,73,72,89,,87,55,57,74,80,,57,49,46,52,47,52,42,38,,59,58,65,62,64,82,50,64,82,,64,57,,57,65,,55,58,57,,56,,137,,46,47,75,67,71,66,94,82,88,84,74,64,81,86,,116,104,,90,98,106,,97,100,94,97,107,105,,82,82,107,99,,,85,98,91,,111,88,87,56,63,105,81,,76,,,56,82,94,88,125,119,116,106,100,,106,107,106,109,113,119,119,120,115,,,97,99,96,74,,96,98,98,98,82,149,153,153,91,83,85,142,90,,46,103,139,133,111,120,155,,102,,174,132,54,92,61,62,106,62,126,105,115,29,143,48,,,130,102,104,95,,84,90,88,60,,122,132,,,161,126,138,154,122,136,172,162,153,126,99,16,38,21,61,,100,64,,102,138,71,64,111,90,71,173,55,42,86,74,145,82,86,81,158,84,140,69,136,57,116,76,,81,81,75,56,,82,113,9,88,67,54,76,81,77,147,48,51,41,46,63,134,55,49,108,85,86,169,70,55,34,34,,,94,113,106,87,153,131,76,136,,110,88,76,137,100,152,77,108,89,,137,92,90,120,108,73,103,,118,110,105,102,102,94,108,109,79,87,91,96,87,87,132,140,121,140,119,154,128,127,106,120,147,115,144,206,212,119,139,141,156,231,155,151,110,128,99,138,126,90,95,129,83,90,116,128,118,139,110,87,90,70,67,90,91,82,50,62,70,74,67,84,33,36,33,36,40,41,27,24,67,48,63,47,,45,68,65,172,137,133,156,148,176,,135,112,118,70,68,85,82,,136,93,78,80,56,65,95,166,130,124,142,118,137,123,121,93,112,123,110,75,88,172,75,83,91,87,139,141,132,127,147,139,134,132,140,141,119,180,124,150,112,106,107,100,98,94,114,147,96,88,113,210,138,121,166,102,137,216,110,114,105,142,115,119,101,84,122,111,112,114,103,100,123,78,99,96,90,93,89,86,89,64,64,37,52,27,51,79,68,71,62,38,56,55,136,155,132,160,102,121,156,150,147,162,161,121,,146,133,130,141,97,94,99,79,89,63,148,186,94,156,113,104,105,130,109,111,93,61,87,71,86,80,81,,107,85,81,99,76,56,66,52,69,94,93,99,117,141,112,89,84,86,101,144,154,89,,129,99,83,85,79,76,153,154,88,94,94,92,92,99,103,92,88,76,64,59,30,94,110,84,58,25,37,33,142,58,59,54,60,33,109,105,98,102,37,73,90,106,78,107,94,159,126,209,155,145,126,102,80,,132,120,42,48,84,67,64,147,159,128,128,148,91,71,58,46,56,50,49,56,113,109,108,,57,69,162,115,75,43,148,78,,70,73,67,67,88,85,98,138,84,76,105,59,71,92,84,78,122,64,72,87,88,66,114,145,78,70,70,73,112,80,126,68,60,65,156,138,174,147,112
20231004,21,O3_8h,54,58,67,47,57,63,51,50,60,65,51,46,,,72,,74,71,76,,68,,61,61,,55,67,,103,110,94,104,104,118,128,,51,66,,65,,93,75,75,,68,,93,95,102,74,,68,65,,76,76,,79,76,75,74,70,80,63,74,47,54,,50,68,75,68,82,85,,83,74,93,88,75,,,77,85,83,85,65,,67,66,,,78,75,69,73,,68,69,,65,70,68,68,58,,65,79,68,74,70,81,88,91,74,82,89,54,55,58,56,55,62,,57,61,58,55,42,48,46,49,50,52,45,50,52,44,54,101,107,102,107,110,,108,109,95,101,118,123,128,122,115,118,128,129,122,104,,103,112,110,111,105,109,106,102,96,100,100,106,,,,82,99,,97,87,90,,,,126,,104,102,99,107,98,101,107,103,102,,,,111,106,,117,120,130,112,118,,116,110,118,113,120,113,132,143,,133,,125,110,,108,93,,110,106,92,,98,116,107,91,104,102,102,,,100,99,108,90,94,96,85,,76,,,134,,104,104,,94,98,94,102,110,106,,94,90,78,80,76,94,100,92,83,83,88,90,88,91,83,72,74,80,,,133,129,128,128,,124,122,58,64,70,,60,66,71,,67,111,103,97,,111,109,111,112,112,,,141,143,139,146,131,134,28,24,22,25,33,34,24,20,,54,50,49,52,47,52,51,,61,54,28,47,35,45,38,36,38,41,46,28,125,137,,111,104,137,109,130,74,103,81,113,108,132,152,101,86,,95,97,93,80,168,128,184,151,145,135,126,154,,165,117,97,172,170,167,,178,174,125,175,,,99,90,99,98,100,106,94,98,123,114,137,,113,117,111,111,122,103,90,93,,68,68,73,67,30,,22,11,20,9,8,23,24,,,16,15,13,21,14,,40,43,44,41,,,46,50,73,75,69,73,72,65,66,82,70,,57,58,44,53,50,47,61,62,53,60,55,52,40,36,26,31,30,34,26,44,,33,45,34,18,,72,,70,66,,,,,96,,,,74,76,84,75,77,79,78,,88,34,42,49,46,37,36,32,35,37,37,,34,43,56,59,,75,60,70,71,68,71,66,71,67,,74,71,74,80,78,75,68,74,74,65,75,75,77,78,132,127,134,,,122,,95,85,61,92,91,,89,107,,,100,108,96,101,,110,103,102,,86,70,85,109,89,88,79,92,92,88,,,,,,,56,,49,129,124,132,126,140,143,88,91,88,,93,,,82,,89,83,85,152,170,156,165,130,,123,126,130,135,133,127,107,95,97,89,73,73,74,97,99,87,84,83,86,109,,102,92,79,,90,105,,83,79,80,87,87,,72,52,,,43,46,,,,73,68,75,74,102,110,,112,109,,39,41,,58,,82,62,88,,80,103,70,60,65,,68,60,66,58,68,63,,68,65,69,66,69,64,66,62,62,66,60,62,72,68,77,73,74,66,64,68,61,65,,45,44,46,,46,67,64,66,66,69,43,33,43,32,39,97,89,99,,112,120,106,,105,76,67,72,70,,78,72,75,,28,,35,33,34,35,,109,111,,,,26,,21,,20,,,,74,70,53,28,34,,,,38,38,44,35,66,67,,48,44,42,45,53,61,,74,,,74,73,67,59,71,78,91,94,98,70,79,85,85,103,93,100,99,100,83,57,59,48,37,40,28,,48,50,49,54,,54,61,62,54,24,35,30,25,,,,,36,46,,47,28,26,28,33,23,28,64,63,64,68,64,67,68,,41,48,,48,51,42,,42,30,,31,60,80,66,66,70,66,75,74,35,42,38,41,,,66,98,88,92,82,76,84,88,,93,86,85,84,90,,,112,,,,,144,,,,,,,,,,,,,,,,93,,,,,,,,,,,,,,,,,,,,,,,,,,,,,,,,,,,,,,31,74,64,70,73,83,79,84,72,,,,60,60,52,52,,,63,64,74,73,64,83,,83,76,55,,,51,47,,85,78,26,,26,,79,82,,,65,63,,,81,81,73,,,57,58,64,65,104,102,100,69,68,67,66,69,72,61,66,66,67,68,59,68,72,71,68,69,,51,55,65,,71,75,68,71,55,49,49,55,74,78,81,50,,,63,53,52,54,56,64,60,55,88,47,54,49,49,53,53,51,60,,,75,47,41,,38,39,,55,109,108,,109,99,110,,86,96,104,97,86,96,102,,70,75,77,76,78,76,80,81,,80,69,65,46,125,128,,91,,91,,,,65,67,73,47,78,88,,72,,91,84,83,123,125,133,126,,76,78,78,,,80,78,84,,72,71,72,,,128,41,43,41,41,40,36,18,18,20,24,64,62,66,65,,36,58,54,52,36,,77,81,80,79,77,79,75,77,27,,27,32,38,49,52,48,44,48,72,89,86,,85,80,79,,22,35,25,49,,56,53,54,,60,78,82,81,75,,70,72,67,78,63,66,65,,75,72,73,36,31,,52,42,90,60,58,74,69,68,62,70,38,41,,80,82,81,,54,59,,45,45,52,49,,62,62,61,42,34,42,50,49,56,52,49,58,63,66,64,61,53,63,61,61,56,46,53,56,53,47,79,69,76,72,68,53,50,50,56,49,42,64,60,54,66,26,58,53,84,87,96,84,80,86,86,101,94,96,100,98,97,84,78,93,108,113,112,92,99,66,76,69,,98,68,74,68,51,,57,38,32,30,28,44,48,43,45,28,33,37,39,52,39,,,,29,29,,29,13,21,28,22,26,,36,44,34,,,,,,58,54,53,59,18,,37,,56,58,67,63,63,65,,78,81,78,83,,,,,57,56,52,54,67,65,68,,84,50,50,56,56,,46,43,41,44,42,42,40,35,,50,47,60,56,40,46,45,43,70,,44,34,,44,54,,50,53,53,,52,,132,,45,44,45,46,46,42,59,53,61,63,64,51,52,74,,96,97,,72,82,94,,88,90,68,67,93,97,,71,68,96,86,,,79,91,80,,106,80,83,47,52,95,60,,60,,,45,64,87,80,109,105,89,77,86,,93,100,98,94,88,106,105,108,103,,,88,88,81,60,,84,88,91,86,65,107,118,120,57,60,68,104,82,,22,61,123,124,105,96,138,,96,,105,99,48,69,55,52,101,50,101,68,64,25,122,42,,,53,72,86,75,,61,75,74,43,,102,112,,,79,106,112,142,97,107,107,130,101,109,88,13,27,6,42,,68,26,,85,96,53,51,96,82,53,94,47,33,70,66,128,56,44,71,96,69,116,64,118,55,96,72,,73,74,68,48,,70,80,5,54,54,38,70,76,72,111,,35,37,35,53,110,36,26,64,59,76,103,55,44,18,14,,,86,97,84,77,120,127,70,119,,94,78,59,121,83,137,21,77,77,,67,82,72,110,97,58,96,,109,100,98,96,95,83,102,104,70,79,70,76,77,74,110,95,103,113,103,142,110,112,83,96,93,82,113,139,162,92,111,99,105,176,130,122,76,99,70,103,88,77,76,70,59,67,100,109,92,127,91,74,76,26,23,60,52,71,26,27,49,54,50,60,28,27,24,33,33,24,17,8,60,40,37,35,,36,51,40,123,108,68,94,97,107,,90,86,98,30,56,71,68,,77,81,72,68,43,54,82,137,100,106,98,94,111,97,88,85,92,95,88,67,84,104,45,69,69,77,121,123,120,103,122,123,107,106,118,114,101,117,111,135,104,89,91,75,82,86,86,98,75,61,94,166,108,112,128,92,115,175,81,93,76,97,76,70,64,54,104,82,79,101,95,86,101,18,25,87,40,38,54,77,73,50,50,19,50,19,41,63,56,49,53,30,36,37,84,125,87,92,53,89,138,120,126,91,142,102,,106,98,105,99,85,76,91,65,80,51,131,125,68,129,74,92,81,91,93,92,67,50,82,61,65,66,64,,99,76,58,90,70,36,55,46,59,87,87,87,95,112,95,63,68,72,70,128,143,68,,103,73,50,57,53,57,96,118,62,68,66,65,66,78,68,67,64,46,27,19,17,61,98,47,38,21,28,29,124,33,47,45,36,24,98,86,90,88,18,49,81,78,57,83,84,138,79,177,115,98,89,96,76,,111,102,26,37,60,51,46,117,123,93,98,97,49,56,51,29,28,41,38,48,104,92,93,,42,55,105,106,49,28,110,53,,61,52,63,48,75,73,58,96,65,61,89,24,66,70,56,67,61,41,60,71,74,50,101,108,62,50,56,48,101,65,95,58,55,51,92,95,94,70,101
20231004,21,O3_8h_24h,55,59,68,58,58,65,53,63,83,68,52,56,,,81,,83,80,87,,84,,74,80,,79,74,,108,119,103,114,111,121,137,,77,82,,76,,96,93,100,,90,,108,112,118,88,46,75,76,,84,82,,79,78,87,75,72,80,74,76,64,71,,71,82,83,82,94,92,,108,102,111,109,79,,,78,85,84,85,83,,72,73,,,82,82,79,82,,85,77,,77,78,74,81,74,,95,138,139,137,133,147,143,154,118,122,133,62,63,67,67,63,69,,64,70,67,69,60,58,62,66,64,68,62,65,59,59,65,102,107,102,107,111,,109,112,96,101,121,123,128,122,115,118,128,129,123,130,,113,120,116,123,113,121,114,108,101,110,106,127,,,,97,113,,116,107,107,,,,131,,114,107,107,113,109,112,110,110,110,,,,120,116,,124,124,133,123,125,,126,123,130,130,127,126,136,144,,134,,134,125,,108,93,,110,106,92,,98,116,107,91,104,102,102,,,100,99,108,98,101,107,90,,88,,,134,,105,104,,97,100,96,102,112,106,,96,94,82,88,79,94,100,95,88,83,88,91,88,91,83,73,82,87,,,134,129,128,128,,142,142,58,64,70,,60,66,71,,67,135,124,116,,128,131,132,133,131,,,160,160,156,165,156,159,77,76,86,79,75,79,80,82,,58,51,58,57,63,52,60,,68,58,32,47,42,46,40,41,42,43,46,28,139,143,,123,120,149,113,143,88,121,107,131,116,138,156,104,94,,115,104,102,127,202,146,200,158,152,145,132,160,,171,127,114,186,181,177,,186,179,135,181,,,110,112,116,105,113,119,102,102,132,120,142,,119,120,116,119,128,111,103,108,,68,73,84,70,33,,22,13,20,9,9,26,24,,,17,15,17,23,15,,51,47,44,43,,,49,75,86,83,74,80,78,71,75,88,79,,60,58,51,54,52,51,62,64,57,62,58,54,45,41,36,42,38,44,33,54,,44,45,41,28,,80,,72,69,,,,,97,,,,84,78,84,75,79,81,82,,88,35,43,49,47,38,38,35,36,38,39,,35,44,56,81,,84,80,84,86,80,79,75,76,77,,135,148,137,86,81,77,78,99,113,84,81,82,86,85,137,137,146,,,134,,111,111,105,109,99,,97,118,,,112,121,114,117,,128,121,128,,119,112,116,126,110,112,113,116,115,109,,,,,,,73,,58,129,130,132,132,146,150,131,121,116,,129,,,83,,89,84,89,152,171,170,165,139,,133,134,142,142,141,135,107,101,99,91,88,79,86,106,107,98,88,87,90,119,,112,102,95,,116,123,,110,120,113,106,99,,92,54,,,63,69,,,,80,75,85,79,102,111,,112,110,,42,42,,58,,90,82,93,,88,128,79,71,80,,125,118,130,116,111,124,,93,96,96,90,96,79,122,70,85,123,104,96,78,79,84,78,80,76,76,75,72,75,,49,54,53,,53,74,71,70,71,73,52,54,52,59,58,99,92,101,,112,120,111,,107,80,68,74,72,,86,77,94,,54,,35,33,45,40,,111,112,,,,59,,58,,28,,,,74,70,64,33,38,,,,38,38,45,35,66,67,,53,44,45,45,53,61,,75,,,75,73,67,59,76,78,97,95,106,73,82,86,88,118,110,115,110,115,103,67,68,57,48,50,47,,54,58,58,55,,59,68,67,58,32,38,31,25,,,,,47,52,,52,33,27,32,33,29,31,69,66,68,71,71,67,68,,42,49,,62,60,43,,48,37,,35,62,83,68,70,74,67,77,76,42,46,41,41,,,103,105,96,94,87,91,86,93,,99,86,89,91,98,,,124,,,,,165,,,,,,,,,,,,,,,,124,,,,,,,,,,,,,,,,,,,,,,,,,,,,,,,,,,,,,,34,75,64,71,75,84,81,84,78,,,,64,63,58,61,,,64,68,75,76,74,86,,85,80,55,,,51,52,,90,83,36,,33,,87,90,,,75,66,,,92,92,78,,,65,68,75,80,109,104,105,77,72,72,74,78,111,92,106,94,72,73,67,72,80,79,76,76,,59,64,78,,97,102,82,94,68,61,70,72,75,78,82,72,,,78,62,59,60,68,68,80,60,101,62,65,59,65,58,69,62,73,,,88,74,68,,62,62,,60,115,115,,115,112,121,,98,102,107,102,124,101,114,,71,78,78,79,78,76,80,81,,80,69,66,46,126,128,,96,,95,,,,72,79,79,65,87,97,,73,,91,84,83,123,125,133,128,,82,83,82,,,86,86,91,,80,78,80,,,136,42,45,42,43,40,41,20,22,22,28,67,62,67,65,,39,58,54,52,36,,77,81,80,79,83,85,80,82,27,,27,32,38,51,53,50,46,50,76,95,93,,86,84,83,,46,60,55,84,,74,71,66,,68,79,82,81,78,,70,72,67,78,68,72,79,,75,72,73,38,33,,52,42,91,63,61,79,73,71,73,77,39,41,,80,82,81,,54,59,,49,45,52,49,,63,62,61,42,36,43,50,50,56,53,49,58,63,66,64,61,56,64,62,63,58,46,54,56,53,47,80,69,77,73,70,56,59,52,59,52,42,65,60,54,66,36,58,53,106,108,110,95,83,91,89,108,109,106,114,106,103,98,85,111,124,124,120,98,106,82,88,90,,114,86,98,68,72,,73,41,34,36,33,46,49,44,46,49,50,57,50,56,47,,,,29,29,,29,31,30,32,26,28,,42,48,39,,,,,,58,56,53,59,21,,38,,56,62,68,64,63,66,,78,81,78,83,,,,,75,64,55,57,68,67,70,,85,53,52,61,65,,48,46,44,50,44,46,40,36,,55,53,60,58,50,58,45,56,72,,47,42,,47,57,,51,53,53,,52,,132,,46,44,60,67,71,64,73,65,71,70,64,51,52,74,,101,100,,72,82,96,,88,90,82,84,98,101,,78,78,103,95,,,82,95,84,,107,82,84,53,57,97,64,,61,,,50,74,89,82,112,108,98,86,89,,96,100,98,94,90,107,105,108,103,,,88,88,82,63,,84,91,91,86,73,117,118,129,86,77,79,114,85,,30,71,124,126,105,97,138,,99,,151,113,48,78,56,56,103,51,108,74,76,25,122,42,,,71,86,92,85,,72,80,81,50,,108,124,,,122,116,121,143,104,118,135,143,126,115,88,13,27,14,44,,81,62,,94,131,58,54,99,88,67,131,55,35,71,66,131,78,54,76,123,79,129,67,126,55,103,72,,76,76,71,53,,76,101,6,69,56,50,73,78,74,111,60,51,37,35,54,123,40,31,103,70,76,137,57,46,25,28,,,90,103,92,86,136,127,70,123,,96,78,59,122,91,142,68,98,79,,76,86,86,118,105,58,100,,111,102,100,97,98,88,103,106,73,82,83,83,84,82,123,123,110,122,113,142,123,120,94,111,115,103,126,155,176,92,119,112,127,183,135,129,94,110,76,114,108,84,84,80,77,80,101,112,103,131,100,76,77,38,67,75,63,71,28,62,65,70,65,72,28,27,25,33,33,31,21,19,62,40,38,45,,41,55,51,154,122,112,126,118,143,,116,99,106,49,59,71,68,,132,87,73,68,48,56,85,140,114,113,106,106,121,99,103,86,97,103,100,67,84,137,75,71,82,85,122,124,120,112,130,125,117,115,126,123,112,142,116,138,104,89,91,84,82,88,103,141,84,74,98,177,122,112,141,95,126,190,99,97,88,113,92,112,78,78,110,82,91,101,99,94,102,77,85,88,64,67,86,78,76,62,60,24,50,22,41,71,58,59,54,33,46,44,108,144,110,121,64,89,141,137,132,125,151,115,,122,120,118,118,86,84,94,70,80,55,134,151,83,138,91,96,92,109,97,102,69,50,83,65,71,74,72,,102,76,72,90,70,36,57,50,59,87,88,92,104,114,98,80,76,80,84,128,143,83,,118,83,77,79,73,70,111,132,80,78,82,81,86,85,76,83,78,54,55,54,23,64,98,70,42,21,28,29,129,36,47,46,40,27,100,90,94,96,27,73,81,86,59,89,88,142,125,178,130,118,107,98,77,,113,111,32,38,71,55,53,132,134,111,114,127,81,56,53,36,31,41,39,48,104,98,95,,47,62,126,106,64,31,111,62,,61,63,63,59,81,74,71,122,79,72,92,27,66,92,79,71,86,48,64,81,84,58,107,111,72,66,63,67,101,72,115,62,56,60,130,114,134,136,106
20231004,21,CO,0.3,0.1,0.2,0.3,0.2,0.1,0.3,0.3,0.2,0.2,0.2,0.6,,,0.4,,0.4,0.5,0.4,,0.8,,0.4,0.8,,0.4,0.6,,0.6,0.4,0.5,0.4,0.6,0.4,0.6,,0.5,0.3,,0.3,,0.2,0.3,0.4,,0.1,,0.4,0.7,0.4,0.8,,0.2,0.5,,0.5,0.3,,,0.2,0.2,0.2,0.2,0.2,0.3,0.2,0.6,0.4,,0.7,0.6,0.3,0.7,0.4,0.2,,0.7,0.5,0.4,0.8,1.1,,,0.6,0.4,0.5,0.4,0.4,,0.5,0.6,,,0.3,0.6,0.3,0.4,,0.4,0.5,,0.3,0.4,0.5,0.5,0.4,,0.4,0.4,0.6,0.6,0.4,0.4,0.5,0.4,0.5,0.4,0.4,0.3,0.3,0.2,0.2,0.2,0.2,,0.3,0.3,0.4,0.4,0.3,1.3,0.4,0.6,0.8,0.6,0.4,0.3,0.3,0.6,0.5,0.6,0.6,0.4,0.7,0.5,,0.4,0.5,0.4,0.6,0.4,0.7,0.2,0.6,0.4,0.4,0.4,0.4,0.6,0.7,,0.6,0.6,0.7,0.5,0.9,0.6,0.2,0.6,0.5,0.5,0.4,0.7,,,,0.8,0.7,,0.5,0.7,0.6,,,,0.5,,1.1,0.4,0.8,1,0.7,0.8,0.8,0.5,0.4,,,,0.6,0.5,,0.6,0.4,0.4,0.5,0.4,,0.5,0.8,0.7,0.8,0.9,0.8,1.1,1.2,,1.2,,0.6,0.9,,0.6,0.6,,0.6,0.7,0.6,,0.7,0.7,0.7,0.6,0.5,0.5,0.5,,,0.4,0.6,0.4,0.5,0.4,0.4,0.4,,0.6,,,0.5,,0.6,0.6,,0.4,0.4,0.5,0.5,0.4,0.3,,0.5,0.5,0.5,0.5,0.6,0.4,0.4,0.4,0.6,0.5,0.6,0.3,0.8,0.4,0.7,0.6,,0.7,,,0.4,0.5,0.6,0.4,,0.4,0.5,0.9,0.9,0.8,,0.8,0.8,0.7,,0.8,0.5,0.4,0.6,,,0.5,0.5,0.3,0.3,,,0.4,0.5,0.4,0.4,0.4,0.5,1.3,1.3,0.5,1,1.5,1.4,1.1,1.3,,0.7,0.6,0.6,0.6,0.5,0.5,0.5,,0.5,0.7,0.5,0.6,0.8,0.7,0.8,0.6,0.7,0.5,0.8,0.4,1,0.9,,0.7,0.7,0.9,1,0.8,0.7,0.9,0.7,1.1,0.7,1.1,0.9,0.8,0.6,,0.7,0.8,1,1.1,0.9,0.7,0.6,0.8,0.7,0.6,0.6,1,,0.8,0.9,0.8,0.6,0.8,0.5,,0.7,0.7,0.7,0.7,,,0.8,0.9,1.1,0.6,0.7,0.8,0.8,0.6,0.6,0.8,0.6,,0.7,0.6,0.7,0.8,0.4,0.7,0.6,0.8,,0.3,0.5,0.4,,0.3,,0.7,1.1,0.7,0.7,0.9,1,0.7,,,1,,0.9,1,0.9,,1,0.7,0.7,0.7,,,0.9,0.7,0.5,0.4,0.6,0.5,0.6,0.3,0.4,0.4,0.4,,0.7,0.5,0.9,0.8,0.7,0.8,0.4,0.3,0.3,0.2,0.4,0.2,0.7,0.9,1.1,1,0.9,0.9,0.8,0.7,,0.9,0.2,0.9,0.8,,0.7,,0.4,0.6,,,,,0.3,,,,0.6,0.5,0.3,0.4,0.7,0.4,0.4,,0.5,0.6,0.7,0.7,0.5,0.9,0.8,0.8,,0.6,0.8,,0.7,1,0.5,0.8,,0.7,0.6,0.7,0.5,0.6,0.4,0.7,0.5,0.6,,0.4,0.6,0.3,0.4,0.5,0.5,0.5,0.1,0.3,0.2,0.2,0.3,0.2,0.5,0.7,0.7,0.6,,,0.6,,0.6,0.7,1.2,0.8,0.4,,0.4,0.4,,,0.5,0.7,0.8,0.3,,0.4,0.5,0.3,,0.6,0.8,0.7,0.6,1.1,0.4,0.2,0.5,0.3,0.3,,,,,,,0.5,,0.7,0.4,0.5,0.6,0.6,0.4,0.5,0.3,0.2,0.3,,0.2,,,0.7,,0.7,0.8,0.6,0.8,1,0.6,0.6,1,,0.9,0.7,0.7,0.6,0.8,0.7,0.7,0.9,0.8,0.9,0.7,0.6,0.7,0.9,0.7,0.7,0.8,0.8,0.8,0.8,,0.7,0.8,0.9,,0.7,0.9,,0.8,0.7,0.9,0.7,1,,0.7,0.9,,,0.7,0.6,,,,0.5,0.4,0.4,0.7,1.1,1.5,,0.9,1,,2.9,2.5,,,,0.8,0.7,0.8,,0.9,0.6,0.2,0.3,0.4,,0.5,1,0.5,1.5,0.4,0.4,,0.4,0.5,0.3,0.4,0.3,0.2,0.5,0.4,0.8,0.7,0.4,0.5,0.5,0.4,0.5,0.6,0.4,0.4,0.4,0.5,0.5,0.4,,0.2,0.1,0.2,,0.1,0.3,0.2,0.3,0.4,0.3,0.3,0.3,0.3,0.2,0.3,0.7,0.4,0.7,,0.5,0.8,0.8,,0.7,0.7,0.8,0.8,0.7,,0.7,0.9,1,,1,,1.1,0.9,0.8,1,,0.9,0.6,,,,1.7,,1.8,,1,,,,0.7,1.2,0.9,0.9,0.9,,,,0.7,0.6,0.7,0.5,0.7,0.6,,0.7,0.6,0.7,0.6,0.4,0.7,,0.6,,,0.4,0.5,0.5,0.6,0.7,0.8,0.7,0.7,0.6,0.7,0.6,0.5,0.6,0.5,0.7,0.8,0.9,0.7,0.5,0.3,0.4,0.8,0.8,0.8,1,,0.7,0.8,0.8,0.6,,0.7,0.8,0.5,0.7,0.5,0.5,0.6,0.6,,,,,0.8,0.8,,0.7,0.4,0.6,0.4,0.3,0.3,0.4,0.8,0.7,0.6,0.7,0.8,1,0.6,,0.8,0.4,,0.6,0.4,0.7,,0.5,0.8,,0.9,0.4,0.6,0.6,0.6,0.5,0.5,0.6,0.5,0.9,0.7,0.9,0.8,,,0.7,0.2,0.7,0.2,0.3,0.3,0.3,0.3,,0.6,0.3,0.6,0.5,0.4,,,0.7,,,,,0.5,,,,,,,,,,,,,,,,0.4,,,,,,,,,,,,,,,,,,,,,,,,,,,,,,,,,,,,,,0.9,0.7,0.7,0.8,0.9,0.4,0.5,0.5,0.4,,,,1.9,1.3,1.1,1.1,,,0.7,0.7,0.5,0.7,0.7,0.3,,0.4,0.5,0.9,,,0.9,1,,0.5,0.5,0.8,,0.9,,0.4,0.3,,,0.5,0.2,,,0.7,1,0.2,,,0.2,0.3,0.4,0.4,0.6,0.5,0.4,0.4,0.2,0.3,0.6,0.3,0.4,0.3,0.6,0.4,0.4,0.2,0.3,0.3,0.3,0.3,0.5,0.4,,0.2,0.3,0.5,,0.3,0.3,0.5,0.4,0.4,0.3,0.5,0.4,0.4,0.4,0.3,0.1,,,0.1,0.1,0.2,0.2,0.1,0.2,0.2,0.1,0.2,0.3,0.3,0.2,0.4,0.5,0.3,0.4,0.1,,,0.6,0.2,0.3,,0.3,0.4,,0.1,0.5,0.5,,0.5,0.5,0.6,,0.4,0.3,0.4,0.4,0.3,0.6,0.6,,0.7,0.8,0.5,0.7,0.4,0.7,0.7,0.7,,0.6,0.5,0.5,0.7,0.4,0.4,,0.5,,0.5,,,,0.4,0.5,0.6,0.5,0.6,0.4,,0.7,,0.6,0.4,0.5,0.7,0.6,0.6,0.7,,0.4,0.6,0.6,,,0.6,0.7,0.7,,0.5,0.5,0.6,,,,0.4,0.5,0.4,0.5,0.5,1.3,1,1.2,1.2,0.9,0.7,0.5,0.6,0.8,,0.4,0.4,0.3,0.5,0.6,,1.3,,1.6,1.1,0.9,0.9,0.7,0.9,0.5,,1,1.2,0.7,1,1,1,1.2,1,,0.3,0.5,,1.2,1.2,1.3,,1.3,1.2,1.1,1,,0.9,1,1.2,,0.9,0.6,0.5,0.6,0.7,,0.4,0.4,0.4,0.4,0.6,0.7,0.4,,0.3,0.3,0.3,0.4,0.4,,0.6,0.4,0.8,0.9,0.9,0.8,0.6,0.6,0.8,0.7,0.4,0.6,,0.6,0.5,0.4,,0.7,0.7,,0.8,0.6,0.7,0.6,,0.5,0.4,0.4,0.8,1,0.7,0.8,0.9,0.8,1,0.9,0.8,0.6,0.6,0.6,0.6,0.6,0.6,0.6,0.8,0.7,0.9,1,0.9,0.7,0.8,0.7,0.6,0.6,0.7,0.7,0.8,0.7,0.9,0.6,0.7,0.8,0.6,0.8,0.9,0.5,0.7,0.5,0.6,1,0.8,0.9,0.9,0.5,0.6,0.5,0.6,0.7,0.6,0.6,0.7,0.8,,0.7,1,0.9,0.7,0.6,0.9,0.9,0.4,0.8,0.8,,0.5,0.6,0.5,0.3,0.6,,0.4,0.8,0.4,0.5,0.3,0.6,0.5,0.7,0.5,0.7,0.6,0.6,,0.7,0.6,,,,0.5,0.4,,0.5,,0.4,0.4,0.5,0.4,,0.7,0.5,0.4,,,,,,0.5,0.6,0.6,0.6,0.9,,0.5,,0.4,0.6,0.6,0.7,0.7,0.8,,0.5,0.5,0.7,0.6,,,,,0.2,0.4,0.6,0.6,0.2,0.2,0.7,,0.4,0.6,0.4,0.7,0.6,,0.7,0.5,0.7,0.7,0.5,0.5,0.4,0.4,,0.4,,0.3,0.4,0.5,0.2,0.4,0.4,0.6,,0.5,0.5,,0.4,0.4,,0.3,0.3,0.5,,0.7,,0.3,,0.3,0.3,0.5,,0.6,0.7,0.5,0.4,0.5,0.5,0.6,0.6,0.5,0.2,,0.4,0.5,,0.6,0.5,0.5,,0.2,0.4,0.2,0.4,0.4,0.4,,0.4,0.5,0.2,0.2,,,0.6,0.6,0.5,,0.5,0.5,0.4,0.7,0.7,0.7,0.4,,0.5,,,0.7,0.4,0.4,0.3,0.8,0.8,0.8,0.7,0.6,,0.4,0.3,0.4,0.8,0.9,0.4,0.5,0.7,0.4,,,,0.6,0.5,0.4,,0.5,0.3,0.6,0.4,0.7,0.7,0.9,0.8,0.5,0.5,0.7,0.6,0.4,,0.7,0.5,0.5,0.4,0.4,0.5,0.7,,0.4,,0.3,0.5,0.8,0.7,0.9,,0.4,0.7,0.3,0.4,0.3,0.5,0.5,0.3,,,0.5,0.6,0.7,0.5,,0.7,0.5,0.4,0.7,,0.5,0.7,,,1.3,0.3,0.3,1.1,,0.7,1,0.9,0.8,0.2,0.4,0.5,0.8,0.8,2.5,,0.3,0.9,,0.5,0.8,0.4,0.3,0.7,0.4,0.3,0.2,0.4,0.9,0.3,0.6,0.4,0.4,1.6,0.4,0.2,0.3,0.7,0.2,0.4,0.4,0.2,1,,0.8,0.7,0.8,0.4,,0.3,0.4,1.2,1.1,0.8,0.6,0.6,0.5,0.5,0.5,,0.6,0.5,0.7,0.9,0.6,0.7,1.1,0.8,0.6,0.8,0.4,0.5,0.4,0.8,0.9,,,0.4,0.6,0.3,1,0.6,0.2,0.5,0.7,,0.4,0.9,0.5,0.4,0.6,0.9,1.6,0.7,0.6,,0.4,0.6,0.3,0.5,0.4,0.4,0.3,,0.3,0.6,0.4,0.5,0.7,0.8,0.6,0.7,0.3,0.4,0.5,0.4,0.4,0.4,0.7,0.7,0.6,0.5,0.3,1.2,0.5,0.5,0.8,1,1,0.9,0.6,1.3,0.8,0.7,0.9,0.9,0.7,0.7,0.7,0.6,0.7,0.7,0.7,,0.6,0.1,0.4,0.4,0.5,0.7,0.8,0.3,0.7,0.5,0.5,0.6,0.6,0.6,1,0.9,1.2,0.3,1.3,1.3,0.4,0.3,0.5,0.8,0.7,0.8,0.6,0.7,0.8,0.5,0.7,0.6,0.7,0.5,0.3,0.9,,0.7,0.3,0.6,0.5,0.4,0.6,0.3,0.3,0.2,,0.8,0.3,0.3,0.8,0.7,0.5,0.6,,0.7,0.3,0.5,0.6,0.7,0.9,0.8,0.9,0.7,0.7,0.6,0.8,0.9,0.6,0.7,0.6,0.6,0.6,0.7,0.7,1.1,0.4,0.4,0.2,0.6,0.4,0.7,0.8,0.5,0.7,1,0.6,0.8,0.4,0.5,0.5,0.3,0.7,0.6,0.8,0.3,0.4,0.2,0.3,0.4,0.5,0.9,0.7,0.7,0.7,0.9,0.6,0.7,0.8,0.6,0.8,0.8,0.7,0.7,0.6,0.2,0.4,0.2,0.3,0.5,0.3,0.6,0.4,0.6,0.8,0.5,0.6,0.7,1.1,2.1,1.4,1.1,0.9,0.4,0.7,0.7,0.2,0.3,0.8,0.5,0.6,0.9,0.2,0.6,0.7,0.7,0.7,0.8,0.9,0.6,0.5,0.9,0.3,0.8,0.7,0.5,0.4,0.4,0.2,0.6,0.1,,0.5,0.5,0.6,0.4,0.3,0.4,0.4,0.2,0.4,0.8,0.4,0.4,0.5,0.6,0.7,0.7,0.8,0.7,0.8,0.6,0.7,0.6,0.5,0.4,0.4,0.6,0.5,,0.5,0.7,0.6,0.4,0.6,1.1,0.5,0.5,0.7,0.8,0.7,0.6,0.5,0.4,0.4,0.5,0.6,0.7,1.4,1.6,1.3,0.6,,0.6,0.5,0.4,0.7,0.6,0.4,0.7,0.3,0.3,0.3,0.4,0.3,0.2,0.4,0.5,0.5,0.7,1.9,1.2,1.1,0.6,0.9,1.6,1.3,1.1,0.6,0.8,0.8,3.9,0.8,0.6,0.8,0.7,0.6,0.4,0.7,0.8,1.5,0.8,0.6,0.4,1.1,0.9,0.3,,0.7,0.9,0.9,0.8,0.9,0.8,0.4,0.3,,0.8,0.6,0.7,1.1,0.4,0.4,0.8,0.3,0.3,0.2,0.2,0.4,0.6,0.4,0.7,0.9,0.8,0.7,0.6,0.7,0.6,0.6,0.5,,0.2,0.3,0.7,0.2,1.1,2.4,,0.9,,0.3,0.3,0.3,0.3,0.6,0.5,0.7,0.4,0.7,0.3,0.4,1.1,0.6,0.3,0.5,0.3,0.1,0.5,0.1,0.2,0.4,0.4,0.5,0.8,0.5,0.3,0.3,0.4,0.5,0.2,0.5,0.2,0.5,0.6,0.3,0.9,0.4,0.5,0.4
20231004,21,CO_24h,0.3,0.2,0.3,0.3,0.3,0.2,0.4,0.4,0.3,0.3,0.3,0.6,,,0.5,,0.4,0.5,0.5,,0.6,,0.5,0.5,,0.6,0.7,,0.8,0.8,0.7,0.8,0.9,0.7,1.1,,0.6,0.5,,0.4,,0.3,0.4,0.6,,0.3,,0.8,0.5,0.7,0.7,0.8,0.3,0.5,,0.6,0.3,,0.1,0.2,0.2,0.3,0.4,0.4,0.3,0.2,0.3,0.3,,0.4,0.5,0.5,0.3,0.6,0.3,,1.1,1,1,1.1,0.8,,,0.9,1,0.8,0.8,0.8,,0.4,0.4,,,0.2,0.4,0.3,0.3,,0.5,0.5,,0.4,0.5,0.5,0.5,0.4,,0.4,0.6,0.6,0.6,0.6,0.5,0.6,0.6,0.7,0.5,0.5,0.3,0.3,0.3,0.3,0.2,0.2,,0.3,0.3,0.4,0.4,0.3,0.5,0.4,0.5,0.7,0.5,0.4,0.3,0.4,0.6,0.4,0.5,0.6,0.4,0.6,0.5,,0.4,0.5,0.4,0.6,0.4,0.7,0.2,0.6,0.3,0.3,0.5,0.4,0.6,0.6,,0.6,0.6,0.6,0.6,0.6,0.7,0.2,0.6,0.5,0.5,0.6,0.6,,,,0.6,0.6,,0.5,0.5,0.5,,,,0.4,,1.1,0.7,0.9,1,0.9,1,1,0.9,0.5,,,,0.6,0.6,,0.5,0.4,0.4,0.5,0.4,,0.3,0.8,0.6,0.7,0.7,0.7,0.6,0.6,,0.5,,0.6,0.6,,0.5,0.5,,0.5,0.6,0.5,,0.7,0.5,0.6,0.5,0.5,0.5,0.5,,,0.4,0.6,0.5,0.5,0.4,0.5,0.5,,0.5,,,0.5,,0.7,0.5,,0.5,0.5,0.5,0.5,0.4,0.3,,0.6,0.5,0.5,0.5,0.6,0.4,0.5,0.5,0.7,0.5,0.6,0.3,0.7,0.4,0.7,0.7,0.5,0.6,,,0.4,0.4,0.5,0.5,,0.4,0.4,0.7,0.8,0.6,,0.7,0.6,0.5,,0.7,0.5,0.5,0.6,,0.5,0.5,0.5,0.4,0.5,,,0.6,0.7,1,0.5,0.6,0.7,1,1,0.3,0.8,0.9,1,0.8,0.9,,0.7,0.6,0.5,0.7,0.5,0.5,0.5,,0.5,0.7,0.4,0.6,0.6,0.6,0.8,0.6,0.6,0.5,0.8,0.3,0.9,0.9,,0.7,0.7,0.9,0.9,0.8,0.7,0.8,0.6,0.9,0.6,1,0.7,0.8,0.6,,0.6,0.7,0.9,1,0.8,0.6,0.6,0.8,0.7,0.6,0.6,0.8,,0.8,0.8,0.6,0.5,0.7,0.5,,0.6,0.6,0.6,0.6,,,0.9,0.9,0.9,0.7,0.8,0.9,0.8,0.8,0.6,0.7,0.6,,0.7,0.7,0.8,0.8,0.5,0.8,0.7,0.7,,0.5,0.4,0.4,0.3,0.3,,0.8,1,0.7,0.7,0.9,0.9,0.8,,,0.9,0.9,0.9,0.9,1.1,,0.6,0.6,0.6,0.6,,,0.7,0.8,0.4,0.2,0.4,0.4,0.4,0.2,0.3,0.3,0.3,,0.6,0.5,0.6,0.8,0.5,0.6,0.4,0.2,0.3,0.3,0.3,0.2,0.7,0.8,0.9,0.8,0.8,0.7,0.6,0.7,,0.9,0.2,0.7,0.7,,0.6,,0.5,0.6,,,,,0.5,,,,0.6,0.6,0.7,0.7,0.8,0.6,0.6,,0.5,0.6,0.7,0.6,0.5,0.8,0.7,0.7,0.7,0.6,0.7,,0.5,0.9,0.5,0.5,,0.6,0.5,0.6,0.5,0.6,0.4,0.6,0.6,0.5,,0.6,0.7,0.4,0.6,0.6,0.6,0.6,0.3,0.3,0.3,0.3,0.4,0.4,0.6,0.7,0.7,0.6,,,0.8,,0.5,0.6,0.9,0.7,0.6,,0.5,0.6,,,0.6,0.9,0.9,0.6,,0.5,0.6,1.1,,0.5,0.6,0.6,0.6,0.7,0.6,0.3,0.6,0.4,0.3,,,,,,,0.5,,0.6,0.4,0.6,0.5,0.8,0.6,0.7,0.3,0.3,0.5,,0.5,,,0.7,,0.8,0.8,0.6,0.8,0.9,0.7,0.6,0.9,,0.8,0.7,0.8,0.7,0.7,0.6,0.6,0.8,0.8,0.7,0.7,0.8,0.7,1,0.7,0.7,0.8,0.8,0.8,0.9,,0.7,0.8,0.8,,0.4,0.7,,0.8,0.8,1,0.8,0.9,,0.7,0.7,,,0.5,0.4,,,,0.6,0.5,0.5,0.5,1.3,1.7,,1.4,1.2,,1.7,1.6,,1.6,,1,0.7,0.9,,0.9,0.7,0.2,0.3,0.3,,0.6,0.7,0.7,1.3,0.7,0.6,,0.4,0.6,0.5,0.5,0.4,0.3,0.6,0.7,1.1,0.6,0.5,0.6,0.5,0.5,0.6,0.6,0.4,0.4,0.5,0.5,0.5,0.5,,0.3,0.2,0.3,,0.2,0.4,0.3,0.3,0.5,0.4,0.3,0.3,0.3,0.2,0.3,0.5,0.6,0.7,,0.5,0.8,0.7,,0.7,0.7,0.8,0.8,0.7,,0.6,0.9,0.8,,0.9,,1.1,0.9,0.8,0.9,,1.1,1,,,,0.8,,0.8,,1.1,,,,0.6,0.8,0.6,0.8,0.7,,,,0.7,0.7,0.7,0.6,0.8,0.7,,0.8,0.6,0.8,0.6,0.5,0.7,,0.6,,,0.5,0.6,0.5,0.6,0.7,0.8,0.8,0.9,0.7,0.5,0.6,0.6,0.6,0.5,0.8,0.8,0.8,0.7,0.5,0.3,0.4,0.7,0.7,0.7,0.8,,0.8,0.8,0.8,0.6,,0.6,1,0.6,0.6,0.4,0.6,0.6,0.6,,,,,0.6,0.7,,0.6,0.5,0.5,0.4,0.3,0.3,0.4,0.7,0.6,0.5,0.5,0.8,0.9,0.6,,0.8,0.5,,0.7,0.5,0.7,,0.5,0.6,,0.7,0.5,0.7,0.7,0.6,0.6,0.7,0.7,0.6,0.8,0.7,0.8,0.7,,,0.6,0.2,0.9,0.4,0.7,0.5,0.2,0.2,,0.4,0.2,0.6,0.3,0.3,,,0.6,,,,,0.7,,,,,,,,,,,,,,,,0.6,,,,,,,,,,,,,,,,,,,,,,,,,,,,,,,,,,,,,,0.8,0.8,0.7,0.9,0.9,0.4,0.5,0.4,0.4,,,,1.4,1.1,1.2,1,,,0.6,0.6,0.6,0.6,0.6,0.6,,0.6,0.7,1,,,1,0.9,,0.6,0.7,0.6,,0.7,,0.5,0.3,,,0.4,0.3,,,0.4,0.4,0.3,,,0.2,0.3,0.2,0.2,0.7,0.5,0.5,0.4,0.3,0.3,0.6,0.3,0.5,0.4,0.6,0.7,0.4,0.2,0.3,0.3,0.3,0.3,0.5,0.4,,0.2,1.7,0.5,,0.2,0.3,0.5,0.5,0.4,0.4,0.4,0.4,0.4,0.6,0.5,0.3,,,0.2,0.2,0.3,0.3,0.2,0.2,0.2,0.2,0.2,0.3,0.4,0.2,0.5,0.6,0.3,0.5,0.2,,,0.7,0.2,0.3,,0.4,0.4,,0.1,0.4,0.4,,0.3,0.3,0.5,,0.3,0.3,0.3,0.3,0.3,0.6,0.5,,0.6,0.6,0.5,0.8,0.4,0.7,0.8,0.8,,0.7,0.4,0.5,0.6,0.3,0.3,,0.5,,0.6,,,,0.6,0.5,0.5,0.5,0.6,0.3,,0.7,,0.8,0.6,0.7,0.7,0.6,0.7,0.7,,0.5,0.7,0.7,,,0.7,0.8,0.7,,0.6,0.6,0.7,,,0.5,0.3,0.5,0.4,0.5,0.4,0.9,1.2,0.9,1,0.7,0.7,0.6,0.7,0.8,,0.1,0.5,0.4,0.6,0.7,,1.3,0.9,1.6,1.1,1,0.6,0.8,0.9,0.7,,1.4,1.7,1,0.9,0.9,0.9,1.1,0.9,,0.4,0.5,,1.3,1.1,1.1,,1,1.3,1,0.6,,0.6,0.6,0.8,,0.7,0.6,0.5,0.6,0.7,,0.6,0.7,0.6,0.6,0.5,0.6,0.4,,0.4,0.3,0.4,0.6,0.7,,1,0.7,0.7,0.8,0.9,0.7,0.7,0.6,0.9,0.7,0.5,0.7,,0.6,0.6,0.4,,0.7,0.8,,0.8,0.8,0.9,0.7,,0.5,0.6,0.6,1,1,0.7,0.8,0.8,0.8,0.9,0.8,0.8,0.7,0.8,0.7,0.7,0.5,0.6,0.7,0.8,0.6,0.9,1,0.9,0.7,0.8,0.6,0.6,0.6,0.7,0.6,0.8,0.7,0.9,0.6,0.6,0.9,0.5,0.8,0.8,0.3,0.7,0.6,0.5,0.9,0.9,0.8,0.8,0.6,0.6,0.7,0.7,0.7,0.7,0.5,0.6,0.6,0.6,0.7,0.6,0.7,0.7,0.6,0.9,0.8,0.4,0.7,0.8,,0.5,0.6,0.5,0.5,0.6,,0.4,0.7,0.4,0.5,0.3,0.6,0.5,0.6,0.5,0.7,0.6,0.6,0.9,0.6,0.6,,,,0.5,0.5,,0.5,,0.4,0.5,0.6,0.5,,0.7,0.6,0.4,,,,,,0.5,0.6,0.6,0.6,0.8,,0.5,,0.3,0.5,0.6,0.7,0.7,1,,0.4,0.4,0.5,0.5,,,,,0.2,0.4,0.6,0.6,0.1,0.2,0.7,,0.3,0.6,0.5,0.6,0.6,,0.6,0.5,0.7,0.7,0.4,0.4,0.5,0.5,,0.3,0.5,0.2,0.2,0.5,0.2,0.4,0.2,0.7,,0.5,0.4,,0.4,0.4,,0.3,0.4,0.5,,0.7,,0.3,,0.3,0.2,0.5,0.8,0.5,0.6,0.5,0.6,0.7,0.7,0.7,0.7,0.7,0.3,,0.6,0.7,,0.7,0.6,0.4,,0.3,0.4,0.3,0.4,0.4,0.4,,0.4,0.5,0.2,0.2,,,0.7,0.6,0.4,,0.6,0.5,0.5,0.4,0.6,0.6,0.4,,0.5,,,0.6,0.4,0.5,0.4,0.5,0.6,0.4,0.4,0.6,,0.4,0.2,0.4,0.6,0.7,0.4,0.8,0.8,0.5,,,0.7,0.7,0.6,0.3,,0.5,0.2,0.4,0.4,0.5,0.6,1.3,0.8,0.6,0.5,0.7,0.8,0.7,,0.7,0.5,0.8,0.4,0.4,0.5,0.6,,0.5,,0.6,0.7,0.7,0.7,0.8,1.1,0.4,0.6,0.3,0.4,0.4,0.5,0.5,0.4,,,0.3,0.6,0.6,0.6,,0.5,0.5,0.5,0.7,,0.5,0.7,,,1.2,0.4,0.8,0.5,0.4,0.6,0.8,0.9,0.6,0.2,0.5,0.6,0.9,0.8,1.4,,0.4,0.6,,0.4,0.6,0.4,0.4,0.7,0.3,0.3,0.5,0.3,0.8,0.4,0.5,0.5,0.4,1.4,0.4,0.2,0.3,1,0.2,0.7,0.3,0.4,0.9,,0.6,0.4,0.5,0.4,,0.3,0.5,1.2,0.8,0.7,0.6,0.7,0.6,0.6,0.9,0.8,0.6,0.8,1.2,0.7,0.5,0.8,1.1,0.7,0.5,0.8,0.6,0.5,0.4,0.7,0.7,,,0.5,0.5,0.4,0.9,0.5,0.3,0.6,0.6,,0.4,0.7,0.5,0.3,0.6,0.8,0.8,0.7,0.7,,0.5,0.8,0.4,0.6,0.8,0.5,0.4,,0.7,0.6,0.4,0.5,0.6,0.7,0.6,0.7,0.3,0.5,0.4,0.3,0.3,0.4,0.6,0.6,0.7,0.5,0.3,0.5,0.4,0.5,0.7,0.9,1,0.9,0.7,1,0.7,0.6,0.9,0.8,0.6,0.7,0.7,0.7,0.7,0.6,0.7,0.9,0.6,,0.3,0.3,0.6,0.5,0.7,0.2,0.5,0.4,0.4,0.7,0.8,0.9,1.2,0.6,0.9,0.3,1,1.2,0.5,0.3,0.5,0.8,0.5,0.8,0.6,0.7,0.7,0.6,0.6,0.5,0.7,0.6,0.4,0.7,,0.6,0.3,0.7,0.7,0.7,0.4,0.5,0.4,0.4,,0.7,0.4,0.4,0.6,0.6,0.5,0.5,,0.9,0.4,0.6,0.8,0.7,0.8,0.7,0.9,0.5,0.7,0.7,0.6,0.9,0.6,0.7,0.4,0.5,0.7,0.8,0.5,1.1,0.6,0.4,0.3,0.5,0.3,0.6,0.8,0.5,0.6,0.9,0.5,1,0.5,0.5,0.6,0.3,0.6,0.7,0.4,0.5,0.5,0.4,0.6,0.4,0.4,0.8,0.7,0.7,0.7,1,0.6,0.7,0.8,0.6,0.8,0.7,0.7,0.7,0.8,0.5,0.8,0.4,0.5,0.5,0.4,0.5,0.4,0.6,0.7,0.5,0.6,0.8,0.9,1,1.3,0.9,0.7,0.7,0.7,0.6,0.4,0.3,0.8,0.6,1,0.9,0.2,0.6,0.7,0.7,0.8,0.6,0.7,0.4,0.5,0.8,0.9,0.6,0.7,0.5,0.4,0.4,0.3,0.7,0.3,,0.6,0.7,0.6,0.5,0.5,0.7,0.5,0.3,0.5,0.8,0.5,0.3,0.7,0.6,0.9,0.7,0.6,0.7,1,0.6,0.6,0.7,0.5,0.4,0.4,0.6,0.5,,0.5,0.7,0.7,0.5,0.7,1.2,0.5,0.5,0.7,0.6,0.5,0.5,0.5,0.4,0.4,0.5,0.5,0.7,1.3,1.4,1.4,0.5,,0.8,0.6,0.4,0.5,0.6,0.4,0.9,0.9,0.5,0.6,0.5,0.4,0.3,0.5,0.6,0.5,0.7,1.2,1,0.8,0.8,0.8,1.6,0.7,1.1,0.6,0.8,0.9,0.9,0.8,0.7,0.8,0.6,0.7,0.4,0.6,0.6,0.6,0.7,0.7,0.6,1.5,1,0.3,0.8,0.6,0.8,0.8,0.8,0.9,0.6,0.4,0.3,,0.7,0.5,0.6,1,0.4,0.4,0.6,0.6,0.5,0.6,0.7,0.7,0.5,0.5,0.6,0.9,0.7,0.7,0.7,0.9,0.5,0.6,0.5,,0.2,0.1,0.6,0.3,1,1.4,1,0.8,,0.4,0.3,0.2,0.3,0.5,0.5,0.6,0.5,0.5,0.3,0.5,0.8,0.6,0.4,0.6,0.3,0.3,0.3,0.4,0.3,0.3,0.5,0.4,1.3,0.4,0.3,0.2,0.5,0.5,0.2,0.4,0.2,0.4,0.6,0.5,0.8,0.7,0.6,0.4
20231004,22,AQI,17,15,28,17,16,20,25,18,17,18,18,43,,,65,,29,32,37,,40,,51,52,,29,43,,60,61,59,60,57,54,52,,58,56,,,,53,52,36,,46,,55,69,70,68,,64,101,,62,23,,,19,16,22,25,26,32,25,45,40,,51,65,53,55,54,50,,75,71,59,74,54,,,38,54,55,44,53,,17,36,,,27,33,16,22,,47,52,,56,55,55,42,52,,70,31,31,26,24,23,26,25,28,25,69,15,18,12,47,13,14,,12,14,18,12,7,17,10,12,10,12,10,12,,10,12,26,29,28,32,31,,30,33,27,27,31,39,39,34,44,,42,38,41,22,,28,26,28,24,26,23,31,32,28,29,,85,,,,109,172,,83,98,99,,,,56,,26,26,22,27,27,27,29,26,25,,,,28,37,,28,42,36,34,33,,38,95,84,70,88,77,59,63,,54,,58,88,,33,34,,36,33,28,,32,34,34,34,33,33,32,,,32,32,34,27,27,30,26,,27,,,,,29,28,,27,29,27,30,32,30,,38,33,23,22,21,30,31,27,41,39,41,36,53,41,39,39,44,41,,,37,35,36,36,,,48,55,55,41,,61,58,43,,58,53,63,52,,,64,64,73,29,,,24,31,34,25,24,31,64,57,54,59,73,63,55,60,,20,25,27,20,28,23,20,,31,20,18,20,23,16,22,20,25,22,23,17,56,,,53,57,50,45,60,38,52,50,49,65,53,59,43,49,,23,41,45,58,48,,42,52,40,46,48,64,,56,54,53,59,52,52,,54,53,40,49,,,,38,50,49,45,46,53,41,38,41,35,,32,54,40,39,49,55,49,66,,39,32,30,,6,,20,13,21,28,21,17,22,,,20,18,26,22,21,,51,44,55,46,,,62,15,25,52,67,42,39,36,64,45,32,,31,16,57,25,35,43,15,15,,15,16,15,31,25,38,,43,29,31,23,,33,28,42,29,,37,,43,43,,,,,29,,,,35,35,34,39,75,49,32,,,21,19,26,18,,42,36,50,49,49,,55,23,28,46,,57,41,40,56,41,60,34,,51,,53,43,39,26,22,20,23,56,53,42,61,67,62,65,44,49,50,,,52,,,89,101,81,51,,50,53,,,44,39,48,34,,52,39,44,,113,107,83,85,104,27,29,27,26,27,,,,,,,62,,,48,44,48,29,31,31,26,27,27,,22,,,48,,54,42,52,59,45,43,60,46,,60,33,35,31,41,26,53,52,51,87,35,33,,39,38,38,90,48,40,53,,35,40,38,,69,47,,39,33,45,45,32,,44,24,,,108,107,,,,46,46,56,50,38,52,,42,51,,108,114,,,,63,54,66,,70,40,21,20,15,,47,57,66,61,56,50,,61,62,65,59,61,65,51,40,48,61,58,73,59,69,53,59,49,16,17,15,25,15,,18,16,16,,17,22,19,35,20,23,15,16,22,20,29,46,46,51,,40,35,53,,33,41,37,41,31,,38,35,26,,54,,49,40,38,58,,80,70,,,,93,,74,,53,,,,67,60,67,34,53,,,,18,16,25,17,27,28,,18,19,18,18,20,22,,22,,,24,23,23,20,26,29,33,35,28,45,19,19,29,40,43,32,43,48,27,23,20,27,39,45,53,,54,58,59,48,,44,34,45,49,28,26,29,26,,,,,72,60,,74,9,11,23,15,12,18,34,36,38,39,36,26,32,,33,32,,29,21,46,,34,46,,58,19,18,24,29,28,19,30,26,32,43,34,49,,,81,75,69,42,25,81,19,31,,54,24,99,87,100,,,53,,,,,36,,,,,,,,,,,,,,,,25,,,,,,,,,,,,,,,,,,,,,,,,,,,,,,,,,,,,,,33,45,46,49,47,,53,51,46,,,,59,44,46,54,,,66,86,62,66,104,36,,38,43,62,,,39,65,,56,49,72,,59,,34,25,,,53,26,,,92,61,27,,,,24,42,47,50,44,43,52,49,37,49,57,62,66,70,68,55,57,63,54,33,42,43,27,,29,29,32,,18,27,48,53,16,17,19,27,20,22,22,20,,,20,18,25,32,22,15,16,18,20,17,20,20,14,12,13,12,14,,,19,17,16,,,10,,21,77,74,,75,80,74,,70,90,57,68,52,64,85,,35,45,51,51,48,42,28,29,,26,32,38,39,46,55,,52,,73,,,,,49,32,42,63,60,,30,,32,32,30,38,41,37,35,,23,21,24,,,25,23,23,,20,20,32,,,,18,26,16,18,27,23,70,56,59,54,22,39,37,31,,23,21,22,24,,,59,,58,53,53,48,42,39,38,,54,53,43,52,52,52,55,49,,26,32,,99,82,84,,90,100,82,109,,127,143,87,,102,46,39,50,54,,35,32,29,33,58,62,55,,42,45,45,48,28,,25,31,32,46,18,25,45,44,55,42,33,36,,30,35,40,,39,43,,30,19,28,26,,43,,33,23,20,32,48,,50,62,40,45,43,35,48,40,20,22,38,32,13,56,53,57,64,67,49,46,53,50,50,25,29,36,35,30,27,32,32,22,25,19,26,29,74,,66,62,28,34,26,24,45,52,62,100,79,,53,67,78,53,52,45,46,38,26,39,,37,59,38,26,20,,20,41,20,20,18,25,17,22,22,23,26,26,,40,20,,,,9,23,,15,14,12,12,12,20,,10,13,8,,,,,,25,24,18,22,23,,26,,18,26,14,19,19,30,,36,50,37,51,,,,,18,23,17,18,49,38,36,,25,22,15,30,27,,26,15,43,25,32,20,10,18,,31,,36,46,28,36,23,31,31,,29,16,,19,20,,17,,18,,53,,35,,15,15,11,19,16,20,80,63,59,47,26,17,18,19,,53,30,,26,29,43,,57,58,,47,75,78,,29,27,35,31,,,28,24,21,,32,27,30,25,13,45,48,,37,,,79,24,27,24,67,90,58,81,35,,50,37,47,144,98,54,76,79,79,,,55,43,52,41,,25,40,,37,21,56,39,59,40,42,34,56,46,,78,20,59,38,34,27,29,,61,,27,35,48,27,24,,65,39,61,66,44,10,27,19,,,42,32,24,36,,54,44,48,38,,90,52,,,46,27,28,52,117,83,65,36,92,28,29,20,12,24,133,,42,147,,,33,35,30,27,22,28,28,39,29,15,54,33,34,103,29,28,47,52,16,46,17,44,42,,58,67,70,32,,25,49,22,104,18,22,22,24,21,67,,35,28,48,22,52,26,63,92,69,29,27,19,16,19,24,,,38,78,62,,73,36,26,54,,49,,38,53,38,30,117,32,24,,42,35,39,36,28,24,67,,27,29,31,27,34,39,29,28,15,35,31,34,48,31,46,81,27,24,29,48,44,40,40,51,66,50,50,54,53,52,54,51,44,61,44,44,36,34,35,,36,16,44,57,44,38,31,84,103,,53,29,24,39,49,79,75,55,55,60,15,25,15,15,13,23,20,18,26,8,13,23,22,38,25,54,,44,33,24,43,34,94,29,29,22,,77,57,47,89,28,17,40,,87,22,29,52,48,51,27,49,47,34,42,48,50,,34,37,29,25,30,40,,36,18,20,55,35,46,34,30,25,60,35,26,26,29,24,30,63,37,54,30,35,39,41,36,45,50,42,,35,52,46,31,34,30,39,36,44,36,68,43,79,59,23,42,28,75,33,39,46,55,59,39,,81,97,70,91,34,,,14,16,36,18,30,25,52,18,36,52,20,77,78,72,51,83,29,69,63,44,53,46,26,34,62,,54,53,51,46,44,26,25,24,32,23,35,52,44,45,30,37,52,54,43,51,39,17,28,40,,27,31,,30,20,28,45,29,19,25,38,21,31,31,30,28,29,28,85,61,28,56,60,88,72,,72,57,65,62,48,,101,60,54,75,58,58,83,61,50,54,65,61,55,,17,46,102,63,52,26,,17,54,24,18,22,23,24,26,48,202,270,21,20,48,77,54,30,,46,46,58,43,46,43,,32,,48,79,38,54,16,30,58,44,29,35,42,25,119,42,76,,43,18,29,26,32,28,25,,16,15,,54,53,122,86,46,,23,21,21,53,52,34,60,62,36,15,23,102,72,72,46,16,17,17,20,29,29,,65,83,44,25,50,28,34,26,89,20,18,38,39,74,34,52,33
20231004,22,PM2.5,7,2,12,8,5,7,7,6,5,5,6,17,,,37,,13,15,17,,18,,24,26,,9,19,,29,31,37,27,32,27,34,,34,25,,,,12,20,23,,29,,36,49,51,30,,30,43,,35,2,,,4,,6,4,17,7,17,10,22,,16,32,29,32,23,8,,36,25,18,43,24,,,19,23,23,26,18,,11,10,,,6,9,4,7,,7,6,,7,8,3,4,14,,11,8,7,6,6,8,6,10,10,8,10,9,9,7,5,1,2,,5,5,4,4,2,8,3,6,7,6,2,5,3,2,2,12,9,13,14,11,,16,12,15,15,9,22,19,17,17,17,22,24,17,8,,11,11,12,11,14,10,7,9,12,9,10,63,,,,82,130,,61,73,74,,,,27,,7,7,9,7,7,7,5,9,14,,,,8,25,,11,29,25,14,14,,16,71,62,51,65,56,31,45,,36,,41,65,,13,15,,18,17,16,,18,16,21,13,9,12,6,,,6,6,6,8,8,7,9,,14,,,10,,10,13,,13,8,8,6,3,4,,17,22,14,12,11,8,4,10,19,17,17,12,37,27,23,14,12,24,,,16,11,12,16,,22,20,31,39,24,,40,30,30,,30,17,20,20,,17,15,24,24,9,,,7,7,5,7,10,10,46,40,38,42,53,45,39,39,,10,17,17,10,19,16,12,,15,14,11,14,13,5,15,14,9,6,5,8,36,46,,35,36,31,31,39,26,36,35,34,43,33,41,30,31,,10,25,26,32,30,32,26,36,28,32,33,46,,37,26,36,42,33,36,,38,33,28,30,,,,25,28,30,31,28,32,28,23,26,24,,22,24,28,27,34,34,29,31,,27,22,20,20,3,,14,9,12,13,11,11,7,,,12,12,18,15,7,,27,24,36,19,,,44,2,17,36,48,29,27,19,46,31,22,,10,11,23,12,11,13,7,7,6,8,6,5,14,17,26,21,30,20,18,16,,20,19,21,15,,22,,30,30,,,,,10,,,,24,24,10,15,14,16,14,,20,8,13,12,12,8,25,18,28,26,34,,39,16,19,8,,21,17,12,26,7,36,14,22,17,,8,5,3,7,4,9,4,7,7,8,9,14,18,9,19,22,21,,,14,,48,56,67,51,17,,12,19,,,12,25,17,17,,14,9,27,,85,80,61,63,78,2,10,7,5,,,,,,,,34,,44,19,17,20,12,11,12,5,2,2,,,,,20,,38,29,26,42,26,30,43,32,,23,17,15,15,16,17,31,34,29,56,21,23,24,27,26,26,67,33,20,37,,24,28,24,,50,25,,27,21,26,31,21,,28,9,,,81,80,,,,11,9,6,20,24,29,,29,15,,81,86,,,,29,23,29,,18,28,8,8,9,,11,14,13,12,15,10,,11,9,10,10,7,11,4,6,6,8,8,9,10,14,9,40,6,4,7,7,8,4,,12,8,6,,9,15,13,24,13,16,9,8,15,6,20,19,25,20,,17,20,24,,23,18,22,26,16,,19,22,8,,38,,34,28,26,41,,48,30,,,,69,,54,,20,,,,48,43,48,22,27,,,,12,5,5,7,18,18,,11,10,12,11,14,13,,6,,,11,15,16,11,4,20,23,24,19,31,10,9,20,28,30,19,25,23,16,12,11,15,27,31,36,,38,41,42,33,,15,17,22,34,11,13,14,12,,,,,42,42,,48,6,1,2,1,7,3,19,23,26,27,25,12,12,,23,22,,11,4,21,,17,19,,24,8,11,15,20,19,13,21,18,22,30,22,34,,,25,19,16,16,7,28,,13,,18,1,36,42,37,,,15,,,,,9,,,,,,,,,,,,,,,,7,,,,,,,,,,,,,,,,,,,,,,,,,,,,,,,,,,,,,,22,27,26,22,20,30,36,30,32,,,,24,22,17,22,,,34,36,32,20,45,23,,18,27,44,,,27,47,,17,20,32,,28,,16,13,,,11,18,,,39,16,15,,,11,12,7,7,16,13,13,3,5,2,6,4,6,4,14,12,9,12,8,9,8,7,10,5,,10,13,2,,6,1,10,8,7,7,13,6,5,6,4,8,,,5,12,17,12,15,4,3,8,6,5,14,14,4,3,5,4,2,,,6,7,8,12,5,7,,14,56,54,,55,59,54,,51,67,31,49,29,46,63,,23,25,21,22,26,29,11,11,,12,8,13,16,32,39,,33,,53,,,,13,12,15,11,45,43,,15,,17,14,16,16,18,11,11,,16,12,9,,,13,16,14,,14,13,10,,,,5,18,4,12,2,16,51,37,27,38,15,22,20,21,,5,6,11,9,16,,42,39,41,33,31,27,20,24,22,,38,35,24,31,36,34,39,34,3,13,14,,74,60,62,,67,75,60,82,,96,109,64,,76,30,27,35,38,,20,17,5,19,41,44,39,,28,31,31,14,14,,10,7,18,30,10,14,31,28,39,29,15,12,,21,24,28,,20,16,,21,11,18,18,,30,,23,10,12,22,33,,35,44,26,31,27,24,33,28,4,15,26,20,9,24,37,40,46,48,34,29,37,35,35,14,19,25,20,20,14,20,22,9,17,12,18,11,38,24,37,30,16,17,12,14,14,14,44,43,58,29,25,48,47,35,30,25,30,26,18,18,,23,30,25,8,3,,,21,5,14,4,17,11,11,15,16,16,14,,19,14,,,,6,9,,10,6,,2,8,2,,4,3,3,,,,,,14,16,10,7,16,,18,,9,7,9,10,13,11,,25,35,19,19,,,,,6,8,6,3,32,19,25,,17,15,5,21,15,,15,10,30,17,22,14,6,8,,19,,17,32,13,25,16,15,15,,19,11,,13,14,,2,,5,,23,,5,,1,4,6,9,11,11,16,20,21,17,5,10,7,11,,15,10,,17,11,30,,28,24,,20,29,32,,11,13,13,16,,,19,13,12,,11,10,19,17,6,12,14,,12,,,46,5,11,6,37,67,31,35,16,,16,6,16,68,39,14,27,31,25,,,21,18,28,20,,9,22,21,12,13,25,27,42,16,14,13,26,7,,27,4,35,25,6,11,8,,38,,9,19,32,18,14,16,24,9,26,17,8,7,9,2,,,23,16,12,13,,15,26,33,21,,67,36,,,17,15,6,31,88,61,36,9,68,13,19,9,5,13,101,,19,112,,35,23,24,19,9,9,19,,27,20,9,34,15,13,77,20,11,11,12,9,14,7,16,21,,41,48,51,16,,2,20,12,78,12,12,6,6,8,25,,24,7,31,15,34,15,43,39,50,11,8,10,6,8,10,,,26,52,31,27,53,5,18,33,,34,29,21,32,25,18,88,14,12,,15,24,17,23,17,4,18,,8,15,12,11,17,14,10,9,4,13,11,8,7,7,32,51,13,6,12,26,23,22,28,35,45,35,35,29,37,36,37,32,19,42,29,26,25,20,24,32,21,6,13,30,12,16,17,62,77,,37,12,11,15,24,58,55,39,39,43,9,17,1,4,7,7,14,10,18,5,9,16,13,26,10,26,,24,22,14,14,14,70,9,2,8,,56,19,16,66,13,8,24,,6,7,20,36,33,29,13,26,27,19,15,25,35,12,15,16,12,12,16,28,,9,4,5,23,7,27,22,21,12,43,24,8,12,20,10,13,45,23,34,9,8,10,12,12,21,35,29,24,23,25,29,21,22,21,27,25,27,25,35,19,32,16,4,15,13,53,13,15,14,38,42,17,,48,72,51,66,23,,46,4,7,16,10,21,6,5,10,18,35,14,56,57,17,17,61,7,44,28,17,15,14,5,9,34,,16,22,14,8,11,6,9,6,22,16,18,20,29,13,19,19,36,35,30,31,27,6,19,21,10,15,12,,9,9,9,15,20,2,15,26,12,13,17,17,10,16,8,27,21,13,27,43,65,18,,41,25,36,32,9,24,68,23,21,26,17,19,19,24,27,22,21,42,39,64,11,32,76,45,30,9,3,10,27,15,12,12,16,14,11,9,94,98,9,6,18,28,17,3,24,29,19,41,29,32,28,22,22,,19,58,26,38,9,21,41,9,7,9,22,5,90,20,43,27,24,12,11,18,17,8,13,,4,4,11,14,37,92,54,20,,6,7,8,8,14,16,41,22,13,7,13,76,52,18,27,4,5,7,3,4,6,,45,61,17,8,21,9,6,13,66,11,3,26,12,53,9,7,23
20231004,22,PM2.5_24h,8,4,8,8,7,8,7,18,12,6,6,9,,,27,,27,23,29,,23,,24,28,,24,30,,34,40,48,35,41,46,37,,30,30,,27,,16,23,31,,27,,56,53,51,48,86,42,45,,46,4,,6,9,10,10,9,17,12,16,13,22,,14,33,29,35,31,24,,41,34,41,38,24,,,25,30,22,29,28,,5,6,,,3,4,4,4,,11,10,,11,9,11,8,11,,11,24,20,21,20,23,20,19,21,19,20,11,11,11,6,5,6,,7,9,8,6,7,9,4,8,9,6,6,9,7,6,7,8,10,8,11,7,,9,9,8,10,10,15,14,12,12,13,14,16,13,12,,11,11,10,11,12,11,4,9,7,7,6,41,,,,41,37,,36,38,36,,,,22,,9,10,13,11,12,13,10,10,17,,,,11,18,,19,22,19,21,17,,16,33,30,28,30,30,21,26,,21,,29,35,,13,13,,17,16,16,,17,16,17,12,9,16,7,,,8,7,7,15,13,14,15,,17,,,14,,9,12,,14,12,13,8,5,6,,22,22,21,18,18,18,14,17,19,18,16,10,22,18,16,20,18,23,,,19,18,18,18,,27,27,21,22,13,,25,20,15,,20,27,23,23,,24,24,23,32,24,,,24,23,21,25,24,22,37,34,29,37,42,36,33,32,,13,15,16,12,20,19,12,,16,12,16,19,20,20,15,21,18,16,25,13,34,35,,33,36,32,29,35,27,33,30,27,28,30,32,27,25,,37,25,25,28,29,23,29,26,29,33,32,28,,29,29,32,32,37,31,,34,26,25,27,,,28,24,26,31,30,30,32,26,29,30,30,,19,21,23,22,22,23,23,25,,16,13,13,13,5,,15,9,10,13,10,8,10,,,10,11,10,13,10,,23,18,20,22,,,25,5,14,23,20,18,15,18,27,20,16,,8,8,8,9,8,8,10,7,6,7,8,6,10,13,16,13,15,14,14,10,,16,12,12,14,,28,,33,32,,,,,16,,,,28,29,21,27,21,20,20,,17,19,20,19,19,25,22,23,21,20,23,,25,17,14,7,,5,6,6,8,10,15,12,14,11,,16,11,7,11,9,11,9,8,8,10,9,10,11,9,20,21,22,,,34,,42,42,47,37,33,,30,42,,,35,38,32,41,,33,32,35,,50,47,34,41,48,14,19,16,13,16,,,,,,,39,,49,37,25,34,26,22,26,14,11,15,,32,,,24,,28,24,24,29,28,32,29,32,,19,26,21,19,19,19,26,22,14,30,21,20,22,24,22,21,35,35,25,23,,23,23,26,,23,23,,27,27,26,24,21,,22,7,,,56,50,,,,9,11,8,10,42,45,,39,29,,68,74,,80,,37,35,40,,37,37,6,8,10,,13,12,15,15,13,13,,9,11,11,9,10,12,11,12,15,12,11,12,10,15,10,21,7,7,11,12,11,10,,10,7,5,,6,15,16,20,12,18,10,9,9,5,15,15,16,15,,14,14,16,,16,20,20,17,22,,18,20,7,,47,,43,37,35,46,,53,42,,,,50,,38,,51,,,,46,40,40,24,28,,,,8,11,7,9,22,22,,18,16,26,15,25,18,,19,,,6,16,18,9,6,29,30,31,30,14,7,12,15,25,36,28,22,28,20,11,10,13,13,16,21,,32,34,35,28,,8,12,8,10,14,19,23,13,,,,,24,21,,19,6,17,7,9,8,12,14,23,16,15,16,8,9,,12,15,,16,18,21,,15,16,,18,9,11,14,14,13,14,13,14,24,26,20,24,,,12,12,10,10,13,10,5,12,,16,6,25,25,30,,,26,,,,,26,,,,,,,,,,,,,,,,14,,,,,,,,,,,,,,,,,,,,,,,,,,,,,,,,,,,,,,21,29,27,23,21,27,29,25,30,,,,30,27,32,27,,,21,22,26,21,23,34,,41,37,37,,,35,54,,24,29,23,,28,,13,12,,,6,20,,,18,14,13,,,13,14,6,3,17,16,17,6,4,3,4,5,12,11,15,17,8,6,8,9,7,8,10,6,,8,13,10,,5,5,8,9,7,6,9,7,9,13,9,8,,,7,13,17,13,14,7,7,11,12,6,12,12,8,8,8,9,6,,,7,9,9,14,6,5,,14,18,17,,20,24,19,,20,21,9,19,17,28,36,,20,21,16,18,23,14,20,20,,25,6,5,14,13,19,,23,,37,,,,12,10,14,15,36,31,,17,,17,17,16,18,17,18,21,,25,18,20,,,20,19,20,,20,18,18,,,19,10,11,18,12,6,13,36,29,27,23,19,24,23,27,,9,23,25,26,27,,40,39,40,37,32,31,28,31,28,,36,36,35,22,30,28,30,26,22,26,23,,61,55,63,,52,52,51,57,,58,65,47,,57,30,30,37,36,,31,27,5,30,30,32,32,,31,33,33,15,19,,19,13,7,17,7,10,24,28,44,31,12,13,,28,30,32,,22,19,,19,10,24,22,,35,30,31,10,7,25,30,,27,37,26,36,33,30,33,33,8,31,37,31,27,21,32,30,34,37,25,26,27,26,27,6,10,15,14,13,10,16,17,18,16,6,12,9,36,34,38,32,15,18,16,18,22,18,22,24,27,20,22,28,28,54,31,31,28,27,19,22,,24,25,25,7,6,,1,12,7,11,5,21,17,20,20,24,23,18,17,21,25,,,,10,9,,8,6,,3,7,1,,14,12,12,,,,,,16,15,18,18,10,,9,,4,8,9,10,11,10,,18,23,15,19,,,,,8,8,15,12,15,14,20,,10,9,7,16,16,,16,5,11,10,13,12,10,8,,18,20,19,20,12,11,11,9,12,,14,11,,9,7,,4,4,4,,17,,4,,1,4,7,6,5,7,18,21,19,19,8,12,10,8,,16,16,,15,15,17,,22,19,,21,18,23,,14,14,15,21,,,17,13,11,,11,8,18,107,5,15,16,,17,,,27,12,15,9,16,21,19,23,11,,12,15,15,25,29,29,49,54,47,,,23,19,22,11,,4,15,17,14,7,28,37,37,29,24,22,46,32,,31,9,20,18,8,13,13,,24,,29,40,25,17,8,9,14,8,12,12,11,10,13,3,,,16,23,15,22,,19,27,33,20,,30,14,,,32,15,11,21,39,32,38,32,40,14,24,11,4,13,78,,27,68,,26,22,33,24,12,10,14,34,16,21,10,20,17,23,54,17,23,12,34,13,37,4,35,31,,25,27,24,9,,7,23,9,64,22,28,18,22,19,35,38,23,14,32,15,21,11,54,22,38,20,32,7,9,7,7,,,30,26,35,21,30,4,21,20,,18,38,24,20,20,20,64,30,16,,10,27,21,28,19,5,15,,6,9,10,8,12,11,8,7,9,10,8,6,5,6,26,35,11,11,7,19,20,22,28,33,40,40,33,31,32,26,27,26,19,32,27,30,25,16,24,30,25,6,35,23,23,33,15,11,34,15,32,15,16,50,38,48,48,33,41,44,6,16,6,5,8,11,13,9,14,15,7,9,10,12,11,22,,23,26,19,24,31,41,29,13,31,,48,34,33,49,9,8,11,,19,6,20,27,26,27,12,20,26,32,20,21,36,12,16,15,14,16,28,18,25,29,18,13,7,10,14,17,15,11,26,13,13,13,17,12,7,33,18,17,17,17,19,21,14,13,27,21,25,22,11,28,23,19,24,27,23,25,24,41,29,52,32,12,21,27,27,12,14,12,20,24,19,40,36,60,38,54,29,35,36,7,7,9,9,10,10,5,26,28,25,25,21,23,25,22,45,35,43,38,28,34,36,12,23,43,,38,39,39,27,11,15,15,10,14,13,17,25,27,13,28,27,22,25,32,21,26,20,12,15,9,12,12,,7,13,10,17,30,7,9,11,11,15,14,19,15,14,8,13,11,10,53,39,55,19,,51,20,28,32,21,28,50,41,43,50,34,29,29,35,31,26,24,30,41,49,29,33,67,35,36,15,9,15,36,15,13,9,16,12,6,6,70,88,8,6,27,38,26,7,23,28,31,26,26,26,15,13,20,,14,35,33,45,14,20,19,25,23,34,39,32,52,22,29,26,20,16,11,20,14,14,13,,5,4,24,19,45,75,54,33,,5,12,5,7,9,12,48,25,5,8,23,55,27,23,30,8,11,7,14,4,4,,25,63,16,11,22,9,8,9,24,6,1,29,32,44,30,13,16
20231004,22,PM10,17,8,28,17,16,20,25,18,10,14,18,43,,,80,,29,32,37,,40,,51,53,,29,43,,70,72,67,69,64,58,53,,66,61,,,,55,54,36,,46,,59,87,79,86,,77,151,,74,23,,,19,,14,25,26,32,22,45,40,,52,79,56,60,58,50,,100,91,67,98,57,,,38,57,60,44,56,,17,36,,,27,33,16,22,,47,53,,62,59,59,42,54,,90,31,31,26,24,23,19,14,28,25,87,15,18,9,47,12,14,,11,14,18,7,,17,8,,6,,,,,,11,26,23,25,32,24,,22,33,22,26,31,39,39,34,44,34,42,38,41,20,,28,26,28,24,26,20,19,20,20,21,17,100,,,,105,168,,95,110,83,,,,61,,19,18,17,19,14,17,19,19,24,,,,25,37,,22,38,36,34,27,,38,73,78,83,68,92,68,52,,57,,63,89,,33,23,,36,28,24,,32,34,34,27,22,19,29,,,19,18,12,16,14,13,15,,27,,,20,,29,28,,19,18,23,14,18,15,,38,33,23,18,21,11,13,17,41,39,41,36,56,41,39,39,44,41,,,32,32,35,32,,47,48,60,56,41,,72,66,34,,66,56,76,54,,78,78,78,95,29,,,24,31,34,24,24,31,70,59,49,49,96,72,57,69,,12,17,27,18,22,13,12,,31,17,18,11,23,16,20,12,25,22,23,17,61,68,,56,63,50,43,69,38,54,38,47,79,55,68,42,49,,23,41,45,66,48,52,42,39,34,44,48,62,,61,58,55,50,54,40,,41,55,34,49,,,,38,50,49,44,46,55,41,38,41,31,,32,57,37,36,38,60,49,82,,31,30,30,35,6,,19,8,21,28,21,9,22,,,20,11,17,16,20,,52,44,59,46,,,60,4,22,39,46,41,36,36,51,44,22,,31,12,63,25,35,43,11,12,6,12,13,8,31,25,25,29,32,24,31,19,,33,25,42,29,,37,,24,34,,,,,11,,,,30,33,34,39,100,49,32,,62,21,17,26,16,,42,36,50,49,49,,41,19,15,46,,64,41,40,61,41,70,34,53,51,,56,43,39,26,22,18,23,61,55,42,72,83,73,79,44,49,50,,,53,,110,127,151,112,51,,50,56,,,44,39,48,34,,53,39,44,,151,125,107,92,122,19,29,24,22,27,,,,,,,73,,124,48,44,48,29,31,31,14,17,27,,22,,,48,,31,27,54,44,36,28,59,44,,69,33,35,31,41,24,56,53,51,124,35,29,29,27,32,34,82,35,40,20,,29,38,38,,41,47,,24,33,45,20,32,,44,24,,,159,146,,,,46,46,62,50,38,53,,41,51,,126,94,,,,75,57,82,,90,37,21,20,14,,47,64,81,71,62,50,,72,74,79,67,72,79,51,40,48,72,65,96,68,88,55,67,49,16,17,13,25,15,,17,12,9,,14,22,15,21,20,18,1,16,20,20,22,46,46,51,,40,29,56,,33,41,37,41,31,,38,35,10,,36,,41,32,38,42,,109,90,,,,115,,98,,55,,,,51,47,77,34,56,,,,9,16,25,16,27,28,,13,13,16,11,14,12,,15,,,5,23,19,16,5,25,29,25,26,44,19,18,28,35,34,32,43,48,27,23,20,27,37,43,55,,51,49,43,43,,44,34,45,48,28,26,29,26,,,,,94,69,,97,1,11,23,15,12,18,34,36,32,27,34,26,32,,23,22,,29,21,46,,34,46,,66,16,18,24,21,22,16,16,23,29,31,34,40,,,112,100,87,42,15,112,19,31,,58,24,147,124,150,,,56,,,,,36,,,,,,,,,,,,,,,,24,,,,,,,,,,,,,,,,,,,,,,,,,,,,,,,,,,,,,,33,45,46,49,47,44,55,52,44,,,,68,44,46,57,,,82,122,73,81,157,36,,38,43,60,,,39,66,,62,49,94,,68,,34,23,,,55,17,,,134,71,27,,,22,24,42,47,50,44,43,53,49,37,49,64,74,82,89,86,60,63,76,58,33,42,43,27,,29,29,32,,18,27,48,55,11,17,18,27,15,13,16,20,,,20,13,11,32,10,7,5,18,15,17,15,13,14,7,7,9,7,,,9,6,10,54,9,7,,21,84,89,,78,83,68,,68,74,64,79,54,64,87,,35,45,51,52,48,42,28,29,,24,32,38,39,35,53,,53,,58,,,,35,49,32,42,57,48,,30,,32,27,30,30,29,30,26,,21,21,24,,,25,20,20,,17,20,32,,,,8,8,16,12,27,18,58,62,68,56,19,39,37,31,,23,15,18,15,22,,58,,60,56,55,48,42,39,38,,53,56,43,53,53,53,53,47,28,26,32,,110,105,106,,72,80,101,120,,178,215,66,,64,46,37,46,51,,35,21,14,22,57,55,52,,42,43,43,48,28,,25,31,32,46,18,21,43,44,38,41,33,36,,21,21,24,,39,43,,30,19,28,24,,35,24,25,23,7,25,48,59,30,57,40,36,43,34,45,35,20,19,23,32,13,61,50,61,47,64,47,46,48,48,48,25,29,33,35,30,27,32,26,22,24,19,22,29,97,69,82,74,28,34,26,24,45,54,70,149,55,51,55,81,106,56,53,45,46,24,25,39,,37,68,38,14,13,,3,41,20,16,18,14,17,22,18,18,26,26,,40,20,,,,9,23,,8,14,10,5,2,20,,7,6,7,,,,,,25,24,10,22,23,,23,,15,26,12,19,18,30,,29,37,37,52,,,,,10,23,5,5,49,38,36,,22,18,15,30,27,,26,5,29,19,25,20,9,18,,31,,36,39,28,27,18,31,31,,29,16,,19,10,,10,,18,,55,,9,,4,7,11,19,11,20,110,75,67,47,2,13,12,14,,30,23,,20,26,39,,63,65,29,47,100,105,,29,27,35,31,,,25,14,16,,20,27,30,20,8,45,48,,37,,,108,24,18,11,83,108,66,111,35,,50,37,47,237,146,58,102,108,108,,,60,43,54,41,,20,40,49,37,21,61,36,57,40,42,34,61,46,,105,20,67,38,17,27,18,,72,,27,35,48,27,24,35,80,39,71,81,44,10,14,1,,,42,32,24,36,,57,44,48,38,,93,50,,,46,25,28,53,90,90,80,36,112,20,24,20,12,24,122,,42,93,,47,30,26,30,27,22,20,28,25,29,14,58,32,34,120,29,24,47,53,12,46,16,44,42,,48,51,67,32,,25,49,22,94,14,22,10,7,11,84,,35,28,48,14,54,26,76,134,58,29,27,19,16,19,24,,,16,106,73,28,74,12,12,58,,37,58,38,55,38,30,94,32,24,,42,26,39,36,28,24,84,,18,29,22,26,34,39,29,20,15,35,31,34,48,31,40,112,27,15,29,48,44,40,40,51,82,50,46,58,51,52,58,52,44,71,44,44,27,34,35,43,36,16,44,63,44,38,31,86,101,,50,29,24,39,49,92,94,46,29,49,13,18,13,7,13,23,17,18,22,6,13,15,22,2,10,58,,44,33,24,43,34,115,29,24,22,,102,63,47,107,28,16,40,,123,5,26,35,31,51,27,49,47,34,42,48,46,,34,37,29,24,30,36,,36,12,8,59,35,46,34,23,25,67,15,18,26,25,21,17,59,37,58,30,35,39,41,36,45,48,40,34,35,54,46,31,34,28,38,32,44,32,85,43,108,68,11,42,28,100,31,39,46,59,48,39,,111,96,89,131,34,57,,10,5,36,13,19,25,53,18,36,54,20,77,82,93,51,114,29,88,76,44,56,46,9,34,73,,58,55,51,46,44,26,13,24,22,17,29,54,44,45,30,37,50,58,41,51,36,9,27,40,35,27,31,,26,2,28,45,17,7,25,13,21,23,24,30,15,29,15,119,71,28,62,59,72,94,,94,64,79,73,48,82,152,69,58,100,66,66,115,72,50,58,80,71,55,138,17,36,107,70,53,26,38,17,58,24,17,22,20,24,26,48,351,399,21,10,48,103,58,30,,46,46,66,43,41,43,26,30,,48,92,38,39,15,24,62,44,29,35,42,25,155,42,101,31,43,13,29,26,31,19,24,,11,12,23,57,54,105,122,46,,23,21,21,56,53,34,69,73,36,2,23,102,52,94,46,16,12,17,7,29,29,19,80,105,44,25,50,28,22,26,91,20,4,36,39,97,34,54,32
20231004,22,PM10_24h,16,9,17,15,17,17,19,35,22,16,15,22,,,55,,52,47,55,,48,,49,51,,50,54,,76,84,84,76,81,79,71,,63,57,,53,,45,43,48,,50,,74,78,77,84,114,83,105,,77,21,,19,19,17,30,28,35,35,23,37,36,,39,64,55,62,76,67,,91,99,84,89,54,,,71,78,51,54,65,,13,18,,,11,14,15,13,,32,35,,35,45,33,27,32,,38,48,42,51,44,38,46,34,50,40,37,23,22,19,22,17,15,,19,21,22,8,10,18,19,13,13,13,11,11,17,9,18,21,21,19,22,21,,19,24,22,22,25,28,31,26,28,28,25,27,24,20,,25,25,23,23,21,22,15,17,16,17,14,67,,,,63,59,,62,64,54,,,,36,,25,31,28,23,24,26,20,25,27,,,,28,27,,30,29,28,29,28,,32,42,50,51,48,55,43,36,,34,,47,56,,31,25,,33,26,23,,28,29,30,33,18,23,33,,,25,19,18,29,26,32,30,,35,,,25,,27,26,,28,22,28,18,22,19,,44,37,35,30,31,33,34,31,36,31,31,29,39,30,36,36,37,35,,,39,34,40,38,,55,56,39,33,25,,37,34,18,,34,61,56,62,,62,71,62,70,49,,,58,57,58,54,56,54,68,61,59,62,74,69,62,62,,20,25,24,25,23,24,20,,22,21,24,29,27,28,22,23,29,29,39,32,55,54,,48,62,45,44,58,43,49,37,44,53,47,63,37,44,,46,46,41,63,42,41,41,38,42,46,50,46,,40,48,46,46,49,43,,45,45,42,48,,,47,40,44,48,46,46,59,54,45,44,42,,35,37,34,35,35,42,39,67,,25,29,27,25,10,,23,10,15,25,15,9,14,,,18,17,14,22,14,,35,33,38,42,,,40,17,26,28,28,25,31,30,33,28,21,,19,11,18,18,21,19,14,12,9,10,17,10,22,21,23,21,22,18,23,14,,26,23,30,22,,40,,32,35,,,,,32,,,,45,57,55,60,60,49,55,,43,32,31,31,33,36,39,40,38,38,40,,35,38,32,21,,23,20,20,21,40,36,28,31,35,,39,31,39,22,22,21,23,34,32,28,42,51,41,42,46,44,47,,,76,,88,103,93,77,85,,78,80,,,71,75,69,74,,67,59,70,,84,79,72,65,70,48,42,37,29,44,,,,,,,76,,97,70,54,72,51,46,52,27,31,36,,60,,,37,,36,33,37,48,49,52,53,57,,45,45,39,37,46,33,45,40,34,44,32,33,38,32,51,39,41,43,39,33,,36,34,37,,38,38,,51,49,58,53,30,,43,14,,,107,96,,,,30,29,27,29,59,59,,55,70,,116,110,,119,,81,76,95,,78,49,25,22,20,,30,34,41,48,35,35,,37,34,34,34,31,39,28,29,40,33,31,36,38,59,37,46,33,20,21,22,30,20,,14,13,14,,11,24,18,23,21,22,13,15,11,15,13,28,31,31,,25,26,31,,21,29,27,32,26,,27,32,11,,51,,55,48,49,51,,93,85,,,,87,,79,,79,,,,72,51,70,39,54,,,,17,16,24,18,38,41,,26,26,29,24,27,26,,29,,,22,26,22,20,9,38,44,41,41,24,25,24,32,37,41,49,37,48,33,23,22,19,22,21,28,,44,47,45,42,,21,28,21,15,26,32,38,31,,,,,57,41,,43,9,20,21,14,17,17,22,23,27,23,26,19,19,,23,21,,26,28,40,,30,40,,42,14,14,19,17,19,22,17,18,28,28,26,34,,,53,36,62,45,53,57,18,23,,29,15,89,89,101,,,59,,,,,56,,,,,,,,,,,,,,,,40,,,,,,,,,,,,,,,,,,,,,,,,,,,,,,,,,,,,,,33,42,45,45,48,51,47,54,48,,,,68,69,66,58,,,58,75,58,66,69,73,,77,62,57,,,59,75,,48,50,67,,89,,44,31,,,51,25,,,55,47,22,,,21,20,25,23,44,45,39,44,37,29,27,43,31,31,34,35,36,31,45,31,38,46,64,35,,37,37,26,,13,14,28,27,22,20,16,27,18,32,20,19,,,21,15,19,31,11,15,19,20,13,14,14,17,16,13,16,15,10,,,10,10,21,20,9,10,,16,43,43,,36,39,31,,34,37,26,39,30,46,64,,36,38,41,47,34,32,30,32,,32,27,22,30,24,29,,39,,47,,,,27,34,22,38,54,47,,29,,30,26,29,35,32,37,58,,34,27,36,,,26,26,27,,30,35,28,,,33,19,17,18,16,29,20,54,44,44,38,24,45,48,40,,36,34,43,37,37,,55,51,68,54,49,50,48,48,48,,58,57,53,34,47,48,41,41,39,46,45,,96,99,91,,81,72,95,70,,107,116,65,,61,54,49,56,56,,45,38,28,37,52,44,59,,46,46,42,45,42,,34,41,10,28,15,15,37,41,38,37,33,29,,38,40,42,,31,34,,32,16,36,33,,46,38,35,25,15,26,50,43,42,53,44,44,52,46,51,45,36,32,51,41,46,44,38,44,42,47,36,41,37,38,38,12,18,25,27,23,24,24,24,26,25,13,21,16,66,80,83,70,32,44,27,40,46,51,42,47,30,43,49,43,61,59,50,41,43,30,29,35,,48,41,37,18,14,,5,24,19,19,16,30,21,21,26,34,29,29,30,42,35,,,,16,18,,15,12,12,7,8,18,,20,17,17,,,,,,28,27,23,25,24,,15,,6,13,15,16,16,23,,25,31,23,28,,,,,14,15,20,18,26,24,27,,18,11,10,26,20,,22,9,25,15,14,18,13,14,,24,31,28,29,20,12,18,15,29,,25,18,,14,9,,7,14,10,,34,,9,,5,8,12,11,12,13,60,72,64,55,9,20,15,16,,34,28,,19,22,28,,39,45,27,39,40,52,,30,24,30,31,,,29,20,15,,16,25,18,18,6,39,53,,51,,,67,27,19,18,56,59,62,75,21,,31,29,30,93,91,83,174,164,149,,,50,41,50,19,,20,31,33,36,12,60,55,49,54,49,44,78,75,,85,25,32,28,21,29,23,,39,,51,64,41,24,19,21,36,28,36,40,31,16,26,5,,,42,43,30,48,,58,42,58,28,,44,23,,,59,26,30,34,50,53,75,55,70,22,34,21,18,17,122,,47,73,,38,37,41,34,35,18,27,65,23,37,18,36,33,48,99,24,41,48,71,19,66,7,76,43,,29,31,29,28,,25,57,19,72,30,48,29,30,30,90,81,39,41,56,25,33,24,72,75,58,31,68,16,16,16,14,,,27,61,77,27,46,10,36,38,,28,63,45,31,40,33,86,52,30,,27,37,32,38,31,20,37,,16,21,24,23,25,32,26,20,20,20,16,64,16,30,34,63,22,18,18,31,39,35,38,50,63,49,64,49,55,43,43,43,40,58,45,52,31,36,37,44,49,14,59,46,56,61,27,35,65,24,43,27,27,71,67,69,64,48,43,51,14,16,7,13,13,20,21,21,20,18,13,14,12,12,10,36,,31,31,26,59,59,66,60,33,63,,78,84,86,86,15,17,19,,45,8,24,33,28,39,23,35,43,39,47,40,56,32,36,35,33,30,54,24,37,63,32,23,20,22,29,29,28,22,52,26,26,26,21,22,14,45,27,37,41,56,47,53,32,32,37,46,29,34,52,48,42,36,32,34,32,46,36,77,50,107,85,25,42,48,69,27,28,26,37,41,34,67,80,90,79,107,46,53,59,12,9,25,10,18,23,32,36,39,35,37,34,39,76,52,92,67,82,84,57,57,67,25,50,91,,80,75,85,58,39,60,19,37,14,22,31,58,40,44,46,39,37,46,50,36,36,28,19,27,29,23,24,,26,16,28,27,27,11,15,22,20,24,20,35,24,26,18,44,33,28,83,56,81,51,,82,63,66,62,59,54,108,75,68,106,68,80,85,77,77,72,74,66,64,108,39,39,106,59,49,18,24,19,66,24,22,17,21,25,21,34,269,273,15,10,48,94,64,40,39,56,51,47,41,41,32,18,26,,27,67,52,52,17,28,37,51,61,67,72,63,92,54,69,43,37,26,25,28,28,32,28,,16,2,41,89,64,107,103,54,,14,29,11,20,28,27,69,58,21,7,45,91,36,61,54,22,19,18,24,14,11,19,54,106,39,26,55,25,25,28,52,11,9,43,69,73,62,34,27
20231004,22,SO2,3,3,3,3,2,1,3,3,3,1,3,3,,,8,,4,5,5,,6,,5,5,,6,4,,3,4,2,2,3,3,3,,1,4,,3,13,8,8,8,,5,,2,2,7,11,,5,6,,11,3,,,3,12,6,6,3,1,2,1,1,,5,6,10,7,3,7,,6,5,4,6,9,,,2,16,22,19,9,,6,5,,,8,6,4,6,,7,8,,7,6,8,7,5,,8,6,10,9,7,6,5,6,8,5,7,5,6,5,5,7,6,,5,6,4,3,6,9,5,2,3,2,5,5,6,5,8,5,8,8,8,8,,4,6,7,6,5,4,4,4,8,4,4,7,3,4,,7,9,8,7,8,8,7,6,7,7,12,9,,,,10,14,,7,9,10,,,,10,,5,6,8,8,5,6,8,6,8,,,,11,13,,2,2,8,6,5,,7,7,6,9,6,8,8,7,,11,,8,9,,8,5,,6,8,9,,9,6,8,8,4,8,5,,,6,6,7,5,4,4,6,,6,,,4,,5,6,,6,4,6,6,5,5,,4,4,3,3,2,5,5,6,7,7,5,5,8,5,5,5,6,7,,,5,3,3,3,,2,4,4,6,8,,5,7,7,,7,7,4,8,,,4,6,6,4,,,5,5,9,8,8,8,5,4,5,6,6,6,7,7,,8,6,6,8,7,7,6,,6,5,4,6,6,4,4,4,3,3,2,6,5,9,,4,6,9,5,4,5,6,6,3,7,8,6,5,7,,4,6,7,9,6,6,6,8,7,6,6,9,,6,5,6,10,6,4,,6,7,4,6,,,5,4,9,6,6,7,4,6,3,6,4,,5,4,8,5,7,12,9,7,,7,7,6,,6,,5,8,7,6,6,5,6,,,4,6,7,7,4,,2,1,4,1,,,6,6,4,3,4,5,5,7,3,10,4,,8,20,8,7,10,7,7,6,8,8,6,6,7,6,4,,5,6,3,5,,5,3,4,7,,3,,5,6,,,,,4,,,,8,7,5,3,2,4,5,,8,7,4,6,10,6,5,5,3,5,7,,4,5,5,8,,32,9,9,20,5,165,4,4,5,,6,8,4,10,7,10,6,6,7,6,15,6,12,11,7,7,4,,,11,,9,9,9,6,8,,9,3,,,13,14,7,4,,12,7,5,,24,10,9,8,6,10,5,4,6,1,,,,,,,11,,6,11,10,11,8,5,9,3,4,6,,5,,,11,,9,7,11,5,5,8,9,8,,8,8,5,6,6,5,9,13,11,10,4,7,,8,6,7,6,6,5,8,,7,8,9,,5,10,,7,6,8,7,5,,6,8,,,7,6,,,,10,11,11,10,10,9,,11,15,,16,17,,16,,8,8,9,,9,12,9,13,9,,6,22,13,6,14,13,,6,5,8,6,6,7,7,9,7,8,9,6,10,13,8,6,7,8,8,8,10,6,,5,2,5,,4,5,4,5,5,5,5,4,4,3,5,9,7,8,,8,9,7,,6,9,11,10,11,,13,10,13,,4,,1,2,3,1,,8,8,,,,7,,6,,9,,,,4,6,6,6,6,,,,6,4,7,6,5,5,,7,6,7,7,4,3,,6,,,2,5,8,3,8,4,6,13,8,5,4,4,5,9,6,8,9,9,6,3,3,3,6,8,9,,6,6,6,8,,8,18,14,4,5,4,5,3,,,,,5,2,,3,2,2,3,3,3,4,7,10,2,2,6,2,4,,2,3,,8,2,4,,7,5,,3,8,5,7,10,8,7,10,7,4,5,3,6,,,39,4,11,10,4,4,10,6,,4,6,10,6,8,,,9,,,,,6,,,,,,,,,,,,,,,,8,,,,,,,,,,,,,,,,,,,,,,,,,,,,,,,,,,,,,,6,3,4,3,4,7,4,5,6,,,,6,5,7,6,,,19,16,9,9,12,8,,7,7,4,,,4,5,,9,12,8,,7,,10,8,,,5,5,,,6,4,14,,,1,3,11,13,10,10,8,3,5,8,6,5,8,7,8,9,11,12,12,8,6,6,8,5,,2,4,15,,7,4,8,8,6,5,7,7,6,6,6,4,,,5,10,7,10,10,8,6,7,3,3,5,6,8,6,14,14,1,,,7,3,2,11,2,3,,5,4,5,,4,5,7,,6,6,11,9,1,7,6,,8,7,14,6,4,6,8,8,,5,6,5,6,8,8,,7,,6,,,,4,10,6,6,6,5,,7,,4,6,5,7,7,7,6,,7,3,8,,,4,4,5,,7,7,4,,,,3,4,12,7,5,12,10,26,18,25,15,12,8,13,,5,2,4,2,4,,19,5,13,9,24,16,9,14,1,,5,1,12,1,4,1,4,4,,5,3,,6,14,13,,8,8,8,8,,7,7,4,,6,7,2,6,2,,5,3,7,5,5,7,9,,7,7,6,4,6,,8,7,9,6,6,6,8,8,6,8,3,4,,7,5,5,,7,7,,8,7,6,8,,6,6,6,10,8,15,7,13,15,8,6,4,6,1,5,8,3,2,3,2,3,4,5,3,9,8,9,7,7,6,9,4,1,2,5,3,3,2,2,5,4,6,5,5,10,7,9,8,2,12,3,10,6,7,5,9,4,10,5,11,76,36,41,6,8,5,7,8,,7,5,4,6,3,,2,6,7,5,8,4,6,5,6,5,6,7,,6,7,,,,4,6,,7,4,7,7,7,6,,8,6,8,,,,,,5,4,4,7,6,,4,,6,7,9,7,8,12,,6,8,6,5,,,,,1,1,5,4,4,5,2,,4,6,5,9,5,,7,8,5,10,8,10,3,4,,5,8,5,9,7,9,4,6,18,,5,4,,8,7,,6,8,3,,6,,9,,5,7,5,6,7,7,9,19,14,18,7,7,15,5,,170,68,,11,9,6,,8,7,4,5,4,4,,5,6,3,3,,,10,3,3,,7,13,12,12,10,11,7,,9,,,14,6,2,6,6,5,3,4,6,,7,7,8,8,7,12,3,5,4,,,12,9,7,6,,4,5,,2,11,2,12,5,5,4,4,7,9,,5,10,9,6,7,4,5,,5,,7,4,6,6,7,11,12,11,6,7,6,6,5,5,,,5,8,6,6,,10,9,7,5,,8,9,,,6,7,7,9,11,14,11,8,19,7,9,6,6,7,21,,5,3,,5,4,4,5,2,13,2,1,4,8,3,6,4,6,10,7,4,19,9,3,8,7,8,8,,10,10,10,8,,1,9,6,4,5,5,4,7,5,11,,8,5,4,8,9,4,9,8,9,10,6,7,7,6,4,,,7,6,2,10,8,6,6,8,,6,6,12,8,11,6,8,6,5,,5,6,9,10,23,5,6,,3,7,8,7,9,6,7,8,3,10,9,8,28,8,8,15,9,8,7,10,21,10,5,6,6,4,6,6,6,7,3,6,9,7,5,8,6,7,5,5,2,2,7,7,6,5,9,5,4,,5,6,5,3,6,9,6,5,1,3,6,4,7,9,10,4,8,11,13,14,4,7,8,9,9,2,,2,10,8,6,4,12,9,5,6,,11,6,6,7,8,4,4,,6,6,9,8,6,7,4,6,13,3,11,10,24,6,4,5,6,5,1,6,9,8,3,3,8,24,4,7,4,8,8,1,9,8,8,10,7,8,6,8,5,1,1,8,7,9,4,8,6,8,8,7,6,6,6,5,8,8,8,2,3,6,9,3,9,7,6,3,7,7,8,10,4,5,10,14,11,10,7,5,4,9,5,14,6,5,4,2,2,7,4,4,6,7,7,8,10,9,9,9,9,9,10,3,8,4,,1,10,10,7,3,4,6,10,8,2,6,3,14,5,7,4,5,8,9,5,2,6,4,4,2,7,5,,8,3,6,6,7,6,7,6,8,6,8,5,6,3,7,24,9,9,9,8,23,12,,10,7,3,1,3,6,7,30,2,5,8,11,8,10,9,7,12,9,6,11,3,4,18,6,9,7,,6,49,5,4,4,4,5,8,4,7,10,6,4,5,13,3,16,8,6,8,6,9,10,8,10,8,,8,5,5,3,8,5,3,6,7,6,5,10,8,32,17,,6,7,4,5,9,2,4,,5,4,7,14,6,13,7,3,,1,3,1,1,10,9,8,6,8,11,4,16,6,4,3,3,3,1,3,6,5,8,5,10,7,5,8,4,6,3,4,7,4,7,5,9,7,8,10
20231004,22,SO2_24h,3,3,3,2,2,2,3,3,3,1,3,3,,,8,,4,6,5,,7,,5,5,,8,4,,5,3,2,4,4,6,5,,3,5,,3,13,11,10,11,,8,,6,6,8,5,6,6,6,,7,3,,1,2,6,6,5,5,2,2,1,1,,5,7,10,8,5,9,,14,10,9,11,9,,,5,11,9,16,8,,5,5,,,8,6,4,6,,9,12,,8,7,10,8,7,,7,6,10,9,8,7,6,7,10,6,8,5,6,5,5,7,6,,5,6,4,5,6,6,5,3,4,3,6,6,6,6,8,4,9,7,8,8,,4,6,7,5,5,4,5,4,8,5,5,8,3,11,,8,10,9,8,8,10,6,6,7,6,7,9,,,,8,8,,7,7,7,,,,10,,7,8,9,9,6,8,10,9,9,,,,12,10,,5,4,4,8,8,,9,7,7,9,7,8,8,7,,10,,9,9,,8,5,,7,8,8,,9,6,9,7,6,8,5,,,7,7,7,6,5,4,6,,8,,,4,,5,5,,6,4,6,6,5,5,,4,4,3,4,2,6,6,6,6,6,5,5,7,5,5,5,6,6,,,5,3,3,4,,4,5,4,5,7,,6,6,7,,7,7,5,7,,5,5,5,8,6,,,10,9,9,10,10,9,6,5,7,7,7,7,7,8,,8,6,6,8,7,7,6,,7,5,4,6,5,4,4,4,3,3,2,6,4,7,,3,5,9,5,4,5,6,6,3,6,9,6,5,7,,3,6,6,8,6,7,6,7,10,7,6,9,,8,4,6,8,6,4,,7,7,5,7,,,6,3,11,6,7,7,4,6,5,9,6,,7,7,11,7,8,12,8,9,,6,7,6,8,6,,5,8,5,6,5,5,6,,,7,6,7,6,5,,3,1,3,2,,,4,7,4,3,4,5,5,8,3,7,4,,8,8,9,7,16,8,7,7,9,8,6,6,7,6,5,6,6,5,3,5,,5,2,4,7,,4,,7,9,,,,,16,,,,11,16,7,3,3,5,7,,12,7,4,7,10,6,5,5,4,5,5,,3,4,5,9,,18,10,9,15,30,43,6,5,14,,5,8,5,10,7,10,6,10,10,6,19,9,10,12,7,7,4,,,11,,12,12,13,7,10,,12,6,,,11,14,9,12,,9,10,16,,9,7,8,8,7,11,6,5,7,3,,,,,,,12,,7,10,8,10,9,7,10,4,6,8,,19,,,13,,12,10,13,8,9,10,11,9,,10,9,9,9,8,7,11,12,14,15,3,6,9,8,6,7,5,7,6,10,,9,8,8,,5,8,,9,8,7,6,6,,10,5,,,12,10,,,,11,10,13,9,12,14,,18,19,,15,17,,17,,19,11,17,,11,12,9,14,9,,6,12,11,14,12,7,,9,6,8,6,7,9,7,13,12,8,14,6,9,11,10,7,9,7,7,8,10,6,,5,2,5,,4,5,5,5,5,5,5,4,4,6,5,8,7,6,,8,9,7,,6,7,9,7,10,,11,9,10,,5,,4,3,3,2,,11,10,,,,6,,6,,10,,,,7,7,7,6,7,,,,6,4,8,6,6,6,,7,6,7,7,4,3,,8,,,4,7,9,3,9,4,10,9,7,7,4,4,5,12,7,9,10,9,8,3,3,4,5,7,8,,6,5,6,8,,8,13,8,5,5,5,6,3,,,,,5,6,,5,2,2,3,2,3,3,5,7,2,2,6,3,5,,2,3,,7,2,6,,7,5,,4,8,5,7,6,6,7,9,5,4,5,2,6,,,13,5,26,23,25,5,9,6,,9,7,12,7,9,,,7,,,,,9,,,,,,,,,,,,,,,,9,,,,,,,,,,,,,,,,,,,,,,,,,,,,,,,,,,,,,,6,4,3,4,5,9,7,8,11,,,,7,6,8,6,,,16,20,17,19,19,10,,11,12,5,,,5,7,,9,9,5,,9,,8,8,,,5,5,,,6,5,7,,,2,3,10,12,12,12,9,3,4,8,6,6,9,8,8,12,7,8,5,9,8,11,8,4,,3,6,12,,7,5,9,10,6,3,6,7,6,6,7,5,,,6,10,9,11,11,8,6,6,3,5,7,6,3,4,5,3,1,,,7,6,7,4,2,6,,5,4,4,,5,5,4,,7,9,9,9,2,8,7,,6,6,9,4,3,6,7,6,,6,4,4,6,8,8,,7,,8,,,,5,10,7,5,13,8,,5,,4,7,5,7,7,7,7,,10,4,14,,,4,4,5,,5,10,5,,,5,4,6,7,7,9,11,28,24,22,22,22,15,10,16,,6,5,23,20,13,,17,9,14,7,12,14,10,12,12,,13,11,20,2,4,3,4,5,,11,5,,12,13,14,,8,7,9,7,,6,6,6,,6,8,4,8,3,,5,4,8,7,6,8,8,,7,6,6,5,6,,9,6,9,7,6,6,8,8,6,8,4,4,,9,7,5,,8,7,,9,7,7,7,,6,6,6,10,8,14,16,7,9,12,7,9,9,6,7,10,4,3,4,4,2,4,5,4,6,4,8,7,7,6,9,4,1,3,6,4,4,3,2,4,4,6,6,6,15,11,9,12,8,6,10,12,8,9,6,7,5,11,8,21,26,22,27,8,8,5,8,9,,13,6,5,6,3,,2,5,7,6,7,8,8,6,8,4,7,9,9,7,8,,,,4,7,,7,6,9,10,11,7,,8,7,8,,,,,,5,4,4,8,5,,5,,7,7,11,12,12,19,,6,6,6,6,,,,,1,1,5,5,4,5,5,,4,6,5,9,9,,8,9,6,11,7,6,4,4,,6,8,5,9,7,9,4,6,12,,8,4,,7,7,,8,9,3,,6,,7,,6,7,7,5,7,6,9,14,14,14,8,9,7,5,,76,29,,11,7,4,,9,6,3,4,9,14,,5,6,2,5,,,9,4,3,,7,13,11,12,11,11,8,,10,,,16,7,2,6,6,5,3,6,7,,7,8,8,6,7,5,3,5,5,,,10,10,9,5,,4,8,10,3,10,2,13,5,8,6,5,5,12,,7,7,8,5,7,5,4,,5,,10,6,5,6,8,10,9,10,8,9,6,6,5,4,,,4,8,8,7,,8,11,17,5,,7,9,,,9,7,8,9,11,8,11,11,11,8,10,6,6,7,18,,5,4,,3,5,6,6,3,13,2,14,4,9,3,6,5,6,11,7,5,17,9,2,8,7,7,8,,8,8,7,7,,2,12,6,6,6,6,5,10,6,12,9,8,4,16,8,10,4,8,7,9,9,10,8,7,6,5,,,8,6,5,8,8,6,7,8,,5,8,16,8,12,5,8,6,5,,7,7,9,20,43,5,7,,4,8,8,6,10,6,7,8,3,10,10,9,13,7,7,10,9,8,7,9,14,10,5,5,5,6,6,5,6,6,3,5,8,7,12,8,7,10,5,8,3,2,11,6,6,8,9,4,6,9,9,5,5,7,9,10,8,6,2,3,7,5,7,9,10,5,8,12,18,14,4,8,8,9,10,2,,2,9,8,8,6,8,15,6,9,,13,8,8,17,10,5,4,,9,5,10,9,6,7,4,8,11,5,9,10,17,5,5,6,7,7,8,5,10,9,3,3,8,12,4,6,5,8,14,2,9,8,7,11,6,11,8,7,6,3,3,10,9,10,5,9,7,8,8,7,6,15,6,4,10,8,8,4,6,11,10,4,9,8,6,3,7,5,6,9,5,6,9,16,11,9,9,9,7,14,5,17,6,7,9,2,4,7,4,4,7,7,7,5,11,12,11,13,8,8,10,4,9,7,,20,15,14,10,14,21,7,12,8,2,7,4,4,5,8,5,7,8,9,5,2,6,4,4,2,7,4,,7,4,7,10,8,7,7,4,8,6,7,6,6,4,6,17,10,9,11,13,15,27,,7,9,3,3,3,5,8,19,3,6,9,12,9,11,10,8,14,10,9,10,2,5,17,7,10,8,10,6,17,5,4,4,5,4,8,5,10,10,6,4,7,38,5,13,10,7,8,5,8,8,12,8,8,,8,5,4,5,8,6,4,9,9,11,11,16,11,10,18,9,6,7,5,5,8,4,4,,5,5,7,8,7,14,6,5,,1,2,2,1,11,15,10,7,10,13,5,12,6,5,3,3,3,3,3,6,5,8,6,16,8,5,8,4,6,4,4,7,4,8,10,12,11,8,9
20231004,22,NO2,22,2,22,21,28,21,24,18,8,2,15,46,,,68,,29,47,51,,37,,79,72,,58,43,,53,36,56,64,38,30,17,,50,52,,,44,43,49,41,,41,,49,77,66,74,,57,82,,58,12,,,12,9,6,6,11,20,5,54,61,,57,71,54,59,33,39,,70,65,54,83,43,,,25,24,67,29,65,,31,46,,,35,42,32,19,,16,16,,28,16,19,21,38,,10,14,20,15,24,28,15,11,17,12,12,17,12,10,29,9,7,,8,9,9,6,13,16,7,6,13,9,13,11,9,7,8,20,21,22,14,11,,23,19,20,19,21,33,27,25,26,21,16,21,33,15,,20,14,22,32,15,20,17,16,18,15,22,56,,,,32,27,,41,35,32,,,,28,,17,19,24,19,19,20,10,16,19,,,,8,22,,15,29,23,23,15,,18,26,37,25,43,36,12,19,,15,,20,27,,22,18,,27,23,18,,26,19,17,15,6,10,8,,,5,5,6,7,6,7,10,,14,,,21,,16,12,,12,8,9,7,8,7,,18,19,13,16,20,7,8,16,23,28,18,12,21,18,16,48,19,24,,,5,9,8,6,,,14,16,12,14,,20,11,13,,9,43,64,45,,,63,61,59,10,,,22,15,37,17,34,29,46,44,29,36,50,39,43,44,,16,19,18,15,19,19,13,,14,17,21,8,12,8,16,15,12,12,7,8,60,,,32,38,31,22,57,13,36,15,25,44,31,31,15,13,,12,9,11,38,19,36,17,13,24,37,23,28,,20,39,36,25,22,15,,16,20,16,15,,,19,15,30,11,8,5,8,10,31,24,14,,14,11,20,14,15,43,26,57,,16,42,12,,6,,14,17,10,31,17,34,24,,,22,29,19,21,42,,36,33,46,27,,,43,4,18,21,12,9,13,23,12,18,18,,32,13,48,24,28,40,17,14,16,10,12,10,52,44,49,44,50,44,54,13,,26,15,46,45,,48,,24,35,,,,,7,,,,56,40,60,46,49,82,54,,18,15,11,13,10,12,20,23,18,23,22,,11,15,8,70,,80,66,54,47,43,51,59,67,59,,15,17,17,8,12,10,14,15,19,32,17,20,12,17,11,17,10,,,28,,,34,68,32,33,,35,29,,,42,38,55,27,,30,27,28,,79,65,40,58,49,2,24,8,4,10,,,,,,,32,,66,11,15,9,8,9,14,6,1,4,,18,,,7,,4,6,8,11,8,7,12,6,,25,27,28,18,13,7,14,15,15,31,17,8,12,6,4,4,16,7,8,13,,15,17,12,,9,11,,8,6,17,10,7,,40,13,,,67,67,,,,30,25,8,37,21,38,,27,26,,34,42,,39,,79,65,38,,81,20,23,25,27,,22,38,26,18,26,28,,18,16,12,12,14,15,16,27,18,25,20,19,18,52,16,11,7,7,9,5,7,7,,5,6,4,,3,6,11,6,6,5,4,7,4,7,5,47,37,27,,27,14,32,,14,14,22,36,13,,15,22,6,,37,,56,38,25,32,,53,43,,,,41,,47,,39,,,,43,44,25,36,37,,,,18,20,10,33,12,13,,10,13,9,12,9,5,,6,,,2,13,8,4,3,6,11,7,11,13,14,14,13,11,29,16,15,19,27,6,5,27,38,45,43,,20,18,18,18,,25,22,37,17,16,14,10,17,,,,,51,41,,40,5,22,11,19,17,10,15,11,9,6,8,14,20,,25,25,,29,26,47,,33,35,,40,13,22,33,27,25,28,21,25,48,57,58,40,,,31,16,24,27,16,53,30,48,,28,10,84,68,57,,,49,,,,,13,,,,,,,,,,,,,,,,8,,,,,,,,,,,,,,,,,,,,,,,,,,,,,,,,,,,,,,22,11,10,15,12,16,19,15,26,,,,41,39,51,68,,,51,60,54,49,56,32,,39,36,14,,,18,25,,43,27,55,,49,,8,20,,,25,5,,,84,62,23,,,7,23,35,41,14,14,8,12,13,8,11,15,17,21,9,18,18,12,20,8,9,11,9,6,,11,7,5,,18,7,11,7,7,6,13,6,10,9,6,3,,,5,3,3,2,3,1,1,7,9,2,1,2,4,3,4,7,5,,,4,4,3,1,8,8,,9,17,20,,19,21,35,,24,16,28,20,14,19,23,,34,52,23,29,29,17,15,17,,15,9,8,10,21,22,,21,,22,,,,22,23,25,26,19,15,,23,,19,15,28,9,5,5,6,,10,13,7,,,6,10,6,,8,5,9,,,,5,7,6,6,6,26,17,30,31,26,4,14,11,13,,5,4,5,5,18,,8,10,10,6,15,15,16,19,21,,19,15,17,4,12,12,9,13,6,5,6,,36,35,46,,54,46,62,44,,36,59,42,,30,8,15,13,13,,10,10,8,6,22,17,21,,12,14,11,14,24,,8,12,6,19,11,7,15,18,28,24,21,23,,12,9,6,,12,5,,5,3,6,12,,7,13,9,3,9,16,14,13,14,14,11,6,8,9,11,10,4,12,10,13,11,13,17,17,12,16,8,11,10,10,9,4,7,5,6,4,4,13,7,8,7,4,8,12,25,38,45,26,22,10,12,15,32,38,64,41,25,17,10,28,24,16,14,11,12,16,18,31,,10,20,12,5,6,,7,12,15,11,22,10,15,14,12,19,37,32,,22,30,,,,9,14,,9,20,19,16,20,16,,20,8,11,,,,,,6,8,9,6,15,,4,,5,5,16,4,8,6,,10,10,10,6,,,,,3,6,6,4,6,9,5,,6,6,4,9,13,,9,8,10,12,11,11,6,6,,6,3,6,8,15,11,13,17,11,,9,14,,10,27,,2,,8,,5,,14,,2,3,5,16,24,24,63,75,80,76,5,17,15,10,,22,17,,12,10,17,,13,12,30,45,16,12,,9,7,17,20,,,13,10,18,,6,11,14,5,26,5,54,,35,,,55,18,9,11,54,76,60,93,10,,50,23,57,78,83,16,54,45,48,,,74,27,51,12,,8,57,57,10,40,34,21,38,71,79,46,48,36,,56,11,33,26,9,17,15,,15,,19,43,38,6,23,19,10,18,31,20,13,9,13,5,,,48,11,14,35,,74,73,57,8,,32,35,,,11,16,30,10,27,31,44,7,52,14,5,19,13,30,42,,52,36,,,8,10,9,11,7,10,15,5,28,20,10,6,63,42,26,4,19,33,5,29,11,42,9,,8,7,7,32,,7,50,32,33,17,36,5,8,6,44,,27,13,26,21,47,47,49,24,30,25,31,16,7,16,24,,,15,25,59,20,33,7,12,25,,20,36,9,27,38,11,48,8,20,,8,29,36,11,17,6,17,,6,20,19,23,27,28,24,23,11,28,56,11,32,30,38,37,17,22,12,13,25,16,11,33,65,41,36,47,46,29,71,15,24,18,12,7,13,19,16,15,4,5,41,45,73,40,21,18,24,,16,20,24,18,41,33,43,13,28,36,2,3,4,14,14,7,14,5,17,16,18,22,5,8,3,49,,39,6,25,18,28,67,26,5,23,,30,60,37,56,23,11,19,,9,11,20,14,3,13,12,15,13,6,17,14,22,17,20,19,12,13,12,12,18,26,6,1,79,32,42,12,18,29,14,13,24,19,19,14,14,16,14,13,16,64,27,47,14,15,15,10,9,6,19,19,11,6,8,9,14,22,13,23,30,67,84,6,50,30,17,12,41,52,20,23,24,32,47,43,50,55,25,15,20,3,2,20,2,12,29,7,19,35,34,17,37,37,91,24,35,32,40,28,11,27,26,5,10,38,,42,85,44,71,28,23,11,26,8,15,5,18,29,10,9,3,22,19,8,13,7,4,2,8,3,7,7,,16,10,22,8,12,10,16,14,25,18,21,22,5,24,11,55,21,13,47,27,22,39,,46,50,55,39,19,70,76,37,38,49,51,71,73,33,32,42,61,62,33,,20,30,35,26,31,18,,15,27,47,32,37,30,10,15,55,24,95,17,10,24,64,35,8,5,28,16,32,11,17,24,24,15,,28,19,35,40,11,11,45,26,14,29,30,30,63,26,57,,32,17,12,15,24,15,26,,8,3,14,24,14,31,48,10,,23,19,15,40,24,10,37,76,32,10,6,52,12,64,46,14,8,13,7,16,46,4,24,81,25,6,27,7,6,6,26,21,4,15,48,32,36,21,26
20231004,22,NO2_24h,22,2,17,16,28,22,23,25,12,4,22,29,,,26,,23,27,31,,25,,33,33,,39,29,,41,31,35,35,29,29,18,,29,35,,31,44,27,64,30,,21,,38,50,36,44,47,37,57,,56,9,,8,12,7,18,19,21,28,8,28,29,,31,32,28,28,36,37,,31,46,38,34,46,,,39,55,46,50,36,,14,22,,,13,10,12,12,,14,14,,15,11,12,16,21,,6,15,21,16,22,16,16,11,19,16,14,20,15,12,13,14,8,,12,14,14,5,8,10,6,4,11,8,10,9,6,8,8,13,18,21,13,14,,20,14,18,16,17,22,17,20,19,18,16,19,19,14,,19,13,19,26,13,20,15,16,16,14,16,36,,,,32,23,,37,30,29,,,,18,,21,23,23,26,28,25,16,21,20,,,,11,16,,20,16,14,16,15,,23,30,29,29,31,30,12,15,,15,,24,19,,24,19,,24,21,19,,26,19,18,17,14,14,11,,,10,11,9,13,6,14,13,,21,,,26,,15,13,,10,7,9,7,7,7,,20,19,11,13,17,13,14,14,22,20,16,11,15,10,16,30,18,22,,,7,8,9,7,,14,18,13,10,10,,16,10,10,,10,27,30,40,,37,32,41,30,12,,,26,31,25,25,35,28,35,35,29,35,37,34,37,36,,20,20,19,20,18,23,16,,16,16,16,7,8,8,12,12,11,12,6,6,38,24,,30,39,22,22,33,16,33,11,19,26,20,22,12,17,,15,16,12,32,12,15,13,12,21,27,25,17,,16,28,23,17,15,13,,16,16,13,14,,,19,12,23,17,15,12,13,18,24,33,17,,11,11,19,14,18,21,21,29,,10,20,9,9,7,,17,15,16,27,19,26,20,,,20,28,19,21,30,,17,19,20,19,,,23,6,7,14,6,8,6,11,10,9,8,,18,9,16,14,18,17,14,13,11,9,12,7,31,26,35,29,30,25,30,18,,20,22,29,31,,31,,21,35,,,,,13,,,,30,25,47,45,30,43,29,,14,14,10,13,10,11,15,17,14,17,15,,8,13,9,24,,21,21,19,19,37,23,24,27,29,,11,14,15,12,12,12,20,16,20,18,18,14,13,17,12,15,13,,,38,,37,45,48,31,23,,29,27,,,35,42,35,42,,27,28,25,,42,40,33,38,26,12,19,12,7,22,,,,,,,35,,40,23,22,32,34,24,32,10,6,11,,27,,,6,,3,6,7,14,14,13,13,10,,16,15,15,12,17,11,11,12,12,16,16,13,14,7,5,5,12,9,10,10,,11,9,12,,9,8,,8,9,15,12,6,,24,10,,,42,38,,,,19,16,12,18,29,34,,29,29,,35,40,,37,,60,64,48,,62,23,15,19,18,,11,17,14,22,15,15,,10,13,9,7,8,11,13,22,23,16,15,16,14,21,11,10,8,10,15,10,15,10,,4,5,5,,5,9,10,6,8,8,5,10,6,11,6,24,29,14,,24,12,26,,9,13,16,19,11,,18,18,5,,31,,34,29,21,23,,39,31,,,,32,,40,,38,,,,32,26,22,34,23,,,,25,24,12,19,15,14,,11,16,14,14,12,6,,11,,,3,10,13,5,4,5,10,7,11,7,5,7,8,12,18,20,17,20,20,6,4,11,20,18,22,,20,18,20,17,,10,16,14,8,15,15,12,17,,,,,24,15,,15,5,15,10,12,14,10,11,7,6,5,8,11,10,,20,18,,20,22,34,,26,31,,36,15,14,25,20,22,29,22,22,26,34,30,26,,,16,10,20,20,28,26,12,17,,15,8,43,34,19,,,31,,,,,24,,,,,,,,,,,,,,,,14,,,,,,,,,,,,,,,,,,,,,,,,,,,,,,,,,,,,,,16,18,11,18,16,23,21,20,29,,,,30,31,36,43,,,30,37,32,31,34,36,,44,40,16,,,18,24,,35,31,45,,43,,15,15,,,12,7,,,15,13,8,,,6,5,12,16,13,12,8,12,9,8,5,12,14,12,8,12,9,9,14,9,8,9,11,11,,10,10,7,,8,6,11,12,7,6,13,7,13,17,10,9,,,7,8,8,9,6,4,5,11,4,5,6,4,8,7,8,11,5,,,6,7,9,2,8,6,,4,13,15,,20,20,19,,18,16,20,15,12,23,24,,16,18,25,16,14,12,15,17,,15,6,6,11,16,13,,23,,29,,,,19,16,16,18,21,19,,17,,17,25,23,9,5,8,8,,11,14,13,,,9,11,10,,12,15,10,,,12,4,8,6,8,5,11,23,22,24,20,10,16,15,15,,10,8,10,9,12,,6,11,10,9,14,13,14,17,30,,26,25,21,3,11,9,7,9,13,14,12,,39,37,40,,49,40,49,29,,25,33,34,,30,22,25,19,23,,22,20,18,16,21,18,26,,16,15,14,14,14,,17,13,6,21,8,8,23,28,27,26,17,20,,14,13,12,,13,10,,5,3,8,14,,10,15,14,9,14,15,11,11,10,13,12,6,10,11,10,11,6,12,9,10,10,12,13,12,10,14,8,10,10,9,8,4,6,4,6,3,4,9,7,11,6,4,8,11,24,27,27,27,17,13,17,20,20,22,19,13,12,10,6,13,14,17,13,13,13,12,12,19,,16,11,11,6,7,,8,6,10,11,15,11,16,16,16,18,24,23,12,17,27,,,,7,10,,8,15,21,19,24,20,,20,12,9,,,,,,7,9,13,8,9,,4,,7,4,8,6,7,10,,7,4,6,4,,,,,3,5,6,5,5,8,8,,3,6,6,11,12,,8,7,6,10,8,9,6,7,,5,6,6,7,11,8,6,9,10,,7,12,,8,12,,6,7,10,,6,,10,,2,4,7,11,10,14,38,50,50,48,8,15,13,12,,21,15,,13,11,15,,16,17,27,25,14,13,,11,10,5,17,,,12,8,15,,7,13,12,4,10,9,27,,23,,,31,22,12,13,28,29,41,38,11,,21,13,14,15,22,12,40,39,32,,,34,23,29,6,,11,18,21,11,11,26,22,19,47,38,17,32,36,,49,14,20,17,16,20,17,,23,,29,33,22,7,15,16,9,17,27,16,12,8,24,5,,,29,13,18,20,,27,27,27,7,,25,21,,,45,15,28,10,26,26,32,21,32,16,9,24,14,20,41,,27,24,,10,9,14,12,13,7,8,27,7,34,19,9,8,37,41,30,9,15,47,4,41,10,39,11,,5,5,4,14,,8,27,33,30,19,30,10,14,11,35,31,29,14,27,19,31,31,43,13,30,21,32,10,7,17,20,,,23,21,40,17,30,5,14,18,,14,24,14,19,38,8,35,15,18,,12,27,30,12,17,14,10,,7,15,20,20,23,27,18,12,13,16,20,14,8,17,19,28,17,22,8,10,24,12,10,23,43,27,28,30,35,13,26,16,14,16,16,14,13,10,15,15,10,5,31,25,36,25,16,14,24,18,17,17,17,42,35,28,30,17,25,24,4,5,6,12,14,12,12,6,14,17,14,18,6,24,14,23,,21,12,18,27,36,34,28,10,27,,40,39,36,38,11,9,9,,14,11,25,29,7,12,5,17,13,6,20,13,18,18,19,24,16,17,13,12,17,27,10,6,21,9,20,12,15,27,22,8,28,19,15,14,13,15,11,12,19,47,18,34,16,13,18,7,6,5,25,15,11,9,9,13,10,18,10,21,26,33,44,11,28,44,17,11,27,26,22,31,20,33,35,39,39,44,27,21,29,9,3,14,3,20,19,8,23,18,17,19,22,20,55,18,44,23,34,34,18,37,38,12,23,33,,31,43,43,45,21,29,15,20,11,13,8,26,12,11,13,3,13,13,10,11,9,5,1,10,6,4,3,,14,10,23,8,15,13,9,6,12,18,16,25,7,24,9,24,14,19,39,27,39,28,,40,42,35,34,32,43,44,25,23,48,31,43,35,27,25,30,34,43,28,42,25,26,42,25,32,17,13,16,27,32,20,24,26,11,15,23,20,32,15,12,27,52,29,13,4,19,10,23,14,19,14,18,17,,17,19,33,33,13,14,16,35,30,35,46,30,37,19,30,32,30,25,13,13,24,25,17,,10,3,14,13,17,34,30,16,,14,28,6,25,17,11,36,36,20,13,13,45,12,25,33,14,11,22,24,13,18,5,23,41,16,10,19,9,12,6,22,8,6,20,38,31,32,14,13
20231004,22,O3,45,48,47,22,48,49,32,49,52,55,39,14,,,10,,54,37,33,,38,,6,5,,3,22,,41,54,27,30,48,64,96,,5,18,,8,18,51,47,42,,30,,38,9,16,11,,12,14,,18,51,,,48,51,68,65,63,56,68,6,,,10,5,15,12,48,46,,4,3,39,13,47,,,72,74,31,72,6,,36,27,,,35,31,38,53,,54,56,,35,45,51,52,31,,39,74,69,72,65,60,81,79,62,70,78,33,36,37,22,40,41,,38,40,39,37,20,31,31,36,31,38,30,36,33,30,37,82,92,89,95,99,,93,90,84,86,75,92,100,102,96,,108,118,86,68,,67,75,68,64,67,72,98,102,89,91,,34,,,,39,46,,43,43,49,,,,78,,82,82,69,86,84,84,90,82,79,,,,88,66,,87,71,90,79,105,,89,66,67,79,47,62,111,110,,114,,101,70,,105,107,,82,103,89,,98,85,97,108,103,105,102,,,100,102,106,86,86,93,81,,59,,,82,,81,83,,86,91,86,96,100,96,,83,83,70,70,66,96,99,85,117,100,114,112,113,94,107,82,106,102,,,118,112,114,113,,87,78,54,60,70,,58,62,72,,62,59,21,54,,,37,56,42,63,,,76,74,62,77,60,60,5,12,20,21,7,15,11,9,,63,54,54,61,51,62,61,,64,61,22,40,31,40,32,31,35,35,40,24,35,43,,52,44,66,70,33,37,34,54,53,41,77,59,71,67,,73,78,74,43,86,,95,100,68,57,71,90,,95,43,36,94,93,101,,80,84,70,83,,,,56,42,70,71,74,68,74,50,66,77,,74,77,74,68,73,38,58,25,,55,24,49,,19,,12,2,17,5,7,18,14,,,6,9,6,11,5,,4,22,13,17,,,19,48,39,59,55,66,49,46,55,66,51,,27,44,3,26,24,5,47,46,42,46,50,45,14,9,5,,1,20,,51,,11,29,10,2,,31,,55,54,,,,,90,,,,34,44,35,42,28,10,37,,,32,39,38,43,,25,19,21,23,22,,22,34,57,8,,7,7,38,28,52,36,13,,18,,53,54,57,67,64,62,55,61,63,39,56,52,62,60,128,122,131,,,71,,96,89,42,82,48,,47,71,,,52,68,27,54,,51,49,45,,6,12,36,34,,85,67,86,82,81,,,,,,,71,,,106,112,108,86,94,90,83,86,85,,64,,,65,,70,76,72,129,141,123,160,110,,53,49,54,68,65,82,102,72,78,60,54,56,56,67,74,61,64,67,68,75,,68,61,68,,65,102,,54,58,53,61,48,,15,34,,,7,8,,,,44,45,71,41,60,45,,52,55,,20,15,,16,,1,11,45,,3,100,48,48,45,,46,31,45,50,33,45,,47,49,56,51,50,48,54,47,56,50,48,45,56,16,53,59,61,46,43,48,47,45,,48,50,50,,53,55,47,51,49,55,46,41,48,42,47,70,83,81,,105,112,96,,74,78,64,63,72,,82,74,82,,17,,6,17,15,17,,46,40,,,,27,,30,,4,,,,30,27,43,18,12,,,,47,49,49,19,65,66,,56,58,56,57,60,68,,69,,,74,66,69,64,81,70,68,65,69,38,48,58,56,72,45,61,57,54,33,51,47,16,13,2,1,,34,33,39,39,,20,30,14,25,60,27,24,18,,,,,5,6,,7,24,9,20,19,15,18,33,32,25,45,31,44,41,,28,22,,5,13,6,,3,3,,4,60,56,39,48,46,56,67,57,2,6,4,11,,,45,79,53,61,78,26,54,28,,48,75,1,12,11,,,35,,,,,83,,,,,,,,,,,,,,,,78,,,,,,,,,,,,,,,,,,,,,,,,,,,,,,,,,,,,,,21,73,58,67,71,,50,72,47,,,,18,22,9,5,,,8,6,19,17,4,73,,56,62,54,,,43,21,,40,56,,,15,,91,78,,,43,59,,,5,11,44,,,,32,25,16,90,89,92,56,52,59,54,55,56,38,54,43,41,54,45,53,56,60,57,61,,38,43,53,,47,57,55,59,50,45,48,60,64,69,70,49,,,57,36,36,38,41,46,49,42,62,44,48,48,38,38,39,38,44,,,60,52,51,,,27,,39,74,69,,74,64,62,,64,69,71,74,64,67,64,,54,42,70,47,53,57,82,81,,83,74,69,29,87,94,,63,,66,,,,,33,36,33,52,60,,53,,82,100,84,121,129,118,111,,57,57,70,,,71,67,73,,60,62,53,,,,56,49,45,46,48,15,13,6,6,10,55,52,60,55,,69,67,68,75,,,70,75,76,78,59,59,56,53,37,,42,45,47,45,45,39,37,37,52,64,63,,70,65,58,,10,11,1,50,,50,24,19,,39,75,81,76,75,,101,101,90,104,48,54,48,,70,59,70,16,16,,52,30,85,57,56,77,68,61,45,53,28,33,,82,85,88,,63,66,,35,41,47,44,,67,63,62,70,63,37,36,36,40,38,41,48,55,56,52,52,41,44,45,38,40,42,29,44,41,40,61,55,60,53,53,50,48,48,54,45,47,62,61,58,66,27,51,47,28,,20,35,52,55,64,59,33,56,23,46,52,66,37,47,58,73,74,66,68,45,43,30,,61,27,34,81,63,,64,22,19,31,15,35,38,36,35,22,12,21,,23,18,,,,28,25,,28,22,36,38,35,37,,27,40,24,,,,,,52,55,57,58,13,,38,,57,40,42,44,45,47,,54,54,53,68,,,,,56,49,54,57,65,59,33,,64,36,35,58,53,,36,40,25,25,24,20,32,31,,44,47,63,54,12,20,41,23,42,,14,5,,35,17,,52,,46,,44,,110,,46,45,34,33,14,21,4,5,7,13,82,53,57,58,,143,95,,82,91,68,,85,88,44,13,69,74,,68,65,54,56,,,67,74,67,,100,78,82,40,21,95,28,,38,,,14,50,85,74,60,28,50,9,61,,50,70,51,11,8,90,52,50,48,,,26,57,17,31,,77,28,,70,19,52,71,39,4,3,14,42,61,,3,43,67,78,106,80,90,,71,,63,59,23,48,26,,82,38,70,50,51,22,84,60,,,16,59,69,39,,9,13,24,35,,72,61,,,96,85,78,123,,55,87,100,33,89,91,10,16,2,13,,16,13,,44,65,37,40,80,60,54,66,47,30,48,62,103,19,18,74,89,53,68,50,72,52,50,70,,60,63,58,36,,53,36,4,30,32,14,68,74,66,50,,22,28,35,58,58,6,2,49,33,72,48,29,38,5,2,,,75,47,23,,83,114,70,78,,64,31,54,95,48,85,,67,49,,54,63,45,98,84,57,75,,84,78,98,86,76,69,85,89,48,50,22,88,32,47,62,49,68,74,91,116,78,88,50,47,23,25,44,45,55,54,28,69,65,81,71,82,55,47,55,,65,48,31,36,7,34,87,89,44,,60,55,48,44,14,18,11,62,20,19,45,51,48,46,19,31,18,37,20,25,10,6,42,67,78,5,,15,43,25,60,48,18,53,90,53,,94,27,45,8,21,52,42,,67,70,61,56,35,40,46,71,63,71,48,80,59,75,49,72,74,78,61,66,,55,57,64,8,37,88,106,95,68,100,90,83,77,76,75,94,74,85,116,77,38,56,53,74,69,62,66,,48,68,106,77,104,60,74,75,95,60,56,38,25,3,71,24,40,79,103,70,56,71,59,59,,27,61,18,10,54,74,,42,49,2,55,19,26,47,41,9,15,24,4,6,5,81,86,33,57,73,112,93,105,82,92,54,,55,9,56,7,55,68,80,45,62,21,110,79,65,126,65,71,35,42,68,47,30,54,56,44,,38,31,,93,62,60,89,72,60,32,29,18,99,98,76,89,70,88,7,25,60,39,49,140,20,,47,40,3,14,39,,1,65,25,17,21,11,4,37,28,15,2,25,18,10,18,47,82,37,25,16,22,24,81,1,10,16,12,22,77,42,78,17,3,61,69,4,18,95,,51,50,114,65,64,30,,76,,91,74,15,14,51,42,6,62,65,37,47,52,14,38,18,14,3,48,37,38,100,88,77,,49,45,,83,40,15,51,54,,42,50,45,28,55,40,63,21,45,48,67,1,66,4,22,43,54,51,62,59,28,38,67,23,38,47,39,46,106,49,57,30,55,43,32,81,48,50,69
20231004,22,O3_24h,66,65,77,70,67,78,67,73,83,71,56,68,,,86,,94,88,102,,91,,83,88,,85,83,,124,143,129,129,133,139,175,,83,89,,82,18,123,109,119,,100,,151,151,156,97,30,86,88,,95,87,,85,82,92,78,76,84,89,90,91,98,,107,94,94,92,108,102,,140,132,139,142,92,,,85,94,91,96,95,,76,80,,,88,87,86,88,,88,89,,110,110,111,105,107,,119,148,150,146,140,155,162,156,132,133,151,67,72,72,71,74,72,,71,73,72,71,63,67,63,67,66,68,65,71,64,60,65,106,110,106,110,115,,113,114,102,105,133,131,139,134,123,129,137,133,135,266,,134,136,133,143,129,136,122,112,104,118,112,153,,,,114,127,,130,128,128,,,,143,,131,128,125,133,128,126,133,129,126,,,,138,128,,137,134,141,131,134,,134,130,140,144,134,139,144,148,,139,,153,138,,119,107,,128,114,100,,111,135,124,108,109,109,112,,,106,105,116,108,107,121,100,,102,,,147,,127,126,,101,107,102,108,119,113,,113,112,94,93,90,100,104,99,117,100,117,112,118,99,108,94,106,102,,,137,134,131,134,,164,166,66,73,78,,70,73,77,,74,141,141,126,,145,144,145,143,143,,,175,184,181,183,170,178,78,77,86,80,83,82,82,82,,68,63,64,64,63,62,65,,75,61,33,58,42,53,45,44,45,50,56,32,164,176,,140,143,167,122,173,102,151,131,162,144,158,174,116,103,,156,119,108,147,241,169,241,207,188,173,170,203,,208,149,141,202,199,197,,222,238,158,227,,,130,133,162,124,130,144,121,118,156,135,166,,125,129,133,133,148,123,111,119,,75,87,98,78,46,,37,19,26,14,20,29,30,,,23,23,20,32,26,,53,57,49,52,,,56,79,93,92,77,85,82,75,82,93,85,,69,68,59,66,62,63,69,71,64,72,61,54,52,46,45,46,47,49,37,61,,48,52,46,30,,86,,76,75,,,,,135,,,,95,86,103,99,92,102,98,,99,39,47,53,52,42,44,39,41,43,45,,40,50,65,84,,91,84,88,94,89,87,86,88,83,,147,154,145,104,91,84,96,133,129,108,102,86,89,90,160,160,160,,,144,,125,135,127,127,113,,110,140,,,128,137,128,132,,141,141,147,,133,139,138,144,128,144,144,144,147,136,,,,,,,84,,74,147,142,142,138,152,156,158,147,146,,171,,,85,,93,88,94,189,218,208,209,192,,171,170,176,184,186,162,113,107,106,101,103,87,110,130,134,119,92,89,93,130,,126,113,108,,137,146,,122,126,128,125,116,,118,59,,,71,74,,,,87,81,92,86,139,142,,143,143,,50,60,,76,,110,107,112,,108,139,84,78,87,,125,118,130,117,111,124,,99,96,113,90,101,111,122,102,85,123,104,97,82,84,88,82,83,90,93,86,82,93,,57,59,58,,58,76,73,75,79,77,55,58,65,59,61,113,110,116,,129,138,137,,126,86,72,82,79,,87,79,98,,56,,43,46,46,48,,146,145,,,,68,,66,,59,,,,81,81,83,46,46,,,,53,49,52,40,71,70,,56,58,56,57,60,68,,79,,,76,79,75,64,81,84,111,104,119,78,89,91,95,133,122,128,123,128,111,76,83,66,55,58,58,,60,65,62,60,,64,82,78,63,64,48,44,37,,,,,60,64,,62,34,35,36,42,29,38,86,83,90,89,88,82,83,,51,58,,83,79,72,,74,62,,67,67,91,88,81,86,90,87,90,66,62,63,50,,,108,108,108,105,98,101,101,106,,110,98,107,108,109,,,150,,,,,178,,,,,,,,,,,,,,,,161,,,,,,,,,,,,,,,,,,,,,,,,,,,,,,,,,,,,,,35,83,75,77,84,95,96,94,92,,,,90,82,83,67,,,81,78,82,83,81,106,,93,88,72,,,60,66,,98,91,66,,55,,104,98,,,81,68,,,100,102,80,,,66,70,78,81,117,115,112,81,76,77,77,82,116,92,106,102,103,108,100,109,83,82,80,79,,63,70,129,,98,102,86,94,72,68,76,77,79,83,87,75,,,80,72,60,61,73,73,80,68,101,67,69,64,69,61,76,68,77,,,92,74,73,,63,62,,69,128,124,,127,122,130,,114,116,125,118,259,115,132,,86,94,97,90,92,92,91,91,,84,77,74,61,139,139,,99,,98,,,,87,90,91,81,98,108,,83,,101,100,100,129,134,138,133,,91,91,93,,,95,96,101,,89,84,87,,,148,56,49,48,49,48,48,23,28,27,35,72,74,77,72,,69,96,95,88,59,,80,84,83,85,96,100,96,96,38,,42,45,51,58,64,60,57,62,88,108,104,,100,105,100,,50,65,56,88,,85,91,86,,90,90,91,92,88,,101,101,94,104,79,78,86,,81,80,80,49,38,,56,50,96,78,74,99,82,79,78,81,54,55,,94,93,93,,63,66,,64,51,58,53,,70,66,63,70,63,52,59,58,64,62,58,65,70,76,69,66,64,73,70,73,68,55,61,63,61,53,87,83,84,83,80,59,59,58,61,54,47,72,68,62,72,42,64,58,135,133,127,116,91,111,104,127,131,142,131,113,108,107,93,130,141,136,131,108,112,88,99,97,,132,100,118,84,73,,73,46,38,39,38,51,55,50,52,54,60,65,61,65,52,,,,30,31,,32,36,36,38,35,37,,52,58,47,,,,,,61,58,58,63,28,,45,,58,68,72,69,67,70,,83,87,85,89,,,,,107,69,74,75,73,72,89,,87,55,57,74,80,,57,49,46,52,47,52,42,38,,59,58,65,62,64,82,50,64,82,,64,57,,57,65,,55,58,57,,56,,137,,46,47,75,67,71,66,94,82,88,84,82,64,81,86,,143,104,,90,98,106,,97,100,94,97,107,105,,82,82,107,99,,,85,98,91,,111,88,87,56,63,105,81,,76,,,56,82,94,88,125,119,116,106,100,,106,107,106,109,113,119,119,120,115,,,97,99,96,74,,96,98,98,98,82,149,153,153,91,83,85,142,90,,46,97,139,133,111,120,155,,102,,174,132,54,92,61,62,106,62,126,79,107,29,143,60,,,101,102,104,95,,84,90,88,60,,122,132,,,161,126,138,154,122,136,172,162,153,126,99,16,38,20,61,,100,64,,102,132,71,64,111,90,71,173,55,42,86,74,145,82,86,81,158,84,140,69,136,57,116,76,,81,81,75,56,,82,113,8,88,67,54,76,81,77,147,46,51,41,46,60,134,55,47,108,85,86,169,70,55,34,34,,,94,113,106,87,153,131,76,136,,110,88,67,137,100,152,74,108,89,,127,92,90,120,108,73,103,,118,110,105,102,102,94,108,109,79,87,91,96,87,87,132,140,121,140,119,154,128,127,106,120,147,115,144,206,212,119,139,141,156,231,155,151,110,128,99,138,126,90,95,129,83,90,116,128,118,81,110,87,90,70,67,90,91,82,36,62,70,74,67,84,33,36,33,37,40,37,27,24,67,67,78,47,,45,68,65,172,137,133,156,148,176,,135,112,118,60,68,85,82,,134,93,78,80,56,65,95,166,130,124,142,118,137,123,121,93,112,123,110,75,88,172,75,83,91,87,139,141,132,127,147,139,134,132,140,141,119,180,124,150,112,106,107,100,98,94,114,147,96,88,113,210,138,121,166,102,137,216,110,114,97,142,115,112,99,84,122,111,112,114,103,100,123,78,92,96,87,79,89,86,89,64,64,37,55,27,51,76,64,71,62,38,56,55,136,155,132,160,86,121,156,150,147,162,161,121,,146,133,130,141,97,94,99,79,89,63,148,186,94,156,113,104,105,130,109,111,93,61,87,71,86,80,81,,107,85,81,99,76,60,66,52,69,99,98,99,117,141,112,89,84,86,101,144,154,89,,129,99,83,85,79,76,153,154,88,94,94,92,92,99,103,92,88,69,55,59,30,94,110,84,58,25,37,33,142,58,59,54,60,33,109,105,98,102,37,73,90,106,78,107,94,159,126,209,155,145,126,102,80,,132,120,42,48,84,67,64,147,159,128,128,148,85,71,58,46,56,50,49,56,113,109,108,,52,69,162,115,75,43,148,78,,70,71,67,67,88,85,92,138,84,76,105,59,71,92,84,78,97,64,72,87,88,66,114,145,78,70,70,73,112,76,126,68,60,65,156,138,174,147,112
20231004,22,O3_8h,52,57,64,42,56,60,47,47,58,64,49,40,,,63,,70,65,69,,62,,52,51,,45,60,,94,99,84,93,95,111,127,,42,57,,55,18,88,69,69,,61,,81,80,87,64,,59,56,,66,72,,79,71,70,73,69,77,60,73,40,45,,42,58,64,58,75,78,,66,58,80,72,71,,,76,84,76,83,56,,62,60,,,70,68,63,69,,65,66,,60,66,65,65,53,,60,78,67,72,69,78,86,89,71,80,87,50,51,54,50,52,58,,53,57,55,52,38,44,44,46,46,49,43,47,49,41,51,99,105,100,106,109,,107,106,95,99,112,119,124,120,113,118,127,128,117,100,,97,105,103,102,98,101,103,101,94,96,98,91,,,,73,89,,86,77,80,,,,119,,98,97,92,101,93,96,103,97,96,,,,105,98,,111,112,124,106,115,,111,103,109,106,109,104,129,139,,130,,119,102,,110,96,,108,107,92,,100,116,108,94,104,104,103,,,102,100,109,89,92,93,85,,71,,,129,,99,100,,93,96,92,101,108,104,,90,87,76,77,73,94,100,91,87,86,91,93,91,91,87,73,78,82,,,131,127,126,126,,115,110,57,62,70,,59,65,71,,66,101,88,88,,106,96,100,100,103,,,130,131,126,135,118,120,24,20,20,24,29,32,20,18,,56,51,50,54,47,54,53,,62,57,27,47,34,44,36,35,37,40,46,28,110,123,,103,92,124,103,114,66,88,74,100,93,124,142,98,83,,87,93,90,70,153,127,166,135,133,121,116,145,,156,104,84,159,157,155,,164,163,117,162,,,95,81,86,91,93,97,90,95,114,106,128,,106,110,104,103,114,91,84,82,,67,63,67,66,30,,21,9,20,8,7,22,23,,,13,15,12,20,13,,34,39,39,38,,,42,50,66,70,66,71,68,62,62,78,66,,52,57,38,50,46,42,58,60,51,57,54,50,36,32,22,30,25,31,22,43,,28,42,30,15,,65,,68,64,,,,,96,,,,67,71,76,75,73,74,75,,90,33,41,47,45,37,34,30,32,34,34,,33,41,57,50,,65,50,65,64,65,65,59,70,60,,70,68,71,78,75,72,64,71,72,59,71,70,74,74,130,124,132,,,113,,91,79,51,86,84,,82,99,,,90,99,84,92,,99,93,91,,71,57,75,96,83,86,74,89,89,84,,,,,,,59,,46,124,120,128,119,134,135,85,90,87,,86,,,80,,87,81,83,148,161,142,167,128,,113,115,117,124,124,121,107,91,93,85,68,70,69,90,94,81,81,80,82,104,,97,86,76,,89,108,,76,74,74,80,78,,60,50,,,35,38,,,,68,64,73,68,99,104,,107,104,,36,37,,51,,70,52,81,,69,103,66,56,60,,64,54,62,55,62,60,,64,62,66,63,66,60,63,58,60,62,56,58,69,60,73,70,71,62,60,65,58,61,,46,46,47,,48,65,61,63,64,66,42,32,42,31,38,94,88,98,,112,120,105,,102,78,67,70,71,,80,73,77,,26,,32,31,31,32,,104,106,,,,24,,21,,15,,,,68,63,48,27,30,,,,41,38,44,34,65,67,,50,46,44,47,54,63,,73,,,74,72,68,60,72,77,88,89,93,65,75,81,81,96,83,92,90,90,74,55,56,41,32,33,21,,46,47,48,52,,49,55,55,49,29,34,30,24,,,,,30,40,,40,27,24,27,32,22,27,59,59,59,65,59,65,66,,38,44,,40,45,34,,36,26,,27,60,75,61,62,64,64,74,72,31,38,33,37,,,62,95,82,88,81,68,83,83,,88,86,75,76,79,,,100,,,,,133,,,,,,,,,,,,,,,,86,,,,,,,,,,,,,,,,,,,,,,,,,,,,,,,,,,,,,,30,74,63,69,72,82,73,82,67,,,,55,54,45,44,,,59,56,66,65,56,79,,79,74,56,,,50,43,,79,75,17,,21,,80,81,,,60,62,,,70,71,69,,,57,54,58,57,102,100,99,66,65,65,63,66,69,57,63,61,62,65,56,65,69,68,65,67,,49,52,62,,68,72,66,69,53,48,47,54,73,76,79,50,,,62,50,49,51,53,62,58,54,84,44,51,48,47,51,51,48,57,,,71,49,43,,37,37,,52,103,101,,104,92,102,,80,90,97,91,81,90,95,,67,69,75,71,74,72,80,80,,80,69,65,44,121,125,,86,,87,,,,61,60,66,41,73,82,,69,,91,86,84,122,126,131,125,,72,74,76,,,78,76,81,,69,69,69,,,127,42,44,41,41,41,32,17,16,17,22,62,62,67,64,,41,61,58,56,37,,76,80,80,79,73,74,70,72,29,,29,34,40,49,51,47,43,46,68,84,81,,84,78,75,,19,30,20,46,,53,46,47,,54,76,81,79,74,,75,76,71,82,60,64,61,,75,70,73,32,28,,52,39,89,58,57,72,68,66,59,66,36,40,,83,85,85,,55,60,,43,46,53,50,,63,63,61,45,38,40,47,46,53,50,48,58,62,66,63,60,52,61,59,58,54,45,49,54,51,46,76,67,74,69,66,53,50,49,56,48,42,64,59,54,65,26,57,53,71,81,84,74,76,81,81,94,84,89,87,90,90,80,71,83,98,105,105,88,94,62,69,61,,89,61,66,70,53,,58,35,30,30,25,42,46,42,43,27,30,35,40,48,37,,,,29,28,,29,12,22,29,22,27,,34,42,31,,,,,,57,54,53,59,16,,36,,56,54,64,60,61,63,,77,79,77,83,,,,,56,54,51,54,66,63,60,,81,48,48,54,53,,45,42,39,41,39,38,38,34,,48,47,61,55,33,39,45,38,67,,37,28,,41,49,,50,53,52,,50,,130,,45,44,41,43,41,38,49,47,52,55,67,52,54,73,,99,96,,73,84,91,,89,90,62,58,89,93,,69,66,90,81,,,77,88,76,,104,80,83,45,47,95,56,,58,,,41,60,86,79,102,96,82,67,84,,88,97,92,86,80,105,101,103,98,,,81,86,74,56,,83,81,92,85,58,96,116,107,46,50,60,93,78,,16,57,115,117,106,92,134,,92,,93,90,44,64,51,52,98,48,94,64,62,25,118,45,,,46,67,81,69,,53,66,67,41,,95,104,,,73,101,105,140,92,98,96,122,87,105,91,13,27,4,37,,60,23,,77,93,48,48,93,78,52,87,47,32,67,66,126,49,39,71,94,65,107,61,110,54,90,72,,71,72,67,46,,67,73,5,48,50,34,69,75,72,107,,33,36,36,54,101,31,21,61,54,74,89,52,42,14,11,,,84,89,75,79,112,126,70,114,,90,71,59,118,78,128,19,74,73,,63,79,67,108,94,58,93,,105,97,97,96,92,82,101,102,66,74,62,76,70,70,102,84,96,106,100,139,105,107,77,87,81,71,100,127,148,84,99,90,94,159,122,115,72,92,65,99,82,72,69,64,50,60,99,105,83,,86,71,72,27,19,52,42,68,25,26,46,52,48,56,26,28,24,34,31,24,16,8,57,42,43,30,,33,48,38,110,97,55,84,95,92,,86,76,90,26,50,70,66,,75,78,70,65,42,52,78,125,91,100,92,90,101,93,80,82,87,90,83,66,84,90,44,68,60,71,118,121,118,96,116,118,101,100,112,106,98,104,106,132,101,86,88,75,82,84,81,91,74,57,87,156,101,111,117,89,108,161,75,89,68,83,64,69,56,49,98,85,76,95,91,81,97,16,25,83,36,34,52,75,70,47,46,16,51,19,39,60,54,42,48,29,30,32,70,116,81,82,52,90,132,113,122,87,134,93,,95,84,96,85,82,74,89,60,77,46,129,114,66,126,72,89,75,80,89,85,62,53,78,58,64,61,58,,98,73,56,91,70,40,52,44,54,90,88,84,92,107,94,54,62,68,65,120,145,60,,94,66,41,48,48,55,78,107,55,58,57,56,55,71,62,58,54,43,26,18,16,57,100,41,36,20,28,29,117,30,41,40,33,23,96,81,88,78,13,51,80,66,51,85,85,124,72,172,105,89,77,96,76,,109,96,24,35,57,48,39,108,114,83,88,86,44,54,47,25,24,44,38,48,104,89,89,,44,53,98,104,48,26,106,54,,59,50,60,44,71,69,58,83,60,58,84,20,66,59,49,63,59,40,59,68,66,47,95,100,58,49,52,48,103,62,87,54,54,51,78,89,78,66,96
20231004,22,O3_8h_24h,55,59,68,58,58,65,53,63,83,68,52,56,,,81,,83,80,87,,84,,74,80,,79,74,,108,119,103,114,111,121,137,,77,82,,76,18,96,93,100,,90,,108,112,118,88,38,75,76,,84,82,,79,78,87,75,72,80,74,76,64,71,,71,82,83,82,94,92,,108,102,111,109,79,,,78,85,84,85,83,,72,73,,,82,82,79,82,,85,77,,77,78,74,81,74,,95,138,139,137,133,147,143,154,118,122,133,62,63,67,67,63,69,,64,70,67,69,60,58,62,66,64,68,62,65,59,59,65,102,107,102,107,111,,109,112,96,101,121,123,128,122,115,118,128,129,123,130,,113,120,116,123,113,121,114,108,101,110,106,127,,,,97,113,,116,107,107,,,,131,,114,107,107,113,109,112,110,110,110,,,,120,116,,124,124,133,123,125,,126,123,130,130,127,126,136,144,,134,,134,125,,110,96,,110,107,92,,100,116,108,94,104,104,103,,,102,100,109,98,101,107,90,,88,,,134,,105,104,,97,100,96,102,112,106,,96,94,82,88,79,94,100,95,88,86,91,93,91,91,87,73,82,87,,,134,129,128,128,,142,142,58,64,70,,60,66,71,,67,135,124,116,,128,131,132,133,131,,,160,160,156,165,156,159,77,76,86,79,75,79,80,82,,58,51,58,57,63,54,60,,68,58,32,47,42,46,40,41,42,43,46,28,139,143,,123,120,149,113,143,88,121,107,131,116,138,156,104,94,,115,104,102,127,202,146,200,158,152,145,132,160,,171,127,114,186,181,177,,186,179,135,181,,,110,112,116,105,113,119,102,102,132,120,142,,119,120,116,119,128,111,103,108,,68,73,84,70,33,,22,13,20,9,9,26,24,,,17,15,17,23,15,,51,47,44,43,,,49,75,86,83,74,80,78,71,75,88,79,,60,58,51,54,52,51,62,64,57,62,58,54,45,41,36,42,38,44,33,54,,44,45,41,28,,80,,72,69,,,,,97,,,,84,78,84,75,79,81,82,,90,35,43,49,47,38,38,35,36,38,39,,35,44,57,81,,84,80,84,86,80,79,75,76,77,,135,148,137,86,81,77,78,99,113,84,81,82,86,85,137,137,146,,,134,,111,111,105,109,99,,97,118,,,112,121,114,117,,128,121,128,,119,112,116,126,110,112,113,116,115,109,,,,,,,73,,58,129,130,132,132,146,150,131,121,116,,129,,,83,,89,84,89,152,171,170,167,139,,133,134,142,142,141,135,107,101,99,91,88,79,86,106,107,98,88,87,90,119,,112,102,95,,116,123,,110,120,113,106,99,,92,54,,,63,69,,,,80,75,85,79,102,111,,112,110,,42,42,,58,,90,82,93,,88,128,79,71,80,,125,118,130,116,111,124,,93,96,96,90,96,79,122,70,85,123,104,96,78,79,84,78,80,76,76,75,72,75,,49,54,53,,53,74,71,70,71,73,52,54,52,59,58,99,92,101,,112,120,111,,107,80,68,74,72,,86,77,94,,54,,35,33,45,40,,111,112,,,,59,,58,,28,,,,74,70,64,33,38,,,,41,38,45,35,66,67,,53,46,45,47,54,63,,75,,,75,73,68,60,76,78,97,95,106,73,82,86,88,118,110,115,110,115,103,67,68,57,48,50,47,,54,58,58,55,,59,68,67,58,32,38,31,25,,,,,47,52,,52,33,27,32,33,29,31,69,66,68,71,71,67,68,,42,49,,62,60,43,,48,37,,35,62,83,68,70,74,67,77,76,42,46,41,41,,,103,105,96,94,87,91,86,93,,99,86,89,91,98,,,124,,,,,165,,,,,,,,,,,,,,,,124,,,,,,,,,,,,,,,,,,,,,,,,,,,,,,,,,,,,,,34,75,64,71,75,84,81,84,78,,,,64,63,58,61,,,64,68,75,76,74,86,,85,80,56,,,51,52,,90,83,36,,33,,87,90,,,75,66,,,92,92,78,,,65,68,75,80,109,104,105,77,72,72,74,78,111,92,106,94,72,73,67,72,80,79,76,76,,59,64,78,,97,102,82,94,68,61,70,72,75,78,82,72,,,78,62,59,60,68,68,80,60,101,62,65,59,65,58,69,62,73,,,88,74,68,,62,62,,60,115,115,,115,112,121,,98,102,107,102,124,101,114,,71,78,78,79,78,76,80,81,,80,69,66,46,126,128,,96,,95,,,,72,79,79,65,87,97,,73,,91,86,84,123,126,133,128,,82,83,82,,,86,86,91,,80,78,80,,,136,42,45,42,43,41,41,20,22,22,28,67,62,67,65,,41,61,58,56,37,,77,81,80,79,83,85,80,82,29,,29,34,40,51,53,50,46,50,76,95,93,,86,84,83,,46,60,55,84,,74,71,66,,68,79,82,81,78,,75,76,71,82,68,72,79,,75,72,73,38,33,,52,42,91,63,61,79,73,71,73,77,39,41,,83,85,85,,55,60,,49,46,53,50,,63,63,61,45,38,43,50,50,56,53,49,58,63,66,64,61,56,64,62,63,58,46,54,56,53,47,80,69,77,73,70,56,59,52,59,52,42,65,60,54,66,36,58,53,106,108,110,95,83,91,89,108,109,106,114,106,103,98,85,111,124,124,120,98,106,82,88,90,,114,86,98,70,72,,73,41,34,36,33,46,49,44,46,49,50,57,50,56,47,,,,29,29,,29,31,30,32,26,28,,42,48,39,,,,,,58,56,53,59,21,,38,,56,62,68,64,63,66,,78,81,78,83,,,,,75,64,55,57,68,67,70,,85,53,52,61,65,,48,46,44,50,44,46,40,36,,55,53,61,58,50,58,45,56,72,,47,42,,47,57,,51,53,53,,52,,132,,46,44,60,67,71,64,73,65,71,70,67,52,54,74,,101,100,,73,84,96,,89,90,82,84,98,101,,78,78,103,95,,,82,95,84,,107,82,84,53,57,97,64,,61,,,50,74,89,82,112,108,98,86,89,,96,100,98,94,90,107,105,108,103,,,88,88,82,63,,84,91,92,86,73,117,118,129,86,77,79,114,85,,30,71,124,126,106,97,138,,99,,151,113,48,78,56,56,103,51,108,74,76,25,122,45,,,71,86,92,85,,72,80,81,50,,108,124,,,122,116,121,143,104,118,135,143,126,115,91,13,27,14,44,,81,62,,94,131,58,54,99,88,67,131,55,35,71,66,131,78,54,76,123,79,129,67,126,55,103,72,,76,76,71,53,,76,101,6,69,56,50,73,78,74,111,56,51,37,36,54,123,40,31,103,70,76,137,57,46,25,28,,,90,103,92,86,136,127,70,123,,96,78,59,122,91,142,68,98,79,,76,86,86,118,105,58,100,,111,102,100,97,98,88,103,106,73,82,83,83,84,82,123,123,110,122,113,142,123,120,94,111,115,103,126,155,176,92,119,112,127,183,135,129,94,110,76,114,108,84,84,80,77,80,101,112,103,74,100,76,77,38,67,75,63,71,28,62,65,70,65,72,28,28,25,34,33,31,21,19,62,42,43,45,,41,55,51,154,122,112,126,118,143,,116,99,106,49,59,71,68,,132,87,73,68,48,56,85,140,114,113,106,106,121,99,103,86,97,103,100,67,84,137,75,71,82,85,122,124,120,112,130,125,117,115,126,123,112,142,116,138,104,89,91,84,82,88,103,141,84,74,98,177,122,112,141,95,126,190,99,97,88,113,92,112,78,78,110,85,91,101,99,94,102,77,85,88,64,67,86,78,76,62,60,24,51,22,41,71,58,59,54,33,46,44,108,144,110,121,64,90,141,137,132,125,151,115,,122,120,118,118,86,84,94,70,80,55,134,151,83,138,91,96,92,109,97,102,69,53,83,65,71,74,72,,102,76,72,91,70,40,57,50,59,90,88,92,104,114,98,80,76,80,84,128,145,83,,118,83,77,79,73,70,111,132,80,78,82,81,86,85,76,83,78,54,55,54,23,64,100,70,42,21,28,29,129,36,47,46,40,27,100,90,94,96,27,73,81,86,59,89,88,142,125,178,130,118,107,98,77,,113,111,32,38,71,55,53,132,134,111,114,127,81,56,53,36,31,44,39,48,104,98,95,,47,62,126,106,64,31,111,62,,61,63,63,59,81,74,71,122,79,72,92,27,66,92,79,71,86,48,64,81,84,58,107,111,72,66,63,67,103,72,115,62,56,60,130,114,134,136,106
20231004,22,CO,0.2,0.1,0.3,0.4,0.1,0.1,0.4,0.2,0.2,0.2,0.2,0.7,,,0.4,,0.4,0.5,0.4,,0.6,,0.7,0.5,,0.5,0.7,,0.4,0.4,0.4,0.4,0.4,0.3,0.6,,0.6,0.4,,0.3,,0.1,0.3,0.4,,,,0.5,0.6,0.5,0.9,,0.3,0.7,,0.6,0.3,,,0.2,,0.2,0.2,0.2,0.2,0.2,0.4,0.4,,0.6,0.8,0.5,0.8,0.4,0.2,,0.7,0.5,0.5,0.7,0.5,,,0.6,0.5,1.4,0.4,0.4,,0.5,0.5,,,0.4,0.5,0.3,0.3,,0.4,0.5,,0.3,0.4,0.5,0.5,0.4,,0.4,0.4,0.4,0.4,0.3,0.4,0.5,0.4,0.5,0.4,0.3,0.3,0.3,0.2,0.2,0.2,0.2,,0.3,0.3,0.4,0.3,0.4,1.1,0.4,0.6,0.9,0.6,0.4,0.3,0.3,0.6,0.5,0.6,0.6,0.4,0.7,0.5,,0.4,0.6,0.4,0.6,0.4,0.9,0.3,0.7,0.4,0.5,0.4,0.4,0.6,0.6,,0.6,0.6,0.6,0.5,0.7,0.5,0.2,0.6,0.5,0.5,0.5,0.7,,,,0.7,0.7,,0.6,0.7,0.6,,,,0.5,,0.9,0.4,0.9,0.9,0.5,0.8,0.7,0.5,0.4,,,,0.5,0.6,,0.5,0.5,0.4,0.6,0.4,,0.5,0.9,0.8,0.9,0.9,0.8,0.8,0.9,,0.9,,0.6,0.9,,0.6,0.7,,0.5,0.8,0.6,,0.7,0.6,0.7,0.7,0.5,0.5,0.5,,,0.4,0.6,0.4,0.5,0.4,0.4,0.4,,0.5,,,,,0.6,0.6,,0.4,0.5,0.5,0.4,0.4,0.3,,0.5,0.5,0.5,0.5,0.6,0.4,0.4,0.4,0.6,0.5,0.6,0.4,0.8,0.5,0.7,0.7,0.4,0.6,,,0.4,0.5,0.5,0.5,,0.4,0.5,0.9,0.9,0.7,,0.8,0.7,0.6,,0.8,0.6,0.5,0.6,,,0.5,0.5,0.3,0.2,,,0.4,0.4,0.4,0.3,0.3,0.5,1.2,1.2,0.5,1.1,1.2,1.1,1.1,1.2,,0.7,0.6,0.6,0.6,0.6,0.5,0.6,,0.6,0.7,0.5,0.6,0.8,0.7,0.8,0.6,0.7,0.5,0.8,0.4,1.1,1,,0.8,0.7,0.9,0.9,0.9,0.7,0.9,0.7,1,0.6,1.1,0.8,0.8,0.6,,0.6,0.7,0.9,1,0.9,0.7,0.7,0.8,0.7,0.6,0.6,1,,0.8,0.9,0.7,0.7,0.9,0.6,,0.7,0.7,0.7,0.7,,,0.8,0.9,0.9,0.6,0.7,0.8,0.7,0.6,0.6,0.8,0.6,,0.8,0.7,0.8,0.8,0.4,0.7,0.7,0.8,,0.4,0.5,0.4,,0.3,,0.7,1,0.7,0.7,0.9,1,0.8,,,1,0.7,0.9,1,1,,1,0.7,0.8,0.7,,,0.9,0.7,0.6,0.4,0.6,0.7,0.5,0.3,0.5,0.4,0.4,,0.7,0.5,0.9,0.8,0.5,0.8,0.4,0.2,,0.2,0.4,0.2,0.7,0.8,1.1,1,0.9,0.8,0.8,0.7,,0.9,0.2,0.9,0.8,,0.7,,0.5,0.6,,,,,0.2,,,,0.6,0.4,0.3,0.4,0.7,0.5,0.5,,0.4,0.6,0.7,0.7,0.5,0.8,0.8,0.7,0.6,0.6,0.8,,0.6,1,0.5,0.8,,0.8,0.6,0.7,0.5,0.5,0.6,0.7,0.6,0.6,,0.4,0.6,0.3,0.4,0.5,0.5,0.5,0.1,0.3,0.2,0.2,0.3,0.2,0.5,0.7,0.7,0.6,,,0.6,,0.6,0.7,1.1,0.8,0.4,,0.5,0.4,,,0.5,0.8,0.8,0.4,,0.4,0.6,0.4,,0.6,0.8,0.7,0.7,1,0.4,0.2,0.5,0.3,0.3,,,,,,,0.5,,0.7,0.4,0.6,0.6,0.6,0.4,0.5,0.3,0.2,0.3,,0.2,,,0.7,,0.7,0.8,0.6,0.8,1,0.6,0.7,0.9,,0.8,0.7,0.7,0.6,0.7,0.6,0.7,0.8,0.8,0.9,0.7,0.7,0.7,0.9,0.7,0.7,1,0.7,0.8,0.9,,0.8,0.8,0.8,,0.5,0.9,,0.9,0.7,0.9,0.6,1,,0.7,1,,,0.7,0.6,,,,0.7,0.6,0.3,0.7,1.2,1.5,,1,1.2,,2.6,2.2,,2.1,,0.7,0.6,0.7,,0.8,0.6,0.2,0.3,0.4,,0.5,1.2,0.5,0.5,0.9,0.7,,0.4,0.6,0.3,0.4,0.3,0.2,0.5,0.4,0.8,0.5,0.4,0.5,0.5,0.5,0.5,0.6,0.4,0.4,0.4,0.5,0.6,0.4,,0.2,0.1,0.2,,0.1,0.3,0.2,0.3,0.4,0.3,0.3,0.3,0.3,0.2,0.3,0.5,0.4,1.1,,0.5,0.8,0.8,,0.7,0.7,0.8,0.9,0.6,,0.7,0.9,1,,0.9,,1.1,1,0.8,1,,1,0.8,,,,1.9,,1.8,,0.8,,,,0.8,1,1,0.8,0.8,,,,0.7,0.6,0.6,0.5,0.7,0.6,,0.7,0.6,0.7,0.5,0.5,0.6,,0.6,,,0.4,0.5,0.5,0.6,0.7,0.8,0.7,0.6,0.6,0.7,0.6,0.6,0.7,0.5,0.7,0.8,0.9,0.7,0.5,0.3,0.4,0.8,0.8,0.9,1,,0.7,0.8,0.8,0.6,,0.7,1.2,0.9,0.7,0.5,0.5,0.6,0.6,,,,,0.8,0.9,,0.8,0.4,0.6,0.4,0.4,0.3,0.4,0.8,0.8,0.6,0.6,0.8,1,0.6,,0.8,0.4,,0.6,0.5,0.8,,0.5,0.7,,1,0.4,0.6,0.6,0.6,0.5,0.6,0.6,0.5,0.9,0.7,0.8,0.8,,,0.7,0.2,0.7,0.2,0.4,0.4,0.3,0.7,,0.5,0.3,1.6,0.7,0.5,,,0.7,,,,,0.4,,,,,,,,,,,,,,,,0.4,,,,,,,,,,,,,,,,,,,,,,,,,,,,,,,,,,,,,,0.9,0.7,0.7,0.8,0.9,0.4,0.5,0.5,0.4,,,,1.6,1,0.8,1,,,0.7,0.7,0.6,0.7,0.6,0.3,,0.4,0.4,0.9,,,1,1,,0.6,0.5,0.8,,0.7,,0.4,0.4,,,0.5,0.2,,,0.7,1.3,0.3,,,0.3,0.3,0.3,0.3,0.6,0.5,0.4,0.4,0.2,0.3,0.6,0.3,0.4,0.4,0.6,0.4,0.5,0.2,0.4,0.3,0.3,0.3,0.5,0.4,,0.2,0.3,0.4,,0.3,0.4,0.5,0.4,0.4,0.4,0.4,0.4,0.4,0.4,0.3,0.1,,,0.1,0.1,0.2,0.2,0.1,0.2,0.2,0.1,0.2,0.3,0.3,0.2,0.4,0.6,0.3,0.5,0.2,,,0.6,0.2,0.3,,0.3,0.3,,0.1,0.6,0.5,,0.6,0.5,0.6,,0.4,0.3,0.4,0.4,0.4,0.6,0.6,,0.6,0.7,0.6,0.6,0.4,0.7,0.7,0.7,,0.5,0.5,0.6,0.7,0.5,0.5,,0.6,,0.5,,,,0.4,0.6,0.6,0.6,0.6,0.3,,0.7,,0.6,0.4,0.6,0.7,0.6,0.6,0.7,,0.4,0.7,0.6,,,0.7,0.7,0.6,,0.5,0.5,0.6,,,,0.4,0.5,0.4,0.5,0.5,1.3,1,1,1.2,0.8,0.7,0.6,0.6,0.7,,0.3,0.3,0.4,0.5,0.6,,1.3,1,1.6,1.2,0.9,0.9,0.7,0.9,0.5,,0.9,1.1,0.7,1,1,1,1.3,1,,0.3,0.5,,1.2,0.8,1,,1.3,1.2,1.2,0.8,,0.8,0.9,1.3,,1.3,0.6,0.5,0.6,0.7,,0.4,0.5,0.4,0.4,0.5,0.6,0.4,,0.3,0.3,0.3,0.4,0.3,,0.5,0.4,0.7,0.7,0.9,0.6,0.6,0.5,0.8,0.6,0.5,0.6,,0.5,0.5,0.4,,0.6,0.7,,0.8,0.6,0.7,0.6,,0.5,0.4,0.4,0.8,1,0.7,0.7,0.9,0.9,0.9,0.8,0.8,0.6,0.7,0.7,0.7,0.5,0.6,0.6,0.8,0.7,1,1,0.9,0.7,0.8,0.7,0.6,0.6,0.7,0.7,0.8,0.7,0.9,0.6,0.7,0.8,0.5,0.8,0.6,0.5,0.7,0.5,0.5,0.9,0.9,1,0.9,0.5,0.6,0.5,0.7,0.7,0.6,0.7,1,0.8,,0.7,0.9,0.9,0.9,0.8,0.8,0.9,0.4,0.9,0.8,,0.5,0.6,0.5,0.4,0.6,,0.4,0.7,0.4,0.5,0.3,0.5,0.5,0.6,0.5,0.7,0.6,0.6,,0.6,0.6,,,,0.5,0.4,,0.5,,0.4,0.4,0.5,0.4,,0.7,0.5,0.4,,,,,,0.5,0.6,0.5,0.5,0.9,,0.5,,0.4,0.5,0.7,0.6,0.7,0.7,,0.6,1.3,0.7,0.6,,,,,0.2,0.4,0.6,0.6,0.1,0.2,0.7,,0.4,0.7,0.4,0.7,0.7,,0.6,0.5,0.7,0.7,0.5,0.4,0.4,0.5,,0.3,,0.3,0.3,0.6,0.2,0.4,0.3,0.6,,0.5,0.4,,0.5,0.6,,0.3,0.3,0.5,,0.6,,0.4,,0.3,0.3,0.4,0.8,0.6,0.7,0.5,0.5,0.5,0.6,0.6,0.6,0.6,0.2,,0.7,0.5,,0.6,0.5,0.5,,0.2,0.4,0.4,0.5,0.4,0.4,,0.3,0.4,0.2,0.2,,,0.6,0.5,0.4,,0.5,0.5,0.4,0.7,0.7,0.6,0.4,,0.5,,,0.7,0.4,0.4,0.3,0.7,0.8,0.8,1.2,0.7,,0.6,0.3,0.7,1.6,1.4,0.4,0.7,0.7,0.6,,,2,0.6,0.8,0.6,,0.5,0.5,0.7,0.4,0.9,0.7,1,0.9,0.5,0.5,0.7,0.4,0.4,,0.5,0.5,0.5,0.4,0.4,0.6,0.7,,0.4,,0.4,0.5,0.8,0.7,0.9,1.1,0.3,0.5,0.4,0.4,0.3,0.5,0.6,0.3,,,0.3,0.6,0.6,0.5,,0.8,0.6,0.5,0.7,,0.6,0.7,,,1,0.4,0.4,0.7,,0.7,1.2,0.6,0.8,0.2,0.4,0.5,0.9,0.7,2.2,,0.3,0.9,,0.5,0.6,0.3,0.2,0.6,0.4,0.3,0.3,0.3,0.9,0.3,0.6,0.5,0.4,1.6,0.3,0.2,0.3,0.6,0.2,0.5,0.4,0.3,1,,0.7,0.6,0.7,0.5,,0.2,0.4,1.2,1.3,0.7,0.6,0.6,0.5,0.5,0.5,,0.6,0.5,0.7,1.3,0.6,0.8,0.9,0.8,0.5,0.7,0.4,0.5,0.4,0.7,0.9,,,0.4,0.6,0.3,1,0.5,0.2,0.5,0.7,,0.5,,0.5,0.5,0.5,1,1.9,0.6,0.6,,0.4,0.6,0.2,0.4,0.5,0.3,0.3,,0.3,0.6,0.4,0.5,0.5,0.7,0.7,0.7,0.2,0.4,0.5,0.4,0.6,0.4,0.7,1.2,0.7,0.5,0.3,0.9,0.5,0.5,0.8,0.9,1,0.9,0.7,1.1,0.8,0.7,1,0.9,0.7,0.7,0.8,0.6,0.7,0.8,0.8,0.9,0.5,0.1,0.5,0.3,0.5,0.6,0.8,0.4,0.7,,0.5,0.6,0.6,0.5,0.9,1.1,1.4,0.3,1.3,1.4,0.4,0.3,0.5,0.8,0.7,0.7,0.6,0.6,0.7,0.5,0.7,0.6,0.6,0.5,0.2,0.9,,0.8,0.3,0.7,0.5,0.5,0.6,0.4,0.3,0.2,,0.8,0.4,0.3,0.7,0.8,0.5,0.6,,0.5,0.3,0.5,0.6,0.7,0.9,0.8,0.8,0.7,0.7,0.7,0.7,0.9,0.7,0.8,0.4,0.6,0.6,0.7,0.6,1.1,0.4,0.2,0.2,0.7,0.5,0.7,0.8,0.5,0.6,1,0.6,0.9,0.4,0.5,0.5,0.3,0.6,0.7,0.9,0.3,0.4,0.3,0.4,0.3,0.5,0.8,0.7,0.7,0.7,0.8,0.6,0.7,0.8,0.6,0.8,0.8,0.7,0.7,0.6,0.3,0.4,0.2,0.3,0.4,0.2,0.6,0.4,0.5,0.8,0.6,0.6,0.7,1.1,2,1.2,1.2,0.9,0.4,0.6,0.7,0.2,0.3,0.9,0.5,0.6,1.2,0.2,0.6,0.7,0.8,0.7,0.8,0.9,0.4,0.5,0.9,0.3,0.8,0.7,0.5,0.4,0.4,0.2,0.5,0.2,,0.6,0.7,0.6,0.4,0.3,0.4,0.4,0.2,0.4,0.8,0.5,0.4,0.6,0.5,0.8,0.7,0.8,0.7,0.8,0.6,0.7,0.6,0.6,0.5,0.4,0.6,0.6,,0.5,0.7,0.7,0.4,0.6,1.1,0.5,0.5,0.7,0.8,0.7,0.5,0.5,0.4,0.4,0.5,0.6,0.7,1.2,1.2,1.4,0.5,,0.5,0.6,0.4,0.4,0.4,0.5,0.8,0.2,0.4,0.4,0.4,0.4,0.2,0.3,0.5,0.6,0.6,1.9,1.2,1.5,0.5,0.8,1.5,1.4,1,0.6,0.9,0.8,3.2,0.8,0.7,0.8,0.6,0.6,0.3,0.7,0.6,2.5,0.8,0.6,0.4,1.1,0.9,0.4,0.7,0.7,0.8,0.9,0.8,0.8,0.8,0.4,0.3,,0.8,0.6,0.6,1,0.3,0.4,0.9,0.3,0.3,0.2,0.2,0.4,0.7,0.5,0.7,0.9,0.7,0.6,0.6,0.7,0.6,0.5,0.5,,0.2,0.3,,0.3,1.1,2.2,0.8,0.9,,0.4,0.2,0.3,0.3,0.4,0.5,0.7,0.5,0.5,0.3,0.4,1.3,0.6,0.4,0.6,0.2,0.1,0.5,0.2,0.2,0.4,0.4,0.6,0.9,0.4,0.3,0.3,0.4,0.5,0.2,0.5,0.2,0.5,0.6,0.4,0.9,0.4,0.6,0.5
20231004,22,CO_24h,0.3,0.2,0.3,0.3,0.3,0.2,0.4,0.4,0.3,0.2,0.3,0.6,,,0.4,,0.4,0.5,0.5,,0.6,,0.5,0.5,,0.6,0.7,,0.8,0.8,0.7,0.8,0.9,0.7,1,,0.6,0.5,,0.4,,0.3,0.4,0.5,,0.2,,0.8,0.5,0.7,0.7,0.8,0.3,0.5,,0.6,0.3,,0.1,0.2,0.2,0.3,0.3,0.4,0.3,0.2,0.3,0.3,,0.4,0.5,0.5,0.3,0.6,0.3,,1.1,1,1,1,0.8,,,0.9,1,0.8,0.8,0.8,,0.4,0.4,,,0.2,0.4,0.3,0.3,,0.5,0.5,,0.4,0.4,0.5,0.5,0.4,,0.4,0.5,0.6,0.6,0.6,0.5,0.6,0.5,0.6,0.5,0.5,0.3,0.3,0.3,0.3,0.2,0.2,,0.3,0.3,0.4,0.4,0.3,0.6,0.4,0.5,0.7,0.5,0.4,0.3,0.4,0.6,0.4,0.5,0.6,0.4,0.6,0.5,,0.4,0.5,0.4,0.6,0.4,0.7,0.2,0.6,0.4,0.3,0.5,0.4,0.6,0.6,,0.6,0.6,0.6,0.6,0.6,0.7,0.2,0.6,0.5,0.5,0.6,0.6,,,,0.6,0.6,,0.5,0.5,0.5,,,,0.4,,1.1,0.7,0.9,1,0.9,1,1,0.8,0.5,,,,0.6,0.6,,0.5,0.4,0.4,0.5,0.4,,0.3,0.8,0.6,0.7,0.7,0.7,0.6,0.6,,0.5,,0.6,0.7,,0.5,0.5,,0.5,0.6,0.5,,0.7,0.5,0.6,0.5,0.5,0.5,0.5,,,0.4,0.6,0.5,0.5,0.4,0.5,0.5,,0.5,,,0.5,,0.7,0.5,,0.5,0.5,0.5,0.5,0.4,0.3,,0.6,0.5,0.5,0.5,0.6,0.4,0.5,0.4,0.7,0.5,0.6,0.3,0.7,0.4,0.7,0.7,0.5,0.6,,,0.3,0.4,0.5,0.5,,0.4,0.4,0.8,0.8,0.6,,0.7,0.6,0.5,,0.7,0.5,0.5,0.6,,0.5,0.5,0.5,0.4,0.5,,,0.6,0.7,1,0.5,0.6,0.7,1,1,0.3,0.8,0.9,1,0.8,0.9,,0.7,0.6,0.5,0.7,0.5,0.5,0.5,,0.5,0.7,0.4,0.6,0.6,0.6,0.8,0.6,0.7,0.5,0.8,0.4,0.9,0.9,,0.7,0.7,0.9,0.9,0.8,0.7,0.8,0.6,0.9,0.6,1,0.7,0.8,0.6,,0.6,0.8,0.9,1,0.8,0.6,0.6,0.8,0.7,0.6,0.6,0.8,,0.8,0.8,0.6,0.5,0.7,0.5,,0.6,0.6,0.6,0.6,,,0.9,0.9,0.9,0.7,0.8,0.9,0.8,0.7,0.6,0.7,0.6,,0.7,0.7,0.8,0.8,0.5,0.8,0.7,0.7,,0.5,0.4,0.4,0.3,0.3,,0.8,1,0.7,0.7,0.9,0.9,0.8,,,0.9,0.9,0.9,0.9,1.1,,0.6,0.6,0.6,0.6,,,0.7,0.8,0.4,0.2,0.4,0.4,0.4,0.2,0.3,0.3,0.3,,0.6,0.5,0.6,0.8,0.5,0.6,0.4,0.2,0.3,0.3,0.3,0.2,0.7,0.8,0.9,0.8,0.8,0.7,0.6,0.7,,0.9,0.2,0.7,0.7,,0.6,,0.5,0.6,,,,,0.5,,,,0.6,0.5,0.6,0.6,0.8,0.6,0.6,,0.5,0.6,0.7,0.6,0.5,0.8,0.7,0.7,0.7,0.6,0.7,,0.5,0.9,0.5,0.5,,0.6,0.5,0.6,0.5,0.6,0.4,0.6,0.6,0.5,,0.6,0.7,0.4,0.6,0.6,0.6,0.6,0.3,0.3,0.3,0.3,0.3,0.4,0.5,0.7,0.7,0.6,,,0.8,,0.5,0.6,0.9,0.7,0.6,,0.5,0.6,,,0.6,0.9,0.9,0.6,,0.5,0.6,1,,0.5,0.6,0.6,0.6,0.7,0.6,0.3,0.6,0.4,0.3,,,,,,,0.5,,0.6,0.4,0.6,0.5,0.8,0.6,0.6,0.3,0.3,0.5,,0.5,,,0.7,,0.8,0.8,0.6,0.8,1,0.7,0.6,0.9,,0.7,0.7,0.8,0.7,0.7,0.6,0.6,0.8,0.8,0.7,0.7,0.8,0.7,1,0.7,0.7,0.8,0.8,0.8,0.9,,0.7,0.8,0.7,,0.4,0.7,,0.8,0.8,1,0.8,0.9,,0.6,0.8,,,0.5,0.4,,,,0.6,0.5,0.5,0.5,1.3,1.7,,1.4,1.2,,1.7,1.6,,1.7,,1,0.7,0.9,,0.9,0.7,0.2,0.3,0.3,,0.6,0.8,0.7,1.3,0.7,0.6,,0.3,0.6,0.5,0.4,0.4,0.3,0.6,0.7,1,0.6,0.5,0.6,0.4,0.5,0.5,0.6,0.4,0.4,0.5,0.5,0.5,0.4,,0.3,0.2,0.3,,0.2,0.4,0.2,0.3,0.4,0.4,0.3,0.3,0.3,0.2,0.3,0.5,0.6,0.7,,0.5,0.8,0.7,,0.7,0.7,0.8,0.8,0.7,,0.6,0.9,0.8,,0.9,,1.1,0.9,0.8,0.9,,1.1,1,,,,0.9,,0.9,,1,,,,0.7,0.8,0.6,0.8,0.7,,,,0.7,0.7,0.7,0.6,0.8,0.7,,0.8,0.6,0.8,0.6,0.5,0.7,,0.6,,,0.5,0.5,0.5,0.6,0.7,0.8,0.8,0.9,0.7,0.6,0.6,0.6,0.6,0.5,0.8,0.8,0.9,0.7,0.5,0.3,0.4,0.7,0.7,0.7,0.8,,0.7,0.8,0.8,0.6,,0.6,1,0.6,0.6,0.4,0.6,0.6,0.6,,,,,0.6,0.7,,0.6,0.5,0.5,0.4,0.3,0.3,0.4,0.7,0.6,0.5,0.5,0.8,0.9,0.6,,0.8,0.5,,0.7,0.5,0.7,,0.5,0.6,,0.7,0.5,0.7,0.7,0.6,0.6,0.7,0.6,0.6,0.8,0.7,0.8,0.7,,,0.6,0.2,0.8,0.4,0.7,0.5,0.2,0.3,,0.4,0.2,0.7,0.3,0.3,,,0.6,,,,,0.7,,,,,,,,,,,,,,,,0.6,,,,,,,,,,,,,,,,,,,,,,,,,,,,,,,,,,,,,,0.8,0.8,0.7,0.9,0.9,0.4,0.5,0.5,0.4,,,,1.4,1.2,1.2,1,,,0.6,0.6,0.6,0.6,0.6,0.6,,0.6,0.7,1,,,1,0.9,,0.6,0.7,0.6,,0.7,,0.4,0.3,,,0.4,0.3,,,0.4,0.4,0.3,,,0.2,0.3,0.2,0.2,0.7,0.5,0.5,0.4,0.3,0.3,0.5,0.3,0.5,0.4,0.6,0.6,0.4,0.2,0.3,0.3,0.3,0.3,0.5,0.4,,0.2,1.5,0.5,,0.2,0.3,0.5,0.5,0.4,0.4,0.4,0.4,0.4,0.5,0.4,0.3,,,0.2,0.2,0.3,0.3,0.1,0.2,0.2,0.2,0.2,0.3,0.4,0.2,0.5,0.6,0.3,0.5,0.2,,,0.7,0.2,0.3,,0.3,0.4,,0.1,0.4,0.4,,0.3,0.3,0.5,,0.3,0.3,0.3,0.3,0.3,0.6,0.5,,0.6,0.6,0.5,0.8,0.4,0.7,0.8,0.8,,0.7,0.4,0.5,0.6,0.3,0.3,,0.5,,0.6,,,,0.6,0.5,0.5,0.5,0.6,0.3,,0.7,,0.8,0.6,0.7,0.7,0.6,0.7,0.7,,0.5,0.7,0.7,,,0.7,0.8,0.7,,0.6,0.5,0.7,,,0.5,0.3,0.5,0.4,0.5,0.4,0.9,1.2,0.9,1,0.7,0.7,0.6,0.7,0.8,,0.1,0.5,0.4,0.6,0.7,,1.3,0.9,1.6,1.1,1,0.6,0.8,0.9,0.7,,1.4,1.6,1,0.9,0.9,0.9,1.1,0.9,,0.4,0.5,,1.3,1.1,1.2,,1,1.3,1,0.6,,0.6,0.6,0.8,,0.7,0.6,0.5,0.6,0.7,,0.6,0.7,0.6,0.6,0.5,0.6,0.4,,0.4,0.3,0.3,0.6,0.7,,1,0.7,0.7,0.8,0.9,0.7,0.7,0.6,0.8,0.7,0.5,0.7,,0.6,0.6,0.4,,0.7,0.8,,0.8,0.8,0.8,0.7,,0.5,0.6,0.6,1,1,0.7,0.8,0.8,0.8,0.9,0.8,0.8,0.7,0.8,0.7,0.7,0.5,0.6,0.7,0.8,0.6,0.9,1,0.9,0.7,0.8,0.6,0.6,0.6,0.7,0.6,0.8,0.7,0.9,0.6,0.6,0.8,0.5,0.8,0.8,0.3,0.7,0.6,0.5,0.9,0.9,0.8,0.8,0.7,0.6,0.7,0.7,0.7,0.7,0.5,0.6,0.6,0.6,0.7,0.6,0.7,0.7,0.6,0.9,0.9,0.4,0.7,0.8,,0.5,0.6,0.5,0.5,0.6,,0.4,0.7,0.4,0.5,0.3,0.6,0.5,0.6,0.5,0.7,0.6,0.6,0.9,0.6,0.6,,,,0.5,0.4,,0.5,,0.4,0.5,0.5,0.5,,0.7,0.6,0.4,,,,,,0.5,0.6,0.6,0.6,0.8,,0.5,,0.3,0.5,0.6,0.7,0.7,1,,0.4,0.5,0.5,0.5,,,,,0.2,0.4,0.6,0.6,0.1,0.2,0.7,,0.3,0.6,0.5,0.6,0.6,,0.6,0.5,0.7,0.7,0.4,0.4,0.5,0.5,,0.3,0.5,0.2,0.3,0.5,0.2,0.4,0.2,0.7,,0.5,0.4,,0.4,0.4,,0.3,0.4,0.5,,0.7,,0.3,,0.3,0.2,0.5,0.8,0.5,0.6,0.5,0.5,0.6,0.6,0.7,0.7,0.7,0.3,,0.6,0.7,,0.7,0.6,0.4,,0.3,0.4,0.3,0.4,0.4,0.4,,0.4,0.5,0.2,0.1,,,0.7,0.5,0.4,,0.6,0.5,0.5,0.4,0.6,0.6,0.4,,0.5,,,0.6,0.4,0.4,0.4,0.5,0.6,0.4,0.4,0.6,,0.4,0.2,0.4,0.6,0.7,0.4,0.8,0.8,0.5,,,0.8,0.7,0.6,0.3,,0.5,0.2,0.4,0.4,0.6,0.6,1.3,0.8,0.6,0.5,0.7,0.8,0.6,,0.7,0.5,0.7,0.4,0.4,0.4,0.6,,0.5,,0.6,0.7,0.7,0.7,0.8,1.1,0.4,0.6,0.3,0.4,0.4,0.5,0.5,0.4,,,0.3,0.6,0.6,0.5,,0.5,0.5,0.5,0.7,,0.5,0.7,,,1.2,0.4,0.8,0.5,0.4,0.6,0.9,0.9,0.6,0.2,0.5,0.6,0.9,0.7,1.5,,0.4,0.6,,0.4,0.6,0.4,0.4,0.7,0.3,0.3,0.5,0.3,0.8,0.4,0.5,0.5,0.4,1.4,0.4,0.2,0.3,1,0.2,0.7,0.3,0.4,0.9,,0.6,0.4,0.5,0.4,,0.3,0.5,1.2,0.8,0.7,0.6,0.7,0.6,0.6,0.9,0.8,0.6,0.8,1.1,0.8,0.5,0.8,1.1,0.7,0.5,0.8,0.6,0.5,0.4,0.7,0.7,,,0.5,0.5,0.4,0.9,0.5,0.3,0.6,0.6,,0.4,0.7,0.5,0.3,0.6,0.8,0.9,0.7,0.7,,0.4,0.8,0.4,0.5,0.7,0.5,0.4,,0.7,0.6,0.4,0.5,0.6,0.7,0.6,0.7,0.3,0.5,0.4,0.3,0.3,0.4,0.6,0.6,0.7,0.5,0.3,0.5,0.4,0.5,0.7,0.8,1,0.9,0.7,1,0.8,0.6,0.9,0.8,0.6,0.7,0.7,0.7,0.7,0.7,0.7,0.9,0.6,,0.3,0.3,0.6,0.5,0.7,0.2,0.5,0.4,0.4,0.7,0.7,0.9,1.1,0.6,0.9,0.3,1,1.2,0.5,0.3,0.5,0.8,0.5,0.8,0.6,0.7,0.8,0.6,0.6,0.5,0.7,0.6,0.4,0.7,,0.6,0.3,0.7,0.7,0.7,0.4,0.5,0.4,0.4,,0.7,0.4,0.4,0.6,0.6,0.5,0.5,,0.8,0.4,0.6,0.8,0.7,0.8,0.7,0.9,0.5,0.7,0.7,0.6,0.9,0.6,0.7,0.4,0.5,0.7,0.8,0.5,1.1,0.6,0.4,0.3,0.5,0.3,0.6,0.8,0.5,0.6,0.9,0.5,1,0.5,0.5,0.6,0.3,0.6,0.7,0.4,0.5,0.5,0.3,0.6,0.4,0.4,0.8,0.7,0.7,0.7,1,0.6,0.7,0.8,0.6,0.8,0.7,0.7,0.7,0.8,0.5,0.8,0.3,0.4,0.5,0.4,0.5,0.4,0.6,0.7,0.5,0.6,0.8,0.9,1.1,1.3,0.9,0.7,0.7,0.7,0.6,0.4,0.3,0.8,0.6,1,0.9,0.2,0.6,0.7,0.7,0.8,0.6,0.7,0.4,0.5,0.8,0.8,0.6,0.7,0.5,0.4,0.4,0.3,0.7,0.3,,0.6,0.7,0.6,0.5,0.5,0.7,0.4,0.3,0.5,0.8,0.5,0.3,0.6,0.6,0.9,0.7,0.6,0.7,1,0.6,0.6,0.7,0.5,0.4,0.4,0.6,0.5,,0.5,0.7,0.7,0.5,0.7,1.2,0.5,0.5,0.7,0.7,0.5,0.5,0.5,0.4,0.4,0.5,0.5,0.7,1.3,1.4,1.5,0.5,,0.8,0.6,0.4,0.5,0.6,0.4,0.9,0.9,0.5,0.5,0.5,0.4,0.3,0.4,0.5,0.5,0.7,1.2,1.1,0.8,0.8,0.8,1.6,0.8,1.1,0.6,0.8,0.9,1.1,0.8,0.7,0.8,0.6,0.7,0.4,0.6,0.5,0.6,0.7,0.7,0.6,1.5,1,0.3,0.8,0.6,0.8,0.8,0.8,0.9,0.6,0.4,0.3,,0.7,0.5,0.6,1,0.4,0.4,0.6,0.6,0.5,0.5,0.6,0.6,0.5,0.5,0.6,0.9,0.7,0.7,0.7,0.8,0.5,0.6,0.5,,0.2,0.1,0.6,0.2,1,1.5,1,0.8,,0.4,0.3,0.2,0.3,0.5,0.5,0.7,0.5,0.5,0.3,0.5,0.9,0.6,0.4,0.6,0.3,0.3,0.3,0.4,0.3,0.3,0.4,0.4,1.3,0.4,0.3,0.2,0.4,0.5,0.2,0.4,0.2,0.4,0.6,0.5,0.8,0.6,0.6,0.4
20231004,23,AQI,15,15,22,16,16,17,21,19,20,17,15,37,,,36,,32,29,47,,29,,49,53,,46,29,,60,64,59,68,54,57,53,,52,57,,,51,46,48,38,,34,,63,75,64,69,,83,81,,63,21,,18,19,26,26,35,29,34,22,33,38,,44,54,51,51,53,61,,75,68,72,76,56,,,41,53,56,42,56,,19,21,,,28,32,20,21,,44,44,,53,52,51,36,51,,63,52,45,38,47,39,,26,30,30,77,12,13,11,35,13,12,,12,12,15,10,9,9,11,10,,11,9,10,8,8,13,34,28,29,34,31,,27,34,27,25,36,46,48,48,39,40,42,35,46,23,,25,26,29,22,25,26,35,35,31,31,26,54,,,,104,99,,94,105,102,,,,56,,29,29,23,26,27,27,27,29,28,,,,29,36,,29,48,35,42,42,,50,102,89,67,109,80,56,63,,53,,87,92,,28,27,,27,30,24,,30,28,29,31,34,33,34,,,32,32,35,27,29,30,26,,23,,,28,,29,28,,28,28,27,30,32,31,,35,34,26,29,26,31,32,27,48,41,44,48,56,51,41,46,46,48,,,33,31,31,30,,51,51,49,41,39,,57,52,33,,56,56,57,57,,59,62,63,72,24,,,29,27,31,27,29,36,63,55,,59,68,60,55,55,,20,22,32,21,35,22,22,,26,21,12,18,16,11,20,16,18,13,16,13,54,55,,49,54,51,42,53,36,48,43,45,55,49,58,45,44,,24,44,40,53,48,,46,50,40,49,50,51,,55,46,43,58,54,55,,53,51,40,48,,,49,34,41,44,40,40,51,44,36,38,33,,51,45,40,39,49,48,52,66,,40,31,30,39,6,,26,15,18,23,17,18,25,,,24,19,18,22,20,,37,40,57,33,,,50,16,42,58,58,52,39,44,55,45,45,,37,22,53,32,30,44,12,15,,12,16,16,34,24,38,,38,28,29,25,,29,25,43,23,,45,,40,40,,,,,27,,,,44,72,38,38,65,56,36,,,10,13,14,14,15,30,27,35,37,37,,43,20,25,40,,64,46,51,65,34,52,39,44,39,,54,44,42,35,28,23,29,52,49,36,52,53,55,55,39,39,39,,,46,,,,67,62,46,,48,54,,,38,39,44,29,,53,46,48,,122,102,86,98,104,86,31,28,27,27,,,,,,,57,,77,41,34,57,34,34,39,26,34,44,,22,,,25,,35,40,35,59,46,45,69,52,,48,31,49,28,41,32,51,46,48,,30,35,,36,32,36,65,49,32,42,,36,45,45,,40,33,,46,35,51,36,32,,46,23,,,113,108,,,,55,43,28,51,40,52,,49,40,,107,130,,138,,66,,64,,69,45,19,20,18,,51,59,69,63,61,54,,58,58,60,53,54,62,50,38,48,59,54,67,53,69,50,55,42,15,14,15,18,15,,20,16,18,,16,23,25,35,23,19,16,14,28,16,20,43,46,45,,33,35,42,,38,26,25,35,24,,31,30,29,,49,,54,43,38,53,,77,75,,,,103,,72,,49,,,,78,67,68,26,54,,,,19,17,19,15,36,28,,19,20,25,18,18,23,,23,,,23,21,21,22,,29,28,33,25,53,18,28,33,49,43,40,,43,25,25,20,30,43,52,58,,49,57,55,40,,35,30,57,23,31,28,29,26,,,,,75,70,,78,11,43,23,20,16,23,29,29,33,39,35,23,42,,30,30,,28,30,40,,35,41,,58,20,24,23,28,23,22,23,26,39,43,39,39,,,77,85,37,55,23,58,21,40,,37,30,106,116,121,,,53,,,,,27,,,,,,,,,,,,,,,,27,,,,,,,,,,,,,,,,,,,,,,,,,,,,,,,,,,,,,,24,47,46,51,49,44,52,63,40,,,,47,47,42,61,,,104,103,60,61,113,46,,38,45,59,,,49,73,,51,37,72,,54,,35,29,,,42,23,,,99,60,25,,,28,19,39,53,51,43,41,40,29,24,38,42,67,68,64,74,52,44,52,41,29,31,37,22,,25,23,17,,23,37,54,52,16,14,17,36,20,22,22,17,,,19,20,19,31,18,14,14,19,25,22,22,15,11,11,12,14,13,,,18,17,16,,10,16,,23,70,73,,80,85,77,,67,100,58,75,65,55,84,,33,43,43,52,46,33,27,30,,26,33,33,45,41,63,,55,,78,,,,30,42,34,55,60,62,,29,,30,26,29,33,37,34,33,,29,20,22,,,25,25,24,,20,22,27,,,,17,25,21,16,28,18,62,51,52,55,23,38,34,32,,18,22,26,20,,,67,,55,52,50,49,44,43,35,,49,47,34,53,55,54,55,49,,28,23,,87,75,98,,93,94,82,79,,105,103,95,,113,49,48,51,52,,36,29,28,33,58,59,58,,42,53,49,40,33,,20,33,30,40,28,30,46,46,54,46,32,29,,32,33,40,,34,33,,32,14,29,22,,45,,38,24,22,32,26,,30,35,25,39,38,48,33,29,14,19,19,16,13,61,70,69,73,75,50,52,54,48,57,25,25,29,23,25,17,24,24,29,28,19,20,28,63,65,80,49,30,34,19,44,45,44,57,,62,,52,65,76,58,55,46,41,38,29,33,,36,49,32,26,20,,22,36,22,23,19,29,18,19,26,25,24,23,,42,19,,,,11,21,,12,10,11,14,12,20,,10,10,7,,,,,,18,20,20,25,25,,19,,19,22,13,19,16,27,,29,45,30,20,,,,,20,18,17,17,43,36,32,,18,28,13,30,36,,25,20,42,25,36,20,12,18,,28,,39,38,26,33,22,32,29,,29,17,,19,20,,17,18,14,,29,,36,,15,15,14,18,22,19,81,64,63,57,27,18,16,17,,48,33,,25,28,45,,63,63,,50,91,92,,29,21,25,30,,,33,23,20,,30,29,35,21,13,43,55,,43,,,63,23,28,27,71,75,47,70,31,,46,36,53,106,107,39,76,77,76,,,108,50,75,32,,23,51,62,38,30,56,45,52,44,43,31,55,46,,68,17,62,35,34,40,27,,59,,27,34,52,25,32,32,75,33,64,66,42,11,26,20,,,36,29,25,33,,63,60,61,35,,80,46,,,31,35,38,56,119,94,40,34,64,30,30,24,10,23,159,,37,112,,48,29,29,29,25,20,28,24,35,24,16,50,34,46,103,26,39,40,48,15,36,18,44,40,,35,45,43,19,,17,56,21,117,18,27,23,24,22,68,,28,32,43,25,51,27,56,88,68,29,29,,13,14,13,,,30,74,61,36,95,,28,59,,51,52,33,50,45,41,117,30,29,,29,32,30,35,33,26,73,,34,33,28,,35,38,51,34,16,32,35,42,67,31,43,84,24,23,31,52,51,44,36,59,61,46,46,54,55,48,52,47,40,64,45,40,35,37,34,45,37,15,36,43,52,53,32,89,95,,60,29,27,38,36,84,85,46,54,45,15,23,16,15,10,16,22,24,26,8,20,23,15,29,25,54,,48,33,24,29,39,104,27,31,29,,52,62,45,92,26,45,22,,66,22,28,62,49,38,24,38,38,,48,41,,54,28,35,26,27,33,38,35,44,17,19,60,32,43,39,31,24,65,45,31,28,38,26,33,30,38,59,37,45,42,42,36,43,45,40,,35,46,36,33,53,29,54,45,44,40,60,64,75,53,20,35,34,73,39,37,43,53,59,34,,70,94,68,97,38,70,,15,16,37,19,18,18,38,21,42,52,28,87,97,63,51,70,24,63,67,37,42,41,26,39,51,,58,39,44,40,52,25,25,26,29,22,31,55,40,40,30,32,55,57,34,48,33,16,27,45,,27,26,,29,19,27,30,28,21,27,26,30,31,34,27,30,41,29,73,68,25,52,51,87,73,,68,55,57,70,54,54,97,64,53,84,63,76,73,68,63,65,72,66,57,114,19,43,95,65,43,19,,14,46,30,20,22,26,24,26,44,273,315,12,21,51,71,50,31,53,49,46,57,38,42,42,30,36,,47,77,35,55,15,28,68,30,39,48,34,29,125,35,76,36,37,13,40,20,28,31,28,,23,13,25,43,64,120,78,50,,18,18,17,50,,30,62,63,38,15,25,92,62,63,40,15,17,15,17,15,26,,65,93,38,19,45,21,34,15,82,17,17,39,34,52,34,54,32
20231004,23,PM2.5,5,2,9,8,5,6,6,4,11,5,5,15,,,16,,14,14,23,,13,,22,27,,17,13,,29,32,42,29,28,27,31,,21,23,,,9,11,17,18,,17,,36,45,46,32,,42,43,,37,3,,5,2,18,10,12,15,8,15,4,19,,9,26,27,34,21,18,,38,28,30,36,26,,,21,21,23,24,25,,8,9,,,7,10,4,7,,7,4,,6,8,2,3,12,,11,9,8,7,7,6,8,10,7,6,9,7,7,7,4,2,2,,5,5,4,5,2,6,2,5,4,7,2,5,3,2,2,12,11,16,16,10,,15,16,11,14,22,22,22,24,17,18,21,17,19,7,,11,11,13,10,13,11,8,15,12,14,11,19,,,,78,74,,70,79,76,,,,28,,7,5,7,7,14,9,9,17,16,,,,10,20,,17,33,23,29,24,,24,76,66,48,82,59,34,45,,36,,64,68,,12,17,,10,11,13,,17,12,13,12,9,12,5,,,5,6,6,7,7,6,8,,12,,,10,,11,14,,11,7,6,6,4,4,,15,20,10,11,10,8,3,7,22,27,17,14,35,29,21,24,17,23,,,15,10,18,14,,24,22,19,27,22,,40,24,23,,24,24,17,22,,24,12,24,24,7,,,5,2,5,7,5,10,45,39,40,42,49,43,39,39,,12,12,22,11,24,15,11,,17,12,8,12,11,4,14,11,5,5,2,7,36,39,,30,33,32,29,33,24,32,30,31,32,30,40,31,27,,5,29,21,26,30,30,32,35,28,34,35,31,,38,26,30,41,38,39,,37,33,28,28,,,34,23,23,28,28,25,30,30,22,24,23,,23,25,28,27,34,22,26,32,,28,18,18,22,4,,18,10,12,10,11,12,17,,,11,13,12,15,9,,22,24,26,20,,,35,2,29,41,41,36,24,22,39,31,31,,10,15,22,12,17,15,6,7,,5,6,6,13,16,26,18,26,19,20,17,,20,14,20,15,,31,,28,28,,,,,7,,,,29,35,4,19,13,22,13,,11,4,8,8,9,10,17,12,20,19,25,,30,14,17,13,,19,14,20,20,9,27,13,17,17,,7,6,4,7,4,8,3,8,7,8,7,7,12,8,21,21,18,,,10,,,39,47,32,17,,12,18,,,9,13,7,19,,14,14,19,,92,76,63,73,78,7,8,7,5,5,,,,,,,34,,41,22,16,20,10,7,14,7,2,2,,2,,,17,,24,28,24,42,29,31,50,36,,16,18,17,16,28,16,31,29,29,63,21,24,,25,22,25,47,34,22,29,,20,31,28,,28,23,,32,23,24,25,22,,27,8,,,85,81,,,,19,15,9,11,27,34,,27,6,,80,99,,105,,29,,34,,18,31,6,9,12,,13,15,15,14,20,14,,9,12,10,10,7,12,4,5,6,10,8,10,9,18,9,39,6,3,7,6,6,4,,14,7,12,,8,16,12,24,11,13,7,7,19,5,12,22,25,20,,18,19,27,,26,14,16,18,14,,17,19,10,,34,,38,30,26,37,,48,32,,,,77,,52,,28,,,,57,48,48,12,27,,,,7,7,5,7,20,19,,10,14,17,9,12,15,,5,,,3,13,13,8,,20,19,23,17,37,5,19,15,34,30,24,29,30,17,11,14,18,30,36,41,,34,40,39,28,,16,16,32,15,11,13,16,7,,,,,48,51,,48,5,30,8,14,5,16,16,17,23,27,24,12,18,,21,21,,11,4,19,,16,19,,22,10,12,16,19,16,15,16,18,27,30,27,27,,,25,27,6,18,8,15,10,17,,21,2,35,59,40,,,15,,,,,7,,,,,,,,,,,,,,,,5,,,,,,,,,,,,,,,,,,,,,,,,,,,,,,,,,,,,,,15,24,31,21,20,28,36,27,28,,,,17,19,14,17,,,78,30,20,14,40,23,,19,20,42,,,34,53,,12,18,33,,29,,19,15,,,3,16,,,42,22,17,,,19,11,6,7,14,13,13,3,4,1,4,2,6,4,14,13,6,7,7,8,10,8,10,6,,9,8,,,6,,8,11,4,6,10,8,5,5,3,7,,,8,14,13,12,12,2,3,11,11,15,15,10,4,2,4,2,2,,,4,5,6,17,6,11,,16,51,53,,59,63,56,,48,75,41,55,45,36,62,,23,15,21,22,27,14,11,10,,11,5,2,17,27,45,,37,,57,,,,14,15,17,19,43,44,,15,,17,16,17,16,17,10,9,,20,13,11,,,13,16,15,,14,12,9,,,,3,17,12,7,2,12,44,35,36,39,15,21,18,22,,6,15,18,14,17,,48,41,39,36,24,27,22,22,20,,31,28,22,37,39,34,39,34,39,16,16,,64,55,73,,69,70,60,58,,79,77,71,,85,27,33,35,36,,25,19,18,19,41,42,37,,27,37,34,12,15,,10,8,21,28,19,18,32,32,38,32,15,16,,22,23,28,,19,15,,20,7,18,14,,31,,26,9,10,22,14,,21,24,17,27,26,33,23,20,8,13,13,11,9,36,51,50,53,55,35,35,38,33,40,15,17,20,16,17,9,12,16,20,19,10,14,13,40,22,40,34,15,17,12,27,13,13,30,51,44,22,25,47,53,33,30,32,26,26,20,18,,22,28,17,8,6,,2,23,6,9,2,20,12,13,16,17,15,13,,23,9,,,,5,8,,8,7,,,7,,,3,3,2,,,,,,12,11,14,17,17,,13,,3,6,8,8,11,9,,20,31,,3,,,,,5,6,6,3,30,18,22,,12,19,8,21,16,,17,14,29,13,25,14,8,12,,19,22,19,26,13,23,15,22,18,,19,9,,13,14,,1,2,,,12,,4,,,4,5,10,9,10,19,25,27,22,5,10,5,10,,15,11,,15,15,31,,28,27,,21,25,35,,12,12,12,16,,,23,9,9,,8,6,18,13,6,10,16,,15,,,44,4,10,5,41,35,26,33,15,,20,7,14,49,42,14,37,41,31,,,56,25,38,19,,9,25,31,12,14,27,31,36,17,14,14,24,7,,30,3,41,24,5,15,9,,42,,9,22,36,17,21,22,27,10,46,18,7,7,9,2,,,16,20,10,13,,16,35,35,24,,59,17,,,7,18,13,39,90,70,12,7,31,21,18,11,2,15,121,,18,84,,33,20,20,20,12,7,19,2,24,9,11,29,16,20,77,18,10,11,22,10,14,3,17,28,,24,31,30,10,,2,16,12,88,12,14,6,5,6,26,,9,15,27,17,32,16,31,40,49,10,6,,5,5,6,,,21,54,39,25,71,,19,39,,31,28,17,33,19,19,88,13,14,,12,15,16,24,23,4,24,,17,17,12,11,19,14,14,10,3,19,10,6,22,8,30,57,12,8,9,32,21,30,25,42,42,32,32,24,31,33,36,30,28,39,27,28,24,23,22,31,22,4,25,19,16,25,19,66,71,,43,11,14,17,17,62,63,31,38,21,10,16,9,6,4,6,9,11,12,5,14,16,10,20,10,24,,31,23,15,12,22,78,7,7,11,,27,29,14,68,12,13,12,,7,4,19,44,34,26,12,26,26,19,19,23,36,14,12,15,11,13,16,26,24,13,3,5,16,8,19,24,21,13,47,31,8,13,26,10,12,10,26,41,9,11,3,13,11,22,31,28,22,22,17,24,23,29,20,28,31,29,28,34,32,23,13,4,12,15,53,14,18,23,37,42,17,,48,70,49,72,26,51,45,9,10,15,8,5,9,5,12,18,34,14,64,72,22,20,44,7,34,30,14,16,12,7,9,19,,23,16,13,11,15,7,9,7,20,15,19,22,23,15,20,12,39,37,21,29,23,3,,23,10,16,11,,13,12,9,12,19,1,16,18,17,12,15,11,8,22,7,21,21,7,33,27,64,26,,39,18,21,22,7,19,57,26,22,43,24,23,23,34,23,23,24,36,40,78,9,30,71,47,29,10,,9,17,20,14,13,18,10,14,7,120,129,5,6,20,32,17,6,26,30,27,39,26,29,26,19,25,,21,56,23,39,10,19,49,9,7,17,19,5,95,20,48,25,19,9,8,14,11,15,12,,6,4,10,9,46,91,42,31,,5,6,6,9,18,18,44,20,12,7,12,68,44,15,16,3,4,5,3,5,7,,41,69,17,1,20,7,6,10,60,8,2,27,7,25,7,8,22
20231004,23,PM2.5_24h,7,4,7,8,7,8,7,17,11,6,6,9,,,26,,26,22,28,,22,,24,27,,23,29,,33,40,47,34,40,45,37,,30,29,,26,9,16,22,29,,26,,56,53,52,46,85,42,45,,45,3,,5,8,10,10,9,16,12,15,11,20,,13,33,28,35,30,24,,41,33,39,38,24,,,23,29,22,27,27,,5,6,,,3,4,5,5,,10,10,,10,9,10,8,11,,11,22,18,20,19,22,19,18,19,17,19,11,10,11,6,5,5,,7,9,8,5,6,8,3,8,8,6,5,8,7,6,6,8,10,8,12,7,,10,9,8,10,11,15,15,13,12,13,15,16,13,11,,11,11,10,11,12,11,5,9,7,7,6,40,,,,43,39,,38,40,38,,,,22,,9,10,13,11,12,13,10,11,17,,,,11,18,,19,23,19,21,18,,17,35,32,29,33,31,22,26,,21,,31,37,,12,12,,17,15,16,,17,16,16,12,9,17,7,,,8,7,7,15,13,14,15,,17,,,14,,9,12,,14,11,13,8,5,6,,21,22,20,18,18,17,13,16,18,18,16,10,22,19,16,20,18,23,,,19,18,19,18,,27,27,22,23,14,,26,20,16,,20,27,23,23,,24,24,23,32,24,,,24,23,20,25,24,22,38,35,30,38,43,37,33,33,,13,15,16,12,20,19,12,,16,12,15,20,20,19,15,21,18,15,24,13,34,35,,32,35,32,30,35,27,33,30,28,29,30,32,27,25,,36,26,25,29,29,24,29,26,29,33,32,28,,30,29,32,32,37,32,,34,27,26,28,,,28,24,27,31,30,30,32,26,29,30,31,,19,21,23,22,23,24,23,26,,16,13,13,13,5,,14,9,10,13,10,8,10,,,10,11,10,13,10,,22,19,20,22,,,25,4,15,24,21,18,16,18,28,21,17,,8,9,9,9,8,8,10,6,6,7,8,6,10,13,17,13,15,14,14,11,,16,13,12,14,,27,,32,31,,,,,15,,,,26,28,19,26,20,19,18,,16,19,20,19,19,25,22,23,21,21,23,,26,18,15,8,,6,7,7,8,9,16,11,13,11,,14,10,6,10,9,10,9,8,8,9,8,9,10,8,20,22,22,,,33,,42,42,48,37,32,,29,41,,,34,36,31,39,,32,31,34,,51,49,35,42,50,14,18,16,13,15,,,,,,,39,,49,37,25,34,25,21,26,14,11,14,,30,,,24,,28,24,24,30,28,33,31,33,,20,26,21,19,20,19,27,23,15,31,21,20,22,25,22,21,36,35,25,23,,23,24,26,,24,23,,27,27,26,23,21,,22,7,,,58,52,,,,9,10,8,10,41,44,,39,28,,69,76,,82,,37,35,39,,36,36,6,8,10,,13,12,15,15,13,12,,8,10,11,9,10,12,10,12,13,12,11,12,8,14,9,22,6,7,11,12,11,10,,10,7,6,,6,14,15,19,11,17,10,9,10,5,15,15,16,15,,14,14,17,,17,20,19,18,21,,18,21,7,,46,,43,37,35,46,,53,41,,,,52,,39,,51,,,,47,40,41,23,27,,,,9,11,7,9,21,22,,18,16,26,15,24,18,,18,,,6,16,18,9,6,28,30,30,29,15,7,12,15,25,35,28,21,28,20,11,10,13,13,16,21,,32,34,35,28,,8,12,9,11,14,19,23,13,,,,,24,21,,20,6,18,7,9,8,12,14,23,17,15,17,8,9,,12,15,,15,17,21,,15,16,,18,9,11,14,14,13,14,13,14,24,26,20,24,,,13,13,7,10,12,10,5,12,,16,6,25,26,31,,,25,,,,,26,,,,,,,,,,,,,,,,14,,,,,,,,,,,,,,,,,,,,,,,,,,,,,,,,,,,,,,21,29,27,23,21,27,29,25,29,,,,30,27,31,27,,,23,22,25,20,23,34,,40,36,38,,,35,55,,23,27,24,,29,,13,12,,,6,20,,,18,14,13,,,13,14,6,4,17,16,17,6,4,3,4,5,11,11,15,17,8,6,8,9,7,8,10,6,,8,13,9,,5,5,8,9,7,6,9,7,9,12,8,7,,,6,13,16,13,14,6,7,11,11,7,12,12,8,8,7,8,6,,,7,8,9,13,5,5,,14,19,19,,22,26,21,,21,24,10,21,18,29,38,,20,21,17,18,23,14,20,19,,24,6,5,15,14,20,,23,,38,,,,12,10,14,15,37,32,,17,,17,16,16,19,17,18,21,,25,18,19,,,20,19,20,,19,18,17,,,19,10,11,17,11,6,13,37,30,28,23,18,24,23,26,,8,22,24,25,26,,40,39,40,37,31,30,27,30,27,,35,35,33,22,30,28,30,26,23,25,22,,61,56,65,,54,54,52,57,,59,66,49,,58,30,30,37,36,,30,27,12,30,30,32,32,,30,33,33,15,19,,19,12,8,16,7,10,25,28,43,31,12,13,,28,30,31,,22,19,,19,10,23,22,,34,30,30,10,7,25,30,,28,37,26,36,33,31,33,33,8,30,36,30,26,21,31,30,33,37,25,26,27,26,27,7,11,16,14,14,10,16,17,18,16,7,12,9,36,33,38,32,15,18,16,19,22,18,22,25,28,20,22,29,29,54,31,32,28,26,19,22,,24,26,25,6,6,,1,13,7,11,5,21,17,20,20,23,23,18,17,21,24,,,,10,9,,8,6,,2,7,1,,13,12,11,,,,,,16,15,18,18,10,,9,,4,8,9,10,11,10,,18,23,15,18,,,,,8,7,14,12,16,14,20,,10,9,7,16,15,,16,5,12,10,14,12,10,8,,18,20,19,20,12,11,11,10,12,,14,11,,9,7,,4,4,4,,17,,4,,1,4,7,6,5,8,18,21,20,19,7,12,9,9,,16,15,,15,15,18,,22,19,,20,18,23,,14,13,15,21,,,17,13,11,,10,8,18,107,5,14,15,,17,,,28,12,15,9,18,22,19,23,11,,12,15,15,26,29,28,48,52,46,,,24,19,23,11,,4,16,17,13,8,28,37,36,28,23,21,45,31,,31,9,21,19,8,13,12,,24,,27,40,26,17,8,9,15,8,13,11,11,9,13,3,,,15,23,15,21,,19,25,32,20,,32,14,,,32,15,11,22,41,33,38,32,40,15,24,11,4,13,80,,26,68,,27,22,33,24,12,9,14,32,16,20,10,21,17,23,56,17,23,12,34,13,36,4,34,30,,25,28,24,10,,7,22,9,65,22,27,17,21,19,35,39,23,14,31,15,21,12,54,23,39,19,30,8,9,6,6,,,29,28,36,21,32,5,21,21,,19,38,23,20,19,20,66,30,16,,10,27,20,28,18,5,15,,7,10,10,8,12,11,8,7,9,10,8,6,6,6,27,36,11,11,7,19,19,22,28,33,39,40,31,31,32,27,28,26,19,33,27,30,25,17,24,30,25,6,35,22,22,31,15,14,37,15,33,14,16,49,38,48,49,33,41,44,6,16,6,5,8,10,12,9,13,14,7,9,10,12,11,22,,24,25,19,24,30,43,28,13,30,,47,33,32,50,9,8,11,,18,6,20,28,26,27,13,21,26,32,20,21,36,12,16,15,14,16,27,18,24,28,16,12,7,10,15,17,15,11,27,14,13,13,17,12,7,32,18,18,17,16,17,20,14,13,27,22,25,22,11,28,23,20,24,28,24,26,24,40,28,52,31,11,20,26,28,12,14,12,21,24,19,41,37,61,39,56,29,36,36,7,7,9,9,10,9,5,25,27,26,25,23,25,25,22,46,34,44,38,28,33,35,12,23,42,,38,38,37,26,10,14,14,9,14,13,17,25,27,14,28,27,23,26,32,21,26,19,12,15,9,12,12,,7,12,10,17,29,7,9,11,11,15,14,19,15,14,8,13,12,10,53,38,56,20,,50,19,28,32,20,28,50,40,40,47,32,27,28,34,30,25,23,31,42,52,28,32,68,36,36,15,8,14,36,15,13,9,17,12,7,6,68,89,7,6,24,38,26,7,24,29,30,27,26,26,15,13,21,,14,35,33,45,14,20,20,25,23,33,38,31,55,21,30,26,19,16,11,20,14,15,12,,5,4,24,18,45,77,54,33,,5,12,5,6,9,12,48,25,6,8,22,56,28,22,29,8,10,7,13,4,4,,26,64,16,10,22,8,8,10,25,6,1,29,31,43,28,12,16
20231004,23,PM10,14,8,22,16,16,17,21,12,20,13,15,37,,,36,,32,29,47,,29,,49,55,,46,29,,70,78,67,86,57,63,55,,54,63,,,52,46,48,38,,34,,75,99,74,88,,115,112,,76,21,,17,19,19,26,35,29,34,17,33,38,,44,57,51,52,56,72,,100,86,93,101,61,,,41,55,62,42,61,,19,19,,,26,32,20,21,,44,44,,55,54,52,36,52,,76,53,45,38,47,39,39,26,30,30,103,12,13,10,35,10,9,,9,11,15,8,4,,11,2,7,3,3,4,1,4,13,34,26,29,34,28,,26,34,24,24,36,46,48,48,39,40,42,35,46,20,,25,25,29,22,25,20,17,21,17,20,26,58,,,,95,90,,105,110,92,,,,61,,14,29,21,17,19,17,22,29,28,,,,26,36,,29,41,35,41,42,,50,78,78,83,95,88,61,61,,56,,93,86,,28,23,,27,25,22,,30,28,23,26,22,19,23,,,18,18,10,16,11,10,12,,23,,,18,,29,28,,14,20,24,15,16,15,,35,34,18,14,18,11,10,12,48,41,44,48,61,51,41,46,46,48,,,25,19,30,25,,51,51,49,41,39,,61,54,25,,61,61,63,63,,68,73,76,93,24,,,29,27,31,27,29,36,52,56,48,57,83,57,58,58,,17,22,23,18,22,18,18,,26,10,12,8,14,10,15,13,18,13,16,13,58,54,,49,58,51,41,56,36,48,33,42,59,49,65,42,44,,19,44,40,55,48,51,43,38,34,48,49,52,,59,46,32,51,53,48,,46,52,40,48,,,42,34,41,44,38,40,51,44,36,38,29,,52,45,35,37,38,48,54,82,,32,31,30,39,5,,17,6,18,23,17,7,22,,,24,16,14,13,16,,37,40,63,33,,,46,2,36,41,44,51,39,44,41,44,34,,37,12,56,32,30,44,7,8,,10,10,8,34,24,28,28,28,18,24,19,,28,25,43,22,,36,,26,24,,,,,14,,,,44,93,38,38,80,62,36,,44,4,10,14,3,6,30,27,35,37,37,,32,14,10,40,,78,46,51,79,34,53,39,44,39,,57,44,42,35,28,23,29,54,49,36,53,56,59,59,37,39,37,,,46,,,92,83,73,46,,48,57,,,38,39,44,29,,56,46,48,,151,127,122,105,102,122,31,27,17,27,,,,,,,64,,103,41,34,63,34,34,39,19,34,44,,22,,,20,,24,32,33,42,42,33,61,39,,48,31,49,28,41,32,51,46,48,,30,32,,19,30,30,62,38,32,25,,36,41,45,,33,25,,36,35,51,29,27,,46,23,,,159,152,,,,60,43,28,51,40,53,,49,40,,122,107,,133,,82,,77,,87,41,19,20,15,,52,68,87,76,71,58,,66,66,69,56,57,74,50,38,48,67,57,84,55,88,50,53,42,15,14,11,18,15,,20,14,14,,1,23,25,26,23,18,3,10,15,16,20,43,46,45,,30,30,42,,30,26,25,35,24,,31,30,11,,36,,46,38,34,40,,104,100,,,,107,,90,,49,,,,55,45,86,19,58,,,,7,14,19,15,36,24,,13,14,20,13,12,13,,6,,,5,18,17,14,2,24,23,20,17,39,18,23,33,40,38,40,35,42,25,25,20,30,42,48,62,,45,44,41,37,,35,30,64,23,31,28,29,26,,,,,100,79,,105,11,16,23,16,16,20,29,29,31,35,30,23,42,,25,17,,28,30,40,,35,41,,65,8,8,22,22,20,16,23,18,31,34,29,36,,,103,119,37,60,17,65,21,40,,37,30,162,182,192,,,56,,,,,27,,,,,,,,,,,,,,,,27,,,,,,,,,,,,,,,,,,,,,,,,,,,,,,,,,,,,,,24,47,46,51,49,44,40,76,34,,,,47,47,42,72,,,141,155,70,71,176,46,,38,45,66,,,47,63,,51,37,94,,58,,35,29,,,42,20,,,147,69,22,,,22,19,39,55,52,43,41,40,29,24,38,42,84,85,77,98,54,44,54,41,29,31,37,22,,25,23,17,,23,37,57,53,15,10,17,36,16,18,10,17,,,19,12,7,31,13,4,2,19,25,12,10,12,10,6,7,9,7,,,6,6,11,23,10,10,,19,89,91,,78,78,70,,69,62,56,83,80,60,87,,30,43,43,53,46,33,26,28,,26,33,33,45,41,53,,59,,52,,,,30,42,34,60,57,44,,29,,30,20,24,27,23,24,31,,25,20,18,,,25,25,22,,18,22,27,,,,9,14,21,13,28,6,55,52,53,45,23,38,34,28,,18,17,22,16,27,,54,,54,53,50,49,44,43,35,,49,47,34,54,47,57,47,45,14,28,21,,91,96,98,,90,67,100,99,,140,146,99,,71,49,40,51,49,,35,25,14,22,63,58,65,,42,44,36,40,33,,20,33,28,29,8,17,41,43,34,37,32,29,,20,24,24,,34,33,,32,13,29,22,,36,38,28,23,5,23,26,24,28,31,19,27,38,36,27,25,7,13,14,11,13,72,62,67,61,66,47,54,50,44,55,25,23,24,23,25,17,24,24,26,22,19,20,28,76,80,110,39,30,34,19,44,45,44,63,,51,48,54,73,101,66,59,40,41,34,27,33,,36,49,32,26,9,,3,36,22,23,19,15,10,19,26,22,24,23,,42,19,,,,11,21,,9,2,11,2,5,20,,6,6,6,,,,,,14,20,19,22,24,,19,,4,22,12,19,16,27,,13,29,30,20,,,,,12,16,6,5,42,36,31,,17,21,13,25,36,,25,6,39,25,17,17,11,18,,27,23,39,35,26,20,16,25,29,,29,17,,16,17,,9,5,6,,29,,7,,3,7,9,18,22,19,112,78,75,63,6,13,14,15,,32,26,,20,18,43,,76,76,29,50,132,134,,29,20,25,30,,,28,14,14,,14,29,35,21,8,43,60,,43,,,75,20,10,15,91,100,47,89,31,,46,36,55,161,164,39,102,103,102,,,165,50,99,32,,15,51,74,38,30,61,45,48,44,43,31,59,46,,85,17,73,35,16,40,18,,63,,27,34,49,24,32,18,100,33,74,82,42,11,15,2,,,36,28,21,33,,76,70,72,33,,75,46,,,31,35,38,61,83,85,40,34,78,22,23,24,10,23,141,,37,99,,44,29,28,25,24,20,22,24,24,17,14,50,34,46,119,21,39,40,48,14,36,7,44,35,,31,32,38,19,,17,62,21,98,17,27,9,13,9,85,,28,32,43,19,52,27,61,125,68,29,29,,10,14,13,,,23,88,71,25,90,,18,68,,52,53,33,50,45,41,123,30,29,,29,32,30,33,30,26,95,,34,33,28,25,35,38,51,34,13,32,35,42,84,31,36,118,24,18,17,54,52,44,36,59,71,44,43,57,60,47,53,47,35,77,45,39,27,37,34,40,37,9,34,43,53,56,32,91,92,,50,29,27,38,36,103,96,46,32,45,15,21,5,4,10,16,22,24,26,7,17,19,13,2,6,57,,48,25,24,29,39,112,27,31,29,,53,73,45,114,26,45,22,,82,9,27,28,34,33,24,36,38,27,48,41,65,58,28,35,26,24,33,34,28,44,9,7,70,32,43,39,20,24,79,22,16,28,36,20,17,24,36,68,37,45,42,42,36,43,42,36,29,35,46,36,33,56,27,57,30,44,35,69,78,100,56,12,35,34,89,39,37,43,51,44,34,,90,94,69,129,37,39,,11,4,37,13,18,18,38,21,42,53,28,86,100,76,51,90,24,75,84,37,42,41,17,39,51,,66,39,44,40,53,22,14,26,20,16,31,59,40,40,30,32,55,64,34,48,31,5,27,45,35,27,26,,29,15,24,14,14,5,27,14,30,23,22,20,11,41,13,96,86,25,54,52,70,96,,85,59,64,90,57,58,144,77,56,117,76,102,95,86,75,80,94,82,46,178,19,37,84,74,43,19,,14,46,30,18,22,20,24,26,44,401,432,12,9,51,92,50,26,56,49,46,63,38,36,42,30,33,,47,89,35,41,12,20,77,30,39,48,34,29,162,35,101,27,37,13,40,18,28,31,20,,23,7,24,43,57,111,105,50,,18,18,15,50,46,30,63,75,38,,25,105,47,75,40,14,10,14,7,12,24,17,80,129,38,19,45,21,22,13,96,17,4,36,34,53,34,57,27
20231004,23,PM10_24h,15,9,17,15,17,17,19,33,20,15,15,22,,,52,,50,44,53,,46,,48,50,,49,51,,75,83,82,76,79,77,71,,62,56,,53,52,43,42,46,,48,,74,77,78,81,114,82,103,,74,21,,18,18,17,29,28,35,34,23,36,34,,37,63,54,61,75,67,,91,97,84,88,53,,,66,75,50,52,64,,12,18,,,12,15,15,14,,32,34,,36,42,33,26,33,,40,45,41,49,43,37,46,33,47,38,40,22,21,18,23,17,15,,18,20,22,8,10,16,18,12,12,12,10,11,15,9,17,21,22,19,22,21,,20,25,22,22,25,29,32,27,28,29,26,28,25,20,,25,25,23,23,21,22,15,17,16,16,14,67,,,,65,60,,65,66,56,,,,37,,25,32,28,23,24,26,20,25,27,,,,28,27,,30,29,29,30,28,,33,44,51,52,51,56,44,37,,35,,49,58,,30,24,,33,26,23,,27,30,29,32,18,22,33,,,24,19,18,29,25,31,30,,35,,,24,,27,25,,28,22,28,18,22,19,,43,37,34,30,30,32,33,30,37,31,32,30,39,31,36,36,37,36,,,38,33,39,37,,55,57,40,33,26,,38,34,19,,35,62,57,62,,63,72,63,71,49,,,58,56,57,55,56,54,68,61,59,62,75,70,62,63,,20,25,24,24,23,23,20,,22,21,24,29,27,28,22,23,29,29,38,32,54,53,,48,61,45,44,58,42,48,36,44,54,48,64,37,43,,45,46,41,63,42,42,41,38,41,46,49,47,,41,47,45,46,50,43,,45,45,43,48,,,46,39,44,48,46,45,58,52,44,43,42,,36,37,34,35,36,42,40,65,,26,29,28,26,9,,22,10,15,24,15,9,14,,,18,17,14,21,14,,35,33,39,41,,,41,15,24,29,29,26,32,31,33,29,21,,19,11,19,18,21,20,13,11,9,10,16,10,22,21,23,21,22,18,22,13,,26,23,30,22,,39,,31,34,,,,,30,,,,42,56,53,57,60,48,53,,41,32,31,31,33,35,39,40,38,38,41,,36,38,31,21,,25,21,21,24,40,37,29,31,36,,39,30,37,22,21,20,23,35,32,28,42,51,42,42,46,44,47,,,74,,89,103,93,78,83,,76,79,,,69,72,68,71,,67,59,69,,84,82,73,66,72,53,41,37,29,44,,,,,,,77,,98,69,53,72,50,46,52,27,31,37,,59,,,37,,36,33,37,48,50,53,54,57,,46,45,40,37,46,34,46,40,35,44,32,33,38,32,50,38,41,43,38,33,,37,34,38,,38,38,,51,47,57,51,29,,42,14,,,109,98,,,,31,29,27,30,59,60,,56,69,,117,110,,121,,81,76,95,,78,48,25,22,20,,31,35,44,48,36,35,,39,35,36,35,32,41,28,29,39,35,32,37,39,60,37,45,33,20,20,21,30,20,,14,13,14,,10,23,18,23,21,21,13,15,11,15,13,29,31,32,,25,26,32,,21,29,27,32,26,,27,32,11,,50,,54,47,48,50,,94,86,,,,88,,80,,80,,,,71,50,71,38,54,,,,17,16,24,18,38,40,,26,26,29,24,26,26,,28,,,22,26,22,20,9,37,43,40,40,25,25,24,32,37,42,49,37,48,33,23,22,20,22,22,29,,44,47,44,41,,22,27,23,15,26,32,38,31,,,,,57,41,,45,9,19,20,14,17,17,23,23,27,23,26,19,19,,23,20,,26,28,39,,30,39,,42,13,14,19,17,19,20,16,17,27,28,26,34,,,57,39,59,47,50,57,18,24,,29,16,89,92,105,,,60,,,,,55,,,,,,,,,,,,,,,,40,,,,,,,,,,,,,,,,,,,,,,,,,,,,,,,,,,,,,,33,42,45,45,47,50,46,55,47,,,,68,69,66,59,,,61,79,58,65,73,72,,73,60,57,,,58,74,,46,48,67,,89,,44,31,,,51,25,,,58,47,22,,,21,20,26,24,45,45,39,44,37,29,27,43,33,34,36,36,37,32,45,32,38,46,64,35,,36,36,26,,13,15,30,28,22,21,16,28,18,32,19,18,,,20,15,18,31,11,14,17,20,13,14,14,17,16,12,15,14,10,,,10,9,20,18,9,9,,16,46,46,,38,41,33,,36,38,28,41,32,47,65,,36,39,42,48,35,32,30,32,,32,26,21,30,25,30,,39,,47,,,,28,35,23,40,55,47,,29,,31,26,30,35,32,36,57,,32,26,34,,,26,26,26,,30,33,28,,,33,18,17,18,16,28,19,53,45,45,38,23,44,46,38,,34,33,42,34,35,,54,50,68,54,49,49,46,47,47,,56,55,52,34,46,48,40,40,38,44,43,,97,101,93,,82,73,95,72,,109,118,66,,61,53,49,56,55,,44,37,27,36,52,45,58,,45,45,42,45,42,,34,41,11,27,14,14,37,41,37,36,33,28,,37,39,41,,31,33,,32,16,35,32,,46,38,34,25,14,25,50,43,42,52,43,44,53,46,50,45,35,32,50,39,45,44,38,44,41,47,36,40,36,38,38,13,19,25,27,23,24,24,24,26,25,13,21,17,64,78,84,67,32,43,27,40,46,50,43,47,31,43,49,44,63,59,50,41,43,30,29,35,,48,41,37,18,14,,5,25,19,19,16,29,21,21,26,34,29,29,30,42,34,,,,15,18,,14,11,11,6,8,18,,19,16,17,,,,,,27,27,22,25,23,,15,,6,14,15,16,16,22,,24,31,24,28,,,,,14,15,19,17,26,24,27,,17,11,10,26,20,,22,10,25,16,14,18,14,14,,24,31,29,29,20,12,18,15,28,,25,18,,14,9,,6,14,10,,34,,9,,5,8,12,11,12,13,62,70,64,54,9,20,15,16,,34,28,,19,22,28,,41,47,26,39,43,55,,30,23,30,31,,,29,20,15,,15,25,19,18,6,39,53,,51,,,65,26,19,18,57,61,64,77,21,,30,29,31,94,90,79,171,157,144,,,55,41,52,19,,19,31,35,35,13,60,55,48,53,47,42,77,72,,85,24,34,29,20,29,22,,39,,49,63,41,24,19,21,38,29,38,41,31,15,25,5,,,40,43,29,45,,56,41,57,28,,46,24,,,58,26,30,35,52,54,74,55,71,22,33,21,17,17,123,,46,73,,38,37,40,33,34,18,27,63,23,36,17,38,33,47,102,24,41,48,69,18,65,7,75,42,,30,32,30,29,,24,56,19,74,29,47,28,30,29,91,82,38,40,55,25,34,23,73,79,59,31,65,16,16,16,14,,,25,62,76,27,48,10,35,39,,29,62,44,32,39,33,89,51,30,,27,37,30,37,30,21,39,,17,21,24,23,25,31,27,21,20,20,17,63,19,31,34,66,21,18,18,32,40,36,38,49,63,48,60,50,55,43,44,43,41,58,45,51,30,36,37,43,48,14,57,43,54,58,27,38,68,24,44,27,27,70,67,72,66,48,42,51,14,16,7,13,13,19,21,20,19,17,13,14,12,11,10,37,,32,31,26,59,58,69,58,34,61,,77,84,84,87,15,18,19,,46,7,24,32,28,40,23,35,43,38,47,40,57,34,36,35,33,30,52,25,36,61,29,21,21,22,30,30,27,22,54,25,26,26,22,22,13,45,27,38,40,54,45,51,31,32,37,45,29,34,51,48,42,37,32,35,32,46,37,77,51,108,80,23,40,46,70,28,29,27,37,41,35,68,82,91,79,109,46,52,59,12,8,25,10,18,23,32,36,39,36,37,36,40,76,52,93,64,83,84,55,56,65,25,49,90,,80,73,82,57,39,57,18,36,13,20,31,58,39,44,45,39,38,46,49,36,36,26,19,28,30,23,24,,26,16,28,26,26,11,15,19,20,24,20,34,24,27,18,46,35,28,83,56,80,54,,81,63,65,62,57,54,109,76,65,103,65,77,82,75,75,69,72,67,63,113,37,38,106,61,48,18,24,18,66,24,21,17,21,25,21,34,269,277,15,10,46,93,63,39,40,57,50,48,41,41,33,19,26,,28,67,51,51,16,28,38,51,61,65,70,61,94,52,68,42,36,24,26,27,28,32,28,,17,2,41,85,65,107,105,54,,14,28,11,22,28,27,70,60,22,6,43,92,37,61,52,21,17,18,22,14,11,19,56,107,40,24,55,23,24,28,54,11,9,42,67,73,60,34,27
20231004,23,SO2,3,3,1,3,2,1,3,3,3,1,1,3,,,7,,4,6,5,,6,,6,4,,7,5,,3,5,2,2,3,4,1,,4,4,,1,2,7,8,9,,3,,2,2,6,5,,6,6,,10,3,,3,3,5,6,6,3,1,2,1,2,,5,6,10,6,2,7,,6,5,3,6,8,,,1,11,17,13,8,,6,5,,,8,6,4,13,,6,8,,7,6,7,7,5,,8,5,8,9,6,5,,6,6,4,7,5,6,5,5,7,6,,5,6,4,4,6,7,5,3,3,2,6,5,7,5,9,7,8,8,8,8,,4,6,7,6,3,4,4,3,8,5,5,7,2,4,,7,9,9,8,8,10,7,6,7,6,8,7,,,,11,10,,8,10,10,,,,11,,5,7,8,8,5,6,8,7,8,,,,10,15,,3,2,5,11,8,,12,7,7,9,6,8,6,7,,10,,12,11,,8,5,,6,8,8,,9,5,8,8,5,8,5,,,6,7,6,5,4,4,5,,7,,,5,,5,5,,6,4,6,7,5,5,,4,4,3,3,2,5,5,6,7,6,5,5,8,5,5,5,6,7,,,4,3,3,4,,3,3,6,6,8,,6,8,6,,9,7,4,8,,9,5,7,6,5,,,4,6,8,8,8,9,5,4,6,7,6,6,7,7,,8,6,5,8,7,7,6,,6,4,4,6,5,4,4,4,4,3,2,6,4,8,,4,6,9,4,5,5,6,6,3,7,9,6,5,8,,4,6,7,9,6,,6,8,8,7,6,9,,7,5,5,9,3,4,,6,8,4,6,,,6,5,10,6,6,6,4,6,3,5,4,,7,4,9,6,8,9,8,7,,7,7,6,7,6,,5,8,7,6,6,5,6,,,4,6,7,6,5,,2,1,4,1,,,7,5,4,2,4,5,5,7,4,10,4,,8,14,9,7,10,8,7,6,9,8,6,7,7,6,5,6,5,6,3,5,,5,3,4,7,,3,,6,6,,,,,4,,,,8,8,5,4,1,4,5,,12,7,4,6,11,5,5,5,4,5,8,,4,4,5,8,,97,9,8,22,4,88,6,5,4,,8,11,4,11,8,10,6,17,11,6,16,8,10,15,6,6,4,,,11,,8,10,8,4,9,,9,5,,,9,10,7,4,,12,7,6,,20,14,8,9,4,10,6,4,6,2,,,,,,,11,,6,11,10,11,9,5,8,3,4,7,,5,,,11,,9,6,12,6,5,8,15,8,,6,8,4,7,18,8,9,13,13,11,4,6,8,8,6,7,7,8,7,8,,6,8,8,,4,10,,8,6,9,6,5,,6,7,,,8,8,,,,11,21,12,9,9,9,,11,15,,15,18,,18,,8,,9,,9,11,13,16,9,,7,40,18,16,12,24,,5,6,8,7,7,8,7,10,8,8,8,6,7,12,8,6,7,10,10,7,10,8,,5,2,5,,3,5,5,5,5,5,5,4,4,2,4,10,7,7,,8,9,7,,5,10,10,11,10,,13,10,13,,4,,3,2,3,1,,9,9,,,,6,,5,,17,,,,6,6,8,6,5,,,,5,4,7,5,5,6,,7,6,7,6,4,3,,6,,,3,5,8,2,7,3,9,13,9,5,4,5,5,9,7,9,12,9,9,3,3,4,8,8,10,,6,5,6,8,,8,17,20,4,5,4,4,3,,,,,3,6,,5,3,2,3,3,3,4,5,8,3,2,6,8,10,,2,4,,8,2,4,,7,6,,3,8,6,7,9,8,7,12,6,4,5,2,6,,,31,4,11,12,5,4,10,6,,4,6,11,8,8,,,6,,,,,6,,,,,,,,,,,,,,,,8,,,,,,,,,,,,,,,,,,,,,,,,,,,,,,,,,,,,,,6,3,4,3,4,6,3,4,7,,,,6,4,6,6,,,13,10,8,8,8,9,,8,9,5,,,4,4,,11,10,7,,6,,10,10,,,5,5,,,6,6,14,,,1,3,11,12,10,10,8,2,5,8,6,5,10,8,7,10,8,7,4,10,7,6,8,5,,3,3,36,,6,4,8,9,7,4,6,6,6,6,6,4,,,6,9,7,10,10,7,6,6,4,2,5,6,5,11,12,12,1,,,6,3,2,4,2,3,,5,5,5,,4,5,6,,7,5,14,8,1,7,6,,7,6,8,7,4,7,8,8,,5,6,6,6,7,8,,7,,7,,,,4,10,6,6,8,6,,7,,4,6,6,7,7,6,6,,7,3,7,,,4,4,8,,6,7,4,,,13,4,4,13,8,5,12,11,20,9,19,10,10,9,11,,5,1,3,1,3,,16,5,19,6,17,14,9,12,1,,5,4,12,1,4,1,4,5,,18,3,,7,12,14,,8,9,9,7,,6,6,5,,11,7,2,6,2,,5,3,7,5,6,8,9,,7,7,6,5,6,,6,7,9,6,6,6,9,8,6,8,3,4,,9,5,5,,8,6,,9,5,7,8,,6,6,5,10,8,15,6,6,10,7,5,5,5,2,5,7,3,2,3,2,3,4,5,4,6,5,8,10,7,6,16,4,2,2,5,3,3,3,1,4,4,6,5,5,12,10,9,12,2,14,2,62,7,7,7,17,4,10,6,8,33,37,35,6,8,5,8,9,,8,5,5,6,3,,2,5,6,5,6,5,6,5,6,4,6,7,,6,7,,,,4,6,,7,4,7,7,7,5,,8,6,7,,,,,,5,4,4,8,5,,5,,6,7,8,6,7,12,,4,7,5,5,,,,,1,1,5,4,2,5,2,,4,6,5,8,5,,7,9,5,10,6,8,3,4,,5,7,5,9,8,9,4,6,10,,5,4,,7,8,,6,8,2,,5,,8,,5,7,5,6,8,8,8,20,24,18,6,7,22,4,,50,75,,11,7,5,,10,8,4,5,4,4,,5,5,2,2,,,8,3,2,,8,12,11,12,11,12,7,,8,,,12,6,3,5,6,4,3,4,6,,7,7,9,8,9,7,3,5,5,,,13,9,8,6,,4,6,7,2,37,2,12,5,10,4,4,5,10,,5,12,7,4,7,5,6,,5,,7,9,6,5,12,10,12,10,5,8,6,6,4,4,,,4,7,7,6,,8,9,8,5,,11,8,,,6,6,8,9,12,10,7,8,12,9,9,6,6,7,22,,5,4,,4,3,3,5,2,10,2,1,4,8,3,7,3,6,11,8,4,48,8,1,8,7,7,7,,9,9,8,6,,1,8,6,4,4,6,4,7,5,10,,8,4,4,9,14,5,12,4,9,10,6,6,8,6,4,,,7,5,2,10,9,,6,7,,6,6,11,7,12,13,8,6,7,,5,6,8,18,34,4,6,,3,7,10,,9,5,9,8,3,11,10,11,19,7,7,19,8,8,7,9,21,11,5,5,6,5,6,6,5,7,3,6,8,7,6,8,7,7,6,5,2,2,7,6,6,8,9,4,4,,5,6,6,4,5,9,7,6,1,3,6,4,6,11,10,4,8,12,16,14,7,5,9,9,8,2,,3,8,7,5,2,13,9,5,6,,8,6,6,7,8,9,4,,9,6,9,8,6,9,4,6,9,,27,10,,5,4,5,5,5,1,7,9,7,3,3,9,41,4,6,4,8,8,2,7,8,9,10,7,8,8,10,6,1,1,8,7,9,4,9,7,9,8,7,6,7,6,4,8,9,7,3,5,8,9,3,9,7,6,3,7,7,7,9,4,6,10,15,12,11,7,10,4,9,5,31,6,5,4,2,2,7,4,3,8,8,8,7,10,9,9,11,9,9,10,3,8,4,,5,9,9,8,12,4,6,25,8,2,6,5,13,5,8,3,6,19,9,4,2,6,4,5,2,6,4,,8,4,6,9,8,7,8,7,8,6,10,5,6,4,7,25,10,9,9,8,21,14,,14,5,3,3,1,5,6,35,2,4,8,10,8,10,10,7,12,8,8,13,3,4,20,7,8,8,4,6,49,5,4,4,4,5,8,5,8,11,6,4,5,22,3,17,10,7,8,6,8,8,8,12,8,,8,5,5,2,10,5,5,7,8,7,4,10,9,14,14,4,6,6,5,5,8,5,4,,5,4,6,13,6,14,8,3,,1,3,1,1,9,8,8,6,7,11,3,14,7,4,3,3,3,3,3,6,5,8,5,12,7,5,7,4,7,3,5,6,4,7,4,8,8,10,10
20231004,23,SO2_24h,3,3,3,2,2,2,3,3,3,1,3,3,,,8,,4,6,5,,7,,5,5,,8,4,,5,3,2,4,4,5,5,,3,5,,3,8,11,10,11,,7,,6,6,8,5,6,5,6,,7,3,,1,2,6,6,5,4,1,2,1,1,,5,7,10,8,5,8,,13,10,9,11,9,,,5,11,10,16,8,,5,5,,,8,6,4,6,,9,12,,8,7,10,8,7,,7,6,10,9,8,7,6,7,10,5,8,5,6,5,5,7,6,,5,6,4,5,6,6,5,3,4,3,6,6,6,6,8,4,9,7,8,8,,4,6,7,5,5,4,5,4,8,5,5,8,3,11,,8,10,9,8,8,10,6,6,7,6,7,9,,,,8,9,,7,8,7,,,,10,,7,8,9,9,6,8,10,9,9,,,,12,11,,5,4,4,8,8,,9,7,7,9,7,8,8,7,,10,,10,9,,8,5,,7,8,8,,9,6,9,7,6,8,5,,,7,7,7,6,5,4,6,,8,,,4,,5,5,,6,4,6,6,5,5,,4,4,3,4,2,5,6,6,6,6,5,5,7,5,5,5,6,6,,,5,3,3,4,,4,5,4,5,7,,6,6,7,,7,7,5,7,,6,5,5,8,6,,,10,9,10,10,10,9,6,5,7,7,7,7,7,8,,8,6,6,8,7,7,6,,7,5,4,6,5,4,4,4,4,3,2,6,4,7,,3,5,9,5,4,5,6,6,3,6,9,6,5,7,,3,6,6,9,6,6,6,8,10,7,6,9,,8,4,6,8,6,4,,7,7,5,7,,,6,3,11,6,7,7,4,6,5,9,6,,7,7,11,7,8,12,8,9,,6,7,6,8,6,,5,8,5,6,5,5,6,,,7,6,7,6,5,,3,1,3,2,,,4,7,4,3,4,5,5,8,3,7,4,,8,9,9,7,16,8,7,7,9,8,6,6,7,6,5,6,6,5,3,5,,5,2,4,7,,4,,7,9,,,,,15,,,,11,16,7,3,2,5,6,,12,7,4,7,10,6,5,5,4,5,5,,3,4,5,9,,21,10,9,15,30,46,7,5,14,,6,8,5,11,7,10,6,10,10,6,19,9,10,13,7,7,4,,,11,,12,12,12,7,10,,12,6,,,11,14,9,11,,10,10,15,,9,8,9,9,7,11,6,5,7,3,,,,,,,12,,7,10,9,10,9,7,10,4,6,8,,19,,,13,,12,10,13,8,9,10,11,9,,10,9,9,9,9,7,11,12,14,15,3,6,9,8,6,7,6,7,6,10,,9,8,8,,5,8,,9,8,7,6,6,,10,6,,,12,10,,,,11,10,13,9,12,14,,18,19,,16,17,,17,,19,11,17,,11,12,10,14,9,,6,13,11,15,12,8,,8,6,8,6,7,9,7,13,11,8,14,6,9,11,10,7,9,7,7,8,10,6,,5,2,5,,4,5,5,5,5,5,5,4,4,6,5,8,7,6,,8,9,7,,6,8,9,8,10,,11,9,10,,5,,4,3,3,2,,11,10,,,,6,,6,,10,,,,7,7,7,6,7,,,,6,4,8,6,6,6,,7,6,7,7,4,3,,8,,,4,7,9,3,8,4,10,10,7,7,4,4,5,11,7,9,10,9,9,3,3,4,5,7,8,,6,5,6,8,,8,13,8,5,5,4,6,3,,,,,4,6,,5,2,2,3,2,3,3,5,8,2,2,6,4,5,,2,3,,7,2,6,,7,5,,4,8,5,7,6,6,7,9,5,4,5,2,6,,,14,5,25,23,24,5,9,6,,9,7,12,7,9,,,7,,,,,9,,,,,,,,,,,,,,,,9,,,,,,,,,,,,,,,,,,,,,,,,,,,,,,,,,,,,,,6,4,4,4,5,9,6,7,11,,,,7,6,8,6,,,16,19,17,19,19,10,,11,12,5,,,5,6,,9,9,5,,9,,9,9,,,5,5,,,6,5,7,,,2,3,10,12,12,12,9,3,4,8,6,6,9,8,8,12,7,8,5,9,8,11,8,4,,3,6,13,,7,5,9,10,6,3,6,7,6,6,7,5,,,6,10,9,11,11,8,6,6,3,5,7,6,3,4,5,4,1,,,7,6,7,4,2,5,,5,4,4,,5,5,4,,7,9,9,9,2,8,7,,6,6,9,5,3,6,7,6,,6,4,4,6,8,8,,7,,8,,,,5,10,7,6,13,8,,6,,4,7,5,7,7,7,7,,10,4,14,,,4,4,5,,5,9,4,,,6,4,6,8,7,9,11,26,23,20,21,22,14,10,15,,6,5,23,19,12,,18,9,14,7,12,14,10,12,12,,12,10,19,1,4,3,4,5,,11,5,,12,14,15,,8,7,9,7,,6,6,6,,6,8,4,8,3,,5,4,8,6,6,8,8,,7,6,6,5,6,,9,6,9,7,6,6,8,8,6,8,4,4,,9,6,5,,8,7,,9,7,7,7,,6,6,6,10,8,14,15,7,9,12,7,9,8,6,7,10,4,3,4,4,2,4,5,4,6,4,8,7,7,6,9,4,1,3,6,4,4,3,2,4,4,6,6,6,15,11,9,12,8,7,10,15,8,9,6,7,4,11,8,17,26,21,25,8,8,5,8,9,,13,6,5,6,3,,2,5,7,6,7,8,8,6,8,4,7,9,9,7,8,,,,4,7,,7,6,9,10,11,7,,8,7,8,,,,,,5,4,4,8,5,,5,,7,7,11,12,12,19,,6,6,5,6,,,,,1,1,5,5,4,5,5,,3,6,5,9,9,,8,9,6,11,7,6,3,4,,6,8,5,9,7,9,4,6,12,,7,4,,7,7,,8,9,3,,6,,7,,5,7,7,5,7,6,9,14,15,15,8,9,8,5,,77,31,,11,7,4,,9,6,3,4,9,10,,5,6,2,5,,,9,4,3,,7,13,11,12,11,11,8,,10,,,16,7,2,6,6,5,3,6,7,,7,8,8,6,7,5,3,5,5,,,10,10,9,5,,4,8,10,3,11,2,13,5,8,5,5,4,12,,7,8,8,5,7,5,4,,5,,10,6,5,6,8,10,9,10,8,9,6,6,5,4,,,4,8,8,7,,8,11,17,5,,7,9,,,9,7,8,9,11,8,11,11,11,8,10,6,6,7,18,,5,4,,3,5,5,6,3,12,2,13,4,9,3,6,5,6,11,7,5,19,9,1,8,7,7,8,,8,8,7,7,,2,11,6,6,6,6,5,10,6,12,9,8,4,15,8,11,4,8,7,9,9,10,8,7,6,5,,,8,6,4,8,8,6,7,8,,5,8,16,8,11,5,8,6,5,,6,7,9,17,37,5,7,,4,8,8,6,10,6,7,8,3,9,10,9,13,7,7,11,9,8,7,9,14,10,5,5,5,5,6,5,6,6,3,5,8,7,12,8,7,10,5,8,3,2,11,6,6,8,9,4,6,9,9,5,5,7,8,10,8,6,2,3,7,5,7,9,10,5,8,12,18,14,4,8,8,9,10,2,,2,9,8,8,6,8,14,6,9,,13,8,8,16,10,5,4,,8,5,10,9,6,7,4,8,11,4,10,10,17,5,5,6,7,7,7,5,10,9,3,3,8,13,4,6,5,8,14,2,9,8,7,11,6,11,8,8,6,2,3,10,9,10,5,9,7,8,8,7,6,15,6,4,10,8,8,4,6,10,10,4,9,8,6,3,7,6,6,9,5,6,10,16,11,9,9,9,7,14,5,17,6,6,9,2,4,7,4,4,7,7,7,6,11,11,11,13,8,8,10,4,9,7,,20,15,14,10,15,20,7,12,8,2,7,4,4,5,8,5,6,9,9,5,2,6,4,4,2,7,4,,7,4,7,10,8,7,7,4,8,6,7,6,6,4,6,17,10,9,11,13,16,27,,7,9,3,3,3,5,8,20,3,6,9,12,9,11,10,8,13,10,9,10,2,5,18,7,10,8,10,6,19,5,4,4,5,4,8,5,10,10,6,4,7,36,5,14,10,7,8,5,8,8,12,8,8,,8,5,4,5,8,6,4,9,9,11,11,16,11,10,18,8,6,7,5,5,8,4,4,,5,5,7,8,6,14,6,4,,1,2,2,1,11,15,9,7,10,13,5,12,6,5,3,3,3,3,3,6,5,8,6,16,8,5,8,4,6,4,4,7,4,8,10,12,11,8,9
20231004,23,NO2,18,2,19,24,29,21,24,12,13,2,20,54,,,36,,35,32,55,,29,,77,73,,66,38,,60,42,59,60,44,35,15,,38,44,,,47,30,51,22,,12,,55,71,69,76,,65,78,,72,11,,6,11,8,14,9,26,27,4,38,61,,51,58,56,48,39,64,,63,63,63,76,51,,,24,31,74,28,58,,32,41,,,56,35,21,18,,12,16,,21,18,21,17,30,,9,11,8,8,13,7,,5,9,6,10,16,11,12,18,10,10,,9,10,10,7,17,18,8,8,12,10,13,11,13,8,8,26,22,25,20,12,,28,22,18,22,45,44,28,26,38,32,15,22,48,13,,13,8,22,34,15,14,13,14,15,13,26,19,,,,27,20,,45,26,31,,,,27,,12,22,20,22,17,19,13,20,18,,,,8,23,,19,30,25,24,18,,18,25,27,23,34,27,10,15,,13,,20,25,,21,19,,21,15,15,,22,17,12,15,6,10,6,,,4,6,6,6,4,6,10,,11,,,14,,16,12,,11,8,9,8,8,8,,19,21,10,10,19,5,7,12,23,30,22,15,20,16,19,57,26,28,,,5,8,7,6,,14,15,15,10,14,,18,11,14,,10,54,75,46,,52,81,69,74,9,,,26,17,28,22,37,24,42,46,26,37,47,35,39,37,,16,17,16,13,13,17,10,,12,16,22,11,13,9,18,16,12,15,7,8,55,21,,25,34,37,15,38,11,27,10,18,16,32,28,13,12,,9,8,10,16,24,39,18,15,21,42,31,34,,20,29,23,23,17,18,,16,20,15,15,,,12,10,17,16,6,4,7,12,34,35,12,,15,12,28,17,16,15,30,52,,15,21,13,15,6,,12,16,9,29,19,33,19,,,22,29,20,20,40,,40,37,51,26,,,50,3,10,12,9,7,12,13,9,9,13,,42,14,39,23,40,38,24,13,20,18,11,31,55,37,49,,45,41,52,12,,23,18,46,46,,47,,33,38,,,,,7,,,,71,61,49,42,47,76,54,,21,13,10,12,9,11,18,25,17,22,21,,12,15,8,63,,74,48,70,65,26,49,35,60,39,,16,17,21,7,10,9,9,26,30,38,18,19,12,17,10,15,9,,,25,,,23,21,20,34,,35,24,,,44,47,51,25,,38,31,33,,77,52,53,52,44,1,24,6,1,8,,,,,,,30,,37,13,13,20,9,12,17,4,1,3,,19,,,6,,3,8,8,13,11,7,18,7,,22,22,29,34,16,15,11,14,13,27,11,8,,5,4,4,12,7,7,18,,16,6,13,,8,7,,7,6,18,10,8,,39,10,,,60,62,,,,50,28,29,42,22,40,,29,26,,32,46,,45,,74,,48,,78,19,28,28,16,,15,44,26,22,27,58,,23,36,13,12,20,23,16,27,23,22,15,33,18,59,17,16,7,8,9,4,6,9,,5,4,4,,3,5,8,7,9,5,4,6,4,7,5,40,40,22,,25,13,36,,12,12,19,27,12,,14,18,4,,35,,48,46,22,27,,44,42,,,,32,,41,,37,,,,34,41,28,52,36,,,,14,19,10,28,12,10,,7,12,10,13,9,5,,6,,,2,13,7,3,3,6,10,7,10,32,12,16,18,9,17,15,17,14,20,6,6,32,42,40,39,,18,17,18,17,,18,21,46,15,13,17,8,18,,,,,45,41,,42,5,21,11,20,21,8,15,6,6,5,11,22,23,,34,40,,26,27,44,,27,29,,37,11,14,35,27,18,23,26,17,39,56,55,28,,,32,14,16,40,20,34,22,56,,18,7,82,77,54,,,47,,,,,14,,,,,,,,,,,,,,,,12,,,,,,,,,,,,,,,,,,,,,,,,,,,,,,,,,,,,,,20,11,10,14,11,17,15,15,21,,,,50,32,34,63,,,53,58,48,36,51,52,,37,42,18,,,24,22,,38,20,52,,54,,9,20,,,12,6,,,82,69,28,,,10,12,33,32,15,10,10,11,10,8,9,11,21,26,9,24,13,7,11,10,21,13,13,23,,14,9,6,,17,6,8,7,6,5,18,10,9,8,4,4,,,5,3,3,1,4,1,2,6,9,1,1,2,6,4,4,5,4,,,4,3,3,1,7,6,,4,13,16,,17,20,21,,24,15,31,21,12,14,18,,19,26,20,29,23,15,15,15,,15,7,7,9,19,16,,20,,22,,,,21,21,21,20,17,12,,17,,16,25,15,9,5,4,5,,9,12,6,,,8,10,6,,8,4,13,,,25,5,6,5,5,5,23,19,26,23,21,8,14,10,12,,6,8,5,3,14,,8,10,10,9,16,13,16,20,23,,14,14,17,5,12,11,7,11,7,7,7,,34,43,45,,50,47,55,38,,33,47,36,,28,8,19,13,14,,11,11,7,6,29,20,26,,10,12,10,15,20,,10,16,5,11,2,2,16,19,24,22,22,20,,9,7,6,,12,10,,4,4,6,13,,8,12,8,4,8,15,12,10,11,12,10,5,8,9,9,8,4,11,8,11,10,13,15,15,12,15,11,10,13,10,8,4,8,4,5,4,4,12,4,11,7,4,6,8,22,28,42,25,21,9,11,20,42,20,44,54,27,20,8,33,24,16,12,10,10,16,17,30,,12,20,10,5,5,,5,9,17,10,23,5,14,16,11,21,27,30,,24,24,,,,7,10,,10,20,19,14,24,11,,17,11,10,,,,,,17,12,13,11,6,,3,,3,5,9,2,5,8,,6,16,7,6,,,,,2,5,6,4,5,6,5,,16,6,5,8,12,,10,7,10,16,11,9,7,8,,5,3,7,8,11,12,11,14,14,,10,14,,7,26,,3,4,8,,5,,8,,2,3,4,14,12,34,63,68,78,67,5,13,17,10,,22,18,,13,11,20,,13,12,35,32,18,13,,9,6,5,23,,,13,9,18,,7,10,13,5,25,9,48,,47,,,42,10,8,7,67,57,75,78,10,,42,16,83,74,86,12,80,42,36,,,83,66,59,10,,9,62,68,19,32,27,20,17,57,64,38,50,45,,53,10,31,25,9,20,15,,20,,22,51,46,6,28,22,9,16,31,28,15,6,13,5,,,52,8,10,28,,74,71,70,5,,26,40,,,8,17,36,10,23,27,30,7,30,14,5,19,18,32,48,,36,32,,10,6,10,8,10,10,9,16,4,47,26,10,7,61,43,23,2,30,31,4,26,8,58,9,,5,4,4,17,,8,19,29,29,20,36,4,8,4,46,,28,14,18,21,35,46,46,20,46,20,33,15,6,14,23,,,20,26,61,17,37,,13,25,,20,38,7,22,46,20,36,11,18,,4,22,29,11,19,16,20,,9,20,24,25,24,31,34,32,5,34,68,12,47,40,28,34,16,23,10,16,24,23,10,32,44,31,23,28,28,18,29,12,14,20,16,6,9,29,15,8,9,7,41,40,67,41,22,20,22,,15,21,22,24,36,31,37,10,24,41,2,3,4,13,13,8,13,4,19,16,12,18,4,6,3,50,,48,9,22,21,58,62,44,4,24,,18,62,40,54,33,16,15,,17,8,21,15,5,15,16,13,9,3,22,21,24,17,12,16,13,11,8,11,18,34,6,1,73,25,29,13,16,24,17,6,17,21,20,10,11,10,15,20,19,71,31,44,14,12,13,10,,4,18,11,12,13,8,8,20,26,13,33,50,58,66,8,41,38,15,17,33,39,19,22,22,40,48,38,47,55,44,16,28,3,2,18,2,11,19,9,21,38,28,17,37,34,63,43,30,34,36,34,12,15,20,4,13,31,,40,46,47,60,40,15,10,26,9,20,6,24,22,10,11,2,29,24,8,12,6,4,2,23,4,5,6,,20,11,13,8,10,9,26,13,26,17,17,17,5,34,10,48,24,15,37,41,22,48,,61,59,50,31,16,47,71,32,37,63,60,66,65,63,47,68,64,56,26,,23,51,34,25,26,17,17,15,24,50,34,35,41,10,21,44,41,86,12,8,20,57,42,8,5,29,20,30,6,14,22,27,16,,20,19,32,39,15,8,42,27,17,44,43,22,63,32,50,36,28,26,10,9,17,22,19,,10,6,19,14,25,36,56,18,,24,19,7,42,42,9,32,90,26,10,6,46,14,47,42,9,6,13,14,28,51,4,22,80,15,9,15,10,6,14,28,9,4,19,51,14,32,18,20
20231004,23,NO2_24h,22,2,17,17,28,22,23,23,12,4,22,30,,,26,,23,26,32,,24,,34,34,,39,29,,41,30,35,36,29,29,18,,29,32,,30,46,27,62,30,,20,,38,49,38,44,46,38,57,,55,9,,7,12,7,17,17,21,28,8,28,30,,32,32,29,28,36,38,,31,44,39,35,44,,,38,51,45,47,36,,14,22,,,15,11,13,12,,13,13,,15,11,12,16,21,,6,15,20,15,22,15,15,11,18,15,14,20,15,12,13,14,8,,12,14,14,5,8,11,6,4,11,8,10,9,6,8,8,14,18,21,14,14,,20,14,18,16,18,23,18,20,20,19,16,19,20,14,,19,13,19,26,13,19,14,15,15,14,15,35,,,,32,23,,37,30,29,,,,18,,21,23,23,26,27,24,16,20,20,,,,11,16,,20,16,14,17,15,,23,29,27,27,30,29,11,14,,15,,24,19,,24,19,,23,20,19,,26,19,17,17,14,14,10,,,10,11,9,13,6,13,13,,21,,,26,,14,12,,11,7,9,7,7,7,,20,19,11,12,17,12,13,14,22,20,16,11,16,10,16,31,19,22,,,7,8,9,7,,14,18,13,10,10,,16,10,10,,10,29,31,40,,38,34,42,33,12,,,27,31,26,25,36,28,35,36,29,35,37,34,37,36,,20,20,19,20,18,23,16,,16,16,16,7,9,8,12,12,11,12,6,6,38,23,,28,37,23,21,33,15,31,11,19,26,21,23,12,16,,15,15,12,32,13,16,13,12,20,27,25,18,,17,26,22,17,15,14,,16,17,13,14,,,18,12,23,17,14,11,13,17,24,33,17,,11,11,19,14,18,21,21,29,,10,20,9,9,7,,17,16,15,27,19,26,20,,,20,28,19,21,31,,18,20,21,19,,,24,5,7,13,6,7,6,11,10,9,8,,19,9,16,15,19,18,14,12,11,9,12,8,32,26,35,29,31,25,31,18,,20,21,30,32,,30,,21,34,,,,,13,,,,29,25,45,43,30,43,28,,14,14,10,13,10,11,15,18,14,17,16,,9,13,9,26,,23,22,22,21,35,24,25,28,27,,11,14,15,12,12,11,19,16,20,19,18,12,11,14,12,15,13,,,36,,37,44,47,31,23,,28,27,,,34,41,35,40,,27,28,25,,42,41,34,38,27,11,19,12,7,21,,,,,,,36,,41,23,22,32,32,23,31,10,6,11,,27,,,6,,3,6,7,15,14,13,14,10,,17,15,15,13,17,11,11,12,12,17,16,13,13,7,5,5,11,8,9,10,,11,8,12,,8,7,,8,9,15,12,6,,24,10,,,42,39,,,,20,16,13,19,29,35,,29,29,,34,40,,38,,59,63,47,,62,23,16,19,18,,11,18,14,23,15,17,,10,14,10,7,8,12,13,22,22,17,16,16,13,20,10,9,7,10,14,10,14,10,,4,5,5,,5,8,9,6,8,6,5,10,6,11,6,25,30,14,,24,13,27,,10,13,16,20,11,,18,18,5,,30,,33,29,20,22,,39,31,,,,33,,41,,38,,,,31,26,22,35,23,,,,24,24,12,20,15,14,,11,16,14,14,12,6,,10,,,3,10,13,5,4,5,10,7,11,8,6,8,9,12,17,20,17,19,20,6,4,12,20,19,23,,20,17,18,16,,10,16,15,9,15,15,12,18,,,,,25,16,,16,5,16,10,13,14,10,11,7,6,5,8,11,10,,20,18,,20,21,34,,25,30,,36,14,14,25,20,22,28,22,22,26,34,30,25,,,16,10,18,21,27,26,12,19,,15,8,43,34,19,,,32,,,,,23,,,,,,,,,,,,,,,,14,,,,,,,,,,,,,,,,,,,,,,,,,,,,,,,,,,,,,,17,17,11,17,14,23,21,20,28,,,,31,32,37,44,,,31,38,32,31,35,36,,42,39,16,,,18,24,,33,30,44,,44,,14,14,,,12,7,,,18,16,9,,,6,6,14,17,13,12,8,12,9,8,5,11,15,13,8,12,9,8,14,9,9,9,11,12,,11,10,7,,8,6,11,12,7,6,13,7,12,17,9,8,,,6,7,7,8,6,4,4,11,4,5,5,3,7,6,6,10,4,,,5,7,8,2,7,6,,4,14,16,,20,21,20,,18,16,20,15,12,23,23,,16,19,25,17,15,12,15,17,,15,6,6,11,16,13,,22,,28,,,,19,16,16,18,20,18,,17,,17,25,23,9,5,8,8,,11,13,12,,,9,10,10,,11,14,10,,,12,4,8,6,8,5,12,22,21,24,19,10,15,15,15,,10,8,10,9,12,,6,11,10,10,14,13,14,17,29,,25,24,21,3,11,9,7,9,13,13,11,,39,38,40,,49,41,49,29,,25,34,34,,30,21,25,19,23,,22,19,18,15,21,18,26,,15,14,14,14,15,,17,13,6,20,7,8,22,26,26,25,17,20,,14,13,12,,13,10,,5,3,8,13,,10,15,13,8,14,15,11,11,10,13,12,6,10,11,10,11,6,12,9,10,10,12,13,12,10,14,8,10,10,9,8,4,6,4,6,4,4,9,7,11,6,4,8,10,23,26,27,26,17,13,16,20,20,21,19,14,12,11,6,14,14,16,13,12,13,12,12,19,,16,11,11,6,7,,8,6,11,11,15,11,16,16,16,19,25,24,12,17,27,,,,6,10,,8,15,21,18,24,19,,20,12,9,,,,,,8,10,13,8,9,,4,,7,4,8,6,7,10,,7,4,6,4,,,,,3,5,6,5,5,8,8,,3,6,6,11,12,,8,7,6,11,8,9,6,7,,5,6,6,7,11,8,6,9,10,,7,12,,8,13,,5,7,10,,6,,10,,2,4,7,11,10,15,38,50,50,49,8,15,13,12,,21,14,,13,11,15,,16,16,26,25,14,13,,11,10,5,17,,,12,8,15,,7,13,12,4,11,9,27,,23,,,31,21,12,13,30,29,42,39,11,,22,13,18,16,23,11,40,37,30,,,35,24,29,6,,11,19,22,11,12,26,22,17,46,38,17,32,35,,48,14,20,17,16,20,17,,22,,26,34,23,7,15,16,9,17,27,16,12,8,24,5,,,30,13,18,19,,27,26,28,7,,25,21,,,43,15,26,10,26,26,32,21,32,16,9,23,14,21,41,,27,24,,10,9,14,12,13,7,8,26,7,35,19,9,8,36,42,29,9,16,45,4,39,10,39,10,,5,5,4,15,,8,27,33,30,19,31,10,13,10,35,31,29,14,26,20,31,32,43,13,30,21,31,10,7,17,20,,,22,21,41,17,29,5,14,18,,14,25,13,19,37,8,35,15,18,,12,26,29,11,17,15,11,,7,15,20,20,23,27,18,13,12,17,23,13,9,18,20,28,17,22,8,10,25,13,10,22,42,26,26,30,35,13,26,16,14,17,16,13,12,11,15,14,10,5,31,26,37,25,17,15,24,18,16,18,18,42,35,28,31,17,25,24,4,5,6,13,14,11,12,6,14,17,14,18,6,23,13,25,,22,12,18,27,36,36,29,10,25,,39,40,36,39,12,9,10,,14,11,25,27,7,12,6,17,12,5,19,13,18,18,19,23,16,17,12,12,17,27,10,6,24,9,21,13,16,26,21,8,27,19,15,14,13,15,11,12,18,45,18,33,15,13,17,7,6,5,24,15,11,9,9,12,11,19,10,22,27,33,43,10,29,42,17,11,28,27,21,30,20,33,37,39,40,45,28,20,29,8,3,14,3,19,19,8,24,18,18,19,23,21,56,20,44,22,35,33,17,35,37,12,21,33,,31,41,42,43,22,28,15,19,10,13,8,26,12,11,13,2,13,13,10,11,9,5,1,10,6,4,4,,14,10,22,8,15,12,9,7,13,18,16,24,7,24,10,25,14,19,39,28,37,29,,41,43,35,32,29,41,44,25,23,46,31,42,34,28,25,30,34,44,28,42,24,27,42,24,31,16,13,15,27,32,20,25,26,11,15,24,19,31,15,12,26,51,29,12,4,20,11,23,13,19,14,18,17,,18,19,32,31,13,14,17,35,28,35,45,29,39,19,30,32,30,25,13,12,24,25,17,,10,3,15,12,18,33,32,16,,14,28,6,25,18,11,37,38,20,13,13,45,12,26,31,13,11,21,22,14,19,5,22,43,16,9,19,8,12,6,23,8,6,19,39,31,30,14,14
20231004,23,O3,46,45,46,25,44,47,30,60,45,52,32,8,,,39,,44,48,21,,47,,5,5,,2,30,,31,38,18,26,34,51,88,,21,28,,20,26,54,41,54,,51,,22,11,10,6,,3,6,,2,49,,57,47,49,55,53,42,43,65,29,5,,18,22,6,19,37,5,,4,2,19,13,35,,,73,64,17,69,5,,35,30,,,14,34,48,52,,56,55,,41,40,48,56,38,,35,70,70,69,63,73,80,75,67,68,73,32,36,34,29,39,36,,37,38,36,31,16,25,26,31,,35,26,31,25,25,34,68,88,84,86,98,,86,81,85,80,53,71,90,92,76,72,108,107,59,73,,78,83,66,63,65,82,112,110,98,97,74,74,,,,40,55,,36,45,41,,,,72,,91,76,73,83,86,85,85,69,80,,,,90,68,,79,62,81,75,99,,84,66,78,77,60,70,116,111,,109,,89,66,,87,86,,83,93,75,,82,80,90,97,107,103,108,,,102,100,109,85,92,96,83,,68,,,89,,73,77,,88,87,85,96,102,97,,83,78,83,90,82,98,100,84,114,97,112,104,110,98,98,73,99,99,,,103,98,99,96,,84,72,55,62,66,,60,62,66,,62,44,10,48,,45,21,42,25,68,,,69,69,69,69,56,59,7,10,26,20,6,15,14,10,,64,60,59,66,58,64,68,,70,66,20,32,27,34,28,26,31,30,35,21,32,66,,50,40,51,59,48,49,47,54,62,64,51,52,66,64,,75,74,72,72,71,,88,83,69,47,57,58,,95,47,42,87,90,84,,76,77,62,80,,,60,68,54,62,71,73,66,69,42,49,70,,82,81,74,64,69,90,62,28,,54,50,51,43,19,,14,2,18,4,3,17,14,,,6,6,5,10,4,,,15,5,17,,,9,50,58,67,47,64,50,56,59,75,60,,15,44,3,21,9,4,37,46,,36,49,24,10,14,3,11,,14,,45,,9,28,6,3,,29,,43,45,,,,,84,,,,16,15,46,50,29,16,40,,,32,40,40,44,33,24,17,20,20,20,,18,34,50,7,,8,21,6,9,73,39,27,6,40,,50,53,49,66,63,62,59,50,49,30,55,52,60,58,122,119,124,,,65,,83,,78,72,43,,44,66,,,42,49,30,42,,31,30,27,,4,16,18,25,14,85,68,88,86,82,,,,,,,66,,54,91,103,84,76,80,78,82,83,82,,59,,,69,,71,69,72,124,146,127,132,109,,53,58,54,50,59,64,105,71,79,58,63,56,58,67,73,62,65,66,67,64,,60,63,53,,51,58,,53,56,49,56,40,,5,33,,,7,8,,,,13,41,37,30,51,37,,51,51,,16,12,,11,,1,,26,,2,102,39,41,57,,54,26,45,42,30,18,,39,25,51,48,39,38,51,47,48,50,53,28,54,7,53,54,60,45,43,47,47,43,,46,50,49,,50,52,45,46,45,51,49,43,50,44,49,75,82,87,,103,110,80,,71,78,68,71,71,,82,78,90,,17,,1,5,16,18,,46,42,,,,34,,23,,,,,,37,14,45,7,5,,,,58,52,51,28,64,68,,60,56,56,56,56,73,,73,,,73,65,67,69,85,67,67,65,70,12,54,50,37,76,53,58,,65,46,53,41,7,6,4,3,,34,33,37,38,,27,27,6,23,78,22,21,17,,,,,4,5,,3,22,8,17,15,8,18,38,41,34,37,30,33,34,,6,8,,9,6,4,,3,4,,3,64,76,33,43,58,60,54,63,4,6,5,19,,,45,72,67,40,73,43,57,16,,61,80,2,2,12,,,22,,,,,77,,,,,,,,,,,,,,,,71,,,,,,,,,,,,,,,,,,,,,,,,,,,,,,,,,,,,,,23,68,54,64,71,61,56,69,59,,,,3,24,20,4,,,3,3,20,30,3,53,,56,57,46,,,28,17,,44,61,,,7,,90,78,,,56,58,,,4,8,34,,,44,44,21,23,84,90,83,59,55,58,56,60,48,26,53,35,42,55,49,48,42,56,51,40,,33,38,46,,47,60,60,61,50,43,36,53,62,68,69,47,,,52,38,39,41,45,42,44,38,55,49,51,48,35,33,37,44,41,,,57,54,51,,26,26,,42,74,73,,71,62,77,,50,59,64,60,51,81,68,,65,69,75,52,57,60,84,94,,80,78,73,24,78,100,,58,,60,,,,39,39,40,44,49,69,,65,,78,83,90,105,116,107,103,,56,55,69,,,68,70,74,,62,61,50,,,57,52,50,48,50,47,19,8,6,9,10,55,52,62,57,,50,32,35,36,,,65,71,70,71,55,54,51,52,30,,49,47,47,46,46,41,40,40,53,62,63,,60,43,50,,5,7,,52,,49,36,32,,38,73,68,69,68,,89,91,87,103,32,43,32,,78,66,73,16,21,,53,27,96,79,86,95,62,58,45,49,24,35,,90,90,90,,65,66,,36,44,52,48,,71,67,64,74,68,41,37,40,41,42,43,51,53,52,58,55,44,44,46,41,41,37,36,40,40,38,51,57,49,54,59,52,47,55,59,50,46,59,61,52,63,27,50,57,25,25,16,33,51,50,60,51,16,62,47,23,52,56,42,28,51,70,74,60,62,49,40,36,,51,26,40,78,64,,68,23,19,31,14,35,40,32,34,14,18,22,,17,27,,,,30,30,,26,13,35,44,29,50,,32,31,21,,,,,,31,44,47,49,21,,40,,60,41,41,46,44,44,,38,29,35,41,,,,,63,57,52,54,60,58,32,,36,34,37,60,56,,36,41,22,17,17,17,29,26,,46,,61,52,13,16,44,25,24,,10,3,,39,17,,54,55,44,,50,,114,,47,46,44,30,34,9,3,14,10,19,84,57,51,52,,153,103,,77,88,59,,84,86,20,19,65,72,,67,67,76,55,,,61,71,64,,96,81,84,41,24,94,24,,21,,,26,72,89,86,39,36,30,15,64,,50,71,14,6,6,92,22,52,58,,,8,22,5,11,,72,18,15,57,25,54,62,54,14,16,24,32,54,,3,42,63,63,107,70,86,,57,,52,43,10,48,17,24,79,42,60,40,48,28,81,63,,,14,58,77,46,,5,8,7,38,,79,56,,,86,81,65,122,55,57,72,91,56,87,93,7,10,1,8,,36,29,,60,64,35,38,78,52,54,61,48,18,34,61,94,12,11,71,90,44,59,46,66,56,28,66,,63,65,60,42,,49,60,4,36,28,16,71,76,70,43,,26,26,47,58,72,3,2,62,10,86,39,,39,21,12,,,68,38,20,74,68,,67,70,,58,17,57,88,35,75,,59,64,,49,65,52,97,75,48,68,,79,70,85,79,74,63,63,73,51,40,7,88,16,32,66,40,68,72,98,110,81,83,53,37,33,30,58,50,56,52,45,67,73,71,58,79,60,34,52,57,56,45,28,38,14,34,83,75,41,,61,70,49,32,11,22,22,68,17,7,46,51,50,45,18,28,18,39,12,25,11,8,48,76,80,,,10,38,23,56,8,12,32,91,47,,81,18,43,5,10,45,42,,59,69,58,57,32,35,31,77,74,74,41,59,49,69,68,78,78,86,73,65,30,42,53,59,8,40,97,100,97,71,85,104,99,74,69,82,103,94,95,105,67,34,46,54,60,68,67,58,80,57,66,112,69,77,53,74,59,81,55,57,17,30,17,64,33,26,85,95,80,78,68,53,56,,19,61,13,4,33,74,37,47,51,2,60,22,34,44,35,6,10,22,3,5,27,32,68,37,64,60,98,98,99,82,78,58,,51,39,39,6,38,77,80,30,57,10,98,70,72,120,55,72,18,47,63,40,36,49,44,20,,38,30,,85,59,85,93,74,65,23,32,11,97,108,85,93,55,90,9,20,59,43,36,131,6,,30,16,10,19,39,15,,66,21,6,6,7,6,10,11,2,,11,21,,15,21,74,35,18,17,,24,73,4,7,15,5,23,60,44,51,21,28,65,73,5,10,98,49,44,43,89,74,67,26,71,73,,96,72,16,6,43,41,6,60,60,16,26,59,11,30,13,10,3,39,36,49,88,80,87,,44,39,80,90,22,7,36,35,,39,49,52,24,33,30,68,9,46,46,68,1,60,17,27,48,52,48,53,46,22,47,75,17,57,41,52,39,107,37,52,38,54,35,24,76,47,50,76
20231004,23,O3_24h,66,65,77,70,67,78,67,73,83,71,56,68,,,86,,92,88,98,,91,,83,88,,85,83,,124,143,129,129,133,139,175,,83,89,,82,26,110,109,112,,98,,151,151,156,97,27,86,88,,95,87,,85,82,92,78,76,84,79,90,74,80,,82,94,94,92,108,102,,140,132,139,142,92,,,85,94,91,96,95,,76,80,,,88,87,86,88,,85,77,,79,90,92,89,90,,98,148,150,146,140,155,162,156,132,133,151,65,66,70,70,66,71,,68,73,70,71,63,64,63,67,66,68,65,71,64,60,65,106,110,106,110,115,,113,114,102,105,133,131,139,134,123,129,137,133,135,266,,134,136,133,143,129,136,122,112,104,118,112,153,,,,114,127,,130,128,128,,,,143,,131,128,125,133,128,126,133,129,126,,,,138,128,,137,134,141,131,134,,134,130,140,144,134,139,144,148,,139,,153,138,,119,107,,128,114,100,,111,135,124,108,109,109,112,,,106,105,116,108,107,121,100,,102,,,147,,127,126,,101,107,102,108,119,113,,113,112,94,93,90,100,104,99,117,100,117,112,118,99,108,94,106,102,,,137,134,131,134,,164,166,66,73,78,,70,73,77,,74,141,141,126,,145,144,145,143,143,,,175,184,181,183,170,178,78,77,86,80,83,82,82,82,,68,63,64,66,63,64,68,,75,66,33,58,42,53,45,44,45,50,56,32,164,176,,140,143,167,122,173,102,151,129,162,144,158,174,116,103,,156,119,108,147,241,169,241,207,188,173,170,203,,208,149,141,202,199,197,,222,238,158,227,,,130,133,162,124,130,144,121,118,156,135,166,,125,129,133,133,148,123,111,119,,75,87,98,78,46,,37,19,26,14,20,29,30,,,23,23,20,32,24,,53,57,49,52,,,56,75,93,92,77,85,82,75,82,93,85,,69,68,59,66,62,63,69,71,64,72,61,54,52,46,45,46,47,49,37,61,,48,52,46,30,,86,,76,75,,,,,118,,,,95,86,103,99,92,102,98,,99,39,47,53,52,42,44,39,41,43,45,,40,50,65,84,,91,84,88,94,89,87,86,88,83,,142,153,144,104,91,84,96,128,129,90,86,86,89,90,160,160,160,,,144,,125,135,127,127,113,,110,140,,,128,137,128,132,,141,141,147,,133,139,138,144,128,144,144,144,147,136,,,,,,,73,,63,147,142,142,138,152,156,158,147,146,,171,,,85,,93,88,94,189,218,208,209,192,,171,170,176,184,186,162,113,107,106,101,103,87,110,130,134,119,92,89,93,130,,126,113,108,,137,146,,117,125,123,118,116,,118,59,,,71,74,,,,87,81,92,86,139,142,,143,143,,50,60,,76,,110,39,112,,108,134,84,78,87,,125,118,130,117,111,124,,93,96,97,90,101,79,122,96,85,123,104,97,82,84,88,82,83,83,88,82,80,84,,55,54,56,,55,76,73,75,79,77,55,58,64,59,61,113,110,116,,129,138,137,,126,86,72,82,79,,87,79,98,,56,,43,46,46,48,,146,145,,,,61,,60,,46,,,,81,81,83,46,46,,,,58,52,52,40,71,70,,60,58,56,57,60,73,,79,,,76,79,75,69,85,84,111,104,119,78,89,91,95,133,122,128,123,128,111,76,83,66,55,58,58,,60,65,62,60,,64,82,78,63,78,48,44,37,,,,,60,64,,62,34,35,36,42,29,38,86,83,90,89,88,82,83,,51,58,,83,79,72,,74,62,,67,67,91,88,81,86,90,87,90,66,62,63,50,,,108,108,108,105,98,101,101,106,,110,98,107,108,109,,,150,,,,,178,,,,,,,,,,,,,,,,161,,,,,,,,,,,,,,,,,,,,,,,,,,,,,,,,,,,,,,35,83,71,77,84,95,96,94,92,,,,90,80,76,67,,,81,78,82,83,81,106,,93,88,64,,,60,66,,98,91,66,,55,,104,98,,,81,68,,,100,102,80,,,66,70,78,81,117,115,112,81,76,77,77,82,116,92,106,102,97,104,100,109,83,82,80,79,,63,70,105,,98,102,86,94,72,68,76,77,79,83,87,75,,,80,72,60,61,73,73,80,68,101,67,69,64,69,61,76,68,77,,,92,74,73,,63,62,,69,128,124,,127,122,130,,114,116,125,118,259,115,132,,86,94,97,90,92,92,91,94,,84,78,74,61,139,139,,99,,98,,,,87,90,91,81,98,108,,83,,101,100,100,129,134,138,133,,91,91,93,,,95,96,101,,89,84,87,,,148,56,50,48,50,48,48,23,28,27,35,72,74,77,72,,69,96,95,88,59,,80,84,83,85,96,100,96,96,38,,49,47,51,58,59,54,50,56,88,108,104,,100,105,100,,46,65,56,88,,85,91,86,,90,90,91,92,88,,101,101,94,104,79,78,86,,81,80,80,49,37,,56,50,96,79,86,99,82,79,78,81,54,55,,94,93,93,,65,66,,64,51,58,53,,71,67,64,74,68,52,59,58,64,62,58,65,70,76,69,66,64,73,70,73,68,55,61,63,61,53,87,83,84,83,80,59,59,58,61,54,47,72,68,62,72,42,64,58,135,133,127,116,91,111,104,127,131,142,131,113,108,107,93,130,141,136,131,108,112,88,99,97,,132,100,118,84,73,,73,46,38,39,38,51,55,50,52,54,60,64,59,65,52,,,,30,31,,32,36,36,44,35,50,,52,58,47,,,,,,61,58,58,63,28,,45,,60,68,72,69,67,70,,83,87,85,89,,,,,107,69,74,75,73,72,89,,87,55,57,74,80,,57,49,46,52,47,52,42,38,,59,58,65,62,64,82,50,64,82,,64,57,,57,65,,55,58,57,,56,,137,,47,47,75,67,71,66,94,82,88,84,84,64,81,86,,153,104,,90,98,106,,97,100,94,97,107,105,,82,82,107,99,,,85,98,91,,111,88,87,56,63,105,81,,76,,,56,82,94,88,125,119,116,106,100,,106,107,106,109,113,119,119,120,115,,,97,99,96,74,,96,98,98,98,82,149,153,153,91,83,85,142,90,,46,78,139,133,111,120,155,,102,,174,132,54,92,61,62,106,62,126,79,86,29,143,63,,,77,100,104,95,,84,90,88,60,,122,132,,,161,126,138,154,122,136,172,162,153,126,99,16,38,20,61,,96,62,,102,131,71,64,111,90,71,173,55,42,86,74,145,82,86,81,158,84,140,69,136,57,116,76,,81,81,75,56,,82,110,8,88,67,54,76,81,77,147,44,51,41,47,60,134,55,47,108,85,86,169,70,55,34,34,,,94,113,106,87,153,131,76,136,,110,88,67,137,100,152,68,108,89,,98,92,90,120,108,73,103,,118,110,105,102,102,94,108,109,79,87,91,96,87,87,132,140,121,140,119,154,128,127,106,120,147,115,144,206,212,119,139,141,156,231,155,151,110,128,99,138,126,90,95,98,83,90,116,128,118,82,110,87,90,44,67,90,91,82,36,62,70,74,67,84,33,36,33,39,40,33,27,21,67,76,80,47,,45,68,63,172,137,133,156,148,176,,135,112,118,56,68,85,82,,132,93,78,80,56,65,95,166,130,124,142,118,137,123,121,93,112,123,110,75,88,172,75,82,91,87,139,141,132,127,147,139,134,132,140,141,119,180,124,150,112,106,107,100,98,94,114,147,96,88,113,210,138,121,166,102,137,216,110,114,95,142,115,112,84,84,122,111,112,114,103,100,123,78,89,96,74,67,89,86,89,64,64,37,60,27,51,76,64,71,62,38,56,55,136,155,132,160,76,121,156,150,147,162,161,121,,146,133,130,141,97,94,99,79,89,63,148,186,94,156,110,104,105,130,109,111,93,61,87,71,86,80,81,,107,85,85,99,76,65,66,52,69,99,108,99,117,141,102,89,84,86,101,144,154,89,,129,99,83,85,79,76,153,154,88,94,94,92,92,99,103,92,88,62,55,59,30,75,110,84,58,25,37,33,142,58,59,54,60,31,109,105,98,102,37,73,90,106,78,107,94,159,126,209,155,145,126,102,80,,132,120,42,48,84,67,64,147,159,128,128,148,85,71,58,46,56,50,49,56,113,109,108,,52,69,162,115,74,43,148,78,,70,71,67,67,88,85,81,138,84,76,105,48,71,92,84,78,88,64,72,87,88,66,114,145,78,70,70,73,112,76,126,68,60,65,156,138,174,147,112
20231004,23,O3_8h,50,55,61,36,53,57,42,46,54,62,46,32,,,57,,65,60,59,,57,,43,41,,35,53,,83,86,70,80,83,100,122,,34,49,,46,22,82,61,64,,56,,65,63,69,52,,48,46,,55,67,,73,66,65,70,66,72,56,71,34,36,,34,49,52,49,66,66,,50,42,67,58,64,,,75,80,68,81,45,,57,54,,,60,61,59,64,,63,64,,55,61,61,63,50,,55,76,64,70,67,76,83,87,68,77,84,46,47,50,45,48,54,,49,53,51,48,34,40,40,43,44,46,39,44,44,38,47,94,103,98,104,108,,104,103,94,97,103,113,119,115,107,110,123,125,108,94,,90,98,94,92,90,94,103,101,93,95,92,82,,,,64,80,,75,68,70,,,,111,,93,90,85,95,87,90,97,90,92,,,,100,90,,103,103,117,99,111,,105,95,102,97,100,95,127,134,,126,,111,93,,108,94,,106,107,91,,98,113,106,94,106,104,104,,,103,100,110,88,92,93,85,,68,,,121,,93,94,,91,93,90,100,106,102,,86,83,74,77,72,94,99,89,90,88,94,94,93,92,88,72,80,83,,,127,123,123,123,,105,100,56,61,68,,58,64,69,,64,90,74,79,,92,82,88,86,94,,,118,118,114,122,107,106,20,17,18,22,24,28,18,15,,57,52,51,57,49,55,56,,63,58,26,46,32,43,34,33,36,38,45,27,95,111,,93,81,111,95,101,59,77,67,91,84,112,129,91,78,,78,88,86,64,132,122,149,121,120,106,101,130,,143,92,74,145,144,141,,149,150,108,149,,,84,74,72,84,86,90,84,90,102,96,117,,102,104,98,94,105,87,78,73,,65,61,62,61,28,,20,7,20,7,4,20,22,,,11,14,11,18,10,,27,34,33,34,,,36,50,62,68,62,68,64,60,60,76,64,,46,56,33,46,41,36,54,56,49,53,52,46,31,28,17,25,20,26,17,42,,25,39,25,12,,58,,65,60,,,,,94,,,,57,61,72,73,66,67,72,,92,32,40,46,44,36,32,27,30,32,31,,30,39,57,40,,55,43,55,54,63,60,52,58,55,,66,65,67,74,72,69,62,67,67,53,67,66,70,70,126,121,127,,,104,,86,73,46,81,76,,74,90,,,80,89,72,81,,86,81,76,,56,46,62,84,67,85,70,88,86,82,,,,,,,60,,46,117,115,120,112,126,126,84,88,85,,80,,,78,,85,79,81,140,152,130,160,117,,103,106,104,111,114,112,107,86,90,81,66,67,67,83,86,74,78,77,79,96,,92,82,71,,87,105,,70,69,67,73,69,,45,47,,,27,30,,,,59,59,66,61,91,91,,96,94,,33,33,,45,,57,,70,,56,102,61,51,57,,61,48,58,51,56,53,,59,56,62,60,61,56,60,55,57,59,54,52,65,51,69,67,68,59,56,61,55,58,,46,47,47,,48,62,58,60,60,63,42,32,41,31,38,90,85,96,,110,119,100,,96,79,68,70,73,,81,75,82,,23,,28,28,28,30,,93,96,,,,23,,19,,10,,,,62,55,43,24,25,,,,45,39,44,32,65,67,,51,49,46,48,54,64,,72,,,73,71,69,62,73,76,83,84,87,57,72,76,73,89,75,83,86,82,66,53,53,34,26,26,14,,42,44,46,50,,44,50,46,44,36,31,29,23,,,,,23,33,,34,26,21,25,29,20,25,54,54,53,59,52,62,62,,33,39,,30,40,27,,28,20,,20,61,74,55,58,62,63,71,69,26,33,28,34,,,58,90,78,80,79,61,78,73,,82,85,63,64,68,,,86,,,,,122,,,,,,,,,,,,,,,,81,,,,,,,,,,,,,,,,,,,,,,,,,,,,,,,,,,,,,,28,72,60,67,71,77,67,79,63,,,,47,48,40,37,,,50,48,58,59,47,74,,74,71,56,,,48,37,,72,71,10,,16,,81,80,,,57,61,,,59,60,63,,,54,53,51,50,98,98,96,63,62,62,59,63,65,52,60,56,58,62,55,62,64,65,62,62,,46,49,58,,64,70,64,67,50,46,44,52,71,74,77,50,,,60,47,47,49,50,58,56,52,79,44,49,47,44,47,48,46,53,,,68,50,45,,36,35,,50,97,95,,97,85,96,,73,83,89,84,73,86,87,,64,66,72,66,70,68,79,81,,81,70,66,41,115,121,,81,,82,,,,54,54,61,37,67,78,,67,,91,86,85,120,126,127,122,,69,70,74,,,77,74,80,,66,66,64,,,115,43,44,41,42,41,29,16,13,16,18,60,59,66,63,,42,59,57,56,37,,75,78,78,78,68,69,65,67,29,,32,37,43,49,51,46,42,45,64,78,76,,82,71,70,,15,22,13,46,,50,41,40,,48,74,78,76,72,,80,81,76,87,54,59,54,,74,68,73,28,26,,53,37,89,58,59,72,66,63,55,63,34,38,,86,87,88,,56,61,,40,46,54,50,,63,63,62,50,42,39,46,44,50,49,46,57,62,65,62,60,51,58,57,55,51,44,46,51,49,44,72,65,70,66,64,53,50,50,56,48,43,62,59,53,64,24,56,53,61,65,70,65,73,76,76,86,71,79,78,79,84,76,65,71,87,98,99,83,88,57,63,54,,80,54,59,72,56,,60,33,28,30,23,40,44,39,40,26,27,32,40,44,36,,,,29,29,,29,11,22,30,22,31,,33,40,29,,,,,,53,52,52,57,16,,36,,57,51,61,58,59,60,,72,74,72,78,,,,,57,54,52,54,64,61,52,,75,46,46,55,52,,44,42,36,37,35,34,37,33,,47,47,62,55,28,33,45,34,61,,29,21,,40,45,,50,52,51,,49,,128,,45,44,40,39,38,32,38,39,43,47,70,52,55,69,,106,95,,71,82,86,,88,89,52,48,84,89,,68,65,87,75,,,74,85,73,,103,79,83,44,42,94,51,,52,,,37,60,86,80,92,86,73,56,81,,81,93,81,74,69,102,90,96,93,,,70,78,64,48,,80,72,80,81,51,84,106,96,37,42,52,79,74,,14,53,105,109,107,86,126,,86,,78,79,38,60,46,47,95,47,87,60,59,25,112,49,,,39,64,79,63,,43,56,56,39,,89,94,,,68,96,97,137,82,88,86,114,74,100,93,12,26,3,32,,53,23,,73,91,43,45,92,74,52,82,46,29,64,64,122,40,30,70,91,61,97,58,102,54,79,71,,70,71,66,44,,63,69,4,41,46,32,69,74,71,96,,32,34,38,54,94,24,15,59,44,74,72,51,40,14,9,,,81,78,64,80,102,126,70,106,,85,62,60,113,70,119,16,71,70,,60,76,62,105,90,58,88,,100,92,95,94,89,79,95,98,63,69,52,77,62,63,94,73,90,98,99,135,102,101,72,77,68,61,91,114,134,78,90,83,84,142,110,106,69,85,62,85,76,67,60,59,42,54,96,98,74,,80,69,68,28,16,44,34,67,23,24,44,50,46,53,25,29,22,34,28,24,15,7,55,45,48,24,,29,44,35,95,81,42,74,92,76,,80,65,81,20,45,67,63,,71,76,67,61,39,48,71,112,83,94,84,85,91,86,74,81,84,86,78,65,76,74,42,66,50,65,112,116,116,89,109,114,96,93,103,99,97,95,103,128,95,80,82,72,79,82,76,84,72,54,81,146,93,106,103,86,102,146,71,84,59,69,53,67,50,41,94,85,73,92,86,76,92,14,22,79,30,28,49,73,62,45,48,12,53,18,40,56,50,34,42,28,23,26,56,102,75,74,52,87,125,107,116,85,124,86,,83,72,86,73,75,72,87,54,74,41,125,100,65,122,68,86,65,70,84,77,56,54,73,52,64,56,52,,96,70,57,93,71,44,48,42,49,91,90,83,91,98,92,44,54,66,59,108,144,49,,83,57,32,40,44,46,59,96,46,48,46,46,44,61,52,46,43,38,24,18,15,52,97,35,35,20,29,28,110,26,34,36,29,22,91,75,82,68,13,54,78,54,43,86,80,110,64,160,96,81,66,91,75,,106,90,21,30,54,45,32,98,102,69,75,78,38,49,41,21,18,45,36,47,103,86,87,,44,50,90,102,44,23,94,52,,56,48,59,39,64,63,58,68,56,55,79,15,65,50,42,60,56,38,57,63,58,46,90,89,55,47,50,47,105,57,78,52,54,48,67,83,65,62,92
20231004,23,O3_8h_24h,55,59,68,58,58,65,53,63,83,68,52,56,,,81,,83,80,87,,84,,74,80,,79,74,,108,119,103,114,111,121,137,,77,82,,76,22,96,93,100,,90,,108,112,118,88,31,75,76,,84,82,,79,78,87,75,72,80,74,76,64,71,,71,82,83,82,94,92,,108,102,111,109,79,,,78,85,84,85,83,,72,73,,,82,82,79,82,,85,77,,77,78,74,81,74,,95,138,139,137,133,147,143,154,118,122,133,62,63,67,67,63,69,,64,70,67,69,60,58,62,66,64,68,62,65,59,59,65,102,107,102,107,111,,109,112,96,101,121,123,128,122,115,118,128,129,123,130,,113,120,116,123,113,121,114,108,101,110,106,127,,,,97,113,,116,107,107,,,,131,,114,107,107,113,109,112,110,110,110,,,,120,116,,124,124,133,123,125,,126,123,130,130,127,126,136,144,,134,,134,125,,110,96,,110,107,92,,100,116,108,94,106,104,104,,,103,100,110,98,101,107,90,,88,,,134,,105,104,,97,100,96,102,112,106,,96,94,82,88,79,94,100,95,90,88,94,94,93,92,88,73,82,87,,,134,129,128,128,,142,142,58,64,70,,60,66,71,,67,135,124,116,,128,131,132,133,131,,,160,160,156,165,156,159,77,76,86,79,75,79,80,82,,58,52,58,57,63,55,60,,68,58,32,47,42,46,40,41,42,43,46,28,139,143,,123,120,149,113,143,88,121,107,131,116,138,156,104,94,,115,104,102,127,202,146,200,158,152,145,132,160,,171,127,114,186,181,177,,186,179,135,181,,,110,112,116,105,113,119,102,102,132,120,142,,119,120,116,119,128,111,103,108,,68,73,84,70,33,,22,13,20,9,9,26,24,,,17,15,17,23,15,,51,47,44,43,,,49,75,86,83,74,80,78,71,75,88,79,,60,58,51,54,52,51,62,64,57,62,58,54,45,41,36,42,38,44,33,54,,44,45,41,28,,80,,72,69,,,,,97,,,,84,78,84,75,79,81,82,,92,35,43,49,47,38,38,35,36,38,39,,35,44,57,81,,84,80,84,86,80,79,75,76,77,,135,148,137,86,81,77,78,99,113,84,81,82,86,85,137,137,146,,,134,,111,111,105,109,99,,97,118,,,112,121,114,117,,128,121,128,,119,112,116,126,110,112,113,116,115,109,,,,,,,73,,58,129,130,132,132,146,150,131,121,116,,129,,,83,,89,84,89,152,171,170,167,139,,133,134,142,142,141,135,107,101,99,91,88,79,86,106,107,98,88,87,90,119,,112,102,95,,116,123,,110,120,113,106,99,,92,54,,,63,69,,,,80,75,85,79,102,111,,112,110,,42,42,,58,,90,38,93,,88,128,79,71,80,,125,118,130,116,111,124,,93,96,96,90,96,79,122,70,85,123,104,96,78,79,84,78,80,76,76,75,72,75,,49,54,53,,53,74,71,70,71,73,52,54,52,59,58,99,92,101,,112,120,111,,107,80,68,74,73,,86,77,94,,54,,35,33,45,40,,111,112,,,,59,,58,,28,,,,74,70,64,33,38,,,,45,39,45,35,66,67,,53,49,46,48,54,64,,75,,,75,73,69,62,76,78,97,95,106,73,82,86,88,118,110,115,110,115,103,67,68,57,48,50,47,,54,58,58,55,,59,68,67,58,36,38,31,25,,,,,47,52,,52,33,27,32,33,29,31,69,66,68,71,71,67,68,,42,49,,62,60,43,,48,37,,35,62,83,68,70,74,67,77,76,42,46,41,41,,,103,105,96,94,87,91,86,93,,99,86,89,91,98,,,124,,,,,165,,,,,,,,,,,,,,,,124,,,,,,,,,,,,,,,,,,,,,,,,,,,,,,,,,,,,,,34,75,64,71,75,84,81,84,78,,,,64,63,58,61,,,64,68,75,76,74,86,,85,80,56,,,51,52,,90,83,36,,33,,87,90,,,75,66,,,92,92,78,,,65,68,75,80,109,104,105,77,72,72,74,78,111,92,106,94,72,73,67,72,80,79,76,76,,59,64,78,,97,102,82,94,68,61,70,72,75,78,82,72,,,78,62,59,60,68,68,80,60,101,62,65,59,65,58,69,62,73,,,88,74,68,,62,62,,60,115,115,,115,112,121,,98,102,107,102,124,101,114,,71,78,78,79,78,76,80,81,,81,70,66,46,126,128,,96,,95,,,,72,79,79,65,87,97,,73,,91,86,85,123,126,133,128,,82,83,82,,,86,86,91,,80,78,80,,,136,43,45,42,43,41,41,20,22,22,28,67,62,67,65,,42,61,58,56,37,,77,81,80,79,83,85,80,82,29,,32,37,43,51,53,50,46,50,76,95,93,,86,84,83,,46,60,55,84,,74,71,66,,68,79,82,81,78,,80,81,76,87,68,72,79,,75,72,73,38,33,,53,42,91,63,61,79,73,71,73,77,39,41,,86,87,88,,56,61,,49,46,54,50,,63,63,62,50,42,43,50,50,56,53,49,58,63,66,64,61,56,64,62,63,58,46,54,56,53,47,80,69,77,73,70,56,59,52,59,52,43,65,60,54,66,36,58,53,106,108,110,95,83,91,89,108,109,106,114,106,103,98,85,111,124,124,120,98,106,82,88,90,,114,86,98,72,72,,73,41,34,36,33,46,49,44,46,49,50,57,50,56,47,,,,29,29,,29,31,30,32,26,31,,42,48,39,,,,,,58,56,53,59,21,,38,,57,62,68,64,63,66,,78,81,78,83,,,,,75,64,55,57,68,67,70,,85,53,52,61,65,,48,46,44,50,44,46,40,36,,55,53,62,58,50,58,45,56,72,,47,42,,47,57,,51,53,53,,52,,132,,46,44,60,67,71,64,73,65,71,70,70,52,55,74,,106,100,,73,84,96,,89,90,82,84,98,101,,78,78,103,95,,,82,95,84,,107,82,84,53,57,97,64,,61,,,50,74,89,82,112,108,98,86,89,,96,100,98,94,90,107,105,108,103,,,88,88,82,63,,84,91,92,86,73,117,118,129,86,77,79,114,85,,30,71,124,126,107,97,138,,99,,151,113,48,78,56,56,103,51,108,74,76,25,122,49,,,71,86,92,85,,72,80,81,50,,108,124,,,122,116,121,143,104,118,135,143,126,115,93,13,27,14,44,,81,62,,94,131,58,54,99,88,67,131,55,35,71,66,131,78,54,76,123,79,129,67,126,55,103,72,,76,76,71,53,,76,101,6,69,56,50,73,78,74,111,53,51,37,38,54,123,40,31,103,70,76,137,57,46,25,28,,,90,103,92,86,136,127,70,123,,96,78,60,122,91,142,68,98,79,,76,86,86,118,105,58,100,,111,102,100,97,98,88,103,106,73,82,83,83,84,82,123,123,110,122,113,142,123,120,94,111,115,103,126,155,176,92,119,112,127,183,135,129,94,110,76,114,108,84,84,80,77,80,101,112,103,74,100,76,77,38,67,75,63,71,28,62,65,70,65,72,28,29,25,34,33,31,21,19,62,45,48,45,,41,55,51,154,122,112,126,118,143,,116,99,106,49,59,71,68,,132,87,73,68,48,56,85,140,114,113,106,106,121,99,103,86,97,103,100,67,84,137,75,71,82,85,122,124,120,112,130,125,117,115,126,123,112,142,116,138,104,89,91,84,82,88,103,141,84,74,98,177,122,112,141,95,126,190,99,97,88,113,92,112,78,78,110,85,91,101,99,94,102,77,85,88,64,67,86,78,76,62,60,24,53,22,41,71,58,59,54,33,46,44,108,144,110,121,64,90,141,137,132,125,151,115,,122,120,118,118,86,84,94,70,80,55,134,151,83,138,91,96,92,109,97,102,69,54,83,65,71,74,72,,102,76,72,93,71,44,57,50,59,91,90,92,104,114,98,80,76,80,84,128,145,83,,118,83,77,79,73,70,111,132,80,78,82,81,86,85,76,83,78,54,55,54,23,64,100,70,42,21,29,29,129,36,47,46,40,27,100,90,94,96,27,73,81,86,59,89,88,142,125,178,130,118,107,98,77,,113,111,32,38,71,55,53,132,134,111,114,127,81,56,53,36,31,45,39,48,104,98,95,,47,62,126,106,64,31,111,62,,61,63,63,59,81,74,71,122,79,72,92,27,66,92,79,71,86,48,64,81,84,58,107,111,72,66,63,67,105,72,115,62,56,60,130,114,134,136,106
20231004,23,CO,0.2,0.1,0.2,0.3,0.1,0.1,0.4,0.2,0.3,0.2,0.2,0.7,,,0.3,,0.3,0.3,0.4,,0.4,,0.5,0.5,,0.6,0.6,,0.4,0.4,0.4,0.3,0.5,0.3,0.6,,0.6,0.5,,0.5,0.4,0.1,0.3,0.3,,,,0.6,0.5,0.4,0.9,,0.3,0.6,,0.7,0.3,,,0.2,,0.2,0.2,0.2,0.2,0.2,0.3,0.3,,0.4,0.8,0.6,0.7,0.5,0.2,,0.7,0.6,0.7,0.7,0.5,,,0.5,0.5,1.3,0.4,0.4,,0.5,0.5,,,0.4,0.5,0.3,0.3,,0.4,0.5,,0.3,0.4,0.5,0.5,0.4,,0.4,0.3,0.4,0.4,0.3,0.3,0.5,0.3,0.4,0.3,0.3,0.2,0.3,0.2,0.2,0.2,0.2,,0.3,0.3,0.4,0.2,0.4,0.6,0.4,0.6,0.7,0.6,0.4,0.3,0.3,0.6,0.5,0.8,0.6,0.5,0.7,0.5,,0.4,0.6,0.4,0.6,0.5,0.9,0.4,0.7,0.5,0.6,0.4,0.5,0.6,0.7,,0.5,0.6,0.6,0.5,0.6,0.5,0.2,0.6,0.5,0.5,0.4,0.6,,,,0.7,0.6,,0.6,0.6,0.6,,,,0.5,,0.9,0.4,1,0.9,0.5,0.7,0.7,0.6,0.4,,,,0.5,0.6,,0.5,0.5,0.4,0.6,0.5,,0.6,0.9,0.7,0.9,0.9,0.8,0.7,0.7,,0.7,,0.8,0.9,,0.5,0.6,,0.5,0.6,0.5,,0.6,0.5,0.6,0.6,0.5,0.5,0.5,,,0.4,0.6,0.4,0.5,0.4,0.3,0.4,,0.5,,,0.6,,0.6,0.6,,0.4,0.5,0.5,0.4,0.4,0.3,,0.5,0.5,0.4,0.5,0.6,0.3,0.4,0.4,0.7,0.5,0.6,0.4,0.7,0.5,0.7,0.7,0.3,0.6,,,0.4,0.4,0.5,0.5,,0.4,0.5,0.8,0.8,0.7,,0.7,0.7,0.6,,0.8,0.6,0.5,0.6,,0.6,0.6,0.6,0.4,0.2,,,0.4,0.4,0.5,0.4,0.3,0.5,1.2,1.3,,1.2,1.1,1.1,1,1.2,,0.7,0.6,0.6,0.6,0.6,0.5,0.6,,0.6,0.7,0.5,0.6,0.8,0.6,0.8,0.6,0.7,0.5,0.8,0.4,1,0.9,,0.7,0.7,0.9,0.9,0.8,0.6,0.8,0.6,0.9,0.5,1.1,0.7,0.8,0.6,,0.6,0.7,0.9,0.9,1,0.7,0.7,0.8,0.8,0.6,0.7,1,,0.8,0.8,0.6,0.7,0.8,0.7,,0.7,0.6,0.7,0.7,,,0.8,0.8,0.9,0.6,0.7,0.8,0.7,0.6,0.6,0.7,0.5,,0.9,0.7,0.8,0.8,0.5,0.7,0.8,0.8,,0.4,0.5,0.4,0.3,0.3,,0.7,1,0.7,0.7,0.9,1,0.7,,,1,0.8,1,1,1.1,,0.9,0.7,0.8,0.7,,,0.9,0.7,0.6,0.4,0.7,0.7,0.4,0.4,0.5,0.4,0.5,,0.8,0.5,0.9,0.8,0.6,0.7,0.4,0.2,0.3,0.3,0.3,0.3,0.7,0.8,1.1,,0.9,0.8,0.7,0.6,,0.9,0.2,0.9,0.8,,0.7,,0.5,0.6,,,,,0.2,,,,0.7,0.6,0.4,0.6,0.8,0.5,0.5,,0.6,0.6,0.7,0.8,0.5,0.8,0.8,0.8,0.6,0.6,0.8,,0.6,1,0.5,0.7,,0.6,0.5,1,0.6,0.5,0.5,0.6,0.6,0.6,,0.4,0.6,0.3,0.4,0.5,0.5,0.5,0.1,0.3,0.3,0.2,0.3,0.2,0.5,0.7,0.7,0.6,,,0.5,,0.5,0.6,0.8,0.7,0.5,,0.5,0.4,,,0.5,0.7,0.8,0.4,,0.4,0.7,0.4,,0.6,0.8,0.7,0.7,1,0.4,0.2,0.5,0.3,0.3,,,,,,,0.4,,0.6,0.4,0.5,0.5,0.6,0.4,0.5,0.3,0.2,0.3,,0.3,,,0.7,,0.8,0.8,0.6,0.8,1,0.7,0.7,1,,0.7,0.7,0.7,0.6,0.7,0.7,0.6,0.8,0.8,0.9,0.7,0.7,,0.9,0.7,0.7,0.9,0.7,0.8,1,,0.7,0.7,0.8,,0.4,0.7,,0.8,0.7,0.9,0.7,1,,0.8,0.9,,,0.7,0.6,,,,0.8,0.7,0.3,0.5,1.1,1.5,,1.2,1.1,,2.5,2.5,,2.5,,0.7,,0.7,,0.8,0.6,0.2,0.3,0.3,,0.6,2.7,1.1,0.9,0.5,2.3,,0.4,0.6,0.3,0.4,0.3,0.2,0.5,0.4,0.8,0.5,0.4,0.5,0.5,0.6,0.5,0.6,0.4,0.4,0.4,0.4,0.6,0.4,,0.2,0.1,0.3,,0.1,0.3,0.2,0.3,0.4,0.3,0.3,0.2,0.3,0.2,0.3,0.8,0.4,0.7,,0.5,0.8,0.8,,0.7,0.6,0.8,0.8,0.7,,0.6,0.9,0.8,,0.9,,1,1.1,0.7,0.9,,0.8,1.3,,,,1.8,,1.7,,0.8,,,,0.9,1.1,1,0.6,0.8,,,,0.6,0.6,0.6,0.5,0.7,0.6,,0.7,0.6,0.7,0.6,0.5,0.6,,0.6,,,0.4,0.5,0.5,0.5,0.7,0.8,0.7,0.6,0.6,0.7,0.6,0.6,0.7,0.5,0.8,0.8,0.9,0.7,0.5,0.4,0.4,0.8,0.9,0.9,1,,0.7,0.8,0.7,0.6,,0.7,1.1,0.9,0.6,0.4,0.5,0.6,0.6,,,,,0.8,0.9,,0.8,0.5,0.6,0.4,0.4,0.4,0.4,0.7,0.7,0.5,0.6,0.8,1.1,0.8,,0.8,0.5,,0.6,0.4,0.7,,0.4,0.7,,0.9,0.4,0.6,0.7,0.6,0.5,0.6,0.6,0.5,0.9,0.8,0.9,0.7,,,0.8,0.2,0.6,0.3,0.4,0.3,0.3,0.8,,0.5,0.2,2.4,1.1,0.4,,,0.6,,,,,0.4,,,,,,,,,,,,,,,,0.4,,,,,,,,,,,,,,,,,,,,,,,,,,,,,,,,,,,,,,0.9,0.7,0.7,0.8,0.8,0.4,0.5,0.5,0.4,,,,1.3,0.9,0.7,0.8,,,0.6,0.7,0.5,0.6,0.9,0.4,,0.4,0.5,1,,,1,0.9,,0.6,0.4,0.8,,0.7,,0.5,0.4,,,0.4,0.2,,,0.7,1,0.3,,,0.2,0.3,0.3,0.2,0.6,0.5,0.4,0.4,0.2,0.3,0.5,0.3,0.4,0.4,0.5,0.4,0.5,0.2,0.3,0.3,0.3,0.3,0.5,0.4,,0.8,0.7,0.4,,0.3,0.4,0.5,0.4,0.4,0.4,0.5,0.4,0.4,0.4,0.3,0.1,,,0.1,0.1,0.2,0.2,0.1,0.2,0.2,0.1,0.2,0.3,0.3,0.2,0.4,0.6,0.3,0.5,0.2,,,0.6,0.2,0.3,,0.3,0.3,,0.1,0.5,0.5,,0.5,0.5,0.6,,0.5,0.3,0.5,0.4,0.4,0.6,0.5,,0.6,0.6,0.4,0.7,0.4,0.6,0.7,0.6,,0.5,0.5,0.6,0.6,0.4,0.4,,0.6,,0.6,,,,0.4,0.5,0.6,0.5,0.6,0.3,,0.6,,0.5,0.4,0.5,0.6,0.6,0.6,0.7,,0.4,0.7,0.6,,,0.7,0.7,0.7,,0.5,0.5,0.6,,,0.7,0.4,0.5,0.4,0.5,0.4,1.3,1,1,0.8,0.7,0.8,0.6,0.6,0.8,,0.3,0.4,0.3,0.5,0.7,,1.3,1.1,1.6,1.2,0.9,0.9,0.7,0.9,0.5,,0.9,1.1,0.6,1,1,1,1.2,1,,0.3,0.5,,1.1,0.9,0.9,,1.3,1.2,1.1,0.5,,0.6,0.6,1.6,,1.4,0.6,0.5,0.6,0.7,,0.6,0.6,0.5,0.5,0.5,0.6,0.4,,0.3,0.3,0.3,0.4,0.4,,0.6,0.5,0.6,0.6,0.7,0.5,0.6,0.5,0.7,0.6,0.4,0.6,,0.5,0.5,0.4,,0.6,0.7,,0.8,0.6,0.6,0.6,,0.5,0.4,0.4,0.8,1,0.6,0.7,0.8,0.8,0.9,0.7,0.8,0.7,0.7,0.6,0.7,0.5,0.6,0.6,0.7,0.6,1,1,0.9,0.8,0.8,0.7,0.6,0.6,0.8,0.7,0.8,0.7,0.9,0.6,0.7,0.8,0.5,0.8,0.6,0.5,0.7,0.5,0.5,0.9,0.9,1,0.8,0.5,0.6,0.4,0.9,0.7,0.6,0.6,1.2,0.8,,0.7,1,1,0.8,0.7,0.8,0.8,0.5,0.8,0.8,,0.5,0.6,0.5,0.4,0.6,,0.4,0.7,0.5,0.5,0.3,0.5,0.5,0.7,0.5,0.7,0.5,0.6,,0.7,0.5,,,,0.5,0.4,,0.5,,0.4,0.4,0.5,0.4,,0.7,0.5,0.4,,,,,,0.6,0.6,0.6,0.6,0.8,,0.5,,0.4,0.5,0.7,0.6,0.7,0.8,,0.6,2.8,0.7,0.7,,,,,0.2,0.4,0.6,0.6,0.1,0.2,0.7,,0.5,0.7,0.4,0.6,0.6,,0.7,0.5,0.8,0.8,0.5,0.4,0.5,0.5,,0.3,0.4,0.3,0.3,0.5,0.1,0.4,0.3,0.7,,0.5,0.4,,0.4,0.6,,0.3,0.3,0.4,,0.4,,0.3,,0.3,0.3,0.4,0.8,0.6,0.7,0.6,0.6,0.7,0.7,0.5,0.6,0.6,0.2,,0.8,0.6,,0.7,0.5,0.5,,0.3,0.4,0.5,0.8,0.4,0.4,,0.3,0.4,0.1,0.1,,,0.6,0.6,0.4,,0.5,0.4,0.4,0.7,0.8,0.6,0.4,,0.6,,,0.6,0.2,0.4,0.3,0.9,0.6,0.6,0.8,0.7,,0.6,0.3,1.1,1,2.1,0.4,1,0.8,0.5,,,1.7,1.6,1.4,0.6,,0.5,0.5,0.8,0.4,0.8,0.7,1.1,0.8,1.2,0.5,0.6,0.4,0.5,,0.5,0.5,0.5,0.4,0.4,0.5,0.6,,0.5,,0.4,0.7,0.9,0.7,1.6,1.1,0.3,0.5,0.4,0.4,0.3,0.4,0.4,0.3,,,0.3,0.6,0.6,0.4,,0.8,0.6,0.6,0.8,,0.6,0.7,,,1,0.3,0.5,0.6,,0.7,0.7,0.6,0.7,0.2,0.5,0.6,0.8,0.8,2.6,,0.2,0.6,,0.5,0.6,0.3,0.3,0.6,0.3,1.4,0.3,0.3,0.7,0.3,0.6,0.5,0.4,1.6,0.3,0.2,0.5,0.6,0.2,0.3,0.4,0.3,1,,0.6,0.5,0.6,0.4,,0.2,0.3,1.2,1.5,0.7,0.6,0.6,0.5,0.5,0.6,,0.5,0.5,0.7,1.4,0.6,0.8,0.8,0.9,0.6,0.6,0.4,0.5,0.4,0.6,0.7,,,0.5,0.7,0.3,0.9,0.7,,0.5,0.7,,0.5,1,0.6,0.4,0.5,1.1,1.9,0.6,0.6,,0.4,0.7,0.2,0.5,0.6,0.4,0.3,,0.4,0.6,0.4,0.5,0.5,0.6,1.1,0.7,0.2,1,0.7,0.6,0.5,0.5,0.6,1.2,0.7,0.5,0.3,0.8,0.6,0.7,0.7,0.9,0.9,0.8,0.6,1,0.8,0.6,0.9,0.8,0.6,0.7,0.8,0.6,0.7,0.7,0.8,0.8,0.5,0.1,0.5,0.2,0.5,0.5,1,0.4,0.6,,0.4,0.6,0.6,0.6,0.9,1.2,1.5,0.3,1.3,1.4,0.4,0.3,0.5,0.8,0.6,0.7,0.6,0.6,0.7,0.5,0.7,0.6,0.6,0.4,0.2,0.9,,0.8,0.3,0.7,0.4,0.8,0.6,0.5,0.3,0.2,,0.6,0.4,0.3,0.8,0.8,0.7,0.6,,0.9,0.3,0.5,0.6,0.7,0.9,0.8,0.9,0.7,0.7,0.7,0.7,1,0.6,0.6,0.4,0.6,0.6,0.7,0.6,1.1,0.5,0.2,0.2,0.6,0.6,0.7,0.9,0.5,0.6,1,0.6,0.7,0.4,0.5,0.5,0.3,0.4,0.7,0.9,0.4,0.4,0.3,0.4,0.4,0.4,0.8,0.7,0.6,0.6,0.8,0.6,0.7,0.9,0.6,0.8,0.9,0.8,0.7,0.6,0.6,0.4,0.2,0.3,0.4,0.3,0.6,0.5,0.5,0.9,0.6,0.6,0.6,1.2,1.9,1.2,1.2,0.9,0.4,0.7,0.7,0.2,0.2,0.9,0.4,0.6,1.1,0.4,0.6,0.7,0.8,0.7,0.8,1,0.4,0.7,0.8,0.3,0.7,0.7,0.5,0.4,0.4,0.2,0.6,0.1,,0.6,0.6,0.6,0.4,0.5,0.4,0.3,0.3,0.4,0.8,0.4,0.4,0.5,0.5,1.2,0.7,0.8,0.8,0.8,0.6,0.6,0.6,0.7,0.5,0.4,0.6,0.6,,0.5,0.7,0.6,0.4,0.6,1.1,0.6,0.6,0.7,0.8,0.7,0.4,0.4,0.4,0.4,0.6,0.7,0.7,1,1.3,1.3,0.6,,1.6,0.5,0.4,0.4,0.6,0.5,0.6,0.3,0.4,0.4,0.5,0.4,0.2,0.4,0.4,0.4,0.5,1.5,1.2,1.9,0.4,0.8,1.6,1.4,1,0.5,,0.8,3.3,0.8,0.7,0.8,0.7,0.6,0.4,0.6,1.1,2.6,0.6,0.6,0.4,1,0.8,0.4,0.7,0.7,0.9,0.9,0.8,0.8,0.8,0.4,0.3,,0.7,0.6,0.5,0.9,0.3,0.3,0.9,0.3,0.3,0.3,0.3,0.4,0.7,0.5,0.8,0.8,0.7,0.6,0.6,0.6,0.4,0.6,0.5,,0.3,0.3,0.4,0.2,1.2,2,0.8,1,,0.3,0.2,0.3,0.3,,0.5,0.6,0.5,0.4,0.3,0.4,1.3,0.6,0.5,0.6,0.2,0.1,0.4,0.2,0.3,0.5,0.4,0.5,1,0.4,0.3,0.2,0.4,0.5,0.2,0.5,0.2,0.5,0.6,0.5,0.7,0.5,0.5,0.4
20231004,23,CO_24h,0.3,0.2,0.3,0.3,0.3,0.2,0.4,0.3,0.3,0.2,0.3,0.6,,,0.4,,0.4,0.5,0.5,,0.6,,0.5,0.5,,0.6,0.7,,0.8,0.7,0.7,0.7,0.8,0.7,1,,0.6,0.5,,0.4,0.4,0.3,0.3,0.5,,0.2,,0.8,0.6,0.7,0.7,0.8,0.3,0.5,,0.6,0.3,,0.1,0.2,0.2,0.3,0.3,0.3,0.3,0.2,0.3,0.3,,0.4,0.5,0.5,0.3,0.6,0.3,,1,0.9,0.9,1,0.8,,,0.8,0.9,0.8,0.8,0.7,,0.4,0.4,,,0.2,0.4,0.3,0.3,,0.4,0.5,,0.4,0.4,0.5,0.5,0.4,,0.4,0.5,0.6,0.5,0.6,0.5,0.6,0.5,0.6,0.5,0.5,0.3,0.3,0.2,0.3,0.2,0.2,,0.3,0.3,0.4,0.4,0.3,0.6,0.4,0.5,0.7,0.5,0.4,0.3,0.4,0.6,0.4,0.5,0.6,0.4,0.7,0.5,,0.4,0.5,0.4,0.6,0.4,0.7,0.2,0.6,0.4,0.3,0.5,0.4,0.6,0.6,,0.6,0.6,0.6,0.6,0.6,0.6,0.2,0.6,0.5,0.5,0.6,0.6,,,,0.6,0.6,,0.5,0.6,0.5,,,,0.4,,1.1,0.7,0.9,1,0.9,1,1,0.8,0.5,,,,0.6,0.6,,0.5,0.4,0.4,0.5,0.4,,0.3,0.8,0.6,0.7,0.7,0.7,0.6,0.6,,0.6,,0.6,0.7,,0.5,0.5,,0.5,0.6,0.5,,0.6,0.5,0.6,0.5,0.5,0.5,0.5,,,0.4,0.6,0.5,0.5,0.4,0.5,0.5,,0.5,,,0.6,,0.7,0.5,,0.5,0.5,0.5,0.5,0.4,0.3,,0.6,0.5,0.5,0.5,0.6,0.4,0.5,0.4,0.7,0.5,0.6,0.3,0.7,0.4,0.7,0.7,0.5,0.6,,,0.4,0.4,0.5,0.5,,0.4,0.5,0.8,0.8,0.6,,0.7,0.6,0.5,,0.7,0.5,0.5,0.6,,0.5,0.5,0.5,0.4,0.4,,,0.6,0.7,1,0.5,0.6,0.7,1,1,0.3,0.8,0.9,1,0.8,0.9,,0.7,0.6,0.5,0.7,0.5,0.5,0.5,,0.5,0.7,0.4,0.6,0.6,0.6,0.8,0.6,0.7,0.5,0.8,0.4,0.9,0.9,,0.7,0.7,0.9,0.9,0.8,0.7,0.8,0.6,0.9,0.6,1.1,0.7,0.8,0.6,,0.6,0.8,0.9,1,0.8,0.6,0.6,0.8,0.7,0.6,0.6,0.8,,0.8,0.8,0.6,0.5,0.7,0.5,,0.6,0.6,0.7,0.6,,,0.9,0.9,0.9,0.7,0.8,0.9,0.8,0.7,0.6,0.7,0.6,,0.7,0.7,0.8,0.8,0.5,0.8,0.7,0.7,,0.5,0.4,0.4,0.2,0.3,,0.8,1,0.7,0.7,0.9,0.9,0.8,,,1,0.9,0.9,0.9,1.1,,0.7,0.6,0.6,0.6,,,0.7,0.8,0.5,0.3,0.4,0.5,0.4,0.2,0.3,0.3,0.3,,0.6,0.5,0.7,0.8,0.5,0.6,0.4,0.2,0.3,0.3,0.3,0.2,0.7,0.8,0.9,0.8,0.8,0.7,0.6,0.7,,0.9,0.2,0.7,0.7,,0.5,,0.5,0.6,,,,,0.5,,,,0.6,0.5,0.6,0.6,0.8,0.5,0.5,,0.5,0.6,0.7,0.6,0.5,0.8,0.7,0.7,0.7,0.6,0.7,,0.5,0.9,0.5,0.5,,0.6,0.5,0.6,0.5,0.5,0.4,0.6,0.6,0.5,,0.6,0.6,0.4,0.6,0.6,0.5,0.6,0.3,0.3,0.2,0.3,0.3,0.4,0.5,0.7,0.7,0.6,,,0.8,,0.5,0.6,0.9,0.7,0.6,,0.5,0.6,,,0.6,0.9,0.9,0.6,,0.5,0.6,1,,0.5,0.7,0.6,0.6,0.7,0.6,0.3,0.6,0.4,0.3,,,,,,,0.5,,0.6,0.4,0.6,0.5,0.8,0.5,0.6,0.3,0.3,0.5,,0.5,,,0.7,,0.8,0.8,0.6,0.8,1,0.7,0.6,0.9,,0.7,0.7,0.8,0.7,0.7,0.6,0.6,0.8,0.8,0.7,0.7,0.8,0.7,1,0.7,0.7,0.8,0.8,0.8,0.9,,0.7,0.8,0.7,,0.4,0.7,,0.8,0.8,1,0.7,0.9,,0.6,0.8,,,0.6,0.4,,,,0.6,0.5,0.5,0.5,1.3,1.7,,1.4,1.2,,1.8,1.6,,1.7,,1,0.7,0.9,,0.9,0.6,0.2,0.3,0.3,,0.6,0.9,0.7,1.3,0.7,0.7,,0.3,0.6,0.4,0.4,0.4,0.3,0.6,0.7,0.9,0.6,0.5,0.6,0.4,0.5,0.5,0.6,0.4,0.4,0.4,0.5,0.5,0.4,,0.2,0.2,0.3,,0.2,0.4,0.2,0.3,0.4,0.3,0.3,0.3,0.3,0.2,0.3,0.6,0.6,0.7,,0.5,0.8,0.7,,0.7,0.7,0.8,0.8,0.7,,0.6,0.9,0.8,,0.9,,1.1,0.9,0.8,0.9,,1.1,1,,,,0.9,,0.9,,1,,,,0.7,0.8,0.7,0.8,0.7,,,,0.7,0.7,0.7,0.6,0.8,0.7,,0.8,0.6,0.8,0.6,0.5,0.7,,0.6,,,0.5,0.5,0.5,0.6,0.7,0.8,0.8,0.9,0.7,0.6,0.6,0.6,0.6,0.5,0.8,0.8,0.9,0.7,0.5,0.3,0.4,0.7,0.7,0.7,0.8,,0.7,0.8,0.8,0.6,,0.6,1,0.6,0.6,0.4,0.6,0.6,0.6,,,,,0.6,0.7,,0.6,0.5,0.5,0.4,0.3,0.3,0.4,0.7,0.7,0.5,0.5,0.8,0.9,0.6,,0.8,0.5,,0.7,0.5,0.7,,0.5,0.6,,0.7,0.4,0.7,0.7,0.6,0.6,0.7,0.6,0.6,0.8,0.7,0.8,0.7,,,0.6,0.2,0.8,0.4,0.6,0.5,0.2,0.3,,0.4,0.2,0.7,0.4,0.3,,,0.6,,,,,0.6,,,,,,,,,,,,,,,,0.6,,,,,,,,,,,,,,,,,,,,,,,,,,,,,,,,,,,,,,0.8,0.8,0.7,0.9,0.9,0.4,0.5,0.5,0.4,,,,1.4,1.2,1.2,1,,,0.6,0.6,0.6,0.6,0.6,0.6,,0.6,0.7,1,,,1,0.9,,0.5,0.6,0.6,,0.7,,0.4,0.3,,,0.4,0.3,,,0.4,0.5,0.3,,,0.2,0.3,0.2,0.2,0.7,0.5,0.5,0.4,0.2,0.3,0.5,0.3,0.5,0.4,0.6,0.6,0.4,0.2,0.3,0.3,0.3,0.3,0.5,0.4,,0.3,1.5,0.5,,0.2,0.3,0.5,0.5,0.4,0.4,0.4,0.4,0.4,0.5,0.4,0.3,,,0.1,0.2,0.3,0.3,0.1,0.2,0.2,0.2,0.2,0.3,0.4,0.2,0.5,0.6,0.3,0.4,0.2,,,0.7,0.2,0.3,,0.3,0.4,,0.1,0.4,0.4,,0.3,0.4,0.5,,0.3,0.3,0.3,0.3,0.3,0.6,0.5,,0.6,0.7,0.5,0.8,0.4,0.7,0.8,0.8,,0.7,0.4,0.5,0.6,0.3,0.3,,0.5,,0.6,,,,0.6,0.5,0.5,0.5,0.6,0.3,,0.7,,0.7,0.6,0.7,0.7,0.6,0.7,0.7,,0.5,0.7,0.7,,,0.7,0.7,0.7,,0.5,0.5,0.7,,,0.5,0.3,0.5,0.4,0.5,0.4,0.9,1.1,0.9,1,0.7,0.7,0.6,0.7,0.8,,0.1,0.5,0.4,0.6,0.7,,1.3,0.9,1.6,1.1,1,0.6,0.8,0.9,0.7,,1.3,1.6,1,0.9,0.9,0.9,1.1,0.9,,0.3,0.5,,1.3,1.1,1.2,,1,1.3,1,0.6,,0.6,0.6,0.9,,0.8,0.6,0.5,0.6,0.7,,0.6,0.7,0.6,0.6,0.5,0.6,0.4,,0.4,0.3,0.3,0.6,0.6,,1,0.7,0.7,0.8,0.9,0.7,0.7,0.6,0.8,0.7,0.5,0.7,,0.6,0.6,0.4,,0.7,0.8,,0.8,0.7,0.8,0.7,,0.5,0.5,0.6,0.9,1,0.7,0.8,0.8,0.8,0.9,0.8,0.8,0.7,0.8,0.7,0.7,0.5,0.6,0.7,0.8,0.6,0.9,1,0.9,0.7,0.8,0.6,0.6,0.6,0.7,0.6,0.8,0.7,0.9,0.6,0.7,0.8,0.5,0.8,0.8,0.3,0.7,0.6,0.5,0.9,0.9,0.8,0.8,0.6,0.6,0.7,0.7,0.7,0.7,0.5,0.6,0.6,0.6,0.7,0.6,0.7,0.7,0.6,0.9,0.9,0.4,0.7,0.8,,0.5,0.6,0.5,0.5,0.6,,0.4,0.7,0.4,0.5,0.3,0.6,0.5,0.6,0.5,0.7,0.6,0.6,0.9,0.6,0.6,,,,0.5,0.4,,0.5,,0.4,0.5,0.5,0.5,,0.7,0.6,0.4,,,,,,0.5,0.6,0.6,0.6,0.8,,0.5,,0.3,0.5,0.6,0.7,0.7,1,,0.4,0.6,0.5,0.5,,,,,0.2,0.4,0.6,0.6,0.1,0.2,0.7,,0.3,0.6,0.5,0.6,0.6,,0.6,0.5,0.7,0.7,0.4,0.4,0.5,0.5,,0.3,0.5,0.2,0.3,0.5,0.2,0.4,0.2,0.7,,0.5,0.4,,0.4,0.4,,0.3,0.4,0.5,,0.7,,0.3,,0.3,0.2,0.5,0.8,0.5,0.6,0.5,0.5,0.6,0.6,0.7,0.7,0.7,0.3,,0.6,0.7,,0.7,0.6,0.4,,0.3,0.4,0.3,0.4,0.4,0.4,,0.4,0.5,0.2,0.1,,,0.6,0.5,0.4,,0.6,0.5,0.5,0.5,0.6,0.6,0.4,,0.5,,,0.6,0.4,0.4,0.4,0.6,0.6,0.4,0.4,0.6,,0.4,0.2,0.4,0.6,0.7,0.4,0.7,0.8,0.4,,,0.8,0.7,0.6,0.3,,0.5,0.2,0.4,0.4,0.6,0.6,1.3,0.8,0.7,0.5,0.7,0.8,0.6,,0.7,0.5,0.7,0.4,0.4,0.4,0.6,,0.5,,0.6,0.7,0.7,0.7,0.8,1.1,0.4,0.6,0.3,0.4,0.4,0.5,0.5,0.4,,,0.3,0.6,0.6,0.5,,0.5,0.5,0.5,0.7,,0.5,0.7,,,1.2,0.4,0.8,0.5,0.4,0.6,0.9,0.8,0.6,0.2,0.5,0.6,0.9,0.7,1.5,,0.3,0.6,,0.5,0.6,0.4,0.4,0.6,0.3,0.4,0.5,0.3,0.8,0.4,0.5,0.5,0.4,1.5,0.4,0.2,0.3,0.9,0.2,0.7,0.3,0.4,0.9,,0.6,0.4,0.5,0.4,,0.3,0.5,1.2,0.9,0.7,0.6,0.7,0.6,0.6,0.9,0.8,0.6,0.8,1.1,0.8,0.5,0.8,1.1,0.7,0.5,0.8,0.6,0.5,0.4,0.7,0.7,,,0.5,0.5,0.4,0.9,0.5,0.2,0.6,0.6,,0.4,0.7,0.5,0.3,0.6,0.9,0.9,0.7,0.7,,0.4,0.8,0.3,0.5,0.7,0.5,0.4,,0.7,0.6,0.4,0.5,0.6,0.7,0.6,0.7,0.3,0.5,0.4,0.3,0.3,0.4,0.6,0.6,0.7,0.5,0.3,0.6,0.4,0.5,0.7,0.8,0.9,0.8,0.6,1,0.8,0.6,0.9,0.8,0.6,0.7,0.7,0.7,0.7,0.7,0.7,0.9,0.6,,0.3,0.3,0.6,0.5,0.7,0.2,0.5,0.4,0.4,0.7,0.7,0.9,1.1,0.7,0.9,0.3,1.1,1.2,0.5,0.3,0.5,0.8,0.5,0.8,0.6,0.7,0.8,0.6,0.6,0.5,0.7,0.6,0.4,0.7,,0.6,0.3,0.7,0.7,0.7,0.4,0.5,0.4,0.4,,0.7,0.4,0.4,0.6,0.6,0.6,0.5,,0.8,0.3,0.6,0.8,0.7,0.8,0.7,0.9,0.5,0.7,0.7,0.6,0.9,0.6,0.7,0.4,0.6,0.7,0.8,0.5,1.1,0.6,0.3,0.3,0.5,0.3,0.6,0.8,0.5,0.6,1,0.5,1,0.5,0.5,0.6,0.3,0.6,0.7,0.4,0.5,0.5,0.3,0.5,0.4,0.4,0.8,0.7,0.7,0.7,1,0.6,0.7,0.8,0.6,0.8,0.7,0.7,0.7,0.8,0.5,0.7,0.3,0.4,0.5,0.4,0.5,0.4,0.6,0.7,0.5,0.5,0.8,0.9,1.1,1.3,0.9,0.8,0.7,0.7,0.6,0.3,0.3,0.8,0.5,0.9,0.9,0.2,0.6,0.7,0.7,0.8,0.6,0.7,0.4,0.5,0.8,0.8,0.7,0.7,0.5,0.4,0.4,0.3,0.7,0.3,,0.6,0.7,0.6,0.5,0.5,0.6,0.4,0.3,0.4,0.8,0.5,0.3,0.6,0.6,0.9,0.7,0.6,0.7,1,0.6,0.6,0.7,0.5,0.4,0.4,0.6,0.5,,0.5,0.7,0.7,0.5,0.7,1.2,0.5,0.5,0.7,0.7,0.5,0.5,0.5,0.4,0.4,0.5,0.5,0.7,1.3,1.4,1.5,0.5,,0.8,0.6,0.4,0.5,0.6,0.5,0.9,0.9,0.4,0.5,0.5,0.4,0.3,0.4,0.5,0.5,0.6,1.2,1.1,0.9,0.7,0.8,1.7,0.8,1.1,0.6,0.8,0.9,1.2,0.8,0.7,0.8,0.6,0.7,0.4,0.6,0.5,0.6,0.7,0.7,0.6,1.5,1,0.3,0.8,0.7,0.8,0.8,0.8,0.9,0.6,0.4,0.3,,0.7,0.5,0.6,1,0.4,0.4,0.6,0.5,0.5,0.5,0.6,0.6,0.5,0.5,0.6,0.9,0.7,0.7,0.7,0.8,0.5,0.6,0.5,,0.2,0.1,0.6,0.2,1.1,1.5,1,0.8,,0.4,0.3,0.2,0.3,0.5,0.5,0.7,0.5,0.5,0.3,0.5,0.9,0.6,0.4,0.6,0.3,0.2,0.3,0.3,0.3,0.3,0.4,0.4,1.3,0.4,0.3,0.2,0.4,0.5,0.2,0.4,0.2,0.4,0.6,0.5,0.8,0.6,0.6,0.4